timestamp	x	y	z
1511105756431	9.586	-3.045	-0.823
1511105756453	9.625	-3.045	-0.718
1511105756454	9.634	-2.978	-0.632
1511105756463	9.644	-2.892	-0.67
1511105756473	9.663	-2.834	-0.785
1511105756481	9.672	-2.806	-0.794
1511105756492	9.653	-2.873	-0.689
1511105756505	9.653	-2.901	-0.718
1511105756511	9.682	-2.825	-0.718
1511105756521	9.672	-2.796	-0.747
1511105756531	9.653	-2.777	-0.785
1511105756541	9.682	-2.777	-0.794
1511105756552	9.682	-2.758	-0.756
1511105756566	9.692	-2.758	-0.766
1511105756571	9.653	-2.796	-0.842
1511105756582	9.653	-2.834	-0.842
1511105756596	9.672	-2.882	-0.852
1511105756601	9.672	-2.911	-0.852
1511105756612	9.653	-2.901	-0.756
1511105756627	9.615	-2.892	-0.727
1511105756631	9.644	-2.777	-0.689
1511105756641	9.663	-2.662	-0.603
1511105756656	9.692	-2.614	-0.814
1511105756661	9.682	-2.595	-0.804
1511105756672	9.692	-2.547	-0.852
1511105756683	9.701	-2.566	-0.852
1511105756691	9.711	-2.595	-0.919
1511105756702	9.701	-2.557	-0.814
1511105756718	9.672	-2.547	-0.756
1511105756721	9.634	-2.595	-0.775
1511105756732	9.625	-2.652	-0.775
1511105756749	9.634	-2.767	-0.794
1511105756751	9.663	-2.806	-0.804
1511105756764	9.711	-2.758	-0.785
1511105756773	9.73	-2.691	-0.871
1511105756781	9.988	-2.595	-0.833
1511105756793	9.797	-2.47	-0.718
1511105756808	9.49	-2.432	-0.881
1511105756811	9.423	-2.451	-0.89
1511105756822	9.443	-2.576	-0.928
1511105756845	9.586	-2.49	-1.053
1511105756850	9.759	-2.413	-0.622
1511105756854	9.912	-2.241	-0.641
1511105756866	9.874	-2.375	-0.747
1511105756871	9.605	-2.528	-0.957
1511105756884	9.395	-2.853	-0.852
1511105756899	9.289	-3.093	-0.823
1511105756901	9.366	-3.409	-0.756
1511105756914	9.452	-3.533	-0.565
1511105756924	9.538	-3.409	-0.45
1511105756932	9.596	-3.045	-0.191
1511105756944	9.605	-2.585	-0.306
1511105756985	9.586	-2.25	-0.603
1511105757006	9.471	-2.059	-0.871
1511105757007	9.423	-2.135	-1.12
1511105757008	9.471	-2.25	-1.245
1511105757009	9.51	-2.365	-1.139
1511105757010	9.49	-2.499	-0.919
1511105757013	9.414	-2.7	-0.641
1511105757021	9.289	-3.045	-0.421
1511105757033	9.366	-3.275	-0.191
1511105757041	9.51	-3.304	-0.392
1511105757051	9.625	-3.294	-0.114
1511105757062	9.95	-2.997	-0.555
1511105757071	9.366	-3.026	-1.187
1511105757081	8.954	-3.419	-0.45
1511105757092	9.356	-3.677	0.019
1511105757101	9.835	-3.495	-0.421
1511105757111	10.305	-3.313	-0.727
1511105757123	10.63	-3.428	-0.861
1511105757131	10.506	-3.533	-0.316
1511105757141	10.142	-3.562	-0.756
1511105757153	10.18	-3.045	-1.829
1511105757167	10.592	-2.633	-2.078
1511105757172	11.023	-2.691	-1.838
1511105757182	11.339	-2.978	-1.695
1511105757191	11.281	-3.85	-0.996
1511105757201	11.052	-4.587	-0.708
1511105757215	10.716	-4.941	-0.986
1511105757221	10.554	-5.238	-1.101
1511105757231	10.697	-5.2	-1.139
1511105757242	10.984	-4.855	-0.928
1511105757251	11.387	-4.28	-1.484
1511105757261	11.722	-3.792	-1.676
1511105757272	11.732	-3.361	-2.135
1511105757281	11.387	-3.093	-2.174
1511105757291	10.86	-3.016	-1.982
1511105757303	10.467	-2.825	-1.369
1511105757317	10.486	-2.672	-1.628
1511105757321	10.592	-2.739	-1.628
1511105757332	10.439	-2.662	-2.241
1511105757341	9.854	-2.547	-2.193
1511105757351	9.012	-2.557	-2.039
1511105757362	8.542	-2.758	-2.193
1511105757371	8.36	-3.447	-2.394
1511105757381	8.236	-4.453	-2.576
1511105757392	7.872	-5.458	-2.403
1511105757401	7.278	-6.531	-2.336
1511105757411	6.445	-7.125	-1.589
1511105757422	5.717	-7.249	-1.608
1511105757431	5.2	-7.144	-1.915
1511105757441	4.999	-6.847	-2.384
1511105757452	5.171	-6.225	-2.068
1511105757461	5.593	-5.65	-1.743
1511105757471	5.947	-5.181	-2.03
1511105757483	6.349	-4.711	-2.662
1511105757494	6.349	-4.491	-2.432
1511105757501	6.684	-4.501	-2.25
1511105757513	7.039	-4.597	-2.241
1511105757521	7.498	-4.577	-2.461
1511105757543	8.217	-4.482	-2.547
1511105757545	8.523	-4.635	-2.288
1511105757556	8.418	-4.721	-1.896
1511105757564	7.872	-4.989	-1.541
1511105757573	7.403	-5.813	-1.369
1511105757581	7.594	-6.081	-1.618
1511105757591	8.236	-5.995	-1.656
1511105757603	9.05	-5.382	-2.221
1511105757611	9.672	-5.19	-2.423
1511105757622	9.998	-5.114	-2.576
1511105757635	9.682	-5.573	-3.131
1511105757641	8.715	-6.378	-3.122
1511105757651	7.383	-7.048	-3.007
1511105757663	6.033	-7.383	-2.863
1511105757671	4.846	-7.546	-2.662
1511105757681	3.601	-7.824	-1.407
1511105757693	3.438	-5.956	0.44
1511105757701	5.822	-2.336	-2.576
1511105757711	9.002	-1.915	-6.407
1511105757723	11.473	-2.873	-3.984
1511105757731	11.971	-3.993	-1.589
1511105757741	10.63	-4.865	-1.484
1511105757752	8.322	-5.526	-1.532
1511105757761	6.186	-5.296	-0.756
1511105757771	4.673	-3.601	1.532
1511105757782	4.817	-0.229	2.901
1511105757791	7.843	1.034	-2.7
1511105757801	11.176	-0.574	-4.999
1511105757813	14.423	-3.284	-3.553
1511105757821	15.869	-4.491	-1.177
1511105757843	10.554	-5.889	0.363
1511105757851	7.805	-5.42	0.938
1511105757861	6.004	-4.539	1.082
1511105757873	5.573	-1.302	3.045
1511105757881	7.508	1.743	0.296
1511105757891	11.013	1.321	-3.859
1511105757903	14.758	-1.848	-6.196
1511105757911	16.501	-4.52	-5.516
1511105757921	15.237	-5.727	-2.585
1511105757933	11.799	-7.106	-0.766
1511105757941	9.155	-7.881	0.095
1511105757951	7.508	-7.096	0.114
1511105757963	6.876	-5.277	-0.775
1511105757971	7.288	-3.332	-1.35
1511105757982	8.657	-2.106	-2.212
1511105757993	10.611	-1.417	-3.007
1511105758001	12.411	-0.699	-3.064
1511105758011	13.053	0.086	-2.968
1511105758023	12.038	0.718	-2.729
1511105758031	10.467	0.871	-2.327
1511105758041	9.433	0.641	-2.346
1511105758053	9.155	0.335	-2.566
1511105758061	9.385	-0.124	-2.451
1511105758071	9.845	-0.871	-2.279
1511105758083	10.132	-1.867	-2.202
1511105758091	10.075	-3.074	-2.202
1511105758101	9.73	-4.405	-1.992
1511105758114	8.619	-5.526	-1.024
1511105758133	8.533	-6.033	-0.555
1511105758134	8.533	-5.784	-0.555
1511105758143	9.519	-4.999	-1.005
1511105758151	9.519	-4.146	-1.465
1511105758161	9.807	-3.39	-1.743
1511105758173	9.845	-2.873	-1.896
1511105758181	9.72	-2.614	-1.953
1511105758191	9.577	-2.423	-1.934
1511105758204	9.49	-2.288	-1.781
1511105758211	9.49	-2.231	-1.637
1511105758221	9.538	-2.403	-1.57
1511105758234	9.529	-2.672	-1.455
1511105758241	9.529	-2.853	-1.455
1511105758261	9.548	-2.911	-1.388
1511105758264	9.605	-2.834	-1.273
1511105758279	9.778	-2.758	-1.35
1511105758281	9.672	-2.604	-1.388
1511105758294	9.366	-2.528	-1.494
1511105758301	9.146	-2.48	-1.532
1511105758313	9.194	-2.7	-1.532
1511105758325	9.5	-2.47	-1.513
1511105758331	9.921	-2.566	-1.877
1511105758341	9.787	-2.988	-2.183
1511105758354	9.308	-3.735	-2.212
1511105758361	8.935	-4.213	-1.762
1511105758371	9.069	-4.319	-1.158
1511105758385	9.356	-4.252	-0.775
1511105758391	9.845	-3.83	-0.651
1511105758401	9.586	-3.486	-1.091
1511105758414	9.414	-3.466	-1.245
1511105758421	9.337	-3.505	-1.455
1511105758431	9.347	-3.284	-1.484
1511105758444	9.376	-3.256	-1.388
1511105758451	9.519	-3.131	-1.216
1511105758461	9.577	-2.988	-1.503
1511105758478	9.404	-3.361	-1.982
1511105758481	9.184	-3.763	-2.049
1511105758491	9.088	-3.974	-1.628
1511105758510	9.146	-4.003	-1.522
1511105758511	9.27	-3.888	-1.589
1511105758521	9.347	-3.802	-1.455
1511105758534	9.308	-3.706	-1.532
1511105758541	9.232	-3.62	-1.743
1511105758551	9.165	-3.735	-1.685
1511105758563	9.069	-3.945	-1.484
1511105758571	9.04	-4.031	-1.321
1511105758581	9.079	-3.85	-0.976
1511105758593	9.308	-3.361	-1.168
1511105758601	9.577	-2.806	-1.762
1511105758611	9.605	-2.652	-2.126
1511105758624	9.414	-3.102	-2.432
1511105758631	9.251	-3.85	-2.355
1511105758641	9.107	-4.731	-1.934
1511105758653	9.28	-5.162	-1.254
1511105758661	9.759	-5.037	-1.522
1511105758671	10.065	-4.625	-1.379
1511105758684	10.027	-4.29	-1.359
1511105758691	9.835	-3.945	-2.269
1511105758701	9.998	-3.763	-2.394
1511105758713	10.678	-4.386	-1.963
1511105758721	11.262	-5.458	-1.8
1511105758731	11.626	-5.985	-1.13
1511105758745	11.166	-5.707	-0.325
1511105758751	10.161	-5.075	-0.517
1511105758762	9.395	-5.066	-1.379
1511105758774	9.395	-5.401	-1.781
1511105758781	10.161	-5.554	-1.81
1511105758791	10.984	-5.334	-1.465
1511105758803	11.483	-4.865	-1.513
1511105758811	11.425	-4.319	-1.206
1511105758821	10.812	-3.179	-0.804
1511105758835	10.19	-1.781	-1.158
1511105758842	9.893	-1.12	-2.528
1511105758851	9.998	-1.474	-2.375
1511105758866	10.305	-1.685	-2.193
1511105758871	10.554	-1.781	-1.58
1511105758882	10.515	-1.762	-1.532
1511105758903	10.333	-1.666	-1.379
1511105758904	10.036	-2.03	-1.532
1511105758915	9.634	-2.47	-1.436
1511105758928	9.261	-2.806	-1.57
1511105758931	8.916	-3.313	-0.909
1511105758941	8.973	-3.677	-0.766
1511105758956	8.676	-3.668	-1.245
1511105758978	7.91	-3.859	-1.321
1511105758986	7.556	-4.213	-1.35
1511105758987	6.981	-4.462	-1.302
1511105758995	6.713	-4.692	-1.436
1511105759005	6.56	-4.836	-1.771
1511105759015	6.541	-4.74	-2.25
1511105759021	6.541	-5.353	-2.164
1511105759031	6.397	-5.391	-1.867
1511105759046	6.359	-5.526	-2.26
1511105759072	6.493	-6.119	-1.915
1511105759074	6.445	-6.11	-1.292
1511105759075	6.522	-5.918	-0.785
1511105759081	6.598	-5.554	-0.402
1511105759091	7.087	-5.506	-1.57
1511105759105	7.403	-5.736	-1.972
1511105759111	7.546	-5.506	-2.097
1511105759121	7.632	-5.334	-2.729
1511105759134	7.594	-5.411	-2.499
1511105759141	7.767	-5.219	-2.039
1511105759152	8.322	-4.798	-1.886
1511105759179	8.82	-4.558	-1.618
1511105759180	9.299	-4.568	-1.608
1511105759185	9.577	-4.625	-1.896
1511105759194	9.692	-4.462	-1.57
1511105759201	9.864	-4.386	-1.618
1511105759211	9.902	-4.156	-1.302
1511105759222	9.826	-3.964	-1.369
1511105759231	9.663	-3.601	-1.848
1511105759241	9.452	-3.476	-2.231
1511105759254	9.385	-3.821	-2.193
1511105759288	9.117	-4.185	-1.608
1511105759289	8.629	-4.597	-1.312
1511105759289	7.996	-4.807	-1.417
1511105759294	7.24	-4.558	-1.656
1511105759301	6.838	-3.313	-1.283
1511105759315	7.134	-2.346	-2.49
1511105759321	7.862	-2.633	-4.051
1511105759331	8.437	-3.84	-4.424
1511105759345	8.514	-5.095	-3.648
1511105759351	8.016	-6.138	-2.614
1511105759361	7.115	-6.636	-1.11
1511105759400	6.119	-6.263	0.43
1511105759402	5.813	-5.545	1.494
1511105759402	6.196	-4.175	0.909
1511105759403	7.728	-3.074	-1.695
1511105759411	9.854	-2.988	-3.304
1511105759421	11.837	-3.17	-4.022
1511105759436	13.101	-3.572	-1.704
1511105759441	12.632	-3.591	-1.8
1511105759452	10.965	-3.505	-1.177
1511105759465	9.012	-3.457	0.948
1511105759471	7.518	-2.528	0.948
1511105759482	7.403	-0.392	1.848
1511105759496	8.571	0.928	-0.383
1511105759545	10.247	-0.153	-4.175
1511105759546	12.23	-3.486	-6.895
1511105759547	13.791	-5.909	-4.405
1511105759548	13.791	-6.225	-1.934
1511105759549	12.048	-6.799	-0.766
1511105759554	9.538	-7.345	-0.249
1511105759561	7.077	-6.885	-0.143
1511105759571	5.238	-5.583	0.67
1511105759585	4.271	-2.767	0.67
1511105759591	5.162	0.229	-0.651
1511105759601	7.68	1.254	-4.271
1511105759615	10.889	0.852	-4.826
1511105759621	14.02	-0.411	-3.754
1511105759631	15.783	-1.704	-2.078
1511105759645	14.605	-2.748	-0.488
1511105759651	12.143	-3.735	-0.114
1511105759661	9.768	-4.683	0.067
1511105759675	9.768	-5.43	0.277
1511105759695	9.749	-5.573	-0.057
1511105759697	10.056	-4.96	-0.919
1511105759705	10.257	-4.051	-1.771
1511105759711	10.132	-3.227	-2.317
1511105759729	9.73	-2.423	-2.576
1511105759735	9.366	-1.599	-2.672
1511105759741	9.251	-1.168	-2.748
1511105759754	9.328	-1.829	-2.585
1511105759808	9.701	-2.499	-2.48
1511105759810	9.969	-3.237	-2.212
1511105759811	9.835	-3.974	-1.829
1511105759811	9.462	-4.06	-1.407
1511105759812	9.04	-4.07	-1.197
1511105759813	8.667	-3.955	-1.168
1511105759824	8.475	-3.677	-1.216
1511105759831	8.581	-3.39	-1.426
1511105759862	9.021	-3.179	-1.656
1511105759863	9.481	-3.083	-1.8
1511105759864	9.749	-3.256	-1.819
1511105759872	9.72	-3.476	-1.647
1511105759886	9.586	-3.505	-1.666
1511105759891	9.519	-3.524	-1.589
1511105759901	9.471	-3.495	-1.407
1511105759917	9.395	-3.371	-1.551
1511105759921	9.308	-3.284	-1.599
1511105759931	9.318	-3.237	-1.676
1511105759946	9.366	-3.208	-1.704
1511105759972	9.423	-3.083	-1.714
1511105759973	9.5	-2.959	-1.81
1511105759974	9.538	-2.882	-1.8
1511105759981	9.557	-2.853	-1.685
1511105759992	9.538	-2.882	-1.676
1511105760008	9.51	-2.93	-1.685
1511105760011	9.433	-2.949	-1.618
1511105760022	9.347	-2.968	-1.656
1511105760037	9.318	-2.93	-1.695
1511105760041	9.318	-3.055	-1.781
1511105760052	9.356	-3.074	-1.771
1511105760069	9.433	-3.007	-1.656
1511105760114	9.471	-2.901	-1.656
1511105760115	9.529	-2.748	-1.647
1511105760116	9.653	-2.681	-1.762
1511105760117	9.759	-2.7	-1.608
1511105760118	9.931	-2.518	-1.379
1511105760127	9.893	-2.212	-1.187
1511105760132	9.462	-1.829	-0.909
1511105760141	9.289	-1.35	-1.101
1511105760156	9.854	-0.909	-1.647
1511105760161	10.515	-1.063	-2.451
1511105760171	10.86	-1.819	-2.145
1511105760187	10.783	-1.963	-1.637
1511105760202	10.266	-1.551	-1.647
1511105760203	9.759	-1.379	-2.078
1511105760217	9.644	-1.695	-2.604
1511105760223	9.979	-2.097	-2.403
1511105760382	10.477	-2.624	-2.308
1511105760383	10.697	-3.15	-1.647
1511105760384	10.601	-3.715	-1.168
1511105760384	10.429	-4.242	-0.861
1511105760385	10.554	-4.826	-1.235
1511105760386	10.956	-5.353	-1.446
1511105760387	11.339	-5.458	-1.149
1511105760388	11.53	-5.765	-0.861
1511105760389	11.425	-5.899	-0.469
1511105760390	10.927	-5.315	-1.254
1511105760391	10.017	-4.635	-1.312
1511105760393	9.289	-4.453	-1.733
1511105760395	6.378	-9.423	-1.915
1511105760401	6.11	-9.184	-1.944
1511105760412	6.474	-8.715	-2.087
1511105760425	6.78	-8.303	-2.49
1511105760431	6.78	-7.182	-3.275
1511105760449	6.924	-5.526	-3.505
1511105760469	7.134	-5.554	-3.687
1511105760471	7.316	-5.449	-2.566
1511105760472	7.767	-4.491	-1.972
1511105760487	7.939	-3.964	-1.81
1511105760506	8.035	-3.782	-2.279
1511105760507	7.949	-4.089	-2.547
1511105760514	7.834	-4.261	-2.432
1511105760521	7.91	-4.453	-1.781
1511105760532	8.073	-4.75	-0.881
1511105760548	7.891	-4.999	-0.775
1511105760552	7.623	-5.056	-1.522
1511105760562	7.364	-5.315	-1.474
1511105760576	7.163	-5.315	-1.714
1511105760581	7.182	-5.324	-2.183
1511105760592	7.278	-5.277	-2.47
1511105760606	7.259	-4.932	-2.643
1511105760611	7.623	-4.529	-3.237
1511105760623	8.083	-4.348	-3.208
1511105760631	8.274	-4.434	-2.94
1511105760641	8.102	-4.788	-2.432
1511105760652	7.853	-5.075	-1.79
1511105760661	7.805	-5.133	-1.225
1511105760671	8.293	-5.037	-1.254
1511105760682	8.935	-4.75	-0.881
1511105760691	9.481	-4.223	-1.168
1511105760701	9.615	-3.773	-1.321
1511105760712	9.443	-3.495	-1.8
1511105760721	9.069	-3.409	-1.541
1511105760731	8.925	-3.342	-1.216
1511105760742	9.27	-3.39	-1.34
1511105760751	9.797	-3.61	-1.312
1511105760761	10.008	-3.811	-1.541
1511105760772	9.826	-3.878	-1.838
1511105760781	9.51	-3.936	-1.944
1511105760791	9.194	-4.108	-2.087
1511105760801	8.868	-4.338	-2.087
1511105760811	8.581	-4.51	-2.135
1511105760821	8.303	-4.769	-2.02
1511105760833	8.178	-5.114	-2.011
1511105760841	8.274	-5.296	-1.953
1511105760851	8.619	-5.545	-2.106
1511105760862	8.964	-5.842	-1.81
1511105760871	9.05	-6.091	-1.446
1511105760881	8.887	-6.052	-1.666
1511105760893	8.466	-5.928	-1.925
1511105760903	8.035	-5.842	-2.183
1511105760911	7.642	-5.947	-2.537
1511105760923	7.048	-6.359	-2.968
1511105760931	6.071	-6.933	-2.269
1511105760941	4.855	-7.182	-0.632
1511105760954	4.788	-6.33	-0.526
1511105760961	6.378	-4.788	-2.126
1511105760971	8.6	-4.338	-3.687
1511105760982	10.228	-4.817	-3.035
1511105760991	10.707	-5.554	-2.959
1511105761001	9.682	-5.889	-1.743
1511105761012	8.427	-6.474	0.517
1511105761021	7.431	-7.0	0.498
1511105761031	6.627	-6.713	1.905
1511105761043	5.181	-6.196	3.246
1511105761051	5.19	-4.75	2.633
1511105761061	6.177	-1.628	-1.714
1511105761073	8.226	0.66	-5.363
1511105761081	10.621	1.254	-6.062
1511105761091	12.833	1.082	-5.985
1511105761102	13.273	0.373	-4.922
1511105761111	11.597	-0.852	-3.428
1511105761121	7.613	-2.308	-1.877
1511105761132	6.483	-3.256	0.354
1511105761141	6.33	-3.361	1.465
1511105761151	7.23	-2.643	-0.957
1511105761170	8.791	-2.729	-3.198
1511105761172	10.668	-3.486	-3.533
1511105761185	12.402	-4.759	-2.614
1511105761197	11.846	-5.2	-1.819
1511105761201	9.864	-4.721	-0.986
1511105761212	8.255	-3.505	-0.191
1511105761225	7.738	-1.541	-0.277
1511105761245	8.782	0.028	-1.053
1511105761246	11.071	0.478	-1.838
1511105761252	13.149	0.067	-2.624
1511105761261	14.499	-1.292	-3.926
1511105761271	14.643	-3.706	-3.677
1511105761282	13.532	-6.273	-1.704
1511105761291	11.55	-7.786	0.296
1511105761301	9.883	-7.805	0.814
1511105761313	9.165	-7.067	0.296
1511105761321	9.069	-5.832	-0.143
1511105761331	9.299	-4.549	-1.407
1511105761342	9.615	-3.591	-2.537
1511105761351	9.73	-2.815	-2.93
1511105761361	9.653	-2.547	-3.17
1511105761372	9.28	-2.777	-2.796
1511105761381	8.983	-3.323	-2.317
1511105761391	8.753	-3.984	-2.087
1511105761402	8.6	-4.759	-1.848
1511105761411	8.494	-5.305	-1.589
1511105761421	8.437	-5.449	-1.58
1511105761433	8.437	-5.401	-1.857
1511105761441	8.494	-5.219	-2.001
1511105761451	8.542	-4.893	-1.944
1511105761462	8.638	-4.453	-1.896
1511105761471	8.81	-4.089	-1.81
1511105761481	9.088	-3.687	-1.599
1511105761493	9.308	-3.342	-1.561
1511105761501	9.423	-3.227	-1.608
1511105761511	9.462	-3.131	-1.503
1511105761523	9.51	-3.074	-1.762
1511105761531	9.557	-3.15	-1.771
1511105761541	9.615	-3.466	-1.963
1511105761553	9.682	-3.782	-1.992
1511105761561	9.634	-4.06	-1.81
1511105761571	9.519	-4.309	-1.704
1511105761582	9.356	-4.319	-1.503
1511105761591	9.194	-4.156	-1.426
1511105761601	9.127	-3.993	-1.647
1511105761612	9.079	-3.859	-1.762
1511105761621	9.059	-3.773	-1.819
1511105761631	9.05	-3.706	-1.819
1511105761642	9.031	-3.61	-1.762
1511105761651	9.04	-3.505	-1.58
1511105761661	9.079	-3.399	-1.551
1511105761672	9.088	-3.284	-1.561
1511105761681	9.136	-3.237	-1.589
1511105761691	9.289	-3.323	-1.695
1511105761704	9.414	-3.562	-1.762
1511105761711	9.452	-3.811	-1.676
1511105761721	9.452	-3.926	-1.446
1511105761732	9.462	-3.773	-1.503
1511105761741	9.385	-3.658	-1.522
1511105761751	9.251	-3.332	-1.982
1511105761762	9.299	-2.863	-2.039
1511105761771	9.5	-2.758	-2.269
1511105761781	9.653	-2.777	-2.432
1511105761793	9.692	-2.911	-2.145
1511105761801	9.749	-3.045	-2.25
1511105761811	9.739	-3.237	-2.097
1511105761823	9.481	-3.284	-2.298
1511105761831	9.538	-3.361	-2.279
1511105761841	9.299	-3.572	-1.752
1511105761853	9.194	-3.888	-1.752
1511105761861	8.992	-4.271	-1.838
1511105761871	8.868	-4.711	-1.81
1511105761891	8.83	-5.267	-1.762
1511105761892	8.878	-5.698	-1.532
1511105761903	9.107	-5.478	-1.245
1511105761918	9.347	-5.018	-1.015
1511105761921	9.443	-4.462	-1.168
1511105761933	9.49	-4.194	-1.695
1511105761946	9.395	-3.993	-2.212
1511105761951	9.423	-3.955	-2.174
1511105761961	9.567	-4.051	-2.106
1511105761974	9.653	-4.089	-1.714
1511105761981	9.797	-3.974	-1.896
1511105761992	9.749	-4.108	-2.145
1511105762002	9.577	-4.3	-2.26
1511105762011	9.366	-4.376	-2.317
1511105762024	9.241	-4.348	-2.078
1511105762037	9.385	-4.242	-1.79
1511105762042	9.605	-3.888	-1.704
1511105762051	9.912	-3.524	-1.896
1511105762061	10.036	-3.38	-1.972
1511105762071	10.065	-3.648	-2.355
1511105762081	9.883	-4.07	-2.451
1511105762094	9.739	-4.549	-2.269
1511105762101	9.711	-5.028	-1.618
1511105762111	9.73	-5.114	-1.063
1511105762123	9.768	-5.152	-1.053
1511105762131	9.625	-5.238	-1.35
1511105762141	9.423	-5.267	-1.359
1511105762154	9.241	-5.171	-1.666
1511105762161	9.155	-4.826	-1.676
1511105762171	9.376	-4.51	-1.216
1511105762183	9.605	-4.28	-1.57
1511105762191	9.701	-4.319	-2.049
1511105762201	9.586	-4.759	-2.279
1511105762212	9.213	-5.353	-2.116
1511105762221	8.724	-5.602	-1.426
1511105762231	8.447	-5.621	-1.283
1511105762243	8.399	-5.516	-1.359
1511105762251	8.437	-5.267	-1.321
1511105762261	8.389	-5.037	-1.867
1511105762274	8.312	-5.047	-2.336
1511105762281	8.217	-5.248	-2.231
1511105762291	7.939	-5.554	-2.26
1511105762303	7.556	-5.526	-1.944
1511105762311	7.383	-5.583	-2.106
1511105762321	7.182	-5.842	-2.145
1511105762333	6.895	-6.004	-2.643
1511105762341	6.636	-5.899	-2.767
1511105762351	6.349	-5.88	-2.901
1511105762363	6.186	-5.88	-2.911
1511105762371	6.234	-5.736	-2.959
1511105762381	6.349	-5.411	-2.719
1511105762393	6.627	-5.142	-3.141
1511105762401	6.962	-4.855	-3.17
1511105762411	7.288	-4.673	-3.141
1511105762424	7.383	-4.778	-2.068
1511105762431	7.546	-4.893	-2.078
1511105762441	7.661	-4.989	-1.34
1511105762456	7.996	-5.123	-1.436
1511105762461	8.293	-5.286	-1.589
1511105762472	8.341	-5.305	-2.26
1511105762486	8.408	-5.296	-2.231
1511105762495	8.408	-4.865	-2.231
1511105762512	9.117	-4.348	-2.068
1511105762514	9.251	-3.974	-1.915
1511105762525	8.849	-4.213	-1.714
1511105762533	8.629	-4.826	-1.149
1511105762546	8.37	-5.2	-0.881
1511105762551	8.734	-5.248	-1.388
1511105762562	9.318	-4.865	-1.848
1511105762574	9.835	-4.28	-2.518
1511105762581	10.123	-3.936	-2.729
1511105762591	9.816	-4.003	-2.585
1511105762611	9.136	-4.328	-2.509
1511105762617	8.408	-5.238	-2.269
1511105762631	7.776	-5.88	-1.8
1511105762634	7.24	-6.454	-1.599
1511105762646	6.656	-7.163	-1.743
1511105762655	5.775	-7.479	-1.053
1511105762669	5.43	-5.87	-0.105
1511105762671	6.771	-3.984	-3.811
1511105762686	8.561	-3.026	-5.209
1511105762720	9.95	-3.217	-4.443
1511105762721	10.41	-4.577	-3.715
1511105762722	9.241	-6.205	-2.786
1511105762723	7.537	-7.604	-1.513
1511105762731	6.273	-8.169	0.66
1511105762741	5.305	-8.092	1.522
1511105762755	4.309	-7.345	2.49
1511105762761	4.711	-4.597	2.748
1511105762771	6.397	-1.522	-0.076
1511105762786	9.031	-0.383	-4.099
1511105762791	12.143	-1.101	-6.397
1511105762801	13.762	-1.953	-5.229
1511105762816	12.536	-3.217	-3.476
1511105762821	9.739	-4.405	-2.135
1511105762834	7.163	-4.635	-0.632
1511105762844	5.42	-4.28	1.139
1511105762851	4.367	-3.294	3.735
1511105762861	4.558	-1.206	2.48
1511105762875	6.627	-1.005	-3.045
1511105762881	9.366	-3.237	-6.158
1511105762891	13.35	-6.024	-5.535
1511105762904	16.453	-6.387	-2.892
1511105762911	14.978	-5.899	-1.292
1511105762922	10.975	-5.573	-0.67
1511105762934	7.431	-4.462	0.086
1511105762941	5.171	-2.509	1.187
1511105762951	4.577	-0.258	1.168
1511105762965	5.707	0.679	-2.748
1511105762971	8.456	-0.679	-6.34
1511105762981	13.417	-4.367	-6.445
1511105762999	19.001	-6.253	-3.16
1511105763001	19.633	-5.775	0.095
1511105763011	15.811	-4.884	1.695
1511105763025	10.735	-4.012	1.896
1511105763031	7.929	-2.767	1.168
1511105763043	6.924	-1.608	-0.44
1511105763054	7.498	-0.833	-1.81
1511105763061	9.481	-0.229	-2.93
1511105763071	11.578	-0.823	-4.807
1511105763084	12.469	-2.384	-5.219
1511105763091	11.664	-4.022	-4.223
1511105763101	9.883	-4.893	-2.595
1511105763116	8.466	-5.506	-1.359
1511105763121	7.632	-6.024	-0.66
1511105763131	7.355	-5.947	-0.478
1511105763145	7.498	-5.372	-0.775
1511105763151	8.006	-4.654	-1.264
1511105763161	8.552	-4.022	-1.915
1511105763175	8.954	-3.361	-2.087
1511105763181	9.27	-2.758	-2.106
1511105763191	9.376	-2.423	-2.039
1511105763205	9.404	-2.317	-1.944
1511105763211	9.443	-2.652	-1.656
1511105763221	9.854	-3.007	-1.637
1511105763231	9.72	-3.361	-1.561
1511105763241	9.835	-3.696	-1.407
1511105763252	9.5	-3.926	-1.369
1511105763266	9.347	-3.84	-1.484
1511105763271	9.222	-3.62	-1.647
1511105763284	9.28	-3.447	-1.743
1511105763297	9.433	-3.294	-1.752
1511105763301	9.644	-3.122	-1.857
1511105763311	9.759	-2.786	-1.925
1511105763331	9.692	-2.844	-1.953
1511105763333	9.51	-2.767	-2.087
1511105763341	9.308	-2.949	-2.126
1511105763357	9.241	-2.997	-2.049
1511105763372	9.251	-3.419	-1.905
1511105763386	9.328	-3.419	-1.666
1511105763391	9.471	-3.371	-1.781
1511105763404	9.51	-3.533	-1.915
1511105763416	9.232	-3.715	-1.944
1511105763421	9.05	-3.562	-2.384
1511105763432	9.165	-3.294	-2.03
1511105763448	9.366	-3.112	-1.896
1511105763451	9.854	-3.074	-2.25
1511105763462	10.094	-3.122	-1.551
1511105763475	9.759	-3.16	-1.139
1511105763481	9.251	-3.007	-1.216
1511105763491	8.858	-2.681	-1.676
1511105763508	8.935	-2.26	-1.982
1511105763511	9.385	-2.001	-1.723
1511105763522	9.883	-1.886	-1.896
1511105763535	10.218	-1.647	-1.944
1511105763541	10.324	-1.551	-1.953
1511105763551	10.218	-2.011	-2.154
1511105763565	9.95	-2.968	-1.953
1511105763571	9.807	-3.811	-1.618
1511105763581	9.749	-4.137	-1.283
1511105763595	9.72	-4.213	-1.379
1511105763601	9.864	-4.271	-1.79
1511105763611	10.027	-4.644	-2.241
1511105763622	10.084	-5.305	-2.241
1511105763631	10.228	-5.478	-1.915
1511105763641	10.419	-5.248	-1.896
1511105763655	10.601	-5.047	-1.81
1511105763661	10.573	-5.123	-1.743
1511105763672	10.496	-5.095	-1.57
1511105763686	10.362	-4.96	-1.465
1511105763691	10.18	-4.855	-1.149
1511105763701	10.075	-4.884	-1.11
1511105763716	10.18	-4.97	-1.091
1511105763721	10.343	-5.324	-1.177
1511105763731	10.094	-5.889	-1.417
1511105763747	9.308	-6.34	-1.905
1511105763751	8.571	-7.144	-1.915
1511105763762	8.159	-7.776	-1.474
1511105763776	7.929	-7.594	-1.465
1511105763781	8.284	-7.575	-2.729
1511105763791	8.063	-7.91	-3.62
1511105763805	7.393	-8.293	-3.581
1511105763811	6.617	-8.102	-3.447
1511105763821	6.273	-7.805	-3.399
1511105763835	6.196	-7.202	-2.7
1511105763841	6.454	-6.445	-2.365
1511105763851	6.943	-5.65	-2.298
1511105763868	7.24	-5.028	-2.174
1511105763871	7.269	-4.759	-1.915
1511105763883	7.202	-4.501	-2.068
1511105763897	7.431	-4.577	-1.264
1511105763901	7.451	-4.798	-0.89
1511105763912	7.211	-5.028	-1.963
1511105763927	6.838	-5.372	-1.599
1511105763931	6.483	-5.382	-1.551
1511105763944	6.397	-5.133	-1.81
1511105763956	6.378	-4.96	-2.087
1511105763961	6.454	-4.98	-1.666
1511105763975	6.79	-5.066	-1.743
1511105763986	6.828	-5.181	-1.79
1511105763991	7.0	-5.229	-2.116
1511105764002	7.144	-5.401	-2.576
1511105764016	7.336	-5.497	-2.853
1511105764021	7.451	-5.411	-2.537
1511105764031	7.652	-4.692	-2.068
1511105764046	8.198	-4.031	-1.465
1511105764066	9.098	-3.878	-1.503
1511105764068	9.807	-4.242	-1.465
1511105764078	9.979	-4.711	-1.13
1511105764089	9.557	-5.085	-1.13
1511105764096	8.945	-4.989	-0.976
1511105764108	8.868	-4.06	-1.091
1511105764111	9.615	-3.438	-1.829
1511105764124	10.381	-3.466	-2.241
1511105764137	10.707	-3.907	-2.231
1511105764142	10.266	-4.501	-2.001
1511105764154	9.433	-5.047	-1.685
1511105764169	8.696	-5.363	-1.618
1511105764171	8.265	-5.564	-1.656
1511105764182	8.063	-5.602	-1.656
1511105764197	8.15	-5.698	-1.944
1511105764228	8.332	-5.803	-2.327
1511105764229	8.552	-5.899	-2.662
1511105764229	8.571	-6.043	-2.509
1511105764234	8.408	-5.966	-2.298
1511105764242	8.169	-5.909	-2.183
1511105764257	7.834	-5.899	-2.193
1511105764261	7.46	-5.794	-2.403
1511105764273	6.981	-5.765	-2.25
1511105764281	6.723	-5.717	-2.193
1511105764291	6.742	-5.621	-2.384
1511105764324	6.828	-5.142	-1.944
1511105764325	7.632	-4.778	-3.007
1511105764325	8.38	-4.826	-3.217
1511105764331	8.6	-5.229	-2.403
1511105764341	8.427	-5.956	-1.743
1511105764351	8.006	-6.34	-1.063
1511105764362	7.345	-6.273	-0.507
1511105764371	6.751	-5.765	-0.363
1511105764381	6.062	-5.181	-0.363
1511105764391	5.286	-4.759	0.019
1511105764401	5.372	-4.099	-0.555
1511105764413	6.598	-3.38	-3.466
1511105764422	8.447	-3.352	-3.687
1511105764431	10.649	-3.399	-1.896
1511105764441	12.124	-3.543	-1.647
1511105764452	11.597	-4.204	-0.565
1511105764461	9.557	-4.807	0.143
1511105764471	7.345	-4.415	0.785
1511105764482	5.822	-2.853	1.455
1511105764491	5.937	0.134	2.135
1511105764506	7.661	1.216	-3.083
1511105764518	9.385	-1.407	-6.665
1511105764521	11.875	-3.811	-6.723
1511105764531	14.892	-4.74	-3.802
1511105764542	15.313	-4.97	-1.608
1511105764551	12.344	-5.526	-1.618
1511105764563	8.705	-5.545	0.411
1511105764572	5.736	-4.788	1.321
1511105764581	3.706	-3.16	1.331
1511105764591	3.438	-0.718	-4.089
1511105764602	5.602	0.67	-8.198
1511105764611	8.945	-1.915	-7.278
1511105764621	15.333	-6.761	-1.829
1511105764632	19.489	-8.312	1.082
1511105764641	19.489	-6.905	1.676
1511105764651	14.461	-5.966	2.183
1511105764662	7.297	-5.43	1.848
1511105764671	6.378	-3.744	0.344
1511105764681	6.924	-1.513	-1.484
1511105764692	8.303	0.181	-3.112
1511105764701	10.247	0.996	-5.008
1511105764711	12.191	0.478	-5.794
1511105764723	12.823	-2.949	-4.884
1511105764731	11.751	-2.949	-2.901
1511105764741	9.807	-5.602	-1.417
1511105764752	8.303	-6.263	-0.526
1511105764761	7.374	-6.416	-0.181
1511105764780	7.134	-5.861	-0.306
1511105764793	7.518	-5.181	-0.804
1511105764796	8.14	-4.52	-1.359
1511105764803	8.676	-3.993	-1.762
1511105764813	9.021	-3.533	-1.963
1511105764821	9.213	-3.256	-2.068
1511105764831	9.28	-3.39	-2.068
1511105764844	9.251	-3.591	-1.733
1511105764851	9.222	-3.706	-1.369
1511105764861	9.213	-3.763	-1.149
1511105764888	9.261	-3.687	-1.216
1511105764889	9.347	-3.581	-1.398
1511105764894	9.519	-3.591	-1.656
1511105764902	9.644	-3.572	-1.877
1511105764911	9.701	-3.533	-1.8
1511105764921	9.711	-3.505	-1.58
1511105764934	9.768	-3.275	-1.292
1511105764941	9.95	-2.949	-1.743
1511105764951	9.969	-2.796	-2.145
1511105764962	9.883	-2.576	-1.771
1511105764971	10.017	-2.164	-1.877
1511105764985	9.912	-1.79	-2.116
1511105764991	9.586	-1.666	-2.221
1511105765001	9.433	-1.867	-2.059
1511105765011	9.261	-2.241	-1.877
1511105765024	9.251	-2.988	-1.934
1511105765031	9.567	-3.802	-1.829
1511105765041	9.797	-4.367	-1.494
1511105765053	9.692	-4.376	-1.302
1511105765066	9.222	-4.022	-1.522
1511105765071	8.743	-3.84	-1.589
1511105765081	8.6	-3.955	-1.647
1511105765091	8.619	-4.031	-1.551
1511105765101	8.906	-3.897	-1.379
1511105765112	9.318	-3.802	-1.359
1511105765121	9.701	-3.696	-1.34
1511105765134	9.921	-3.581	-1.723
1511105765142	9.787	-3.629	-1.743
1511105765151	9.72	-3.495	-1.656
1511105765161	9.596	-3.361	-1.417
1511105765288	9.596	-3.227	-1.369
1511105765289	9.663	-2.997	-1.79
1511105765290	9.625	-3.083	-2.269
1511105765290	9.625	-3.457	-1.992
1511105765291	9.807	-3.715	-1.666
1511105765291	9.95	-3.974	-1.743
1511105765292	10.199	-4.395	-2.02
1511105765293	10.295	-4.98	-1.992
1511105765293	10.391	-5.439	-1.8
1511105765294	10.486	-5.593	-1.35
1511105765294	10.343	-5.612	-1.168
1511105765295	10.103	-5.478	-1.139
1511105765296	9.998	-5.42	-1.857
1511105765301	9.778	-5.324	-1.896
1511105765311	9.72	-5.219	-1.819
1511105765323	10.046	-4.874	-2.039
1511105765331	10.046	-4.807	-2.087
1511105765341	10.151	-4.96	-2.346
1511105765352	10.17	-5.066	-2.518
1511105765361	9.72	-5.401	-2.394
1511105765371	9.27	-5.909	-1.877
1511105765385	8.83	-6.177	-1.197
1511105765391	8.523	-5.87	-1.177
1511105765401	8.37	-5.535	-1.743
1511105765415	8.37	-5.305	-2.269
1511105765421	8.312	-5.305	-2.231
1511105765431	8.523	-4.462	-1.762
1511105765444	8.657	-3.859	-1.81
1511105765451	8.81	-3.428	-1.359
1511105765461	8.983	-3.342	-2.001
1511105765474	8.935	-3.457	-2.02
1511105765481	8.523	-3.428	-1.302
1511105765513	8.198	-3.38	-1.704
1511105765515	8.111	-3.581	-1.743
1511105765517	8.102	-3.591	-1.417
1511105765531	8.178	-3.562	-2.039
1511105765533	8.025	-3.457	-1.905
1511105765544	7.805	-3.237	-1.896
1511105765551	7.843	-3.495	-2.662
1511105765564	7.69	-3.572	-2.26
1511105765645	7.642	-3.601	-2.193
1511105765646	7.451	-3.648	-2.317
1511105765647	7.202	-3.601	-2.375
1511105765648	7.374	-3.361	-2.116
1511105765649	8.016	-3.256	-2.078
1511105765650	8.466	-3.352	-1.953
1511105765651	8.514	-3.629	-1.896
1511105765652	8.14	-3.763	-1.762
1511105765652	7.814	-4.175	-2.202
1511105765661	7.613	-4.434	-1.896
1511105765671	7.661	-4.166	-1.465
1511105765696	8.217	-3.936	-1.177
1511105765696	8.954	-4.06	-0.842
1511105765701	9.471	-4.338	-0.689
1511105765712	9.816	-4.415	-0.957
1511105765721	9.95	-3.974	-1.264
1511105765731	10.008	-3.399	-1.446
1511105765743	9.95	-3.15	-1.608
1511105765751	9.404	-3.17	-1.762
1511105765761	8.753	-2.921	-2.011
1511105765772	8.284	-2.193	-1.637
1511105765781	8.935	-1.628	-1.608
1511105765791	10.305	-2.106	-2.47
1511105765802	10.841	-2.672	-2.863
1511105765811	11.119	-3.256	-2.777
1511105765821	10.975	-4.003	-1.972
1511105765834	10.103	-4.443	-1.292
1511105765841	9.165	-4.529	-0.909
1511105765851	8.494	-4.204	-0.861
1511105765862	8.265	-3.419	-1.101
1511105765871	8.753	-2.786	-1.455
1511105765893	9.672	-2.643	-2.068
1511105765894	10.333	-2.882	-2.327
1511105765901	10.343	-3.246	-2.346
1511105765911	9.768	-3.543	-1.992
1511105765923	9.021	-4.099	-1.637
1511105765931	8.351	-4.568	-1.053
1511105765941	7.604	-5.123	-0.775
1511105765952	6.953	-5.688	-1.79
1511105765961	6.004	-5.018	-1.426
1511105765990	5.535	-3.505	-0.967
1511105765991	6.972	-2.547	-2.164
1511105765991	8.705	-2.911	-2.825
1511105766001	9.586	-4.041	-1.158
1511105766012	9.577	-5.286	0.162
1511105766021	8.973	-6.416	0.689
1511105766031	7.891	-6.962	1.637
1511105766043	6.761	-6.723	2.384
1511105766051	6.014	-5.612	2.739
1511105766062	7.949	-3.457	0.239
1511105766073	9.395	-2.183	-3.936
1511105766081	10.774	-2.212	-5.554
1511105766091	11.674	-1.695	-6.253
1511105766103	11.722	-1.168	-6.876
1511105766111	9.96	-1.043	-6.253
1511105766121	7.786	-0.967	-5.047
1511105766135	6.435	-2.729	-2.949
1511105766141	6.34	-3.419	-0.852
1511105766155	7.479	-4.386	-0.622
1511105766169	9.663	-6.004	-1.8
1511105766172	12.067	-8.016	-1.944
1511105766182	13.666	-8.284	-0.66
1511105766196	13.34	-7.029	-0.354
1511105766201	11.425	-5.794	-0.517
1511105766240	9.308	-4.252	-0.21
1511105766243	7.632	-2.432	-0.488
1511105766247	6.656	-0.823	-0.517
1511105766251	6.387	0.756	-0.603
1511105766254	7.01	1.283	-1.848
1511105766270	8.696	-0.306	-3.629
1511105766275	11.425	-2.71	-4.319
1511105766282	14.336	-5.315	-3.878
1511105766291	15.907	-6.818	-2.049
1511105766302	14.442	-7.249	-0.076
1511105766315	11.684	-7.058	1.091
1511105766321	9.404	-6.234	1.474
1511105766352	8.054	-4.836	1.101
1511105766353	7.834	-3.131	0.22
1511105766354	8.408	-1.522	-0.996
1511105766361	9.366	-0.498	-2.279
1511105766375	10.419	-0.095	-3.074
1511105766381	11.31	-0.277	-3.323
1511105766391	11.77	-0.919	-3.016
1511105766404	11.358	-1.972	-2.662
1511105766411	10.4	-2.978	-2.03
1511105766421	9.5	-3.61	-1.369
1511105766435	9.098	-3.802	-1.11
1511105766441	9.059	-3.648	-1.187
1511105766451	9.194	-3.361	-1.455
1511105766465	9.395	-3.093	-1.819
1511105766471	9.51	-3.122	-2.087
1511105766481	9.385	-3.352	-1.982
1511105766493	9.165	-3.438	-1.714
1511105766501	8.983	-3.371	-1.484
1511105766516	8.935	-3.323	-1.139
1511105766529	9.174	-3.131	-1.494
1511105766531	9.51	-3.055	-1.398
1511105766541	9.73	-3.16	-1.561
1511105766554	9.749	-3.256	-1.369
1511105766561	9.711	-3.217	-1.359
1511105766572	9.557	-3.246	-1.465
1511105766588	9.395	-3.352	-1.522
1511105766591	9.347	-3.495	-1.484
1511105766602	9.318	-3.677	-1.465
1511105766617	9.328	-3.658	-1.245
1511105766622	9.443	-3.553	-1.273
1511105766633	9.5	-3.38	-1.417
1511105766646	9.653	-3.15	-1.503
1511105766651	9.663	-2.921	-1.503
1511105766662	9.644	-2.806	-1.695
1511105766676	9.586	-2.681	-1.848
1511105766681	9.557	-2.547	-1.848
1511105766692	9.5	-2.576	-1.867
1511105766706	9.5	-2.633	-2.116
1511105766711	9.845	-3.016	-2.269
1511105766722	9.883	-3.725	-1.752
1511105766736	9.72	-4.328	-1.12
1511105766741	9.471	-4.51	-0.766
1511105766752	9.299	-4.319	-0.718
1511105766767	9.443	-3.735	-1.245
1511105766771	9.596	-3.696	-1.407
1511105766782	9.749	-3.562	-1.637
1511105766797	9.998	-3.39	-1.637
1511105766801	9.941	-3.294	-1.714
1511105766813	9.787	-3.179	-1.905
1511105766827	9.759	-2.988	-1.81
1511105766831	9.644	-2.911	-1.637
1511105766842	9.51	-3.198	-1.733
1511105766860	9.672	-3.189	-1.838
1511105766861	10.046	-3.112	-1.771
1511105766872	10.41	-2.94	-1.676
1511105766887	10.793	-3.198	-1.57
1511105766891	11.042	-3.38	-1.829
1511105766903	10.984	-3.62	-1.484
1511105766917	10.688	-3.284	-0.957
1511105766921	10.381	-2.815	-1.12
1511105766953	10.563	-2.48	-1.283
1511105766959	10.87	-2.442	-1.513
1511105766964	10.975	-2.863	-1.925
1511105766967	10.937	-3.658	-1.81
1511105766972	10.898	-4.28	-1.388
1511105766989	10.764	-4.108	-0.986
1511105766997	10.448	-3.61	-1.072
1511105767006	10.295	-3.284	-1.312
1511105767011	10.075	-2.882	-1.541
1511105767023	9.912	-2.729	-2.087
1511105767036	9.96	-2.767	-1.886
1511105767041	9.912	-2.949	-1.886
1511105767051	9.711	-2.825	-1.714
1511105767068	9.682	-2.882	-1.953
1511105767071	9.328	-2.94	-1.273
1511105767083	8.878	-3.074	-1.436
1511105767096	8.59	-3.591	-1.379
1511105767101	8.389	-4.022	-1.388
1511105767112	8.265	-3.811	-1.197
1511105767126	8.303	-3.438	-1.158
1511105767131	8.418	-3.332	-1.35
1511105767141	8.37	-3.141	-2.02
1511105767155	8.198	-3.055	-1.905
1511105767161	7.901	-2.949	-1.676
1511105767171	7.834	-3.246	-2.442
1511105767186	7.747	-3.926	-2.346
1511105767191	7.518	-4.261	-1.877
1511105767201	7.422	-4.3	-2.02
1511105767215	7.479	-4.683	-2.078
1511105767221	7.383	-5.152	-1.656
1511105767231	7.307	-5.717	-1.953
1511105767244	7.374	-6.512	-1.848
1511105767251	7.412	-7.192	-1.618
1511105767263	7.336	-7.316	-1.379
1511105767277	7.24	-6.866	-0.699
1511105767281	7.278	-6.033	-0.756
1511105767292	7.661	-5.353	-1.829
1511105767307	8.092	-4.913	-2.231
1511105767311	8.475	-4.395	-1.896
1511105767323	8.858	-3.955	-1.877
1511105767337	8.954	-3.639	-1.407
1511105767353	9.241	-3.476	-1.331
1511105767367	9.519	-3.572	-1.082
1511105767371	9.739	-3.591	-1.388
1511105767383	10.132	-3.974	-1.781
1511105767397	10.18	-4.06	-1.685
1511105767401	10.046	-3.782	-1.455
1511105767413	9.749	-3.447	-1.551
1511105767427	9.816	-3.313	-1.551
1511105767431	9.318	-3.39	-1.618
1511105767445	8.983	-3.342	-2.02
1511105767459	9.261	-3.342	-1.867
1511105767461	9.711	-3.419	-1.944
1511105767473	9.96	-3.352	-1.877
1511105767487	9.96	-3.533	-1.714
1511105767491	9.605	-3.926	-1.618
1511105767503	9.136	-4.424	-1.197
1511105767519	8.983	-4.817	-0.919
1511105767522	8.676	-5.085	-0.747
1511105767534	8.676	-4.855	-1.12
1511105767549	8.667	-4.855	-1.369
1511105767551	8.609	-4.702	-1.618
1511105767563	8.542	-4.415	-1.781
1511105767579	8.619	-4.146	-1.857
1511105767581	8.657	-3.974	-1.915
1511105767593	8.676	-3.878	-1.944
1511105767607	8.715	-4.031	-1.733
1511105767611	8.705	-4.28	-1.628
1511105767623	8.782	-4.587	-1.848
1511105767637	8.83	-4.769	-1.398
1511105767641	8.839	-4.721	-1.312
1511105767653	8.82	-4.644	-1.292
1511105767687	8.715	-4.376	-1.273
1511105767695	8.657	-4.079	-1.541
1511105767701	8.772	-3.897	-1.561
1511105767705	8.925	-3.792	-1.494
1511105767711	9.136	-3.83	-1.656
1511105767725	9.194	-3.897	-1.541
1511105767729	9.27	-4.041	-1.522
1511105767734	9.155	-4.175	-1.685
1511105767742	8.973	-4.319	-1.79
1511105767757	8.696	-4.635	-1.551
1511105767761	8.217	-4.855	-1.379
1511105767773	7.46	-4.846	-1.177
1511105767788	6.933	-4.664	-0.909
1511105767791	6.914	-4.462	-0.842
1511105767802	7.565	-4.108	-1.264
1511105767816	8.561	-4.156	-1.79
1511105767821	9.127	-4.453	-2.02
1511105767832	9.146	-4.731	-1.915
1511105767846	8.686	-4.654	-1.848
1511105767851	8.389	-4.472	-1.34
1511105767862	8.217	-4.242	-0.976
1511105767871	8.255	-4.166	-0.938
1511105767881	8.485	-4.635	-1.082
1511105767892	8.772	-5.277	-1.704
1511105767901	9.031	-5.19	-0.603
1511105767911	9.261	-4.826	-0.881
1511105767921	9.49	-4.185	-1.245
1511105767931	9.519	-3.304	-1.494
1511105767941	9.194	-2.633	-2.087
1511105767951	8.791	-1.972	-2.202
1511105767961	8.485	-1.589	-1.81
1511105767971	9.021	-1.877	-1.637
1511105767983	9.749	-2.786	-2.068
1511105767991	9.998	-3.591	-2.03
1511105768002	9.653	-3.725	-1.149
1511105768013	9.452	-3.639	-1.426
1511105768029	9.538	-3.399	-1.225
1511105768031	9.337	-2.978	-0.938
1511105768043	8.897	-2.528	-0.747
1511105768051	8.207	-2.03	-0.747
1511105768062	8.044	-1.781	-1.513
1511105768073	8.753	-1.886	-2.26
1511105768081	10.18	-2.403	-2.26
1511105768092	11.751	-3.668	-2.25
1511105768103	11.272	-4.616	-1.053
1511105768111	11.272	-4.587	-1.053
1511105768122	9.797	-4.127	-0.794
1511105768134	8.581	-3.572	-0.948
1511105768142	7.834	-2.911	-1.225
1511105768152	7.719	-2.47	-2.049
1511105768164	11.435	-3.016	-3.246
1511105768175	11.435	-3.016	-2.911
1511105768184	14.71	-4.348	-1.082
1511105768194	15.409	-4.673	0.938
1511105768201	15.409	-3.715	1.359
1511105768214	9.883	-2.423	0.603
1511105768227	8.37	-1.359	-0.766
1511105768232	7.738	-0.708	-2.346
1511105768241	8.217	-0.699	-3.313
1511105768253	9.222	-2.02	-3.476
1511105768261	10.027	-2.02	-3.17
1511105768271	10.305	-2.844	-2.806
1511105768283	9.941	-4.549	-2.308
1511105768291	9.213	-5.008	-1.57
1511105768301	8.609	-4.96	-0.948
1511105768315	8.437	-4.721	-0.526
1511105768321	8.705	-4.079	-0.593
1511105768331	9.165	-3.141	-0.986
1511105768343	9.471	-2.384	-1.494
1511105768351	9.548	-2.039	-1.877
1511105768361	9.49	-2.154	-2.03
1511105768372	9.481	-2.509	-1.886
1511105768394	9.596	-2.93	-1.628
1511105768401	9.759	-3.284	-1.245
1511105768405	9.998	-3.38	-0.833
1511105768418	10.075	-3.495	-0.957
1511105768423	9.883	-3.811	-1.043
1511105768435	9.596	-3.878	-0.909
1511105768441	9.5	-3.419	-0.957
1511105768451	9.481	-2.853	-1.158
1511105768465	9.548	-2.537	-1.455
1511105768471	9.634	-2.327	-1.666
1511105768481	9.73	-2.154	-1.781
1511105768493	9.797	-2.116	-1.752
1511105768501	9.797	-2.154	-1.676
1511105768511	9.73	-2.164	-1.58
1511105768534	9.663	-2.241	-1.503
1511105768537	9.692	-2.336	-1.522
1511105768551	9.625	-2.576	-1.666
1511105768564	9.538	-2.786	-1.695
1511105768566	9.471	-2.949	-1.714
1511105768571	9.433	-3.016	-1.656
1511105768582	9.452	-3.007	-1.532
1511105768591	9.5	-2.968	-1.455
1511105768601	9.586	-2.978	-1.321
1511105768612	9.605	-3.026	-1.302
1511105768621	9.577	-3.055	-1.312
1511105768631	9.529	-2.959	-1.331
1511105768645	9.51	-2.834	-1.379
1511105768651	9.5	-2.681	-1.455
1511105768661	9.519	-2.518	-1.551
1511105768674	9.577	-2.413	-1.599
1511105768681	9.682	-2.461	-1.685
1511105768691	9.73	-2.614	-1.608
1511105768704	9.672	-2.71	-1.398
1511105768711	9.605	-2.739	-1.474
1511105768721	9.605	-2.758	-1.522
1511105768737	9.596	-2.815	-1.522
1511105768751	9.577	-2.815	-1.484
1511105768764	9.577	-2.786	-1.446
1511105768771	9.596	-2.748	-1.446
1511105768781	9.644	-2.748	-1.474
1511105768794	9.605	-2.729	-1.561
1511105768801	9.586	-2.7	-1.561
1511105768811	9.557	-2.719	-1.57
1511105768826	9.567	-2.758	-1.541
1511105768831	9.634	-2.748	-1.541
1511105768841	9.634	-2.777	-1.57
1511105768855	9.596	-2.786	-1.551
1511105768861	9.567	-2.758	-1.398
1511105768871	9.567	-2.729	-1.465
1511105768884	9.605	-2.729	-1.484
1511105768891	9.586	-2.729	-1.513
1511105768902	9.596	-2.729	-1.465
1511105768916	9.596	-2.796	-1.484
1511105768921	9.625	-2.844	-1.503
1511105768932	9.452	-2.834	-1.541
1511105768945	9.586	-2.796	-1.513
1511105768951	9.586	-2.796	-1.484
1511105768961	9.605	-2.844	-1.522
1511105768975	9.596	-2.863	-1.494
1511105768981	9.567	-2.815	-1.494
1511105768993	9.577	-2.748	-1.513
1511105769005	9.567	-2.681	-1.513
1511105769011	9.557	-2.633	-1.561
1511105769021	9.586	-2.672	-1.503
1511105769036	9.577	-2.719	-1.503
1511105769041	9.577	-2.739	-1.474
1511105769051	9.567	-2.748	-1.455
1511105769065	9.548	-2.739	-1.455
1511105769071	9.529	-2.7	-1.446
1511105769081	9.596	-2.691	-1.426
1511105769095	9.625	-2.7	-1.398
1511105769101	9.625	-2.614	-1.446
1511105769134	9.644	-2.547	-1.522
1511105769140	9.586	-2.652	-1.541
1511105769155	9.557	-2.815	-1.455
1511105769160	9.625	-3.007	-1.465
1511105769165	9.577	-3.16	-1.417
1511105769167	9.529	-3.198	-1.225
1511105769184	9.682	-2.815	-1.225
1511105769187	9.73	-2.604	-1.608
1511105769196	9.548	-2.604	-1.532
1511105769203	9.433	-2.499	-1.264
1511105769216	9.462	-2.451	-1.398
1511105769221	9.51	-2.423	-1.379
1511105769231	9.567	-2.327	-1.331
1511105769244	9.605	-2.423	-1.532
1511105769251	9.605	-2.557	-1.532
1511105769261	9.625	-2.585	-1.599
1511105769273	9.557	-2.691	-1.589
1511105769281	9.433	-2.844	-1.551
1511105769291	9.414	-2.921	-1.359
1511105769304	9.462	-2.911	-1.331
1511105769311	9.471	-2.968	-1.714
1511105769321	9.414	-3.16	-1.666
1511105769333	9.414	-3.141	-1.58
1511105769341	9.433	-3.035	-1.723
1511105769351	9.433	-3.208	-1.666
1511105769362	9.51	-3.581	-1.618
1511105769371	9.5	-3.974	-1.35
1511105769381	9.538	-4.156	-1.101
1511105769393	9.538	-4.099	-1.177
1511105769401	9.49	-3.955	-1.484
1511105769411	9.51	-3.648	-1.302
1511105769426	9.567	-3.16	-1.484
1511105769431	9.577	-3.055	-1.925
1511105769441	9.51	-3.323	-1.963
1511105769456	9.538	-3.62	-2.02
1511105769461	9.519	-3.955	-1.685
1511105769471	9.72	-4.194	-1.254
1511105769485	9.874	-3.974	-1.149
1511105769491	9.72	-3.639	-1.426
1511105769501	9.653	-3.553	-1.695
1511105769515	9.577	-3.85	-1.982
1511105769521	9.672	-4.529	-2.202
1511105769531	9.768	-5.669	-1.733
1511105769546	9.816	-6.33	-0.775
1511105769551	9.778	-6.177	-1.034
1511105769562	9.672	-5.497	-0.928
1511105769572	9.557	-4.817	-1.771
1511105769581	9.433	-4.271	-2.078
1511105769591	9.529	-3.917	-1.953
1511105769603	9.759	-3.735	-1.723
1511105769611	9.931	-3.639	-2.02
1511105769621	10.017	-3.869	-1.704
1511105769635	9.529	-4.242	-1.34
1511105769641	9.213	-4.529	-1.053
1511105769652	8.983	-4.453	-0.986
1511105769666	9.021	-4.261	-1.197
1511105769671	9.222	-4.06	-1.81
1511105769682	9.261	-3.926	-2.221
1511105769695	9.203	-4.213	-2.547
1511105769701	8.992	-4.826	-2.317
1511105769711	8.715	-6.11	-1.752
1511105769725	8.284	-6.186	-1.283
1511105769731	7.987	-6.225	-1.072
1511105769742	7.805	-5.87	-1.082
1511105769756	7.795	-6.11	-2.011
1511105769761	7.92	-6.167	-1.934
1511105769771	8.188	-6.062	-2.308
1511105769786	8.303	-5.966	-2.279
1511105769791	8.389	-5.583	-1.656
1511105769801	8.523	-4.913	-1.465
1511105769816	8.552	-4.415	-1.972
1511105769821	8.619	-3.993	-2.106
1511105769855	8.609	-3.629	-1.982
1511105769868	8.619	-3.457	-1.896
1511105769870	8.533	-3.763	-1.829
1511105769871	8.504	-4.156	-1.503
1511105769872	8.533	-4.529	-1.532
1511105769884	8.59	-4.664	-1.465
1511105769894	8.581	-4.434	-1.35
1511105769905	8.724	-4.261	-1.704
1511105769911	8.715	-4.28	-1.762
1511105769921	8.494	-4.405	-2.154
1511105769934	8.207	-4.644	-2.384
1511105769941	7.949	-4.893	-2.26
1511105769951	7.968	-5.363	-2.212
1511105769965	8.006	-5.822	-1.915
1511105769971	7.853	-5.956	-2.097
1511105769981	7.776	-5.822	-2.221
1511105769993	7.671	-5.545	-2.269
1511105770001	7.585	-5.411	-2.557
1511105770011	7.652	-5.526	-2.557
1511105770023	8.111	-5.851	-2.537
1511105770031	8.332	-6.215	-2.164
1511105770041	8.322	-6.32	-1.465
1511105770056	8.341	-6.11	-1.283
1511105770061	8.38	-5.803	-0.928
1511105770072	8.533	-5.334	-0.948
1511105770086	8.667	-4.644	-1.331
1511105770091	8.705	-3.859	-1.733
1511105770102	8.734	-3.361	-2.03
1511105770116	8.743	-3.055	-2.193
1511105770121	8.954	-2.806	-2.26
1511105770132	9.184	-2.777	-2.068
1511105770146	9.481	-2.853	-1.934
1511105770151	9.423	-3.122	-1.925
1511105770162	9.328	-3.524	-1.963
1511105770176	9.251	-3.687	-1.762
1511105770181	9.462	-3.84	-1.628
1511105770192	9.692	-3.936	-1.273
1511105770206	9.605	-3.735	-0.996
1511105770211	9.414	-3.284	-1.082
1511105770222	9.241	-3.045	-1.302
1511105770236	9.261	-2.978	-1.551
1511105770241	9.423	-3.265	-1.886
1511105770252	9.586	-4.06	-2.394
1511105770266	9.567	-4.865	-2.298
1511105770271	9.299	-5.506	-2.106
1511105770282	8.849	-6.043	-1.685
1511105770296	8.408	-6.263	-1.704
1511105770301	8.035	-6.167	-1.877
1511105770312	7.92	-5.918	-1.915
1511105770326	7.767	-5.679	-2.212
1511105770331	7.805	-5.458	-2.48
1511105770342	8.36	-5.468	-2.327
1511105770356	8.427	-5.334	-2.423
1511105770361	8.743	-5.104	-2.03
1511105770372	8.964	-5.066	-1.637
1511105770387	8.648	-5.028	-1.369
1511105770391	8.59	-4.865	-1.206
1511105770402	8.389	-4.683	-1.331
1511105770416	8.341	-4.453	-1.321
1511105770421	8.59	-4.099	-1.733
1511105770432	8.916	-3.888	-2.02
1511105770447	9.213	-3.917	-2.145
1511105770451	9.423	-4.587	-2.193
1511105770462	9.471	-4.319	-2.011
1511105770477	9.366	-4.415	-1.685
1511105770481	9.213	-4.156	-1.369
1511105770493	8.945	-4.242	-1.426
1511105770506	8.648	-4.012	-1.302
1511105770511	8.676	-3.696	-1.369
1511105770522	8.935	-3.409	-1.589
1511105770536	9.289	-3.198	-1.8
1511105770546	9.615	-2.978	-1.867
1511105770580	10.094	-3.246	-1.944
1511105770583	9.96	-3.572	-1.752
1511105770586	9.701	-3.878	-1.551
1511105770629	9.471	-4.156	-1.465
1511105770631	9.174	-4.482	-1.474
1511105770632	8.887	-4.702	-1.455
1511105770635	8.619	-4.635	-1.561
1511105770636	8.332	-4.309	-1.637
1511105770643	8.36	-3.955	-1.953
1511105770653	8.37	-3.763	-2.145
1511105770661	8.341	-3.648	-2.116
1511105770671	8.341	-3.639	-2.202
1511105770686	8.37	-3.648	-1.81
1511105770691	8.552	-3.409	-1.551
1511105770701	8.763	-3.524	-2.097
1511105770712	8.715	-4.012	-2.02
1511105770721	8.542	-4.51	-1.733
1511105770731	8.159	-4.817	-1.57
1511105770745	7.69	-4.884	-1.245
1511105770751	7.173	-4.606	-0.565
1511105770761	7.039	-4.252	-0.718
1511105770775	7.374	-4.003	-1.484
1511105770790	7.824	-3.878	-1.848
1511105770794	8.81	-4.06	-2.384
1511105770804	9.692	-4.788	-2.528
1511105770811	9.768	-5.171	-1.599
1511105770821	9.28	-5.391	-1.398
1511105770836	8.542	-5.219	-0.928
1511105770841	7.824	-4.913	-0.373
1511105770851	7.345	-4.367	-0.162
1511105770864	7.374	-3.505	-0.392
1511105770871	7.977	-2.643	-1.321
1511105770881	8.935	-2.202	-2.767
1511105770895	9.854	-2.327	-3.466
1511105770901	10.276	-2.652	-3.438
1511105770911	9.902	-2.681	-3.131
1511105770924	8.925	-2.547	-2.384
1511105770931	7.853	-2.183	-1.551
1511105770942	7.221	-1.896	-1.474
1511105770957	7.719	-2.106	-3.122
1511105770961	9.759	-3.438	-5.248
1511105770973	12.909	-6.014	-5.554
1511105770989	16.52	-8.092	-2.509
1511105770991	18.206	-8.485	1.388
1511105771003	16.654	-6.79	4.204
1511105771017	13.618	-3.581	3.035
1511105771021	11.099	-0.019	0.277
1511105771033	8.418	2.758	-2.968
1511105771047	8.418	4.099	-5.114
1511105771051	8.6	3.945	-5.956
1511105771063	10.544	2.48	-5.736
1511105771078	10.544	0.421	-5.037
1511105771081	10.688	-1.407	-3.811
1511105771093	9.203	-2.844	-2.327
1511105771108	8.437	-4.204	-1.254
1511105771111	7.977	-5.2	0.057
1511105771123	7.891	-5.765	0.459
1511105771138	8.044	-5.765	0.009
1511105771141	8.696	-5.439	-0.814
1511105771153	9.28	-4.558	-1.331
1511105771169	9.807	-3.361	-1.608
1511105771172	10.094	-1.647	-1.637
1511105771184	10.132	-1.628	-2.001
1511105771201	9.998	-1.963	-2.193
1511105771203	9.768	-2.049	-1.819
1511105771214	9.625	-2.231	-1.283
1511105771228	9.759	-2.384	-1.053
1511105771231	9.969	-2.394	-1.015
1511105771243	10.075	-2.26	-1.398
1511105771259	9.998	-2.126	-1.685
1511105771261	9.816	-2.087	-1.857
1511105771273	9.596	-2.164	-1.963
1511105771306	9.529	-2.174	-1.829
1511105771311	9.586	-2.154	-1.618
1511105771320	9.682	-1.972	-1.474
1511105771324	9.739	-1.618	-1.359
1511105771327	9.826	-1.407	-1.484
1511105771341	9.787	-1.283	-1.589
1511105771344	9.701	-1.235	-1.704
1511105771351	9.711	-1.312	-1.963
1511105771362	9.701	-1.637	-2.231
1511105771377	9.519	-2.298	-2.308
1511105771381	9.318	-3.141	-2.135
1511105771393	9.289	-3.878	-1.685
1511105771404	9.423	-4.348	-1.168
1511105771411	9.49	-4.51	-1.034
1511105771458	9.49	-4.3	-1.034
1511105771458	9.548	-3.926	-1.015
1511105771459	9.605	-3.457	-1.187
1511105771460	9.634	-2.93	-1.676
1511105771464	9.672	-2.384	-2.106
1511105771471	9.739	-2.001	-2.403
1511105771481	9.768	-1.905	-2.614
1511105771491	9.768	-2.135	-2.308
1511105771501	9.749	-2.461	-1.819
1511105771512	9.692	-2.566	-1.58
1511105771521	9.605	-2.633	-1.407
1511105771531	9.519	-2.672	-1.407
1511105771541	9.471	-2.662	-1.628
1511105771554	9.471	-2.557	-1.8
1511105771561	9.557	-2.451	-1.963
1511105771572	9.634	-2.202	-2.068
1511105771581	9.701	-1.963	-2.078
1511105771591	9.634	-1.905	-2.039
1511105771603	9.567	-1.963	-1.963
1511105771611	9.548	-2.145	-1.838
1511105771621	9.471	-2.509	-1.963
1511105771632	9.423	-2.834	-2.126
1511105771641	9.462	-3.007	-2.068
1511105771651	9.538	-3.112	-1.877
1511105771662	9.596	-3.16	-1.647
1511105771671	9.577	-3.093	-1.618
1511105771684	9.538	-2.844	-1.666
1511105771695	9.519	-2.537	-1.781
1511105771701	9.538	-2.461	-1.886
1511105771711	9.51	-2.585	-2.145
1511105771723	9.51	-2.595	-2.183
1511105771731	9.529	-2.643	-2.059
1511105771741	9.625	-2.643	-1.934
1511105771752	9.701	-2.48	-1.829
1511105771761	9.615	-2.298	-2.126
1511105771771	9.529	-2.193	-2.25
1511105771783	9.385	-2.365	-2.212
1511105771791	9.385	-2.71	-2.202
1511105771801	9.328	-3.007	-1.944
1511105771816	9.328	-3.189	-1.733
1511105771821	9.404	-3.237	-1.637
1511105771833	9.49	-3.246	-1.628
1511105771845	9.481	-3.17	-1.666
1511105771851	9.452	-3.016	-1.819
1511105771865	9.471	-2.959	-2.001
1511105771879	9.538	-3.026	-1.915
1511105771882	9.615	-3.122	-1.972
1511105771894	9.596	-3.256	-1.848
1511105771907	9.663	-3.466	-1.474
1511105771911	9.72	-3.265	-1.359
1511105771923	9.644	-2.949	-1.561
1511105771936	9.395	-2.777	-1.925
1511105771941	9.251	-3.16	-1.915
1511105771954	9.241	-3.524	-1.551
1511105771965	9.423	-3.687	-1.264
1511105771971	9.538	-3.562	-1.177
1511105771981	9.653	-3.045	-1.034
1511105771995	9.854	-2.758	-1.292
1511105772044	9.95	-2.423	-1.551
1511105772045	9.902	-2.135	-2.011
1511105772055	9.797	-2.145	-2.308
1511105772056	9.557	-2.451	-2.327
1511105772056	9.395	-3.179	-1.857
1511105772057	9.634	-3.668	-1.407
1511105772068	9.912	-3.83	-1.11
1511105772074	9.998	-3.754	-1.072
1511105772089	9.988	-3.323	-1.158
1511105772092	10.027	-2.633	-1.436
1511105772104	10.161	-2.26	-1.781
1511105772118	10.218	-2.039	-2.03
1511105772122	10.113	-2.126	-2.537
1511105772131	9.988	-2.7	-2.193
1511105772143	9.787	-3.371	-1.79
1511105772151	9.615	-3.907	-1.455
1511105772167	9.816	-4.683	-1.925
1511105772178	9.998	-5.889	-2.106
1511105772181	9.979	-6.407	-1.963
1511105772192	9.73	-6.263	-1.494
1511105772205	9.51	-6.11	-1.589
1511105772211	9.28	-6.1	-2.011
1511105772221	9.098	-5.947	-2.049
1511105772233	9.213	-5.612	-2.413
1511105772241	9.471	-5.526	-2.547
1511105772251	9.404	-5.554	-2.413
1511105772263	9.05	-5.516	-2.087
1511105772271	8.715	-5.411	-1.407
1511105772281	8.59	-5.353	-1.34
1511105772294	8.715	-5.238	-1.446
1511105772301	8.772	-5.2	-1.455
1511105772311	8.59	-5.123	-1.848
1511105772324	8.399	-5.085	-2.049
1511105772331	8.312	-4.893	-2.049
1511105772341	8.456	-4.415	-2.068
1511105772353	8.782	-3.782	-1.685
1511105772361	8.868	-3.217	-1.944
1511105772371	8.648	-2.652	-2.154
1511105772383	8.389	-2.691	-2.336
1511105772391	8.255	-2.729	-1.829
1511105772401	8.332	-2.834	-1.714
1511105772414	8.676	-3.122	-1.857
1511105772421	8.676	-3.352	-1.857
1511105772431	8.916	-3.629	-1.934
1511105772446	8.887	-4.3	-1.838
1511105772461	8.858	-4.424	-2.078
1511105772476	8.676	-4.204	-1.264
1511105772491	8.724	-3.945	-1.8
1511105772506	8.973	-4.146	-2.03
1511105772511	9.174	-4.951	-1.896
1511105772522	9.165	-6.062	-1.58
1511105772533	8.782	-6.991	-1.197
1511105772543	8.284	-7.575	-0.948
1511105772570	7.47	-7.613	-0.593
1511105772571	7.393	-7.259	-0.689
1511105772571	7.364	-6.914	-1.388
1511105772581	7.364	-6.694	-1.838
1511105772594	7.269	-6.972	-2.154
1511105772601	7.163	-6.972	-2.375
1511105772611	7.106	-7.029	-2.241
1511105772626	7.144	-6.186	-1.982
1511105772631	7.249	-6.186	-1.838
1511105772641	7.307	-5.679	-1.915
1511105772654	7.249	-5.746	-1.982
1511105772661	7.067	-5.746	-2.011
1511105772674	7.163	-5.784	-2.346
1511105772684	7.288	-5.822	-2.451
1511105772691	7.364	-5.736	-2.48
1511105772701	7.403	-5.554	-2.48
1511105772714	7.518	-5.277	-2.212
1511105772721	7.661	-5.334	-1.944
1511105772731	7.613	-5.583	-2.145
1511105772753	7.613	-5.506	-2.403
1511105772761	7.977	-5.612	-2.729
1511105772764	8.59	-5.842	-2.106
1511105772774	9.241	-6.033	-1.34
1511105772785	9.586	-6.148	-0.794
1511105772798	9.423	-6.234	-0.775
1511105772802	8.791	-6.225	-0.89
1511105772812	8.226	-5.985	-1.158
1511105772822	7.881	-5.727	-1.321
1511105772836	7.929	-5.43	-1.771
1511105772841	8.37	-5.133	-2.164
1511105772853	8.916	-5.104	-2.269
1511105772865	9.146	-5.334	-2.298
1511105772871	8.763	-5.851	-2.327
1511105772881	8.063	-6.292	-2.039
1511105772893	7.403	-6.617	-1.867
1511105772903	6.885	-7.106	-1.915
1511105772911	6.148	-7.412	-2.26
1511105772924	5.43	-7.345	-2.844
1511105772931	4.625	-6.244	-1.321
1511105772941	5.123	-4.501	-2.135
1511105772955	6.359	-4.156	-5.018
1511105772961	7.652	-5.104	-4.893
1511105772971	8.734	-6.263	-2.921
1511105772987	8.849	-7.316	-1.829
1511105772996	7.834	-8.217	-0.584
1511105773012	6.684	-8.389	0.517
1511105773014	5.698	-8.341	1.043
1511105773021	4.98	-7.632	1.781
1511105773031	5.573	-5.344	2.049
1511105773044	7.067	-3.332	-1.982
1511105773051	8.657	-2.93	-2.001
1511105773062	10.4	-3.256	-2.375
1511105773074	11.597	-3.782	-0.986
1511105773081	11.607	-4.252	-0.986
1511105773092	10.544	-4.472	-0.277
1511105773104	8.858	-4.051	0.143
1511105773111	7.431	-2.815	0.143
1511105773121	6.684	-1.034	1.494
1511105773134	8.006	0.996	-6.052
1511105773141	8.016	0.335	-6.052
1511105773151	10.084	-2.317	-7.087
1511105773169	14.375	-4.127	-3.323
1511105773172	14.375	-4.175	-2.087
1511105773183	13.455	-4.635	-2.087
1511105773198	9.759	-5.047	0.095
1511105773201	9.759	-4.539	1.015
1511105773211	8.37	-3.543	1.302
1511105773224	10.075	-1.283	0.9
1511105773231	10.075	-1.321	-1.245
1511105773241	13.666	-1.034	-1.608
1511105773254	17.851	-1.302	-0.766
1511105773261	17.851	-1.35	-1.312
1511105773271	10.601	-0.612	-2.719
1511105773285	8.217	-1.388	-3.428
1511105773291	6.991	-1.379	-3.639
1511105773301	7.067	-2.806	-3.313
1511105773316	7.575	-4.127	-2.528
1511105773321	8.37	-4.951	-1.877
1511105773331	8.839	-5.42	-1.331
1511105773346	8.849	-5.487	-0.996
1511105773351	8.514	-5.181	-1.015
1511105773361	8.178	-4.185	-1.082
1511105773376	8.236	-3.696	-1.043
1511105773381	8.743	-3.141	-1.216
1511105773391	9.423	-2.777	-1.752
1511105773405	9.921	-2.777	-2.02
1511105773411	10.094	-3.083	-1.972
1511105773421	9.96	-3.361	-1.762
1511105773436	9.605	-3.715	-1.58
1511105773441	9.395	-3.878	-1.225
1511105773451	9.404	-3.706	-1.053
1511105773471	9.49	-3.447	-1.091
1511105773485	9.586	-3.102	-1.34
1511105773493	9.701	-2.729	-1.599
1511105773495	9.845	-2.432	-1.666
1511105773509	9.969	-2.135	-1.829
1511105773511	9.912	-1.838	-2.097
1511105773524	9.778	-1.81	-2.193
1511105773533	9.653	-2.049	-2.164
1511105773545	9.605	-2.308	-2.039
1511105773557	9.557	-2.509	-1.944
1511105773561	9.51	-2.786	-1.829
1511105773579	9.443	-3.055	-1.733
1511105773592	9.366	-3.313	-1.666
1511105773593	9.241	-3.524	-1.57
1511105773606	9.117	-3.61	-1.599
1511105773613	9.069	-3.466	-1.771
1511105773627	9.261	-3.198	-1.618
1511105773634	9.519	-3.016	-1.465
1511105773645	9.596	-3.007	-1.474
1511105773674	9.538	-3.093	-1.465
1511105773675	9.51	-3.275	-1.561
1511105773676	9.557	-3.284	-1.503
1511105773682	9.672	-3.275	-1.225
1511105773691	9.739	-3.208	-1.216
1511105773705	9.634	-3.045	-1.359
1511105773711	9.5	-2.844	-1.484
1511105773721	9.49	-2.672	-1.513
1511105773734	9.653	-2.595	-1.503
1511105773741	9.739	-2.518	-1.532
1511105773751	9.663	-2.423	-1.637
1511105773764	9.567	-2.394	-1.695
1511105773771	9.519	-2.451	-1.676
1511105773781	9.557	-2.557	-1.589
1511105773794	9.615	-2.614	-1.369
1511105773801	9.644	-2.585	-1.494
1511105773811	9.605	-2.49	-1.494
1511105773824	9.596	-2.403	-1.359
1511105773831	9.634	-2.48	-1.359
1511105773841	9.644	-2.576	-1.417
1511105773855	9.577	-2.604	-1.455
1511105773861	9.49	-2.633	-1.455
1511105773871	9.49	-2.585	-1.436
1511105773881	9.529	-2.48	-1.513
1511105773891	9.538	-2.423	-1.599
1511105773901	9.5	-2.413	-1.628
1511105773917	9.481	-2.47	-1.618
1511105773921	9.519	-2.566	-1.618
1511105773932	9.557	-2.7	-1.608
1511105773945	9.452	-2.739	-1.58
1511105773951	9.557	-2.758	-1.58
1511105773962	9.51	-2.662	-1.647
1511105773974	9.692	-2.365	-1.628
1511105773981	9.586	-2.03	-1.618
1511105773991	9.433	-1.762	-1.733
1511105774005	9.337	-1.589	-1.953
1511105774011	9.366	-1.474	-1.944
1511105774021	9.318	-1.379	-1.944
1511105774035	9.557	-1.407	-1.829
1511105774041	9.644	-1.35	-1.503
1511105774051	10.142	-1.101	-1.024
1511105774065	10.17	-0.478	-2.269
1511105774071	9.308	-0.536	-1.925
1511105774081	9.222	-1.292	-2.336
1511105774095	9.098	-1.608	-2.308
1511105774101	9.308	-2.49	-3.141
1511105774112	9.337	-4.98	-3.514
1511105774124	9.27	-7.68	-2.537
1511105774131	9.423	-9.538	-1.101
1511105774141	9.557	-10.142	-0.555
1511105774154	9.433	-10.343	0.086
1511105774161	9.174	-9.941	0.565
1511105774172	9.27	-8.878	0.612
1511105774193	10.084	-6.876	0.134
1511105774200	10.774	-5.171	-1.321
1511105774205	10.735	-4.156	-2.26
1511105774216	10.228	-3.715	-2.767
1511105774221	9.893	-3.419	-2.557
1511105774238	10.247	-3.15	-2.25
1511105774242	10.793	-2.691	-1.925
1511105774251	11.061	-2.375	-2.221
1511105774261	10.956	-2.537	-2.806
1511105774278	10.755	-3.045	-2.681
1511105774281	10.601	-3.572	-2.346
1511105774294	10.534	-3.821	-1.972
1511105774305	10.563	-4.041	-1.561
1511105774311	10.477	-4.146	-1.225
1511105774321	10.247	-3.715	-1.091
1511105774335	10.008	-3.227	-1.321
1511105774341	9.931	-2.643	-1.331
1511105774351	9.931	-2.097	-1.714
1511105774364	9.988	-2.03	-2.25
1511105774371	10.132	-2.394	-1.934
1511105774381	9.979	-2.729	-1.541
1511105774394	9.548	-3.179	-1.302
1511105774401	9.203	-3.869	-1.455
1511105774411	8.648	-4.913	-1.13
1511105774424	8.044	-5.564	-0.708
1511105774431	7.623	-5.803	-0.928
1511105774441	7.422	-5.937	-1.149
1511105774455	7.518	-5.909	-1.608
1511105774461	7.441	-5.631	-1.733
1511105774471	7.403	-5.391	-1.857
1511105774484	7.412	-5.449	-2.48
1511105774491	7.23	-5.602	-2.221
1511105774501	7.163	-5.698	-2.221
1511105774517	7.096	-5.621	-2.039
1511105774521	7.173	-5.104	-1.273
1511105774532	7.393	-4.434	-1.57
1511105774547	7.652	-4.079	-2.413
1511105774551	7.814	-4.338	-2.423
1511105774562	7.69	-4.846	-2.087
1511105774579	7.422	-5.669	-1.417
1511105774601	7.173	-6.569	-1.168
1511105774603	6.55	-6.876	-1.168
1511105774604	6.32	-6.55	-2.106
1511105774611	6.407	-5.966	-2.509
1511105774623	6.771	-5.612	-3.39
1511105774638	7.173	-5.88	-2.796
1511105774656	7.441	-6.32	-2.03
1511105774658	7.7	-6.158	-1.436
1511105774666	7.7	-6.158	-0.727
1511105774671	8.073	-5.449	-0.727
1511105774681	8.743	-4.549	-1.254
1511105774696	9.471	-3.926	-1.331
1511105774701	9.874	-3.62	-1.417
1511105774711	9.49	-3.735	-1.666
1511105774725	8.839	-3.936	-1.398
1511105774731	8.456	-4.185	-0.948
1511105774741	8.6	-4.213	-1.398
1511105774755	8.801	-4.223	-1.953
1511105774761	9.127	-4.731	-1.944
1511105774771	9.27	-5.114	-2.106
1511105774781	9.328	-5.277	-2.145
1511105774791	9.136	-5.478	-1.819
1511105774801	8.801	-5.411	-1.714
1511105774815	8.542	-5.181	-1.819
1511105774821	8.36	-4.941	-1.771
1511105774832	8.14	-5.506	-1.302
1511105774845	7.939	-5.87	-1.024
1511105774851	7.939	-5.995	-0.622
1511105774861	8.408	-5.612	-0.842
1511105774871	8.82	-5.19	-1.187
1511105774881	8.945	-4.577	-1.599
1511105774891	8.878	-3.974	-2.087
1511105774913	8.696	-3.763	-2.614
1511105774929	8.494	-3.888	-2.911
1511105774934	8.083	-4.472	-2.327
1511105774935	7.747	-4.807	-1.915
1511105774949	7.556	-4.836	-1.197
1511105774952	7.872	-5.047	-0.459
1511105774988	8.332	-5.832	-0.469
1511105774989	8.351	-6.186	-0.488
1511105774990	8.312	-5.573	-0.296
1511105774997	8.475	-5.104	-1.417
1511105775025	8.504	-4.759	-1.714
1511105775027	8.198	-4.118	-1.273
1511105775031	8.341	-3.495	-1.436
1511105775032	8.638	-3.735	-1.551
1511105775047	8.849	-4.242	-1.321
1511105775059	9.299	-5.008	-1.254
1511105775061	9.567	-5.717	-1.139
1511105775077	9.625	-5.439	-0.679
1511105775093	9.586	-4.932	-1.685
1511105775094	9.739	-4.06	-1.944
1511105775103	9.845	-3.562	-2.576
1511105775116	9.845	-3.294	-3.007
1511105775126	9.787	-3.15	-2.978
1511105775137	9.653	-3.438	-2.585
1511105775145	9.366	-3.419	-1.666
1511105775154	9.088	-3.083	-0.785
1511105775171	8.542	-2.183	-0.296
1511105775180	7.987	-0.814	-1.417
1511105775182	7.575	0.536	-1.369
1511105775194	7.355	1.58	-1.522
1511105775201	7.776	2.087	-1.743
1511105775211	9.404	0.986	-4.031
1511105775223	10.956	-1.618	-5.42
1511105775237	12.21	-3.361	-3.064
1511105775241	12.373	-4.395	-1.388
1511105775252	10.831	-5.114	-0.478
1511105775261	8.676	-5.152	0.162
1511105775271	6.809	-4.348	0.67
1511105775283	5.784	-3.304	0.574
1511105775291	5.65	-2.231	0.507
1511105775301	6.732	-1.79	-1.685
1511105775313	8.686	-2.71	-5.353
1511105775323	11.214	-4.577	-5.353
1511105775331	13.369	-4.96	-4.127
1511105775344	13.743	-4.041	-1.455
1511105775351	12.306	-3.294	-1.513
1511105775361	10.467	-2.71	0.095
1511105775372	9.213	-2.02	0.287
1511105775381	9.088	-1.58	-0.019
1511105775391	10.381	-1.676	-0.354
1511105775402	14.222	-1.857	-0.268
1511105775411	14.164	-1.743	-0.45
1511105775421	14.509	-1.149	-1.331
1511105775432	10.755	-0.507	-2.451
1511105775441	9.222	-0.287	-3.419
1511105775451	8.609	-0.517	-3.926
1511105775463	8.782	-1.905	-3.964
1511105775471	9.241	-1.953	-3.562
1511105775481	9.567	-2.719	-2.748
1511105775492	9.615	-3.84	-1.982
1511105775501	9.385	-3.917	-1.101
1511105775511	9.059	-4.405	-0.44
1511105775523	8.83	-5.085	-0.162
1511105775531	8.83	-5.037	-0.287
1511105775541	9.059	-4.386	-0.689
1511105775553	9.376	-3.428	-1.12
1511105775561	9.644	-2.48	-1.331
1511105775571	9.749	-1.944	-1.714
1511105775585	9.768	-1.8	-2.097
1511105775591	9.739	-1.848	-2.193
1511105775601	9.73	-2.001	-1.982
1511105775612	9.797	-2.212	-1.704
1511105775664	9.874	-2.394	-1.628
1511105775665	9.807	-2.394	-1.637
1511105775666	9.682	-2.308	-1.714
1511105775667	9.605	-2.25	-1.829
1511105775668	9.577	-2.193	-1.886
1511105775675	9.682	-2.135	-1.963
1511105775681	9.787	-2.03	-2.03
1511105775691	9.845	-2.03	-2.059
1511105775703	9.826	-2.078	-1.992
1511105775711	9.739	-2.116	-1.886
1511105775750	9.682	-2.154	-1.819
1511105775751	9.615	-2.154	-1.829
1511105775752	9.586	-2.241	-1.877
1511105775752	9.615	-2.365	-1.944
1511105775762	9.596	-2.518	-2.011
1511105775771	9.577	-2.604	-1.963
1511105775781	9.529	-2.672	-1.867
1511105775792	9.529	-2.7	-1.685
1511105775801	9.529	-2.748	-1.589
1511105775811	9.529	-2.739	-1.57
1511105775822	9.548	-2.614	-1.618
1511105775831	9.615	-2.451	-1.685
1511105775841	9.682	-2.26	-1.79
1511105775852	9.749	-2.116	-1.867
1511105775861	9.759	-2.011	-1.925
1511105775871	9.749	-1.925	-1.925
1511105775882	9.73	-1.905	-1.915
1511105775891	9.682	-2.011	-1.905
1511105775901	9.682	-2.087	-1.934
1511105775912	9.653	-2.087	-1.896
1511105775944	9.672	-2.068	-1.8
1511105775945	9.653	-2.03	-1.857
1511105775946	9.653	-1.963	-1.915
1511105775951	9.701	-1.963	-1.963
1511105775961	9.72	-2.001	-1.953
1511105775972	9.701	-2.059	-1.953
1511105775981	9.672	-2.145	-1.944
1511105775991	9.644	-2.269	-1.944
1511105776002	9.615	-2.384	-1.857
1511105776011	9.577	-2.413	-1.79
1511105776021	9.557	-2.423	-1.771
1511105776032	9.596	-2.384	-1.743
1511105776041	9.672	-2.327	-1.771
1511105776051	9.682	-2.25	-1.8
1511105776064	9.682	-2.183	-1.905
1511105776071	9.682	-2.154	-1.905
1511105776081	9.672	-2.116	-1.896
1511105776094	9.701	-2.078	-1.992
1511105776101	9.701	-2.02	-1.838
1511105776111	9.692	-2.001	-1.972
1511105776124	9.663	-2.087	-1.972
1511105776131	9.663	-2.116	-1.905
1511105776141	9.692	-2.087	-1.848
1511105776154	9.739	-1.934	-1.838
1511105776161	9.634	-1.608	-1.944
1511105776173	9.519	-1.359	-2.03
1511105776185	9.538	-1.503	-2.03
1511105776191	9.692	-1.436	-2.02
1511105776201	9.644	-1.484	-2.039
1511105776215	9.625	-1.522	-2.068
1511105776221	9.548	-1.58	-2.03
1511105776231	9.557	-1.762	-1.877
1511105776245	9.625	-1.685	-1.733
1511105776251	9.797	-1.58	-2.001
1511105776261	9.586	-1.963	-2.25
1511105776275	9.289	-2.241	-2.221
1511105776281	9.251	-2.518	-2.03
1511105776291	9.385	-2.413	-1.743
1511105776305	9.577	-2.135	-1.532
1511105776311	9.826	-1.867	-1.647
1511105776321	9.653	-1.992	-2.097
1511105776335	9.318	-2.212	-1.857
1511105776367	9.203	-2.308	-1.714
1511105776371	9.366	-2.355	-1.628
1511105776374	9.692	-2.537	-1.436
1511105776377	9.835	-3.294	-2.231
1511105776390	9.519	-4.242	-2.126
1511105776393	9.28	-5.056	-1.743
1511105776406	9.328	-5.257	-1.264
1511105776414	9.51	-5.2	-1.149
1511105776425	9.538	-5.2	-1.513
1511105776431	9.337	-5.315	-1.848
1511105776441	9.127	-5.296	-1.752
1511105776454	9.117	-5.19	-1.723
1511105776461	9.376	-4.941	-1.628
1511105776471	9.634	-4.558	-1.771
1511105776484	9.768	-4.338	-2.106
1511105776491	9.749	-4.213	-2.135
1511105776501	9.835	-4.223	-1.944
1511105776513	9.826	-4.271	-1.953
1511105776521	9.711	-4.271	-1.963
1511105776531	9.73	-4.271	-2.126
1511105776543	9.711	-4.395	-1.992
1511105776551	9.749	-4.415	-1.79
1511105776561	9.778	-4.213	-1.637
1511105776572	9.711	-4.022	-1.589
1511105776584	9.672	-3.782	-1.637
1511105776595	9.653	-3.562	-1.829
1511105776602	9.692	-3.419	-1.886
1511105776611	9.807	-3.486	-1.704
1511105776621	9.749	-3.62	-1.695
1511105776632	9.596	-3.754	-1.628
1511105776641	9.423	-3.687	-1.158
1511105776651	9.395	-3.601	-1.043
1511105776664	9.328	-3.639	-0.938
1511105776671	9.337	-4.041	-1.273
1511105776681	8.964	-4.989	-1.733
1511105776695	8.504	-6.196	-1.972
1511105776701	8.178	-7.192	-1.57
1511105776711	7.996	-7.604	-1.034
1511105776724	7.843	-7.518	-0.938
1511105776731	7.719	-7.297	-1.149
1511105776741	7.565	-6.914	-1.446
1511105776755	7.565	-6.464	-1.819
1511105776761	7.69	-5.87	-2.011
1511105776771	8.198	-4.98	-2.231
1511105776785	8.906	-4.204	-2.02
1511105776791	9.376	-3.725	-2.126
1511105776801	9.308	-3.668	-2.413
1511105776815	8.973	-3.677	-2.365
1511105776821	8.667	-3.917	-2.432
1511105776832	8.561	-4.395	-1.963
1511105776845	8.782	-4.577	-1.589
1511105776851	8.782	-4.453	-1.388
1511105776861	8.887	-4.242	-1.484
1511105776876	8.255	-4.338	-1.723
1511105776881	7.795	-4.51	-1.857
1511105776892	7.441	-4.587	-1.972
1511105776905	7.431	-4.922	-1.829
1511105776911	7.431	-5.554	-1.771
1511105776922	7.68	-5.985	-1.685
1511105776935	7.987	-6.225	-1.829
1511105776941	8.178	-6.205	-1.953
1511105776953	8.111	-6.598	-2.49
1511105776968	7.728	-7.087	-2.48
1511105776971	7.288	-7.642	-2.202
1511105776982	7.0	-7.757	-2.001
1511105776996	6.962	-7.613	-1.905
1511105777001	7.106	-7.249	-2.02
1511105777012	7.393	-7.106	-2.202
1511105777026	7.537	-6.953	-2.097
1511105777031	7.7	-6.723	-2.269
1511105777041	7.939	-6.589	-2.231
1511105777056	8.217	-6.359	-1.666
1511105777088	8.638	-6.043	-1.34
1511105777095	9.117	-5.66	-0.948
1511105777098	9.452	-5.382	-0.622
1511105777101	9.51	-4.893	-0.89
1511105777104	9.232	-4.405	-1.446
1511105777117	8.734	-4.003	-1.426
1511105777128	8.37	-4.031	-1.503
1511105777134	8.332	-4.06	-1.417
1511105777145	8.676	-3.907	-1.091
1511105777151	9.117	-3.936	-1.273
1511105777161	9.155	-4.175	-1.541
1511105777176	8.743	-4.539	-1.522
1511105777181	8.198	-4.999	-1.541
1511105777192	7.814	-5.545	-1.57
1511105777205	7.604	-5.947	-1.513
1511105777211	7.441	-6.349	-1.819
1511105777221	7.154	-6.895	-1.972
1511105777234	6.761	-7.345	-2.298
1511105777241	6.435	-7.355	-2.49
1511105777251	6.311	-6.924	-3.083
1511105777264	6.579	-6.55	-3.553
1511105777271	7.077	-6.435	-3.687
1511105777281	7.489	-6.311	-3.141
1511105777293	7.786	-6.56	-2.806
1511105777301	7.881	-6.981	-2.269
1511105777311	7.767	-7.259	-1.637
1511105777323	7.537	-7.125	-1.245
1511105777331	7.24	-6.885	-1.312
1511105777342	6.953	-6.32	-0.928
1511105777355	7.077	-4.846	0.095
1511105777361	7.412	-3.141	-0.201
1511105777372	7.872	-2.059	-1.11
1511105777385	8.312	-1.848	-1.905
1511105777391	8.657	-2.231	-2.221
1511105777401	8.782	-3.083	-2.47
1511105777415	8.753	-4.031	-1.388
1511105777421	8.638	-4.922	-0.229
1511105777432	8.312	-5.631	0.44
1511105777446	7.269	-5.803	1.637
1511105777451	6.502	-4.98	1.934
1511105777461	6.885	-4.415	-0.737
1511105777476	7.853	-5.066	-4.395
1511105777481	9.232	-5.947	-5.008
1511105777491	10.975	-5.372	-3.993
1511105777505	12.019	-5.085	-3.715
1511105777511	11.31	-5.784	-3.677
1511105777522	9.538	-6.282	-0.986
1511105777536	7.623	-5.813	0.344
1511105777541	5.832	-4.041	1.417
1511105777551	4.625	-0.861	-0.009
1511105777566	5.114	2.355	-2.873
1511105777571	7.106	3.438	-5.928
1511105777582	9.931	1.877	-5.765
1511105777596	13.398	0.296	-4.041
1511105777601	16.606	-0.028	-2.585
1511105777612	15.725	-0.249	-0.632
1511105777626	13.273	-1.312	1.532
1511105777631	11.875	-2.48	2.643
1511105777642	11.712	-3.112	2.825
1511105777656	11.961	-3.083	1.417
1511105777661	11.684	-2.403	-1.264
1511105777672	10.917	-1.608	-3.438
1511105777686	10.17	-1.245	-5.037
1511105777691	9.529	-2.921	-5.516
1511105777702	9.088	-4.3	-4.673
1511105777716	8.715	-5.391	-3.476
1511105777721	8.351	-5.995	-2.432
1511105777732	8.13	-6.579	-1.331
1511105777746	8.121	-7.106	-0.201
1511105777751	8.255	-7.249	0.421
1511105777762	8.37	-6.694	0.268
1511105777776	8.552	-5.468	-0.344
1511105777809	8.849	-4.118	-1.11
1511105777812	9.184	-2.786	-1.723
1511105777815	9.49	-1.484	-2.212
1511105777821	9.672	-0.316	-2.47
1511105777831	9.759	0.574	-2.346
1511105777832	9.797	0.871	-1.838
1511105777851	9.807	-0.22	-1.35
1511105777865	9.902	-1.283	-1.426
1511105777871	10.094	-2.308	-1.58
1511105777881	10.247	-3.083	-1.589
1511105777895	10.218	-3.61	-1.771
1511105777901	9.902	-3.917	-1.857
1511105777911	9.471	-4.108	-2.174
1511105777924	9.174	-4.166	-2.231
1511105777931	9.136	-4.127	-2.202
1511105777941	9.251	-3.964	-1.963
1511105777954	9.423	-3.668	-1.695
1511105777961	9.586	-3.361	-1.561
1511105777971	9.72	-3.055	-1.58
1511105777984	9.768	-2.71	-1.685
1511105777991	9.72	-2.355	-1.733
1511105778002	9.625	-2.039	-1.752
1511105778017	9.529	-1.944	-1.896
1511105778021	9.51	-1.944	-1.963
1511105778032	9.385	-1.886	-2.154
1511105778046	9.261	-1.867	-1.743
1511105778051	9.222	-2.164	-1.417
1511105778062	9.203	-2.585	-1.321
1511105778076	9.213	-2.949	-1.407
1511105778081	9.395	-3.198	-1.417
1511105778092	9.663	-3.294	-1.513
1511105778105	9.883	-3.237	-1.503
1511105778111	9.826	-3.237	-1.58
1511105778121	9.672	-3.342	-1.81
1511105778134	9.519	-3.524	-1.877
1511105778141	9.471	-3.677	-1.714
1511105778152	9.481	-3.658	-1.379
1511105778167	9.529	-3.601	-1.264
1511105778171	9.567	-3.553	-1.35
1511105778186	9.605	-3.361	-1.436
1511105778198	9.644	-3.179	-1.503
1511105778201	9.625	-2.968	-1.695
1511105778213	9.586	-2.758	-1.992
1511105778227	9.596	-2.547	-1.982
1511105778231	9.625	-2.432	-1.838
1511105778243	9.605	-2.403	-1.81
1511105778257	9.596	-2.375	-1.81
1511105778261	9.529	-2.327	-1.522
1511105778272	9.462	-2.26	-1.532
1511105778288	9.452	-2.231	-1.58
1511105778291	9.5	-2.183	-1.695
1511105778302	9.605	-2.039	-1.771
1511105778318	9.605	-2.001	-1.838
1511105778321	9.577	-2.154	-1.905
1511105778333	9.605	-2.48	-1.762
1511105778348	9.605	-2.767	-1.618
1511105778351	9.672	-2.988	-1.628
1511105778362	9.653	-3.093	-1.714
1511105778377	9.644	-3.102	-1.771
1511105778381	9.634	-2.968	-1.819
1511105778394	9.596	-2.576	-1.905
1511105778407	9.567	-2.461	-1.934
1511105778411	9.615	-2.106	-1.925
1511105778423	9.682	-1.992	-1.944
1511105778438	9.672	-1.838	-1.905
1511105778441	9.577	-1.992	-1.877
1511105778453	9.49	-2.231	-1.905
1511105778468	9.529	-2.451	-1.867
1511105778471	9.644	-2.547	-1.896
1511105778483	9.653	-2.557	-1.829
1511105778498	9.644	-2.537	-1.905
1511105778501	9.749	-2.403	-1.963
1511105778573	9.807	-2.26	-1.944
1511105778575	9.701	-2.241	-1.733
1511105778581	9.49	-2.528	-1.484
1511105778583	9.548	-2.71	-1.168
1511105778587	10.257	-2.834	-1.513
1511105778590	10.745	-3.275	-1.857
1511105778640	11.071	-3.457	-1.829
1511105778649	10.084	-2.509	-1.676
1511105778659	8.81	-1.369	-2.126
1511105778660	7.604	-1.494	-2.413
1511105778660	7.431	-2.499	-2.413
1511105778669	8.638	-3.533	-2.212
1511105778670	10.218	-3.466	-1.235
1511105778671	11.253	-3.715	-0.976
1511105778672	11.109	-3.533	-0.976
1511105778673	10.333	-3.16	-1.312
1511105778674	9.634	-3.064	-1.637
1511105778698	9.261	-3.102	-1.474
1511105778699	9.347	-3.447	-1.905
1511105778704	9.835	-3.763	-2.03
1511105778726	10.228	-3.926	-1.781
1511105778727	10.343	-3.687	-1.551
1511105778733	10.075	-3.208	-1.551
1511105778749	9.979	-3.102	-1.953
1511105778764	10.017	-3.648	-2.231
1511105778765	10.333	-4.28	-2.384
1511105778771	10.601	-4.893	-1.905
1511105778782	10.573	-5.372	-0.976
1511105778791	10.391	-5.372	-0.517
1511105778801	10.324	-4.692	-0.517
1511105778816	10.496	-3.984	-0.785
1511105778821	10.812	-3.476	-1.513
1511105778833	10.879	-3.39	-1.838
1511105778842	10.86	-3.256	-1.446
1511105778856	10.803	-2.815	-1.321
1511105778861	10.64	-2.978	-1.972
1511105778871	10.419	-3.553	-1.972
1511105778881	10.237	-4.271	-1.656
1511105778891	9.883	-4.999	-1.656
1511105778902	9.28	-6.052	-1.35
1511105778911	8.494	-7.039	-1.465
1511105778921	7.671	-7.565	-1.465
1511105778932	7.02	-7.709	-0.727
1511105778941	6.924	-7.202	-0.641
1511105778951	7.307	-6.598	-1.043
1511105778963	7.604	-6.541	-1.532
1511105778971	7.565	-6.445	-2.126
1511105778981	7.307	-6.445	-1.8
1511105778992	7.058	-6.474	-1.063
1511105779001	6.704	-6.244	-0.45
1511105779011	6.397	-5.487	-0.66
1511105779022	6.636	-4.769	-1.149
1511105779031	6.636	-4.434	-1.541
1511105779041	6.732	-4.395	-2.279
1511105779052	6.847	-4.884	-2.03
1511105779061	7.067	-5.353	-1.886
1511105779071	6.857	-5.746	-1.494
1511105779082	6.857	-5.861	-1.599
1511105779091	6.694	-5.803	-1.446
1511105779101	6.723	-5.612	-1.465
1511105779114	6.78	-5.554	-1.34
1511105779121	7.067	-5.583	-1.513
1511105779131	7.403	-5.593	-1.867
1511105779142	7.47	-5.928	-2.059
1511105779151	7.259	-6.426	-1.57
1511105779161	7.0	-6.407	-0.948
1511105779171	7.182	-6.311	-0.488
1511105779181	7.872	-5.976	-0.814
1511105779191	8.619	-5.688	-1.005
1511105779202	9.136	-5.372	-0.823
1511105779211	9.356	-5.209	-0.737
1511105779221	9.184	-5.066	-0.842
1511105779240	8.801	-5.008	-1.043
1511105779242	8.284	-5.229	-1.13
1511105779252	7.747	-5.64	-0.976
1511105779268	6.981	-6.167	0.229
1511105779271	6.273	-5.746	-0.134
1511105779281	6.253	-4.855	-1.005
1511105779294	6.742	-4.386	-2.518
1511105779301	7.125	-4.213	-3.256
1511105779311	6.665	-4.443	-3.39
1511105779324	5.506	-4.616	-3.323
1511105779331	4.022	-4.003	-2.662
1511105779341	3.581	-2.739	-0.181
1511105779353	4.884	-1.628	-2.241
1511105779361	6.799	-2.7	-4.999
1511105779371	9.577	-5.152	-3.17
1511105779384	12.316	-6.684	0.229
1511105779391	13.044	-7.039	1.426
1511105779401	11.099	-6.244	1.513
1511105779413	8.245	-4.826	2.202
1511105779421	6.177	-2.662	3.332
1511105779431	5.554	-0.268	2.518
1511105779443	6.225	0.105	-2.346
1511105779451	8.092	-2.557	-7.594
1511105779461	14.145	-6.387	-8.284
1511105779471	19.671	-8.772	-3.907
1511105779481	19.671	-8.945	5.257
1511105779491	19.441	-5.142	12.076
1511105779502	11.186	1.685	8.408
1511105779511	5.487	8.236	0.641
1511105779521	2.997	9.184	-5.008
1511105779534	1.944	6.062	-9.749
1511105779541	3.696	1.608	-11.233
1511105779551	7.355	-2.997	-9.462
1511105779561	11.846	-6.608	-5.698
1511105779571	15.687	-7.977	-1.149
1511105779581	15.62	-7.508	2.327
1511105779592	11.147	-6.502	2.786
1511105779601	6.704	-5.889	2.47
1511105779611	4.606	-5.449	1.637
1511105779622	5.104	-4.462	0.612
1511105779631	7.077	-3.026	-0.536
1511105779641	8.954	-1.608	-1.695
1511105779652	10.276	-0.565	-2.786
1511105779661	10.831	-0.067	-3.495
1511105779671	10.956	-0.076	-3.045
1511105779683	10.783	-0.555	-1.063
1511105779691	10.333	-1.321	-1.091
1511105779721	9.854	-2.078	-0.526
1511105779722	9.816	-2.604	-0.316
1511105779723	10.247	-2.94	-0.66
1511105779731	10.649	-3.074	-1.139
1511105779743	10.659	-2.921	-1.446
1511105779751	10.199	-2.49	-1.474
1511105779761	9.711	-2.126	-1.302
1511105779775	9.376	-2.106	-1.292
1511105779781	9.529	-2.375	-1.197
1511105779791	9.672	-2.729	-1.11
1511105779804	9.778	-3.457	-1.053
1511105779811	9.921	-3.457	-0.881
1511105779821	9.96	-3.38	-0.708
1511105779834	9.826	-2.901	-0.737
1511105779841	9.481	-2.901	-0.938
1511105779851	9.165	-3.361	-1.063
1511105779863	9.088	-3.457	-0.823
1511105779871	9.308	-3.284	-0.45
1511105779881	9.778	-2.729	-0.21
1511105779894	10.123	-2.279	-0.268
1511105779901	10.008	-2.145	-0.67
1511105779911	9.605	-2.241	-0.948
1511105779922	9.337	-2.461	-1.024
1511105779931	9.395	-2.585	-0.842
1511105779941	9.701	-2.518	-0.459
1511105779960	10.017	-2.317	-0.22
1511105779961	10.094	-1.963	-0.287
1511105779976	9.864	-2.087	-0.584
1511105779985	9.337	-2.739	-1.292
1511105779991	9.098	-3.304	-1.312
1511105780001	9.222	-3.62	-0.794
1511105780014	9.701	-3.562	-0.277
1511105780021	10.113	-3.122	-0.172
1511105780031	10.161	-2.394	-0.517
1511105780046	9.96	-1.714	-0.842
1511105780051	9.672	-1.455	-1.053
1511105780061	9.51	-1.676	-1.312
1511105780074	9.538	-2.126	-1.522
1511105780088	9.682	-2.585	-1.053
1511105780091	9.874	-2.968	-0.986
1511105780103	10.027	-3.112	-0.536
1511105780111	10.036	-3.026	-0.229
1511105780121	9.893	-2.739	-0.191
1511105780133	9.692	-2.423	-0.181
1511105780141	9.577	-2.183	-0.153
1511105780151	9.605	-2.087	-0.239
1511105780162	9.692	-2.106	-0.258
1511105780171	9.759	-2.078	-0.172
1511105780181	9.634	-1.934	0.344
1511105780194	9.759	-1.58	0.114
1511105780201	10.113	-2.154	-0.45
1511105780211	9.96	-2.231	-0.134
1511105780224	9.912	-1.972	-0.095
1511105780231	9.615	-2.078	-0.296
1511105780241	9.548	-2.183	-0.067
1511105780254	9.625	-2.25	0.287
1511105780261	9.759	-2.279	0.306
1511105780271	9.807	-2.174	0.287
1511105780284	9.768	-2.087	0.153
1511105780291	9.749	-1.934	0.153
1511105780301	9.778	-1.829	0.038
1511105780314	9.845	-1.848	0.0
1511105780321	9.902	-1.905	0.0
1511105780331	9.883	-2.039	-0.124
1511105780346	9.874	-2.183	-0.172
1511105780351	9.874	-2.288	-0.172
1511105780362	9.826	-2.375	-0.21
1511105780375	9.787	-2.394	-0.354
1511105780381	9.797	-2.317	-0.354
1511105780391	9.845	-2.193	-0.22
1511105780405	10.008	-2.03	-0.363
1511105780411	9.979	-1.848	-0.296
1511105780421	9.941	-1.599	-0.536
1511105780433	9.95	-1.321	-0.536
1511105780441	9.95	-1.139	-0.536
1511105780451	10.008	-1.024	-0.411
1511105780464	9.931	-1.072	-0.287
1511105780471	9.931	-1.091	-0.201
1511105780481	9.835	-1.13	-0.249
1511105780494	9.874	-1.091	-0.268
1511105780501	9.874	-1.005	-0.239
1511105780511	9.969	-0.861	-0.229
1511105780522	9.988	-0.785	-0.134
1511105780531	9.912	-0.842	-0.124
1511105780541	9.759	-0.957	-0.114
1511105780554	9.711	-1.072	-0.086
1511105780561	9.759	-1.158	-0.038
1511105780571	9.864	-1.168	0.038
1511105780584	10.008	-0.938	0.038
1511105780591	10.123	-0.996	0.0
1511105780601	10.103	-0.9	0.028
1511105780615	10.113	-1.091	-0.268
1511105780631	10.601	-1.992	-1.436
1511105780632	10.151	-1.331	-1.216
1511105780645	8.887	-0.9	1.216
1511105780651	9.069	-0.699	0.794
1511105780679	10.103	-1.235	0.373
1511105780698	10.151	-1.704	0.555
1511105780701	10.065	-2.097	0.861
1511105780703	10.027	-2.49	0.928
1511105780706	9.845	-3.208	1.245
1511105780719	9.328	-3.198	1.407
1511105780743	9.289	-2.988	1.695
1511105780744	9.538	-2.681	0.804
1511105780745	10.142	-2.327	0.076
1511105780752	10.266	-1.484	-0.335
