timestamp	x	y	z
1517161266049	10.027	-0.727	-0.095
1517161266104	9.998	-0.708	-0.181
1517161266106	9.988	-0.756	-0.239
1517161266118	10.056	-0.804	-0.335
1517161266120	10.123	-0.89	-0.402
1517161266120	10.18	-0.986	-0.469
1517161266122	10.257	-1.015	-0.555
1517161266128	10.295	-1.015	-0.632
1517161266148	10.333	-1.005	-0.679
1517161266150	10.381	-1.187	-0.708
1517161266157	10.381	-1.283	-0.679
1517161266176	10.228	-1.225	-0.632
1517161266179	9.969	-1.455	-0.584
1517161266226	9.653	-1.58	-0.555
1517161266228	9.414	-1.733	-0.689
1517161266229	9.27	-1.838	-0.842
1517161266232	9.232	-1.925	-1.015
1517161266233	9.165	-1.982	-1.091
1517161266233	9.098	-1.953	-1.072
1517161266248	9.04	-1.867	-0.881
1517161266251	9.021	-1.733	-0.699
1517161266274	9.088	-1.494	-0.517
1517161266275	9.174	-1.235	-0.325
1517161266298	9.328	-0.996	-0.162
1517161266300	9.519	-0.775	-0.047
1517161266302	9.73	-0.603	0.047
1517161266321	9.969	-0.43	-0.028
1517161266323	10.266	-0.296	-0.057
1517161266359	10.573	-0.172	-0.21
1517161266361	10.908	-0.067	-0.296
1517161266363	11.195	-0.038	-0.258
1517161266363	11.301	-0.057	-0.181
1517161266372	11.262	-0.134	-0.076
1517161266381	11.138	-0.277	0.019
1517161266391	10.965	-0.43	0.019
1517161266400	10.774	-0.593	0.019
1517161266411	10.534	-0.766	-0.019
1517161266428	10.295	-0.938	-0.067
1517161266439	10.008	-1.139	-0.095
1517161266441	9.749	-1.369	-0.153
1517161266452	9.586	-1.532	-0.162
1517161266461	9.529	-1.647	-0.153
1517161266471	9.548	-1.714	-0.086
1517161266482	9.663	-1.8	-0.047
1517161266491	9.941	-1.829	-0.105
1517161266501	10.333	-1.829	-0.287
1517161266511	10.86	-1.905	-0.555
1517161266521	11.578	-2.087	-0.785
1517161266531	12.373	-2.346	-0.928
1517161266541	13.235	-2.71	-1.053
1517161266550	13.953	-3.093	-1.149
1517161266561	14.346	-3.409	-1.283
1517161266571	14.269	-3.572	-1.379
1517161266581	13.848	-3.457	-1.541
1517161266591	13.216	-3.189	-1.695
1517161266602	12.574	-2.863	-1.781
1517161266611	12.028	-2.413	-1.8
1517161266621	11.607	-1.934	-1.848
1517161266633	11.415	-1.455	-1.877
1517161266641	11.281	-1.053	-1.829
1517161266651	11.052	-0.756	-1.838
1517161266663	10.649	-0.536	-1.752
1517161266671	9.988	-0.363	-1.599
1517161266681	9.261	-0.181	-1.082
1517161266694	7.872	0.0	-1.043
1517161266701	7.738	0.114	-0.89
1517161266711	7.029	0.143	-0.517
1517161266723	5.583	0.191	-0.229
1517161266731	5.688	0.277	0.047
1517161266741	5.133	0.373	0.249
1517161266753	4.597	0.459	0.383
1517161266761	4.367	0.478	0.392
1517161266771	4.597	0.402	0.363
1517161266783	4.75	-0.067	0.296
1517161266813	5.056	-0.067	0.22
1517161266816	5.344	-0.44	0.172
1517161266819	5.755	-0.852	0.124
1517161266823	6.186	-1.245	0.028
1517161266837	6.646	-1.723	-0.153
1517161266843	7.067	-1.944	-0.392
1517161266851	7.412	-2.087	-0.641
1517161266861	7.805	-2.011	-0.89
1517161266873	8.274	-1.982	-1.034
1517161266881	8.887	-1.934	-1.177
1517161266891	9.663	-1.934	-1.34
1517161266903	10.573	-1.867	-1.561
1517161266911	11.521	-1.714	-1.848
1517161266921	12.383	-1.398	-2.174
1517161266931	13.044	-1.015	-2.384
1517161266941	13.417	-0.727	-2.298
1517161266951	13.408	-0.66	-1.819
1517161266961	13.005	-0.699	-1.091
1517161266970	12.354	-0.718	-0.45
1517161266981	11.703	-0.718	0.019
1517161266993	11.195	-0.727	0.239
1517161267001	10.975	-0.718	0.277
1517161267011	11.109	-0.708	0.258
1517161267024	11.55	-0.679	0.249
1517161267031	12.182	-0.651	0.181
1517161267041	12.89	-0.66	-0.057
1517161267054	13.532	-0.603	-0.459
1517161267061	14.059	-0.517	-0.976
1517161267071	14.26	-0.488	-1.436
1517161267091	13.388	-1.024	-1.235
1517161267101	12.383	-1.331	-0.938
1517161267113	11.138	-1.608	-0.67
1517161267121	9.797	-1.886	-0.469
1517161267131	8.581	-2.068	-0.306
1517161267151	6.818	-2.039	-0.095
1517161267161	6.34	-1.8	0.019
1517161267174	6.1	-1.494	0.21
1517161267181	6.177	-1.063	0.335
1517161267211	6.541	-0.632	0.44
1517161267213	7.115	-0.287	0.555
1517161267218	7.929	0.057	0.66
1517161267223	8.878	0.296	0.689
1517161267236	9.941	0.488	0.545
1517161267241	11.004	0.517	0.162
1517161267251	11.923	0.459	-0.335
1517161267263	12.526	0.335	-0.785
1517161267271	12.804	0.105	-1.015
1517161267281	12.632	-0.201	-0.89
1517161267293	12.115	-0.555	-0.536
1517161267301	11.348	-0.756	-0.249
1517161267311	10.554	-0.871	-0.057
1517161267322	9.864	-0.967	0.124
1517161267331	9.328	-1.11	0.277
1517161267341	9.031	-1.245	0.363
1517161267351	8.935	-1.35	0.373
1517161267361	8.992	-1.474	0.306
1517161267371	9.155	-1.561	0.191
1517161267382	9.366	-1.599	-0.181
1517161267391	9.605	-1.589	-0.268
1517161267401	9.864	-1.541	-0.469
1517161267415	10.285	-1.426	-0.545
1517161267421	10.285	-1.331	-0.402
1517161267431	10.333	-1.235	-0.191
1517161267444	10.142	-1.12	0.038
1517161267451	10.142	-0.928	0.172
1517161267461	9.835	-0.66	0.258
1517161267474	9.787	-0.239	0.402
1517161267482	9.787	-0.22	0.584
1517161267491	9.998	-0.124	0.641
1517161267504	10.046	-0.038	0.574
1517161267511	10.209	-0.019	0.43
1517161267521	10.324	-0.038	0.306
1517161267534	10.362	-0.258	0.229
1517161267541	10.343	-0.277	0.22
1517161267551	10.285	-0.66	0.239
1517161267564	10.228	-0.871	0.239
1517161267595	10.17	-1.024	0.22
1517161267596	10.103	-1.082	0.172
1517161267602	10.046	-1.13	0.162
1517161267603	10.017	-1.11	0.172
1517161267617	9.998	-1.053	0.239
1517161267626	10.008	-0.89	0.316
1517161267631	10.017	-0.699	0.335
1517161267641	10.027	-0.478	0.306
1517161267654	10.008	-0.296	0.249
1517161267661	10.008	-0.201	0.22
1517161267671	9.969	-0.162	0.21
1517161267683	9.874	-0.201	0.22
1517161267691	9.749	-0.277	0.22
1517161267701	9.634	-0.392	0.229
1517161267712	9.605	-0.555	0.201
1517161267720	9.625	-0.679	0.153
1517161267731	9.682	-0.833	0.114
1517161267741	9.768	-0.928	0.047
1517161267751	9.912	-0.957	0.047
1517161267761	10.027	-0.967	0.047
1517161267775	10.123	-0.957	0.076
1517161267781	10.161	-0.919	0.105
1517161267791	10.161	-0.861	0.124
1517161267804	10.113	-0.814	0.095
1517161267811	10.036	-0.708	0.095
1517161267821	9.96	-0.622	0.057
1517161267835	9.921	-0.517	0.028
1517161267841	9.921	-0.498	0.019
1517161267851	9.969	-0.488	0.076
1517161267865	10.008	-0.507	0.143
1517161267871	10.036	-0.507	0.162
1517161267895	10.036	-0.545	0.114
1517161267901	10.036	-0.593	0.067
1517161267911	10.036	-0.66	0.028
1517161267924	10.046	-0.718	-0.038
1517161267931	10.065	-0.794	-0.038
1517161267941	10.017	-0.842	-0.009
1517161267955	9.931	-0.833	0.076
1517161267985	9.835	-0.842	0.114
1517161267987	9.778	-0.842	0.191
1517161267990	9.807	-0.823	0.201
1517161267996	9.883	-0.823	0.229
1517161268007	9.902	-0.833	0.258
1517161268015	9.893	-0.852	0.258
1517161268021	9.883	-0.89	0.239
1517161268031	9.854	-0.928	0.181
1517161268042	9.883	-0.948	0.143
1517161268051	9.902	-0.967	0.134
1517161268073	9.998	-0.938	0.181
1517161268081	10.046	-0.909	0.21
1517161268091	10.103	-0.919	0.201
1517161268102	10.161	-0.938	0.134
1517161268111	10.19	-0.967	0.134
1517161268121	10.19	-0.976	0.095
1517161268132	10.199	-1.015	-0.047
1517161268152	10.19	-1.063	-0.114
1517161268171	10.19	-1.053	-0.114
1517161268173	10.199	-1.034	-0.057
1517161268196	10.247	-0.938	0.124
1517161268201	10.266	-0.9	0.162
1517161268212	10.237	-0.861	0.143
1517161268226	10.199	-0.804	0.076
1517161268231	10.237	-0.747	0.057
1517161268241	10.295	-0.89	-0.028
1517161268255	10.372	-0.775	-0.105
1517161268261	10.477	-1.024	-0.21
1517161268271	10.563	-1.359	-0.306
1517161268285	10.611	-1.417	-0.469
1517161268291	10.678	-1.599	-0.651
1517161268301	10.735	-1.743	-0.785
1517161268315	10.735	-1.857	-0.727
1517161268321	10.755	-1.953	-0.565
1517161268331	10.774	-2.049	-0.363
1517161268345	10.831	-2.116	-0.181
1517161268351	10.917	-2.145	-0.124
1517161268361	11.013	-2.039	-0.076
1517161268391	11.08	-1.829	-0.038
1517161268393	11.099	-1.561	-0.067
1517161268397	11.061	-1.321	-0.114
1517161268402	10.984	-1.13	-0.181
1517161268411	10.889	-0.967	-0.354
1517161268421	10.85	-0.861	-0.612
1517161268435	10.889	-0.823	-0.861
1517161268441	10.908	-0.814	-1.043
1517161268451	10.937	-0.852	-1.11
1517161268464	10.965	-0.938	-1.13
1517161268471	10.927	-1.015	-1.12
1517161268481	10.841	-1.082	-1.082
1517161268493	10.659	-1.13	-1.043
1517161268501	10.372	-1.13	-0.996
1517161268511	10.017	-1.063	-0.861
1517161268525	9.644	-0.967	-0.718
1517161268531	9.27	-0.785	-0.498
1517161268541	8.954	-0.536	-0.354
1517161268555	8.657	-0.277	-0.201
1517161268561	8.36	-0.067	-0.114
1517161268571	8.025	0.086	0.019
1517161268586	7.69	0.22	0.095
1517161268591	7.374	0.277	0.134
1517161268601	7.096	0.316	0.114
1517161268615	6.828	0.22	0.019
1517161268621	6.636	0.067	-0.047
1517161268631	6.493	-0.181	-0.095
1517161268645	6.407	-0.402	-0.134
1517161268651	6.33	-0.612	-0.162
1517161268661	6.292	-0.775	-0.191
1517161268675	6.273	-0.89	-0.114
1517161268681	6.292	-0.919	0.019
1517161268691	6.34	-0.823	0.105
1517161268706	6.512	-0.651	0.047
1517161268711	6.809	-0.517	-0.162
1517161268721	7.297	-0.498	-0.392
1517161268736	8.006	-0.545	-0.612
1517161268741	8.887	-0.641	-0.957
1517161268772	9.826	-0.737	-1.407
1517161268778	10.831	-0.861	-1.896
1517161268783	11.913	-0.928	-2.164
1517161268786	12.795	-1.101	-1.81
1517161268791	13.35	-1.34	-1.762
1517161268801	13.542	-1.618	-1.369
1517161268811	13.35	-1.877	-1.168
1517161268824	13.072	-2.097	-1.331
1517161268831	12.833	-2.193	-1.513
1517161268841	12.593	-2.03	-1.417
1517161268853	12.325	-1.656	-0.957
1517161268861	11.952	-1.369	-0.363
1517161268871	11.569	-1.197	0.22
1517161268883	11.186	-1.015	0.641
1517161268891	10.707	-0.766	0.689
1517161268901	10.678	-0.584	0.402
1517161268916	11.004	-0.517	-0.105
1517161268921	11.483	-0.43	-0.679
1517161268931	11.952	-0.229	-1.101
1517161268946	12.124	0.009	-1.273
1517161268951	11.885	0.181	-1.139
1517161268961	11.387	0.153	-0.794
1517161268976	10.716	-0.124	-0.373
1517161268981	9.979	-0.45	0.028
1517161268991	9.174	-0.498	0.383
1517161269006	8.437	-0.89	0.593
1517161269011	7.824	-1.139	0.593
1517161269021	7.393	-1.35	0.478
1517161269036	7.221	-1.465	0.249
1517161269041	7.288	-1.513	0.038
1517161269051	7.479	-1.503	-0.086
1517161269066	7.853	-1.494	-0.095
1517161269071	8.389	-1.522	0.0
1517161269081	9.059	-1.532	0.038
1517161269096	9.854	-1.561	-0.019
1517161269101	10.688	-1.599	-0.181
1517161269111	11.521	-1.608	-0.402
1517161269126	12.162	-1.647	-0.651
1517161269158	12.584	-1.695	-0.881
1517161269163	12.718	-1.676	-0.938
1517161269166	12.488	-1.561	-0.871
1517161269169	12.019	-1.331	-0.612
1517161269172	11.396	-1.053	-0.344
1517161269181	10.745	-0.766	-0.086
1517161269191	10.19	-0.478	0.114
1517161269204	9.73	-0.162	0.21
1517161269214	9.414	0.076	0.277
1517161269221	9.28	0.143	0.316
1517161269231	9.232	0.105	0.411
1517161269245	9.27	0.038	0.459
1517161269251	9.347	-0.105	0.459
1517161269261	9.452	-0.258	0.44
1517161269277	9.529	-0.411	0.44
1517161269281	9.586	-0.574	0.44
1517161269306	9.701	-0.861	0.421
1517161269311	9.759	-0.938	0.373
1517161269321	9.826	-1.005	0.344
1517161269334	9.864	-0.996	0.325
1517161269341	9.912	-1.005	0.296
1517161269351	9.96	-0.996	0.316
1517161269364	10.036	-0.957	0.325
1517161269371	10.094	-0.948	0.325
1517161269382	10.132	-0.9	0.363
1517161269395	10.18	-0.9	0.383
1517161269401	10.18	-0.89	0.344
1517161269411	10.151	-0.881	0.325
1517161269428	10.123	-0.89	0.316
1517161269431	10.094	-0.881	0.344
1517161269443	10.084	-0.852	0.354
1517161269457	10.084	-0.794	0.392
1517161269461	10.094	-0.737	0.459
1517161269472	10.094	-0.679	0.459
1517161269487	10.046	-0.593	0.45
1517161269491	10.036	-0.517	0.44
1517161269502	10.046	-0.478	0.191
1517161269517	10.056	-0.459	0.268
1517161269550	10.027	-0.478	0.038
1517161269552	9.979	-0.507	0.114
1517161269558	9.931	-0.565	0.057
1517161269562	9.912	-0.603	0.067
1517161269565	9.931	-0.651	0.143
1517161269579	9.96	-0.689	0.239
1517161269587	9.96	-0.737	0.316
1517161269597	9.902	-0.747	0.316
1517161269611	9.902	-0.708	0.277
1517161269625	9.95	-0.651	0.296
1517161269637	9.988	-0.612	0.277
1517161269641	10.017	-0.555	0.277
1517161269652	10.094	-0.517	0.239
1517161269665	10.142	-0.469	0.22
1517161269671	10.18	-0.478	0.201
1517161269681	10.209	-0.478	0.181
1517161269694	10.266	-0.488	0.134
1517161269701	10.257	-0.45	0.067
1517161269711	10.237	-0.411	0.019
1517161269727	10.151	-0.43	-0.019
1517161269731	10.113	-0.44	-0.076
1517161269743	10.075	-0.45	-0.134
1517161269758	10.056	-0.459	-0.162
1517161269761	10.084	-0.469	-0.201
1517161269773	10.103	-0.507	-0.172
1517161269788	10.084	-0.555	-0.143
1517161269791	10.075	-0.555	-0.124
1517161269803	10.008	-0.603	-0.105
1517161269818	9.979	-0.632	-0.057
1517161269821	9.95	-0.622	-0.047
1517161269833	9.931	-0.593	-0.009
1517161269847	9.902	-0.565	0.0
1517161269851	9.931	-0.517	-0.028
1517161269863	9.941	-0.478	-0.076
1517161269878	9.998	-0.44	-0.086
1517161269881	10.017	-0.411	-0.067
1517161269893	10.094	-0.43	0.028
1517161269901	10.132	-0.459	0.076
1517161269935	10.218	-0.574	0.143
1517161269944	10.305	-0.699	0.124
1517161269947	10.381	-0.794	0.057
1517161269955	10.525	-0.9	-0.038
1517161269959	10.678	-0.986	-0.105
1517161269962	10.764	-1.063	-0.191
1517161269971	10.85	-1.11	-0.258
1517161269982	10.917	-1.101	-0.335
1517161269991	10.927	-1.063	-0.411
1517161270001	11.013	-0.957	-0.459
1517161270012	11.099	-0.89	-0.536
1517161270021	11.147	-0.861	-0.632
1517161270031	11.195	-0.89	-0.737
1517161270042	11.262	-0.919	-0.756
1517161270051	11.32	-0.967	-0.804
1517161270061	11.329	-1.072	-0.785
1517161270072	11.329	-1.177	-0.833
1517161270081	11.339	-1.273	-0.909
1517161270091	11.368	-1.273	-1.043
1517161270101	11.463	-1.245	-1.216
1517161270110	11.597	-1.082	-1.379
1517161270121	11.674	-0.89	-1.551
1517161270131	11.693	-0.756	-1.561
1517161270141	11.55	-0.718	-1.484
1517161270151	11.243	-0.699	-1.359
1517161270166	10.774	-0.66	-0.814
1517161270185	9.433	-0.622	-0.699
1517161270187	9.529	-0.545	-0.699
1517161270195	8.801	-0.507	-0.287
1517161270201	8.092	-0.517	-0.287
1517161270211	7.46	-0.612	0.124
1517161270225	6.589	-0.67	0.124
1517161270231	6.589	-0.555	-0.028
1517161270243	6.205	-0.325	-0.162
1517161270255	5.803	-0.143	-0.249
1517161270261	5.765	-0.028	-0.258
1517161270271	5.621	0.009	-0.153
1517161270281	5.535	0.0	0.028
1517161270300	5.564	-0.076	0.181
1517161270307	5.813	-0.249	0.258
1517161270312	5.746	-0.373	0.258
1517161270321	6.071	-0.402	0.172
1517161270336	6.387	-0.363	0.076
1517161270344	6.828	-0.306	-0.076
1517161270351	7.431	-0.325	-0.277
1517161270361	8.207	-0.526	-0.555
1517161270372	9.155	-0.651	-0.89
1517161270381	10.266	-0.957	-1.273
1517161270391	11.435	-1.082	-1.628
1517161270406	12.459	-1.474	-1.963
1517161270411	13.206	-1.599	-2.183
1517161270421	13.599	-1.666	-2.135
1517161270433	13.551	-1.752	-1.819
1517161270441	13.139	-1.867	-1.388
1517161270451	12.593	-1.934	-1.053
1517161270461	12.115	-1.886	-0.871
1517161270471	11.722	-1.666	-0.727
1517161270481	11.387	-1.446	-0.526
1517161270491	11.061	-1.206	-0.392
1517161270501	10.812	-1.043	-0.335
1517161270511	10.668	-0.9	-0.287
1517161270523	10.716	-0.785	-0.172
1517161270531	10.86	-0.622	-0.057
1517161270541	11.109	-0.488	-0.038
1517161270554	11.511	-0.344	-0.162
1517161270561	11.981	-0.287	-0.411
1517161270571	12.383	-0.335	-0.747
1517161270583	12.555	-0.488	-0.967
1517161270591	12.44	-0.727	-0.996
1517161270601	12.009	-0.957	-0.823
1517161270614	11.358	-1.11	-0.565
1517161270621	10.573	-1.225	-0.249
1517161270631	9.778	-1.254	0.019
1517161270644	9.088	-1.197	0.373
1517161270651	8.561	-1.034	0.632
1517161270661	8.188	-0.842	0.804
1517161270695	8.025	-0.641	0.909
1517161270704	7.968	-0.469	0.909
1517161270709	8.044	-0.277	0.842
1517161270711	8.198	-0.134	0.651
1517161270714	8.456	-0.076	0.363
1517161270721	8.839	-0.134	0.038
1517161270733	9.308	-0.287	-0.268
1517161270741	9.845	-0.488	-0.488
1517161270751	10.333	-0.718	-0.689
1517161270761	10.716	-0.909	-0.766
1517161270776	10.917	-1.063	-0.756
1517161270781	11.023	-1.139	-0.679
1517161270791	11.042	-1.158	-0.574
1517161270801	11.013	-1.043	-0.411
1517161270811	10.937	-0.89	-0.258
1517161270822	10.745	-0.66	-0.172
1517161270831	10.544	-0.44	-0.076
1517161270841	10.324	-0.201	0.0
1517161270860	10.113	-0.086	0.047
1517161270864	9.95	0.0	0.086
1517161270871	9.826	-0.009	0.095
1517161270881	9.778	-0.105	0.114
1517161270891	9.807	-0.229	0.105
1517161270901	9.864	-0.392	0.153
1517161270912	10.132	-0.574	0.124
1517161270921	10.036	-0.699	0.124
1517161270931	10.123	-0.785	0.105
1517161270960	10.161	-0.842	0.114
1517161270961	10.19	-0.89	0.114
1517161270962	10.199	-0.928	0.229
1517161270972	10.103	-0.919	0.306
1517161270980	10.103	-0.871	0.411
1517161270991	9.874	-0.794	0.517
1517161271001	9.749	-0.737	0.565
1517161271011	9.596	-0.689	0.593
1517161271021	9.615	-0.689	0.545
1517161271031	9.557	-0.852	0.478
1517161271041	9.5	-0.775	0.383
1517161271075	9.481	-1.034	0.277
1517161271080	9.557	-1.12	0.191
1517161271083	9.692	-1.072	0.095
1517161271085	9.854	-1.312	0.057
1517161271096	10.008	-1.292	0.076
1517161271104	10.151	-1.283	0.057
1517161271116	10.247	-1.264	0.114
1517161271124	10.352	-1.197	0.114
1517161271131	10.439	-1.034	0.162
1517161271141	10.477	-0.833	0.239
1517161271153	10.448	-0.603	0.306
1517161271161	10.4	-0.411	0.306
1517161271172	10.314	-0.287	0.277
1517161271182	10.199	-0.162	0.258
1517161271191	10.075	-0.114	0.239
1517161271237	9.95	-0.143	0.258
1517161271239	9.845	-0.239	0.249
1517161271240	9.768	-0.373	0.258
1517161271240	9.72	-0.536	0.249
1517161271241	9.72	-0.708	0.201
1517161271251	9.72	-0.89	0.162
1517161271262	9.749	-1.063	0.172
1517161271273	9.759	-1.206	0.181
1517161271281	9.807	-1.359	0.258
1517161271291	9.864	-1.436	0.277
1517161271302	9.931	-1.474	0.344
1517161271311	9.969	-1.465	0.421
1517161271321	9.988	-1.455	0.43
1517161271347	9.998	-1.398	0.478
1517161271348	10.027	-1.312	0.488
1517161271353	10.046	-1.197	0.526
1517161271362	10.046	-1.091	0.517
1517161271371	10.027	-0.996	0.507
1517161271381	10.017	-0.909	0.507
1517161271391	9.988	-0.852	0.469
1517161271401	9.998	-0.823	0.469
1517161271411	9.969	-0.804	0.488
1517161271421	9.931	-0.814	0.45
1517161271442	9.864	-0.852	0.44
1517161271446	9.826	-0.881	0.45
1517161271452	9.826	-0.881	0.469
1517161271465	9.845	-0.833	0.498
1517161271471	9.845	-0.785	0.517
1517161271483	9.854	-0.737	0.498
1517161271491	9.921	-0.699	0.45
1517161271501	9.998	-0.708	0.44
1517161271520	10.065	-0.727	0.354
1517161271521	10.113	-0.756	0.316
1517161271531	10.132	-0.775	0.296
1517161271542	10.142	-0.794	0.277
1517161271551	10.123	-0.814	0.268
1517161271561	10.075	-0.823	0.258
1517161271572	10.036	-0.814	0.459
1517161271581	10.008	-0.804	0.325
1517161271591	9.979	-0.785	0.392
1517161271602	9.988	-0.756	0.478
1517161271611	10.008	-0.727	0.478
1517161271621	10.046	-0.679	0.526
1517161271632	10.084	-0.641	0.536
1517161271641	10.103	-0.584	0.536
1517161271651	10.151	-0.545	0.469
1517161271662	10.161	-0.526	0.411
1517161271681	10.142	-0.536	0.383
1517161271694	10.123	-0.517	0.392
1517161271701	10.113	-0.517	0.44
1517161271711	10.084	-0.555	0.459
1517161271725	10.084	-0.555	0.478
1517161271731	10.056	-0.593	0.421
1517161271741	10.075	-0.612	0.335
1517161271755	10.123	-0.622	0.22
1517161271761	10.142	-0.66	0.114
1517161271771	10.151	-0.9	0.076
1517161271785	10.151	-1.015	0.028
1517161271791	10.228	-1.11	-0.038
1517161271801	10.352	-1.254	-0.153
1517161271815	10.506	-1.436	-0.268
1517161271847	10.688	-1.589	-0.411
1517161271855	10.86	-1.781	-0.565
1517161271858	10.994	-1.953	-0.708
1517161271868	11.138	-2.078	-0.766
1517161271871	11.281	-2.154	-0.804
1517161271872	11.406	-2.193	-0.852
1517161271881	11.444	-2.241	-0.794
1517161271891	11.396	-2.26	-0.747
1517161271903	11.339	-2.221	-0.737
1517161271911	11.253	-2.097	-0.737
1517161271921	11.176	-1.944	-0.804
1517161271933	11.071	-1.743	-0.89
1517161271941	10.994	-1.628	-1.024
1517161271951	11.004	-1.465	-1.015
1517161271964	11.052	-1.283	-1.072
1517161271971	11.052	-1.034	-1.187
1517161271981	10.975	-0.823	-1.206
1517161271994	10.917	-0.622	-1.101
1517161272001	10.822	-0.287	-1.005
1517161272011	10.621	0.172	-0.871
1517161272023	10.237	0.66	-0.689
1517161272031	9.768	1.082	-0.555
1517161272041	9.28	1.436	-0.306
1517161272053	8.858	1.618	0.019
1517161272061	8.456	1.733	0.306
1517161272071	8.14	1.704	0.517
1517161272083	7.862	1.532	0.622
1517161272091	7.585	1.158	0.641
1517161272101	7.297	0.593	0.555
1517161272112	7.058	-0.057	0.325
1517161272121	6.866	-0.708	0.019
1517161272131	6.761	-1.321	-0.277
1517161272142	6.723	-1.838	-0.44
1517161272151	6.713	-2.288	-0.574
1517161272161	6.742	-2.672	-0.67
1517161272178	6.761	-2.853	-0.804
1517161272196	7.211	-2.815	-0.9
1517161272198	7.154	-2.499	-0.9
1517161272229	7.47	-2.087	-0.727
1517161272234	7.786	-1.656	-0.727
1517161272236	8.159	-1.273	-0.593
1517161272240	8.581	-0.928	-0.526
1517161272246	9.059	-0.708	-0.603
1517161272251	9.557	-0.555	-0.833
1517161272266	10.716	-0.459	-1.455
1517161272271	10.649	-0.421	-1.455
1517161272281	11.109	-0.498	-1.79
1517161272301	11.732	-0.928	-1.944
1517161272311	11.971	-1.245	-1.168
1517161272326	12.134	-1.494	-0.727
1517161272331	12.162	-1.637	-0.421
1517161272343	12.038	-1.781	-0.45
1517161272355	11.655	-1.915	-0.747
1517161272361	11.588	-1.972	-1.101
1517161272371	11.444	-1.953	-1.35
1517161272384	11.176	-1.915	-1.388
1517161272391	11.243	-1.819	-1.168
1517161272401	11.052	-1.81	-0.871
1517161272414	10.927	-1.8	-0.555
1517161272421	10.448	-1.723	-0.277
1517161272431	10.036	-1.551	-0.201
1517161272445	9.787	-1.321	-0.268
1517161272451	9.749	-1.13	-0.363
1517161272461	9.845	-0.737	-0.478
1517161272475	9.941	-0.344	-0.459
1517161272481	9.902	-0.229	-0.363
1517161272491	9.778	-0.201	-0.229
1517161272512	9.634	-0.229	-0.038
1517161272513	9.49	-0.335	0.105
1517161272522	9.241	-0.469	0.162
1517161272533	8.973	-0.66	0.21
1517161272541	8.763	-0.833	0.172
1517161272551	8.705	-0.976	0.057
1517161272565	8.734	-0.976	-0.067
1517161272571	8.82	-0.794	-0.076
1517161272581	8.954	-0.478	0.038
1517161272599	9.117	-0.143	0.249
1517161272601	9.318	0.172	0.469
1517161272612	9.519	0.459	0.641
1517161272625	9.749	0.737	0.66
1517161272631	10.046	0.986	0.574
1517161272641	10.554	1.139	0.316
1517161272655	11.281	1.12	-0.114
1517161272661	12.316	0.881	-0.603
1517161272671	13.273	0.363	-0.909
1517161272685	13.867	-0.43	-0.842
1517161272691	13.733	-1.216	-0.507
1517161272701	13.044	-1.762	-0.21
1517161272715	11.961	-2.135	0.076
1517161272721	10.879	-2.355	0.258
1517161272731	9.95	-2.49	0.363
1517161272745	9.203	-2.547	0.45
1517161272751	8.743	-2.499	0.545
1517161272761	8.504	-2.26	0.679
1517161272774	8.494	-1.848	0.775
1517161272781	8.629	-1.34	0.785
1517161272791	8.887	-0.823	0.756
1517161272804	9.184	-0.354	0.67
1517161272811	9.471	0.0	0.459
1517161272821	9.797	0.229	0.114
1517161272834	10.142	0.306	-0.258
1517161272841	10.419	0.201	-0.488
1517161272852	10.448	0.028	-0.584
1517161272867	10.247	-0.21	-0.421
1517161272871	9.979	-0.45	-0.086
1517161272881	9.682	-0.632	0.277
1517161272897	9.395	-0.727	0.603
1517161272901	9.155	-0.794	0.833
1517161272912	8.964	-0.852	0.967
1517161272927	8.916	-0.967	0.957
1517161272931	9.012	-1.091	0.794
1517161272942	9.213	-1.225	0.66
1517161272957	9.481	-1.35	0.402
1517161272972	10.132	-1.455	-0.134
1517161273002	10.439	-1.465	-0.124
1517161273007	10.649	-1.474	-0.296
1517161273009	10.774	-1.465	-0.555
1517161273014	10.774	-1.407	-0.45
1517161273033	10.688	-1.292	-0.392
1517161273034	10.554	-1.158	-0.287
1517161273051	10.41	-0.996	-0.143
1517161273053	10.247	-0.833	0.028
1517161273063	10.113	-0.679	0.162
1517161273076	10.008	-0.555	0.258
1517161273081	9.95	-0.488	0.316
1517161273091	9.893	-0.469	0.383
1517161273102	9.72	-0.459	0.363
1517161273111	9.835	-0.507	0.363
1517161273121	9.797	-0.565	0.325
1517161273134	9.845	-0.632	0.287
1517161273141	9.902	-0.699	0.277
1517161273151	9.988	-0.785	0.268
1517161273164	10.094	-0.871	0.296
1517161273171	10.151	-0.967	0.316
1517161273182	10.17	-1.177	0.363
1517161273198	10.103	-1.072	0.411
1517161273204	10.065	-1.034	0.488
1517161273213	10.036	-0.976	0.555
1517161273227	10.046	-0.909	0.545
1517161273231	10.056	-0.852	0.536
1517161273242	10.056	-0.794	0.459
1517161273259	10.056	-0.727	0.296
1517161273261	10.036	-0.699	0.124
1517161273273	9.988	-0.67	0.038
1517161273288	9.96	-0.679	0.028
1517161273291	9.95	-0.679	0.057
1517161273303	9.941	-0.679	0.124
1517161273317	9.931	-0.679	0.143
1517161273321	9.941	-0.699	0.191
1517161273348	9.874	-0.708	0.249
1517161273351	9.874	-0.66	0.21
1517161273363	9.893	-0.651	0.181
1517161273395	9.931	-0.622	0.153
1517161273400	9.969	-0.612	0.172
1517161273405	9.988	-0.574	0.162
1517161273409	9.998	-0.565	0.153
1517161273424	9.979	-0.507	0.095
1517161273427	9.921	-0.469	0.067
1517161273436	9.941	-0.411	0.086
1517161273443	9.988	-0.354	0.114
1517161273453	10.056	-0.325	0.124
1517161273461	10.113	-0.306	0.134
1517161273471	10.142	-0.335	0.124
1517161273481	10.113	-0.373	0.124
1517161273491	10.036	-0.43	0.114
1517161273501	9.921	-0.507	0.134
1517161273511	9.797	-0.584	0.076
1517161273521	9.759	-0.622	0.038
1517161273531	9.778	-0.651	0.067
1517161273541	9.874	-0.632	0.038
1517161273551	9.969	-0.584	0.095
1517161273561	10.084	-0.526	0.124
1517161273573	10.151	-0.44	0.143
1517161273581	10.228	-0.373	0.191
1517161273591	10.266	-0.287	0.181
1517161273603	10.295	-0.229	0.124
1517161273611	10.295	-0.229	0.076
1517161273621	10.285	-0.258	-0.019
1517161273633	10.247	-0.363	-0.249
1517161273641	10.218	-0.517	-0.153
1517161273651	10.18	-0.689	-0.201
1517161273663	10.161	-0.823	-0.392
1517161273671	10.151	-0.967	-0.316
1517161273681	10.18	-1.11	-0.316
1517161273693	10.266	-1.216	-0.402
1517161273701	10.362	-1.302	-0.402
1517161273711	10.544	-1.359	-0.402
1517161273723	10.716	-1.388	-0.316
1517161273731	10.803	-1.417	-0.316
1517161273741	10.812	-1.398	-0.373
1517161273775	10.735	-1.388	-0.43
1517161273782	10.678	-1.35	-0.488
1517161273787	10.649	-1.292	-0.584
1517161273790	10.668	-1.254	-0.632
1517161273793	10.889	-1.187	-0.727
1517161273801	11.023	-1.168	-0.814
1517161273812	11.377	-1.168	-0.9
1517161273821	11.444	-1.139	-0.996
1517161273831	11.789	-1.158	-1.12
1517161273843	12.009	-1.149	-1.302
1517161273851	12.172	-1.158	-1.446
1517161273863	12.22	-1.168	-1.532
1517161273872	12.076	-0.967	-1.561
1517161273881	11.77	-1.063	-1.494
1517161273891	11.396	-1.005	-1.369
1517161273902	11.023	-0.861	-1.149
1517161273911	10.668	-0.785	-0.909
1517161273921	10.305	-0.679	-0.699
1517161273931	9.921	-0.555	-0.507
1517161273940	9.529	-0.344	-0.383
1517161273951	9.146	-0.076	-0.316
1517161273964	8.763	0.239	-0.316
1517161273971	8.38	0.517	-0.258
1517161273981	8.054	0.737	-0.201
1517161273994	7.795	0.871	-0.134
1517161274001	7.546	0.919	-0.057
1517161274011	7.316	0.823	0.009
1517161274024	7.096	0.574	0.028
1517161274031	6.838	0.191	-0.019
1517161274041	6.608	-0.258	-0.105
1517161274053	6.378	-0.737	-0.201
1517161274061	6.091	-1.197	-0.344
1517161274071	5.832	-1.58	-0.478
1517161274084	5.631	-1.925	-0.612
1517161274091	5.535	-2.212	-0.756
1517161274101	5.545	-2.317	-0.861
1517161274113	5.717	-2.269	-0.9
1517161274121	6.071	-2.059	-0.9
1517161274155	6.55	-1.79	-0.881
1517161274161	7.202	-1.551	-0.852
1517161274164	8.006	-1.35	-0.9
1517161274165	8.964	-1.13	-1.005
1517161274176	10.056	-0.948	-1.168
1517161274194	11.224	-0.804	-1.484
1517161274195	12.297	-0.718	-1.81
1517161274206	13.063	-0.718	-2.116
1517161274211	13.436	-0.814	-2.202
1517161274221	13.475	-0.938	-2.145
1517161274231	13.379	-1.063	-1.992
1517161274241	13.197	-1.187	-1.762
1517161274251	12.948	-1.292	-1.455
1517161274261	12.603	-1.388	-1.101
1517161274271	12.076	-1.522	-0.852
1517161274281	11.53	-1.561	-0.794
1517161274298	11.042	-1.494	-0.804
1517161274301	10.716	-1.388	-0.852
1517161274311	10.63	-1.245	-0.794
1517161274322	10.688	-1.12	-0.651
1517161274330	10.822	-0.986	-0.43
1517161274344	11.013	-0.814	-0.258
1517161274354	11.233	-0.622	-0.105
1517161274361	11.368	-0.507	-0.019
1517161274371	11.368	-0.459	0.0
1517161274385	10.898	-0.459	-0.392
1517161274401	10.515	-0.603	-0.565
1517161274416	9.596	-1.063	-0.565
1517161274421	9.596	-0.919	-0.411
1517161274432	9.194	-1.015	-0.239
1517161274448	8.619	-0.967	0.095
1517161274451	8.619	-0.967	0.344
1517161274461	8.475	-0.909	0.478
1517161274476	8.485	-0.775	0.421
1517161274493	8.485	-0.775	0.258
1517161274495	8.945	-0.612	0.009
1517161274506	9.012	-0.373	-0.335
1517161274511	9.165	-0.373	-0.622
1517161274549	9.337	-0.335	-0.747
1517161274554	9.481	-0.335	-0.679
1517161274565	9.577	-0.373	-0.411
1517161274567	9.567	-0.45	-0.028
1517161274579	9.5	-0.574	0.22
1517161274582	9.49	-0.574	0.229
1517161274587	9.816	-0.545	0.038
1517161274594	10.582	-0.565	-0.229
1517161274601	11.751	-0.373	-0.354
1517161274611	13.063	-0.268	-0.296
1517161274626	14.068	-0.229	-0.287
1517161274631	14.183	-0.229	-0.296
1517161274641	13.589	-0.277	-0.181
1517161274653	12.613	-0.383	0.019
1517161274661	11.53	-0.498	0.22
1517161274671	10.467	-0.593	0.411
1517161274682	9.596	-0.689	0.517
1517161274692	8.916	-0.833	0.507
1517161274701	8.408	-0.919	0.459
1517161274716	8.054	-0.948	0.459
1517161274721	7.872	-0.9	0.44
1517161274732	7.834	-0.785	0.43
1517161274751	8.485	-0.488	0.239
1517161274763	9.098	-0.43	0.086
1517161274776	9.768	-0.421	-0.028
1517161274781	10.362	-0.488	-0.134
1517161274791	10.86	-0.545	-0.172
1517161274806	11.186	-0.574	-0.153
1517161274811	11.31	-0.593	-0.124
1517161274823	11.138	-0.555	-0.076
1517161274836	10.822	-0.498	0.047
1517161274841	10.419	-0.469	0.191
1517161274852	9.969	-0.469	0.363
1517161274866	9.557	-0.526	0.478
1517161274871	9.251	-0.584	0.507
1517161274883	9.012	-0.651	0.498
1517161274896	8.897	-0.756	0.411
1517161274901	8.887	-0.842	0.335
1517161274943	9.012	-0.9	0.239
1517161274950	9.194	-0.89	0.114
1517161274956	9.443	-0.9	0.019
1517161274958	9.692	-0.861	-0.114
1517161274960	9.979	-0.842	-0.258
1517161274978	10.237	-0.823	-0.421
1517161274979	10.419	-0.823	-0.507
1517161274984	10.515	-0.804	-0.555
1517161274991	10.496	-0.804	-0.526
1517161275001	10.372	-0.842	-0.43
1517161275015	10.218	-0.842	-0.316
1517161275021	10.027	-0.842	-0.229
1517161275031	9.854	-0.852	-0.114
1517161275046	9.701	-0.861	-0.009
1517161275051	9.644	-0.852	-0.009
1517161275061	9.625	-0.833	0.057
1517161275074	9.653	-0.814	0.086
1517161275081	9.711	-0.718	0.162
1517161275091	9.807	-0.651	0.201
1517161275103	9.912	-0.555	0.249
1517161275111	10.008	-0.45	0.249
1517161275121	10.103	-0.373	0.229
1517161275134	10.199	-0.335	0.143
1517161275141	10.199	-0.306	0.143
1517161275151	10.199	-0.287	0.114
1517161275166	10.056	-0.44	0.067
1517161275171	10.056	-0.354	-0.009
1517161275183	9.95	-0.44	-0.019
1517161275198	9.644	-0.574	-0.019
1517161275201	9.682	-0.689	0.009
1517161275211	9.634	-0.794	0.009
1517161275240	9.605	-0.89	0.038
1517161275242	9.768	-0.967	0.067
1517161275242	9.969	-0.986	0.105
1517161275254	10.276	-0.967	0.191
1517161275261	10.611	-0.957	0.239
1517161275271	10.889	-0.775	0.239
1517161275283	11.071	-0.871	0.277
1517161275313	11.09	-0.632	0.239
1517161275316	11.004	-0.699	0.172
1517161275321	10.822	-0.612	0.124
1517161275326	10.573	-0.612	0.086
1517161275340	10.305	-0.66	0.114
1517161275341	10.046	-0.651	0.124
1517161275351	9.787	-0.641	0.124
1517161275370	9.634	-0.603	0.153
1517161275372	9.519	-0.584	0.172
1517161275381	9.557	-0.593	0.162
1517161275391	9.625	-0.574	0.162
1517161275408	9.73	-0.555	0.114
1517161275411	9.854	-0.517	0.028
1517161275421	9.969	-0.45	-0.028
1517161275434	10.065	-0.43	-0.124
1517161275441	10.132	-0.402	-0.201
1517161275451	10.18	-0.383	-0.21
1517161275465	10.18	-0.402	-0.22
1517161275471	10.142	-0.383	-0.22
1517161275481	10.075	-0.411	-0.22
1517161275496	9.979	-0.469	-0.201
1517161275501	9.902	-0.526	-0.172
1517161275511	9.864	-0.565	-0.162
1517161275524	9.826	-0.641	-0.191
1517161275531	9.902	-0.699	-0.21
1517161275541	9.988	-0.775	-0.201
1517161275554	10.103	-0.852	-0.22
1517161275561	10.18	-0.928	-0.258
1517161275571	10.247	-0.986	-0.325
1517161275584	10.314	-1.024	-0.43
1517161275591	10.362	-1.063	-0.507
1517161275601	10.467	-1.101	-0.574
1517161275614	10.506	-1.177	-0.603
1517161275621	10.592	-1.254	-0.651
1517161275631	10.659	-1.321	-0.651
1517161275646	10.697	-1.35	-0.641
1517161275651	10.716	-1.359	-0.593
1517161275662	10.697	-1.35	-0.593
1517161275696	10.697	-1.302	-0.632
1517161275703	10.755	-1.264	-0.699
1517161275711	10.831	-1.225	-0.794
1517161275716	10.908	-1.187	-0.89
1517161275726	10.975	-1.149	-0.986
1517161275741	10.984	-1.12	-1.063
1517161275742	10.956	-1.11	-1.139
1517161275742	10.927	-1.13	-1.216
1517161275757	10.956	-1.168	-1.254
1517161275766	11.023	-1.254	-1.245
1517161275771	11.09	-1.321	-1.225
1517161275787	11.186	-1.379	-1.187
1517161275795	11.463	-1.369	-1.177
1517161275801	11.473	-1.407	-1.177
1517161275813	11.588	-1.407	-1.388
1517161275821	11.645	-1.398	-1.436
1517161275831	11.559	-1.302	-1.561
1517161275841	11.425	-1.149	-1.417
1517161275854	11.166	-0.928	-1.494
1517161275861	10.822	-0.689	-1.264
1517161275871	10.381	-0.354	-1.043
1517161275884	9.845	-0.076	-0.756
1517161275891	9.241	0.191	-0.469
1517161275901	8.016	0.469	-0.21
1517161275915	7.565	0.775	0.067
1517161275921	6.847	1.015	0.316
1517161275931	6.435	1.177	0.421
1517161275946	6.052	1.206	0.488
1517161275951	5.698	1.101	0.478
1517161275962	5.401	0.383	0.421
1517161275977	5.162	0.459	0.306
1517161275981	5.028	-0.421	0.086
1517161275992	5.028	-0.909	-0.22
1517161276007	5.114	-1.35	-0.478
1517161276011	5.305	-1.695	-0.651
1517161276022	5.593	-1.953	-0.708
1517161276038	6.071	-2.078	-0.679
1517161276041	6.684	-1.992	-0.66
1517161276074	7.441	-1.915	-0.612
1517161276086	8.351	-1.867	-0.622
1517161276090	9.481	-1.8	-0.737
1517161276095	10.726	-1.723	-1.043
1517161276096	11.961	-1.589	-1.474
1517161276108	13.082	-1.398	-1.915
1517161276118	13.973	-1.245	-2.241
1517161276129	14.48	-1.139	-2.298
1517161276131	14.413	-0.967	-2.03
1517161276148	13.963	-0.766	-1.561
1517161276157	13.264	-0.612	-1.053
1517161276161	12.488	-0.392	-0.651
1517161276172	11.76	-0.153	-0.459
1517161276188	11.109	0.057	-0.354
1517161276191	10.534	0.143	-0.296
1517161276206	10.008	0.114	-0.191
1517161276221	9.605	0.009	-0.114
1517161276222	9.414	-0.105	-0.114
1517161276238	9.452	-0.162	-0.134
1517161276248	9.787	-0.134	-0.191
1517161276251	10.314	-0.086	-0.335
1517161276268	11.004	-0.162	-0.565
1517161276271	11.732	-0.363	-0.814
1517161276281	12.354	-0.555	-1.063
1517161276291	12.67	-0.708	-1.273
1517161276305	12.593	-0.833	-1.35
1517161276311	12.172	-0.909	-1.216
1517161276321	11.54	-1.005	-0.948
1517161276332	10.793	-1.063	-0.651
1517161276341	10.056	-1.024	-0.335
1517161276351	9.433	-0.938	-0.047
1517161276367	8.992	-0.775	0.162
1517161276371	8.638	-0.565	0.277
1517161276381	8.466	-0.43	0.344
1517161276391	8.399	-0.316	0.335
1517161276401	8.485	-0.153	0.229
1517161276411	8.667	-0.019	0.009
1517161276421	8.925	0.057	-0.201
1517161276440	9.232	0.076	-0.392
1517161276441	9.548	0.028	-0.555
1517161276462	9.845	-0.067	-0.737
1517161276465	10.113	-0.134	-0.842
1517161276472	10.266	-0.249	-0.881
1517161276494	10.362	-0.296	-0.737
1517161276497	10.429	-0.306	-0.737
1517161276504	10.439	-0.287	-0.622
1517161276518	10.448	-0.229	-0.363
1517161276521	10.391	-0.191	-0.421
1517161276533	10.333	-0.181	-0.162
1517161276547	10.142	-0.191	-0.057
1517161276551	10.142	-0.229	0.095
1517161276564	10.075	-0.277	0.086
1517161276576	9.969	-0.373	0.067
1517161276581	9.893	-0.478	-0.019
1517161276593	9.854	-0.574	-0.134
1517161276607	9.816	-0.67	-0.268
1517161276611	9.759	-0.756	-0.44
1517161276621	9.567	-0.861	-0.593
1517161276633	9.682	-0.919	-0.727
1517161276641	9.692	-0.986	-0.833
1517161276651	9.739	-1.043	-0.852
1517161276666	9.845	-1.063	-0.814
1517161276671	10.008	-1.053	-0.737
1517161276681	10.17	-1.034	-0.641
1517161276696	10.314	-1.015	-0.555
1517161276702	10.458	-0.785	-0.469
1517161276711	10.582	-0.679	-0.43
1517161276726	10.697	-0.526	-0.373
1517161276731	10.735	-0.402	-0.363
1517161276741	10.697	-0.287	-0.316
1517161276755	10.573	-0.181	-0.277
1517161276761	10.419	-0.134	-0.229
1517161276771	10.218	-0.105	-0.239
1517161276786	10.036	-0.134	-0.258
1517161276791	9.807	-0.191	-0.316
1517161276802	9.625	-0.268	-0.335
1517161276829	9.452	-0.316	-0.392
1517161276832	9.328	-0.421	-0.402
1517161276833	9.241	-0.507	-0.363
1517161276858	9.28	-0.603	-0.277
1517161276860	9.356	-0.67	-0.21
1517161276861	9.49	-0.708	-0.172
1517161276873	9.692	-0.756	-0.172
1517161276881	9.902	-0.794	-0.249
1517161276893	10.103	-0.842	-0.277
1517161276910	10.276	-0.871	-0.383
1517161276911	10.381	-0.928	-0.44
1517161276924	10.458	-0.909	-0.478
1517161276936	10.486	-0.9	-0.469
1517161276941	10.467	-0.881	-0.478
1517161276951	10.41	-0.833	-0.469
1517161276966	10.372	-0.804	-0.44
1517161276971	10.305	-0.756	-0.411
1517161276981	10.257	-0.718	-0.383
1517161276997	10.237	-0.66	-0.354
1517161277001	10.17	-0.603	-0.363
1517161277012	10.123	-0.545	-0.316
1517161277025	10.065	-0.507	-0.335
1517161277031	9.988	-0.488	-0.344
1517161277041	9.96	-0.507	-0.363
1517161277055	9.902	-0.526	-0.392
1517161277061	9.854	-0.593	-0.411
1517161277072	9.807	-0.67	-0.402
1517161277088	9.768	-0.775	-0.383
1517161277091	9.73	-0.852	-0.354
1517161277103	9.72	-0.919	-0.344
1517161277118	9.854	-1.005	-0.277
1517161277121	9.72	-1.063	-0.277
1517161277134	9.739	-1.11	-0.277
1517161277143	9.768	-1.12	-0.277
1517161277152	9.826	-1.063	-0.325
1517161277164	9.864	-0.986	-0.411
1517161277181	9.902	-0.871	-0.411
1517161277182	9.941	-0.737	-0.43
1517161277218	10.008	-0.622	-0.44
1517161277220	10.056	-0.526	-0.593
1517161277222	10.123	-0.488	-0.45
1517161277223	10.161	-0.459	-0.526
1517161277232	10.19	-0.488	-0.727
1517161277247	10.199	-0.555	-0.612
1517161277263	10.209	-0.641	-0.699
1517161277264	10.18	-0.737	-0.689
1517161277273	10.161	-0.833	-0.67
1517161277287	10.123	-0.909	-0.651
1517161277293	10.065	-0.986	-0.622
1517161277309	9.874	-1.024	-0.603
1517161277318	9.931	-1.024	-0.565
1517161277321	9.778	-1.015	-0.555
1517161277332	9.864	-0.976	-0.565
1517161277343	9.739	-0.919	-0.603
1517161277351	9.701	-0.861	-0.641
1517161277361	9.682	-0.794	-0.699
1517161277373	9.72	-0.737	-0.747
1517161277381	9.73	-0.9	-0.814
1517161277391	9.768	-0.766	-0.842
1517161277402	9.854	-0.804	-0.89
1517161277411	9.931	-0.651	-0.938
1517161277421	10.094	-0.718	-0.986
1517161277432	10.276	-0.737	-1.005
1517161277441	10.477	-0.814	-1.024
1517161277451	10.611	-0.833	-0.986
1517161277463	10.611	-0.823	-0.996
1517161277471	10.554	-0.766	-1.063
1517161277481	10.458	-0.747	-1.11
1517161277494	10.4	-0.718	-1.158
1517161277501	10.4	-0.708	-1.187
1517161277513	10.333	-0.689	-1.177
1517161277524	10.18	-0.641	-1.187
1517161277531	9.988	-0.526	-1.187
1517161277542	9.835	-0.43	-1.235
1517161277555	9.739	-0.354	-1.321
1517161277561	9.711	-0.344	-1.407
1517161277597	9.711	-0.344	-1.455
1517161277605	9.663	-0.363	-1.465
1517161277609	9.605	-0.354	-1.436
1517161277611	9.557	-0.316	-1.417
1517161277613	9.596	-0.316	-1.407
1517161277622	9.682	-0.296	-1.35
1517161277633	9.807	-0.296	-1.302
1517161277643	9.931	-0.296	-1.254
1517161277653	9.998	-0.306	-1.225
1517161277669	10.046	-0.325	-1.177
1517161277675	10.075	-0.325	-1.206
1517161277681	10.084	-0.325	-1.216
1517161277691	10.065	-0.325	-1.245
1517161277702	10.056	-0.316	-1.245
1517161277711	10.027	-0.335	-1.245
1517161277721	9.969	-0.354	-1.197
1517161277732	9.902	-0.402	-1.168
1517161277741	9.826	-0.43	-1.101
1517161277751	9.787	-0.392	-1.063
1517161277763	9.73	-0.296	-1.11
1517161277771	9.682	-0.22	-1.158
1517161277781	9.634	-0.229	-1.139
1517161277793	9.519	-0.22	-1.005
1517161277801	9.356	-0.181	-0.804
1517161277811	9.136	-0.057	-0.641
1517161277825	9.031	0.067	-0.718
1517161277831	9.203	0.105	-0.718
1517161277842	9.644	-0.067	-0.996
1517161277855	11.444	-0.296	-1.676
1517161277861	11.444	-0.402	-1.676
1517161277872	12.66	-0.45	-1.848
1517161277885	13.771	-0.593	-1.886
1517161277891	14.461	-0.919	-1.963
1517161277903	14.643	-1.312	-2.078
1517161277915	14.518	-1.551	-2.183
1517161277921	14.107	-1.733	-2.212
1517161277933	13.465	-1.857	-1.829
1517161277947	12.747	-1.896	-1.407
1517161277985	12.067	-1.905	-0.833
1517161277986	11.521	-1.79	-0.277
1517161277987	11.071	-1.58	0.086
1517161277992	10.716	-1.321	0.249
1517161277993	10.4	-1.13	0.105
1517161278002	10.008	-0.948	-0.21
1517161278011	9.816	-0.747	-0.498
1517161278022	9.625	-0.603	-0.651
1517161278034	9.615	-0.536	-0.727
1517161278041	9.625	-0.478	-0.9
1517161278051	9.615	-0.402	-1.245
1517161278063	9.5	-0.191	-1.714
1517161278071	9.194	0.047	-2.154
1517161278081	8.619	-0.038	-2.394
1517161278093	7.814	-0.172	-2.145
1517161278101	6.972	-0.565	-1.561
1517161278111	6.148	-0.747	-0.919
1517161278123	5.411	-0.996	-0.44
1517161278131	4.721	-1.292	-0.277
1517161278141	4.185	-1.503	-0.344
1517161278155	3.888	-1.589	-0.45
1517161278161	3.763	-1.647	-0.402
1517161278171	3.859	-1.608	-0.392
1517161278183	4.233	-1.532	-0.296
1517161278190	4.817	-1.254	-0.181
1517161278201	5.468	-0.9	-0.114
1517161278223	6.129	-0.584	-0.277
1517161278225	6.799	-0.316	-0.287
1517161278231	7.498	-0.21	-0.66
1517161278242	8.274	-0.181	-1.063
1517161278250	9.232	-0.229	-1.513
1517161278261	10.285	-0.344	-1.992
1517161278274	11.502	-0.517	-2.403
1517161278281	12.814	-0.632	-2.729
1517161278291	14.155	-0.641	-2.988
1517161278302	15.151	-0.632	-2.959
1517161278311	15.553	-0.632	-2.528
1517161278327	14.068	-0.622	-0.89
1517161278349	12.948	-0.536	-0.363
1517161278351	11.856	-0.354	-0.277
1517161278371	10.937	-0.124	-0.526
1517161278374	10.314	0.086	-0.804
1517161278381	10.027	0.181	-1.072
1517161278399	10.046	0.086	-1.292
1517161278401	10.295	-0.105	-1.417
1517161278414	10.688	-0.306	-1.063
1517161278427	11.09	-0.545	-1.187
1517161278431	11.387	-0.814	-1.034
1517161278441	11.55	-1.034	-0.948
1517161278458	11.626	-1.206	-0.976
1517161278461	11.645	-1.34	-0.967
1517161278471	11.626	-1.436	-0.871
1517161278483	11.463	-1.474	-0.565
1517161278491	11.147	-1.388	-0.229
1517161278503	10.649	-1.177	0.162
1517161278513	9.941	-0.861	0.66
1517161278521	9.203	-0.488	0.718
1517161278531	8.581	-0.114	0.785
1517161278545	8.169	0.191	0.708
1517161278560	7.939	0.565	0.172
1517161278562	7.939	0.517	0.172
1517161278575	8.293	0.584	-0.392
1517161278581	8.293	0.593	-0.392
1517161278591	8.696	0.574	-0.651
1517161278603	9.797	0.469	-1.043
1517161278611	9.797	0.316	-1.043
1517161278621	10.352	0.162	-1.015
1517161278633	11.032	0.095	-0.526
1517161278642	11.032	0.047	-0.22
1517161278651	11.138	0.076	0.105
1517161278664	11.138	0.258	0.258
1517161278671	11.138	0.201	0.306
1517161278681	11.023	0.354	0.325
1517161278694	10.515	0.536	0.306
1517161278701	10.458	0.651	0.258
1517161278715	10.046	0.612	0.21
1517161278735	9.644	0.354	0.105
1517161278756	9.337	-0.028	-0.105
1517161278759	9.021	-0.498	-0.411
1517161278760	8.849	-1.063	-0.699
1517161278761	8.849	-1.608	-0.861
1517161278771	9.079	-2.413	-0.871
1517161278785	9.443	-2.739	-0.756
1517161278791	9.96	-2.643	-0.603
1517161278804	10.467	-2.528	-0.459
1517161278815	10.879	-2.164	-0.402
1517161278821	11.176	-1.666	-0.411
1517161278835	11.387	-1.13	-0.411
1517161278845	11.502	-0.584	-0.383
1517161278851	11.521	-0.038	-0.296
1517161278861	11.348	0.44	-0.181
1517161278874	10.927	0.814	-0.019
1517161278881	10.41	1.053	0.105
1517161278891	9.826	1.197	0.229
1517161278904	9.213	1.197	0.373
1517161278911	8.715	1.101	0.459
1517161278921	8.312	0.861	0.498
1517161278935	8.044	0.545	0.469
1517161278941	7.987	0.181	0.402
1517161278951	8.073	-0.162	0.239
1517161278963	8.265	-0.545	0.095
1517161278971	8.638	-0.814	-0.038
1517161278981	9.098	-0.986	-0.067
1517161278993	9.682	-1.11	-0.095
1517161279001	10.295	-1.197	-0.086
1517161279011	10.879	-1.283	-0.076
1517161279024	11.339	-1.331	0.0
1517161279031	11.655	-1.331	-0.038
1517161279041	11.799	-1.273	-0.086
1517161279056	11.732	-1.197	-0.095
1517161279061	11.53	-1.101	-0.153
1517161279071	11.224	-0.976	-0.191
1517161279083	10.831	-0.881	-0.143
1517161279091	10.4	-0.794	-0.047
1517161279111	10.036	-0.679	-0.009
1517161279114	9.768	-0.593	0.019
1517161279130	9.577	-0.536	0.047
1517161279135	9.471	-0.507	0.028
1517161279144	9.404	-0.488	0.067
1517161279151	9.385	-0.45	0.076
1517161279162	9.471	-0.478	0.057
1517161279173	9.567	-0.507	0.019
1517161279181	9.72	-0.545	0.009
1517161279191	9.912	-0.584	0.057
1517161279203	10.065	-0.67	0.067
1517161279211	10.19	-0.727	0.067
1517161279221	10.314	-0.766	0.009
1517161279233	10.362	-0.871	-0.038
1517161279241	10.372	-0.928	-0.067
1517161279251	10.314	-0.967	-0.095
1517161279265	10.19	-1.015	-0.105
1517161279271	10.084	-1.043	-0.086
1517161279281	9.969	-1.034	-0.105
1517161279296	9.883	-1.024	-0.086
1517161279301	9.816	-1.015	-0.038
1517161279312	9.787	-1.005	0.019
1517161279324	9.778	-1.015	0.067
1517161279331	9.807	-1.015	0.076
1517161279341	9.826	-1.005	0.067
1517161279354	9.883	-0.976	-0.134
1517161279361	9.902	-0.986	0.0
1517161279371	9.969	-0.957	-0.076
1517161279384	10.036	-0.957	-0.105
1517161279391	10.075	-0.957	-0.134
1517161279401	10.065	-0.986	-0.114
1517161279416	9.902	-0.996	-0.143
1517161279421	10.008	-0.996	-0.153
1517161279432	9.931	-1.005	-0.162
1517161279447	9.883	-0.996	-0.162
1517161279451	9.893	-0.996	-0.124
1517161279462	9.912	-0.996	-0.105
1517161279477	9.902	-0.976	-0.076
1517161279518	9.941	-0.976	-0.047
1517161279533	9.941	-0.967	-0.028
1517161279534	9.95	-0.938	-0.028
1517161279534	9.988	-0.9	-0.038
1517161279539	9.998	-0.89	-0.076
1517161279541	10.017	-0.881	-0.076
1517161279544	10.036	-0.861	-0.105
1517161279561	10.075	-0.842	-0.124
1517161279563	10.094	-0.794	-0.124
1517161279575	10.103	-0.775	-0.134
1517161279581	10.123	-0.747	-0.172
1517161279597	10.132	-0.708	-0.181
1517161279601	10.142	-0.718	-0.229
1517161279618	10.161	-0.747	-0.277
1517161279628	10.19	-0.756	-0.268
1517161279631	10.199	-0.747	-0.268
1517161279641	10.199	-0.737	-0.258
1517161279656	10.209	-0.737	-0.239
1517161279661	10.237	-0.737	-0.249
1517161279671	10.237	-0.747	-0.21
1517161279684	10.228	-0.756	-0.181
1517161279691	10.266	-0.804	-0.21
1517161279701	10.257	-0.881	-0.239
1517161279716	10.237	-0.967	-0.325
1517161279721	10.237	-1.024	-0.363
1517161279731	10.247	-1.053	-0.45
1517161279748	10.257	-1.063	-0.507
1517161279751	10.266	-1.082	-0.584
1517161279762	10.295	-1.12	-0.593
1517161279777	10.276	-1.177	-0.66
1517161279781	10.285	-1.235	-0.718
1517161279793	10.285	-1.283	-0.804
1517161279808	10.295	-1.34	-0.804
1517161279822	10.247	-1.474	-0.747
1517161279839	10.247	-1.551	-0.747
1517161279841	10.314	-1.589	-0.785
1517161279853	10.439	-1.637	-0.852
1517161279868	10.592	-1.656	-0.967
1517161279897	10.745	-1.695	-1.072
1517161279911	10.822	-1.714	-1.216
1517161279913	10.85	-1.695	-1.398
1517161279918	10.917	-1.676	-1.398
1517161279920	10.984	-1.618	-1.436
1517161279922	11.109	-1.561	-1.474
1517161279940	11.176	-1.541	-1.484
1517161279948	11.186	-1.551	-1.522
1517161279959	11.128	-1.589	-1.57
1517161279961	11.052	-1.618	-1.704
1517161279973	11.042	-1.618	-1.848
1517161279988	11.052	-1.608	-1.963
1517161279991	11.042	-1.589	-1.963
1517161280003	10.946	-1.57	-1.972
1517161280015	10.783	-1.551	-1.925
1517161280021	10.544	-1.494	-1.819
1517161280031	10.314	-1.379	-1.465
1517161280046	10.123	-1.149	-1.455
1517161280051	9.893	-0.852	-1.618
1517161280061	9.548	-0.603	-1.656
1517161280075	9.155	-0.392	-1.522
1517161280081	8.667	-0.22	-1.149
1517161280091	7.451	-0.057	-0.66
1517161280106	7.23	0.067	-0.258
1517161280111	6.665	0.143	-0.028
1517161280121	6.522	0.153	0.153
1517161280136	6.215	0.105	0.335
1517161280141	6.062	0.028	0.565
1517161280151	6.024	-0.076	0.747
1517161280166	6.138	-0.201	0.737
1517161280171	6.407	-0.354	0.641
1517161280181	6.694	-0.66	0.43
1517161280198	7.0	-0.823	0.162
1517161280201	7.297	-1.024	-0.162
1517161280212	7.652	-1.225	-0.536
1517161280226	8.083	-1.417	-0.9
1517161280247	8.629	-1.637	-1.225
1517161280248	9.308	-1.848	-1.494
1517161280272	10.065	-1.992	-1.628
1517161280284	10.889	-2.03	-1.589
1517161280286	11.703	-1.992	-1.474
1517161280289	12.536	-1.953	-1.379
1517161280298	13.187	-1.915	-1.34
1517161280302	13.522	-1.915	-1.398
1517161280312	13.388	-1.905	-1.474
1517161280321	12.842	-1.992	-1.541
1517161280333	12.086	-2.106	-1.551
1517161280346	11.348	-2.202	-1.532
1517161280351	10.697	-2.308	-1.513
1517161280361	10.18	-2.279	-1.532
1517161280379	9.807	-2.231	-1.407
1517161280381	9.538	-2.106	-1.254
1517161280392	9.366	-1.953	-1.082
1517161280407	9.184	-1.714	-0.986
1517161280411	9.04	-1.426	-0.928
1517161280422	8.992	-1.101	-0.852
1517161280438	8.973	-0.775	-0.785
1517161280441	9.002	-0.459	-0.737
1517161280452	9.031	-0.21	-0.689
1517161280467	9.088	0.028	-0.641
1517161280473	9.136	0.22	-0.622
1517161280481	9.27	0.277	-0.565
1517161280496	9.462	0.249	-0.469
1517161280501	9.605	0.134	-0.268
1517161280513	9.672	-0.028	-0.028
1517161280526	9.663	-0.229	0.124
1517161280531	9.672	-0.411	0.22
1517161280541	9.73	-0.555	0.181
1517161280560	9.969	-0.679	0.095
1517161280562	10.41	-0.737	0.038
1517161280573	11.157	-0.842	-0.067
1517161280585	12.172	-0.986	-0.153
1517161280591	13.273	-1.187	-0.277
1517161280601	14.078	-1.398	-0.411
1517161280616	14.231	-1.551	-0.469
1517161280621	13.685	-1.656	-0.354
1517161280639	12.718	-1.771	-0.22
1517161280647	11.664	-1.877	-0.114
1517161280669	10.621	-1.963	-0.067
1517161280670	9.663	-2.059	-0.124
1517161280674	8.849	-2.068	-0.201
1517161280683	8.226	-2.02	-0.249
1517161280692	7.891	-1.905	-0.22
1517161280713	7.824	-1.723	-0.143
1517161280714	7.939	-1.503	-0.047
1517161280725	8.226	-1.216	0.057
1517161280737	8.648	-0.948	0.134
1517161280741	9.136	-0.785	0.296
1517161280752	9.663	-0.679	0.191
1517161280769	10.17	-0.641	0.239
1517161280771	10.554	-0.641	0.22
1517161280783	10.774	-0.67	0.201
1517161280797	10.822	-0.67	0.191
1517161280801	10.621	-0.651	0.306
1517161280811	10.467	-0.565	0.392
1517161280827	10.046	-0.498	0.411
1517161280831	9.768	-0.411	0.363
1517161280841	9.692	-0.335	0.335
1517161280859	9.615	-0.296	0.306
1517161280861	9.625	-0.316	0.268
1517161280873	9.692	-0.565	0.249
1517161280891	9.778	-0.718	0.21
1517161280893	9.874	-1.053	0.181
1517161280904	9.988	-1.11	0.162
1517161280911	10.056	-1.283	0.172
1517161280922	10.113	-1.446	0.172
1517161280934	10.142	-1.599	0.143
1517161280944	10.18	-1.714	0.114
1517161280953	10.132	-1.79	0.134
1517161280965	10.084	-1.81	0.153
1517161280980	10.027	-1.752	0.181
1517161280982	9.998	-1.676	0.172
1517161280994	9.979	-1.58	0.172
1517161281009	9.979	-1.474	0.153
1517161281051	9.941	-1.35	0.114
1517161281066	9.931	-1.225	0.076
1517161281067	9.912	-1.101	0.067
1517161281069	9.902	-0.996	0.105
1517161281070	9.931	-0.919	0.172
1517161281072	9.95	-0.852	0.229
1517161281073	10.008	-0.766	0.277
1517161281084	10.027	-0.67	0.287
1517161281091	10.065	-0.593	0.287
1517161281101	10.132	-0.507	0.268
1517161281121	10.18	-0.488	0.277
1517161281124	10.228	-0.517	0.258
1517161281131	10.209	-0.545	0.249
1517161281143	10.123	-0.641	0.21
1517161281151	9.988	-0.766	0.181
1517161281161	9.854	-0.833	0.134
1517161281171	9.739	-0.9	0.086
1517161281181	9.682	-0.928	0.067
1517161281191	9.692	-0.938	0.076
1517161281201	9.72	-0.938	0.095
1517161281211	9.749	-0.9	0.114
1517161281221	9.826	-0.823	0.134
1517161281233	9.912	-0.766	0.114
1517161281243	9.969	-0.756	0.095
1517161281251	10.017	-0.756	0.076
1517161281261	10.017	-0.833	0.028
1517161281271	9.988	-0.909	-0.019
1517161281281	9.96	-1.024	-0.057
1517161281291	9.912	-1.139	-0.067
1517161281301	9.893	-1.225	-0.076
1517161281311	9.883	-1.321	-0.114
1517161281323	9.864	-1.331	-0.086
1517161281331	9.874	-1.312	-0.047
1517161281341	9.835	-1.312	-0.019
1517161281352	9.893	-1.264	0.009
1517161281361	9.941	-1.245	0.047
1517161281371	10.008	-1.235	0.057
1517161281381	10.027	-1.206	0.239
1517161281403	10.027	-1.168	0.172
1517161281415	10.008	-1.139	0.172
1517161281428	9.979	-1.091	0.134
1517161281429	9.979	-0.986	0.076
1517161281435	10.008	-0.919	0.057
1517161281443	10.036	-0.871	-0.124
1517161281451	10.065	-0.852	-0.009
1517161281461	10.056	-0.881	-0.095
1517161281473	10.027	-0.871	-0.105
1517161281481	10.008	-0.871	-0.153
1517161281491	9.979	-0.833	-0.172
1517161281502	9.95	-0.823	-0.172
1517161281511	9.921	-0.861	-0.153
1517161281521	9.73	-0.89	-0.153
1517161281532	9.826	-0.938	-0.124
1517161281541	9.826	-0.948	-0.095
1517161281551	9.854	-0.957	-0.124
1517161281563	9.941	-0.996	-0.095
1517161281571	10.056	-0.996	-0.134
1517161281581	10.142	-1.005	-0.162
1517161281592	10.237	-1.053	-0.22
1517161281601	10.314	-1.216	-0.229
1517161281611	10.391	-1.139	-0.258
1517161281622	10.41	-1.149	-0.229
1517161281631	10.429	-1.168	-0.239
1517161281641	10.391	-1.149	-0.22
1517161281653	10.324	-1.12	-0.229
1517161281661	10.257	-1.101	-0.249
1517161281671	10.151	-1.091	-0.239
1517161281684	10.094	-1.063	-0.258
1517161281691	10.027	-1.072	-0.277
1517161281703	10.017	-1.091	-0.239
1517161281715	10.017	-1.139	-0.229
1517161281721	10.075	-1.168	-0.229
1517161281733	10.103	-1.254	-0.344
1517161281746	10.008	-1.292	-0.536
1517161281751	9.893	-1.312	-0.756
1517161281762	9.816	-1.359	-0.976
1517161281809	9.864	-1.379	-1.206
1517161281812	10.075	-1.426	-1.446
1517161281815	10.439	-1.513	-1.618
1517161281819	10.946	-1.714	-1.685
1517161281821	11.415	-1.963	-1.676
1517161281822	11.837	-2.25	-1.58
1517161281838	12.134	-2.509	-1.494
1517161281842	12.297	-2.691	-1.446
1517161281855	12.354	-2.777	-1.455
1517161281868	12.297	-2.758	-1.484
1517161281871	12.124	-2.652	-1.513
1517161281881	11.933	-2.509	-1.465
1517161281895	11.76	-2.355	-1.379
1517161281901	11.645	-2.193	-1.321
1517161281911	11.492	-1.972	-1.369
1517161281924	11.291	-1.714	-1.455
1517161281931	11.013	-1.513	-1.484
1517161281941	10.716	-1.359	-1.388
1517161281952	10.448	-1.254	-1.35
1517161281961	10.161	-1.13	-1.417
1517161281971	9.663	-0.948	-1.436
1517161281982	9.174	-0.804	-1.398
1517161281991	8.715	-0.555	-1.273
1517161282001	8.198	-0.344	-1.043
1517161282013	7.68	-0.162	-0.402
1517161282021	7.182	-0.047	-0.344
1517161282031	6.771	0.076	-0.057
1517161282045	6.416	0.191	0.239
1517161282051	6.177	0.316	0.459
1517161282063	6.033	0.392	0.622
1517161282076	6.1	0.383	0.565
1517161282081	6.1	0.316	0.565
1517161282092	6.244	0.134	0.383
1517161282106	6.426	-0.172	-0.105
1517161282111	6.646	-0.555	-0.114
1517161282122	6.885	-0.928	-0.689
1517161282136	7.163	-1.331	-0.794
1517161282141	7.451	-1.752	-0.766
1517161282177	7.738	-2.164	-0.996
1517161282203	8.016	-2.47	-1.149
1517161282204	8.303	-2.633	-1.369
1517161282204	8.676	-2.7	-1.484
1517161282205	9.586	-2.71	-1.599
1517161282206	10.257	-2.633	-1.666
1517161282218	10.64	-2.557	-1.723
1517161282224	11.138	-2.423	-1.819
1517161282253	11.415	-2.241	-1.963
1517161282258	11.684	-1.503	-2.039
1517161282259	11.789	-1.503	-2.02
1517161282261	11.655	-1.053	-1.857
1517161282276	11.281	-0.603	-1.58
1517161282285	10.783	-0.603	-1.216
1517161282292	10.352	-0.335	-0.957
1517161282301	10.17	-0.411	-0.814
1517161282314	10.352	-0.507	-0.804
1517161282321	10.87	-0.747	-0.919
1517161282331	11.617	-1.024	-1.082
1517161282344	12.45	-1.312	-1.168
1517161282351	13.034	-1.551	-1.292
1517161282361	13.187	-1.666	-1.359
1517161282373	13.005	-1.723	-1.398
1517161282381	12.689	-1.695	-1.235
1517161282391	12.316	-1.58	-1.082
1517161282403	11.894	-1.407	-0.89
1517161282411	11.454	-1.12	-0.708
1517161282421	10.965	-0.823	-0.507
1517161282434	10.362	-0.498	-0.392
1517161282441	9.73	-0.268	-0.354
1517161282451	9.203	-0.124	-0.411
1517161282464	8.801	-0.086	-0.498
1517161282471	8.485	-0.181	-0.507
1517161282484	8.274	-0.373	-0.545
1517161282495	8.13	-0.584	-0.593
1517161282503	8.035	-0.852	-0.565
1517161282516	8.035	-1.091	-0.469
1517161282528	8.159	-1.312	-0.325
1517161282547	8.427	-1.455	-0.162
1517161282556	8.82	-1.532	-0.067
1517161282558	9.28	-1.532	-0.028
1517161282562	9.72	-1.446	-0.067
1517161282571	10.19	-1.292	-0.153
1517161282588	10.63	-1.101	-0.316
1517161282591	10.975	-0.957	-0.517
1517161282601	11.205	-0.766	-0.708
1517161282616	11.291	-0.574	-0.814
1517161282621	11.262	-0.392	-0.823
1517161282631	11.109	-0.229	-0.823
1517161282644	10.889	-0.124	-0.766
1517161282651	10.621	-0.009	-0.699
1517161282663	10.419	0.028	-0.584
1517161282674	10.247	0.038	-0.507
1517161282681	10.094	0.038	-0.44
1517161282691	9.931	-0.019	-0.43
1517161282705	9.902	-0.134	-0.344
1517161282711	9.883	-0.296	-0.296
1517161282721	9.874	-0.517	-0.22
1517161282734	9.941	-0.747	-0.153
1517161282741	9.96	-0.976	-0.114
1517161282751	9.941	-1.206	-0.095
1517161282763	9.883	-1.436	-0.105
1517161282771	9.826	-1.608	-0.172
1517161282781	9.835	-1.695	-0.268
1517161282794	9.816	-1.695	-0.316
1517161282801	9.835	-1.676	-0.363
1517161282811	9.835	-1.599	-0.335
1517161282823	9.845	-1.484	-0.268
1517161282831	9.845	-1.292	-0.22
1517161282841	9.787	-1.12	-0.21
1517161282853	9.787	-0.9	-0.181
1517161282861	9.807	-0.718	-0.229
1517161282871	9.864	-0.584	-0.335
1517161282886	9.988	-0.478	-0.459
1517161282891	10.103	-0.411	-0.574
1517161282901	10.218	-0.354	-0.679
1517161282927	10.458	-0.306	-0.67
1517161282928	10.391	-0.354	-0.651
1517161282933	10.458	-0.402	-0.641
1517161282946	10.429	-0.488	-0.593
1517161282951	10.305	-0.555	-0.555
1517161282961	10.151	-0.612	-0.478
1517161282973	10.027	-0.679	-0.45
1517161282981	9.969	-0.766	-0.402
1517161282991	9.921	-1.005	-0.383
1517161283005	9.874	-0.938	-0.354
1517161283011	9.787	-1.177	-0.344
1517161283021	9.768	-1.11	-0.363
1517161283033	9.759	-1.149	-0.421
1517161283041	9.826	-1.158	-0.383
1517161283051	9.921	-1.149	-0.373
1517161283064	10.008	-1.149	-0.344
1517161283071	10.084	-1.149	-0.306
1517161283081	10.161	-1.101	-0.287
1517161283095	10.199	-1.082	-0.239
1517161283101	10.199	-1.043	-0.21
1517161283113	10.17	-1.015	-0.201
1517161283126	10.123	-1.015	-0.181
1517161283131	10.075	-1.005	-0.21
1517161283141	10.027	-0.986	-0.229
1517161283154	9.969	-1.005	-0.277
1517161283161	9.912	-0.996	-0.316
1517161283171	9.883	-1.024	-0.383
1517161283184	9.854	-1.024	-0.402
1517161283191	9.797	-1.053	-0.421
1517161283201	9.778	-1.043	-0.373
1517161283217	9.797	-0.996	-0.354
1517161283221	9.826	-0.976	-0.325
1517161283231	9.874	-0.948	-0.277
1517161283246	9.931	-0.919	-0.22
1517161283252	9.988	-0.9	-0.172
1517161283275	10.027	-0.842	-0.124
1517161283281	9.998	-0.823	-0.153
1517161283291	10.008	-0.833	-0.181
1517161283311	10.017	-0.814	-0.21
1517161283322	10.027	-0.833	-0.201
1517161283323	10.008	-0.852	-0.191
1517161283333	9.969	-0.852	-0.143
1517161283349	9.95	-0.881	-0.162
1517161283358	9.941	-0.89	-0.143
1517161283368	9.96	-0.919	-0.095
1517161283371	9.979	-0.948	-0.047
1517161283386	9.988	-0.948	-0.019
1517161283401	9.988	-0.976	0.028
1517161283402	9.979	-1.024	0.047
1517161283422	9.988	-1.015	0.047
1517161283425	9.988	-1.024	0.047
1517161283444	9.998	-0.996	0.009
1517161283455	10.008	-0.938	-0.019
1517161283461	9.998	-0.871	-0.047
1517161283471	10.017	-0.814	-0.067
1517161283485	10.008	-0.756	-0.076
1517161283491	9.988	-0.727	-0.095
1517161283501	9.969	-0.699	-0.114
1517161283515	9.95	-0.67	-0.124
1517161283521	9.941	-0.651	-0.172
1517161283531	9.941	-0.66	-0.22
1517161283548	9.96	-0.689	-0.44
1517161283551	9.921	-0.756	-0.363
1517161283563	9.921	-0.804	-0.517
1517161283580	9.921	-0.871	-0.593
1517161283582	9.902	-0.919	-0.622
1517161283593	9.912	-1.005	-0.574
1517161283610	9.96	-1.12	-0.603
1517161283611	10.161	-1.158	-0.593
1517161283623	10.027	-1.197	-0.612
1517161283639	10.084	-1.273	-0.612
1517161283641	10.209	-1.292	-0.632
1517161283653	10.266	-1.312	-0.584
1517161283668	10.314	-1.312	-0.555
1517161283671	10.352	-1.321	-0.555
1517161283683	10.381	-1.283	-0.526
1517161283717	10.448	-1.254	-0.526
1517161283726	10.554	-1.082	-0.488
1517161283735	10.63	-1.197	-0.507
1517161283736	10.611	-1.177	-0.507
1517161283737	10.582	-1.091	-0.555
1517161283743	10.621	-1.005	-0.574
1517161283759	10.707	-0.948	-0.593
1517161283761	10.803	-0.919	-0.641
1517161283772	10.841	-0.89	-0.679
1517161283787	10.745	-0.833	-0.766
1517161283791	10.601	-0.823	-0.871
1517161283803	10.458	-0.794	-1.005
1517161283819	10.352	-0.737	-1.091
1517161283821	10.276	-0.67	-1.12
1517161283831	10.218	-0.641	-1.053
1517161283846	10.19	-0.584	-0.986
1517161283851	10.151	-0.584	-0.986
1517161283862	10.094	-0.632	-1.082
1517161283876	10.084	-0.689	-1.321
1517161283881	10.19	-0.756	-1.656
1517161283891	10.419	-0.814	-1.992
1517161283907	10.774	-0.976	-2.183
1517161283911	11.099	-1.216	-2.288
1517161283922	11.339	-1.426	-2.355
1517161283939	11.54	-1.561	-2.355
1517161283941	11.751	-1.57	-2.403
1517161283953	11.827	-1.465	-2.47
1517161283970	11.751	-1.273	-2.451
1517161283971	11.607	-1.015	-2.288
1517161283984	11.339	-0.756	-1.953
1517161283999	10.956	-0.622	-1.513
1517161284001	10.506	-0.574	-1.245
1517161284013	10.036	-0.526	-1.177
1517161284030	9.634	-0.344	-1.187
1517161284032	9.261	-0.114	-1.12
1517161284043	8.782	0.009	-0.938
1517161284060	8.245	-0.047	-0.67
1517161284061	7.652	-0.143	-0.411
1517161284099	7.106	-0.287	-0.21
1517161284108	6.598	-0.43	-0.095
1517161284109	6.148	-0.584	-0.009
1517161284109	5.755	-0.737	0.076
1517161284115	5.497	-0.861	0.057
1517161284121	5.353	-0.996	-0.038
1517161284131	5.353	-1.101	-0.143
1517161284141	5.449	-1.177	-0.21
1517161284151	5.612	-1.225	-0.296
1517161284161	5.909	-1.302	-0.392
1517161284176	6.273	-1.35	-0.593
1517161284181	6.665	-1.426	-0.823
1517161284191	7.106	-1.494	-1.11
1517161284207	7.69	-1.503	-1.398
1517161284211	8.37	-1.474	-1.695
1517161284223	9.136	-1.446	-2.269
1517161284238	9.941	-1.446	-2.231
1517161284249	10.764	-1.446	-2.643
1517161284253	11.54	-1.369	-2.624
1517161284263	12.201	-1.312	-2.719
1517161284271	12.67	-1.216	-2.547
1517161284281	12.909	-1.12	-2.193
1517161284296	12.833	-1.043	-1.714
1517161284303	12.421	-0.938	-1.312
1517161284311	11.013	-0.852	-1.139
1517161284326	11.09	-0.804	-1.197
1517161284331	10.237	-0.708	-1.359
1517161284341	10.237	-0.565	-1.522
1517161284356	10.352	-0.45	-1.58
1517161284361	10.812	-0.373	-1.58
1517161284371	11.387	-0.354	-1.465
1517161284386	11.981	-0.43	-1.34
1517161284391	12.45	-0.603	-1.206
1517161284402	12.699	-0.957	-1.12
1517161284416	12.68	-1.187	-1.063
1517161284421	12.469	-1.321	-1.12
1517161284432	12.143	-1.35	-1.168
1517161284447	11.799	-1.35	-1.168
1517161284468	11.435	-1.35	-1.024
1517161284477	11.08	-1.283	-0.794
1517161284491	10.678	-1.197	-0.603
1517161284493	10.199	-1.053	-0.344
1517161284494	9.605	-0.919	-0.114
1517161284502	9.002	-0.794	-0.019
1517161284512	8.485	-0.699	0.019
1517161284526	8.111	-0.641	-0.057
1517161284540	7.862	-0.689	-0.21
1517161284541	7.7	-0.794	-0.421
1517161284557	7.68	-0.967	-0.622
1517161284567	7.843	-1.149	-0.737
1517161284571	8.13	-1.35	-0.727
1517161284584	8.59	-1.494	-0.699
1517161284591	9.203	-1.513	-0.651
1517161284601	9.845	-1.407	-0.708
1517161284611	10.486	-1.225	-0.861
1517161284627	11.09	-0.967	-1.053
1517161284631	11.626	-0.651	-1.283
1517161284641	12.019	-0.316	-1.446
1517161284654	12.143	0.028	-1.513
1517161284661	11.99	0.287	-1.446
1517161284673	11.588	0.478	-1.321
1517161284684	11.061	0.593	-1.12
1517161284691	10.419	0.584	-0.986
1517161284701	9.854	0.507	-0.881
1517161284715	9.414	0.287	-0.804
1517161284721	9.117	0.047	-0.756
1517161284732	8.973	-0.172	-0.737
1517161284747	9.127	-0.373	-0.67
1517161284751	9.107	-0.555	-0.67
1517161284765	9.28	-0.708	-0.612
1517161284780	9.452	-0.833	-0.526
1517161284782	9.634	-0.976	-0.488
1517161284795	9.816	-1.072	-0.45
1517161284801	9.979	-1.158	-0.402
1517161284811	10.123	-1.283	-0.363
1517161284824	10.209	-1.35	-0.335
1517161284850	10.247	-1.407	-0.335
1517161284852	10.276	-1.388	-0.335
1517161284863	10.276	-1.407	-0.325
1517161284864	10.276	-1.359	-0.344
1517161284877	10.314	-1.273	-0.325
1517161284896	10.352	-0.996	-0.306
1517161284901	10.314	-0.852	-0.306
1517161284914	10.305	-0.737	-0.306
1517161284926	10.257	-0.641	-0.335
1517161284931	10.19	-0.612	-0.335
1517161284941	10.075	-0.603	-0.373
1517161284951	9.902	-0.651	-0.363
1517161284961	9.711	-0.708	-0.363
1517161284971	9.529	-0.775	-0.584
1517161284980	9.433	-0.852	-0.689
1517161284991	9.404	-0.9	-0.593
1517161285002	9.462	-0.957	-0.603
1517161285011	9.557	-1.024	-0.612
1517161285021	10.017	-1.063	-0.67
1517161285033	10.075	-1.063	-0.689
1517161285041	10.075	-1.043	-0.641
1517161285051	10.18	-1.063	-0.536
1517161285065	10.132	-1.11	-0.44
1517161285071	10.027	-1.11	-0.402
1517161285083	9.96	-1.11	-0.325
1517161285095	9.969	-0.967	-0.287
1517161285101	10.008	-0.967	-0.22
1517161285111	10.056	-0.861	-0.134
1517161285125	10.094	-0.641	-0.124
1517161285131	10.123	-0.488	-0.124
1517161285141	10.17	-0.373	-0.191
1517161285155	10.276	-0.229	-0.249
1517161285161	10.381	-0.181	-0.296
1517161285171	10.439	-0.22	-0.287
1517161285185	10.439	-0.354	-0.258
1517161285191	10.343	-0.536	-0.153
1517161285201	10.237	-0.708	-0.095
1517161285215	10.132	-0.938	-0.038
1517161285256	10.084	-1.139	0.019
1517161285262	10.027	-1.331	0.047
1517161285270	9.931	-1.465	0.095
1517161285274	9.835	-1.541	0.086
1517161285275	9.768	-1.541	0.067
1517161285276	9.759	-1.541	0.0
1517161285281	9.778	-1.465	-0.086
1517161285291	9.797	-1.388	-0.201
1517161285303	9.778	-1.283	-0.316
1517161285311	9.759	-1.168	-0.421
1517161285321	9.73	-1.091	-0.507
1517161285341	9.749	-0.976	-0.517
1517161285351	9.768	-0.957	-0.45
1517161285363	9.816	-0.938	-0.325
1517161285371	9.835	-0.948	-0.239
1517161285381	9.883	-0.976	-0.21
1517161285393	9.912	-0.976	-0.181
1517161285401	9.96	-0.996	-0.181
1517161285411	10.008	-1.024	-0.191
1517161285424	10.084	-1.053	-0.181
1517161285431	10.132	-1.082	-0.191
1517161285441	10.18	-1.11	-0.181
1517161285455	10.18	-1.101	-0.172
1517161285461	10.17	-1.12	-0.191
1517161285472	10.084	-1.091	-0.201
1517161285486	10.027	-1.082	-0.229
1517161285491	9.96	-1.082	-0.258
1517161285502	9.883	-1.072	-0.229
1517161285516	9.807	-1.063	-0.21
1517161285521	9.759	-1.043	-0.201
1517161285531	9.749	-1.005	-0.201
1517161285545	9.778	-0.996	-0.22
1517161285551	9.807	-0.948	-0.22
1517161285561	9.816	-0.919	-0.258
1517161285575	9.864	-0.919	-0.306
1517161285581	9.864	-0.928	-0.306
1517161285593	9.912	-0.909	-0.344
1517161285606	10.075	-0.909	-0.306
1517161285643	10.075	-0.919	-0.306
1517161285657	10.161	-0.986	-0.287
1517161285660	10.276	-1.053	-0.229
1517161285662	10.314	-1.139	-0.201
1517161285670	10.372	-1.206	-0.191
1517161285672	10.372	-1.235	-0.172
1517161285675	10.314	-1.197	-0.143
1517161285692	10.237	-1.149	0.009
1517161285693	10.17	-1.063	-0.287
1517161285701	10.113	-0.948	-0.181
1517161285711	10.065	-0.833	-0.239
1517161285731	10.036	-0.718	-0.249
1517161285732	10.027	-0.651	-0.325
1517161285741	10.027	-0.622	-0.373
1517161285755	10.036	-0.679	-0.43
1517161285761	10.046	-0.756	-0.469
1517161285771	10.046	-0.881	-0.574
1517161285783	10.142	-1.177	-0.67
1517161285791	10.199	-1.177	-0.775
1517161285801	10.314	-1.331	-0.957
1517161285821	10.697	-1.704	-1.302
1517161285831	10.946	-2.078	-1.398
1517161285844	11.195	-2.135	-1.513
1517161285851	11.377	-2.288	-1.58
1517161285861	11.454	-2.116	-1.637
1517161285876	11.406	-2.116	-1.695
1517161285881	11.339	-2.087	-1.752
1517161285891	11.32	-2.02	-1.877
1517161285906	11.444	-1.944	-2.068
1517161285911	11.655	-1.752	-2.26
1517161285921	11.789	-1.551	-2.269
1517161285936	11.617	-1.388	-2.106
1517161285941	11.138	-1.254	-1.8
1517161285951	10.563	-1.149	-1.455
1517161285966	10.046	-1.063	-1.197
1517161285971	9.567	-0.909	-0.976
1517161285981	9.117	-0.737	-0.842
1517161285996	8.782	-0.555	-0.823
1517161286038	8.542	-0.43	-0.861
1517161286046	8.418	-0.363	-0.928
1517161286049	8.456	-0.354	-1.034
1517161286055	8.561	-0.392	-1.072
1517161286056	8.657	-0.517	-1.101
1517161286058	8.734	-0.747	-1.158
1517161286067	8.849	-1.024	-1.149
1517161286073	8.945	-1.292	-1.072
1517161286083	9.002	-1.455	-0.957
1517161286091	9.059	-1.561	-0.89
1517161286101	9.136	-1.656	-0.842
1517161286113	9.213	-1.714	-0.785
1517161286120	9.28	-1.695	-0.775
1517161286131	9.337	-1.58	-0.9
1517161286143	9.308	-1.426	-1.063
1517161286150	9.203	-1.283	-1.292
1517161286161	9.079	-1.139	-1.417
1517161286175	8.878	-1.005	-1.446
1517161286181	8.648	-0.89	-1.417
1517161286191	8.38	-0.766	-1.273
1517161286206	8.102	-0.612	-0.833
1517161286211	7.805	-0.488	-0.833
1517161286221	7.518	-0.373	-0.612
1517161286236	7.144	-0.325	-0.44
1517161286241	7.182	-0.287	-0.44
1517161286251	7.221	-0.335	-0.555
1517161286288	7.91	-0.545	-1.388
1517161286291	8.427	-0.689	-1.379
1517161286292	9.059	-0.881	-1.57
1517161286301	9.835	-1.139	-1.685
1517161286311	10.649	-1.436	-1.743
1517161286327	11.99	-2.049	-1.522
1517161286331	11.99	-2.106	-1.522
1517161286341	12.344	-2.499	-1.379
1517161286354	12.335	-2.834	-1.235
1517161286361	12.45	-3.055	-1.235
1517161286372	12.201	-3.198	-1.321
1517161286385	11.272	-3.208	-1.35
1517161286413	11.272	-3.102	-1.35
1517161286414	10.793	-2.911	-1.177
1517161286435	10.429	-2.7	-0.938
1517161286436	10.209	-2.423	-0.747
1517161286436	10.084	-2.106	-0.603
1517161286446	10.008	-1.273	-0.555
1517161286451	10.008	-1.369	-0.574
1517161286464	10.237	-0.699	-0.603
1517161286474	10.419	-0.392	-0.708
1517161286481	10.573	-0.335	-0.766
1517161286491	10.544	-0.019	-0.632
1517161286506	10.362	0.153	-0.488
1517161286511	10.103	0.21	-0.316
1517161286521	9.826	0.201	-0.181
1517161286534	9.529	0.162	-0.143
1517161286541	9.299	0.095	-0.172
1517161286564	8.945	-0.565	-0.287
1517161286571	8.82	-0.622	-0.181
1517161286581	8.724	-0.89	0.019
1517161286596	8.705	-1.053	0.21
1517161286610	8.763	-1.187	0.316
1517161286611	8.954	-1.331	0.335
1517161286624	9.318	-1.455	0.258
1517161286631	9.874	-1.656	0.095
1517161286641	10.697	-1.848	-0.22
1517161286654	11.664	-2.049	-0.459
1517161286660	12.68	-2.154	-0.632
1517161286671	13.369	-2.174	-0.747
1517161286684	13.561	-2.068	-0.785
1517161286694	13.245	-1.857	-0.766
1517161286701	12.651	-1.541	-0.67
1517161286715	11.913	-1.168	-0.526
1517161286721	11.032	-0.766	-0.316
1517161286731	10.266	-0.249	-0.067
1517161286741	9.586	0.316	0.21
1517161286750	9.059	0.804	0.459
1517161286763	8.715	1.302	0.718
1517161286774	8.514	1.771	0.957
1517161286799	8.475	2.193	1.053
1517161286800	8.581	2.49	1.005
1517161286802	8.81	2.585	0.842
1517161286811	9.098	2.413	0.622
1517161286821	9.366	1.963	0.469
1517161286834	9.529	1.283	0.392
1517161286841	9.577	0.383	0.411
1517161286851	9.548	-0.488	0.402
1517161286865	9.471	-1.273	0.363
1517161286871	9.452	-1.982	0.316
1517161286881	9.481	-2.595	0.296
1517161286896	9.548	-3.074	0.344
1517161286901	9.672	-3.332	0.316
1517161286911	9.807	-3.352	0.316
1517161286924	9.931	-3.16	0.277
1517161286931	10.027	-2.71	0.277
1517161286941	10.036	-2.164	0.249
1517161286954	10.036	-1.676	0.258
1517161286961	10.008	-1.216	0.21
1517161286971	10.036	-0.766	0.124
1517161286986	10.257	-0.402	-0.134
1517161286991	10.199	-0.134	-0.134
1517161287002	10.266	0.047	-0.277
1517161287017	10.276	0.124	-0.402
1517161287021	10.257	0.086	-0.383
1517161287032	10.161	-0.028	-0.287
1517161287047	10.017	-0.191	0.124
1517161287051	9.921	-0.402	0.124
1517161287062	9.826	-0.584	0.325
1517161287077	9.787	-0.727	0.498
1517161287081	9.797	-0.861	0.498
1517161287092	9.902	-0.976	0.526
1517161287107	10.084	-1.082	0.526
1517161287111	10.276	-1.139	0.536
1517161287123	10.4	-1.187	0.478
1517161287137	10.506	-1.187	0.373
1517161287141	10.525	-1.149	0.239
1517161287152	10.515	-1.082	0.047
1517161287187	10.333	-1.005	-0.067
1517161287202	10.237	-0.986	-0.086
1517161287203	10.113	-0.919	-0.153
1517161287203	9.749	-0.833	-0.153
1517161287204	9.596	-0.747	-0.162
1517161287212	9.385	-0.641	-0.172
1517161287226	9.27	-0.536	-0.134
1517161287234	9.194	-0.478	-0.105
1517161287242	9.222	-0.43	-0.095
1517161287251	9.28	-0.402	-0.095
1517161287261	9.404	-0.411	-0.076
1517161287272	9.548	-0.593	-0.134
1517161287287	9.72	-0.651	-0.21
1517161287291	9.931	-0.766	-0.258
1517161287323	10.094	-0.89	-0.249
1517161287324	10.228	-1.015	-0.249
1517161287324	10.295	-1.13	-0.22
1517161287331	10.276	-1.197	-0.22
1517161287344	10.199	-1.177	-0.258
1517161287351	10.113	-1.12	-0.268
1517161287361	10.075	-1.024	-0.268
1517161287374	10.027	-0.948	-0.191
1517161287381	10.036	-0.881	-0.124
1517161287391	10.056	-0.785	-0.047
1517161287404	10.075	-0.727	0.028
1517161287411	10.065	-0.66	0.105
1517161287421	10.094	-0.632	0.143
1517161287435	10.161	-0.612	0.114
1517161287441	10.266	-0.632	0.047
1517161287451	10.381	-0.699	0.0
1517161287467	10.419	-0.737	-0.019
1517161287471	10.391	-0.794	-0.009
1517161287483	10.324	-0.842	0.028
1517161287498	10.266	-0.861	0.057
1517161287501	10.18	-0.852	0.076
1517161287513	10.084	-0.861	0.095
1517161287528	9.96	-0.871	0.105
1517161287531	9.816	-0.89	0.095
1517161287567	9.682	-0.89	0.086
1517161287576	9.586	-0.871	0.057
1517161287580	9.557	-0.823	0.057
1517161287582	9.596	-0.794	0.057
1517161287584	9.692	-0.775	0.047
1517161287594	9.864	-0.756	0.047
1517161287610	9.988	-0.775	0.067
1517161287618	10.094	-0.804	0.038
1517161287621	10.18	-0.823	0.047
1517161287632	10.266	-0.842	0.057
1517161287658	10.305	-0.9	0.057
1517161287659	10.333	-0.986	0.047
1517161287664	10.372	-1.043	0.028
1517161287672	10.362	-1.101	0.0
1517161287681	10.391	-1.139	-0.105
1517161287692	10.391	-1.11	-0.181
1517161287705	10.372	-1.11	-0.229
1517161287710	10.372	-1.139	-0.268
1517161287721	10.362	-1.168	-0.249
1517161287735	10.352	-1.177	-0.229
1517161287741	10.295	-1.158	-0.239
1517161287751	10.218	-1.101	-0.229
1517161287766	10.132	-1.043	-0.402
1517161287771	10.075	-1.005	-0.306
1517161287782	10.046	-0.996	-0.536
1517161287797	10.065	-1.015	-0.507
1517161287801	10.094	-1.082	-0.737
1517161287813	10.151	-1.168	-0.689
1517161287828	10.19	-1.302	-0.708
1517161287831	10.18	-1.417	-0.756
1517161287844	10.161	-1.455	-0.842
1517161287859	10.228	-1.474	-1.015
1517161287861	10.716	-1.474	-1.139
1517161287874	10.994	-1.494	-1.149
1517161287888	11.099	-1.551	-1.091
1517161287891	11.31	-1.628	-1.082
1517161287904	11.358	-1.781	-1.139
1517161287919	11.377	-1.781	-1.245
1517161287963	11.358	-1.848	-1.302
1517161287970	11.348	-2.02	-1.321
1517161287978	11.406	-2.174	-1.321
1517161287979	11.454	-2.145	-1.302
1517161287980	11.435	-2.001	-1.292
1517161287980	11.281	-1.896	-1.302
1517161287981	11.032	-1.656	-1.292
1517161287994	10.793	-1.388	-1.359
1517161288007	10.621	-1.053	-1.426
1517161288020	10.41	-0.775	-1.436
1517161288021	10.161	-0.469	-1.446
1517161288031	9.854	-0.153	-1.455
1517161288041	9.481	0.114	-1.455
1517161288053	9.069	0.316	-1.436
1517161288067	8.667	0.421	-1.388
1517161288071	8.207	0.411	-1.197
1517161288081	7.747	0.325	-1.043
1517161288093	7.326	0.143	-0.919
1517161288101	6.933	-0.105	-0.89
1517161288111	6.636	-0.392	-0.833
1517161288127	6.493	-0.679	-0.842
1517161288131	6.435	-0.861	-0.775
1517161288143	6.454	-0.928	-0.632
1517161288155	6.55	-0.957	-0.383
1517161288161	6.742	-0.996	-0.095
1517161288171	7.048	-1.024	0.162
1517161288181	7.422	-1.091	0.258
1517161288191	7.805	-1.149	0.249
1517161288201	8.159	-1.177	0.134
1517161288211	8.504	-1.168	-0.057
1517161288221	8.849	-1.149	-0.296
1517161288231	9.318	-1.168	-0.555
1517161288241	9.902	-1.158	-0.842
1517161288251	10.573	-1.12	-1.072
1517161288262	11.195	-1.11	-1.206
1517161288271	11.655	-1.063	-1.264
1517161288288	11.952	-1.024	-1.235
1517161288305	12.038	-1.063	-1.101
1517161288326	11.923	-1.149	-0.948
1517161288328	11.597	-1.177	-0.852
1517161288337	11.214	-1.206	-0.804
1517161288341	10.908	-1.283	-0.89
1517161288342	10.668	-1.34	-1.082
1517161288355	10.4	-1.58	-1.369
1517161288361	10.4	-1.608	-1.369
1517161288373	10.324	-1.79	-1.379
1517161288389	10.247	-1.944	-1.35
1517161288391	10.199	-2.059	-1.312
1517161288401	10.228	-2.068	-1.254
1517161288414	10.305	-2.001	-1.292
1517161288423	10.515	-1.877	-1.292
1517161288431	10.745	-1.704	-1.34
1517161288444	10.86	-1.484	-1.331
1517161288451	10.889	-1.264	-1.292
1517161288461	10.755	-1.043	-1.168
1517161288473	10.515	-0.814	-1.082
1517161288481	10.247	-0.641	-0.957
1517161288493	9.557	-0.526	-0.708
1517161288501	9.557	-0.44	-0.708
1517161288511	9.261	-0.383	-0.574
1517161288521	9.012	-0.383	-0.545
1517161288531	8.858	-0.373	-0.66
1517161288541	8.849	-0.363	-0.814
1517161288551	8.964	-0.402	-0.852
1517161288562	9.146	-0.45	-0.833
1517161288570	9.443	-0.565	-0.842
1517161288583	9.739	-0.679	-0.727
1517161288591	10.18	-0.823	-0.593
1517161288600	10.391	-0.938	-0.488
1517161288611	10.381	-1.053	-0.354
1517161288623	10.276	-1.101	-0.268
1517161288639	10.142	-0.967	-0.191
1517161288641	9.988	-0.967	-0.181
1517161288654	9.807	-0.651	-0.201
1517161288661	9.625	-0.498	-0.268
1517161288671	9.395	-0.354	-0.363
1517161288715	9.127	-0.268	-0.43
1517161288738	8.82	-0.268	-0.44
1517161288742	8.494	-0.249	-0.383
1517161288748	8.178	-0.335	-0.306
1517161288749	7.968	-0.469	-0.316
1517161288749	8.035	-0.507	-0.478
1517161288750	8.437	-0.622	-0.737
1517161288751	9.261	-0.871	-1.063
1517161288761	10.534	-1.187	-1.35
1517161288772	12.067	-1.628	-1.541
1517161288780	13.589	-2.183	-1.589
1517161288793	14.691	-2.585	-1.551
1517161288805	15.218	-2.643	-1.417
1517161288811	15.084	-2.461	-1.225
1517161288821	14.471	-2.221	-0.823
1517161288832	13.465	-1.877	-0.43
1517161288841	12.22	-1.398	-0.067
1517161288851	10.898	-0.833	0.21
1517161288863	9.72	-0.344	0.402
1517161288871	8.801	0.067	0.507
1517161288881	8.121	0.411	0.536
1517161288892	7.709	0.794	0.45
1517161288901	7.489	1.043	0.277
1517161288911	7.441	1.149	-0.009
1517161288922	7.585	1.072	-0.258
1517161288931	7.824	0.814	-0.421
1517161288941	8.13	0.44	-0.478
1517161288952	8.466	-0.038	-0.45
1517161288961	8.849	-0.526	-0.392
1517161288971	9.261	-0.957	-0.306
1517161288982	9.672	-1.35	-0.181
1517161288991	10.113	-1.656	-0.076
1517161289001	10.506	-1.867	0.009
1517161289014	10.822	-2.049	-0.009
1517161289021	10.984	-2.116	0.0
1517161289031	11.042	-2.068	0.047
1517161289045	11.004	-1.925	0.143
1517161289051	10.889	-1.704	0.143
1517161289091	10.764	-1.436	0.153
1517161289096	10.573	-1.168	0.076
1517161289104	10.41	-0.967	0.0
1517161289107	10.285	-0.842	-0.086
1517161289108	10.132	-0.718	-0.134
1517161289121	9.95	-0.584	-0.22
1517161289122	9.778	-0.45	-0.277
1517161289138	9.692	-0.325	-0.354
1517161289142	9.701	-0.239	-0.335
1517161289151	9.807	-0.22	-0.325
1517161289162	9.931	-0.21	-0.134
1517161289171	10.027	-0.249	-0.134
1517161289181	10.036	-0.306	-0.086
1517161289192	10.017	-0.383	-0.076
1517161289201	9.96	-0.507	-0.076
1517161289212	9.931	-0.641	-0.095
1517161289224	9.912	-0.804	-0.114
1517161289231	9.921	-0.976	-0.114
1517161289241	9.941	-1.12	-0.067
1517161289254	9.921	-1.264	0.038
1517161289265	9.921	-1.35	0.095
1517161289271	9.893	-1.398	0.143
1517161289283	9.893	-1.407	0.21
1517161289291	9.921	-1.379	0.22
1517161289301	9.96	-1.34	0.201
1517161289313	10.151	-1.302	0.191
1517161289321	10.027	-1.187	0.114
1517161289331	10.084	-1.101	0.067
1517161289342	10.084	-0.928	-0.009
1517161289384	10.094	-0.928	-0.019
1517161289385	10.065	-0.852	-0.028
1517161289386	10.036	-0.823	-0.038
1517161289386	9.979	-0.785	-0.047
1517161289391	9.96	-0.775	-0.019
1517161289402	9.912	-0.804	0.028
1517161289410	9.912	-0.823	0.028
1517161289421	9.921	-0.833	0.057
1517161289432	9.998	-0.89	0.019
1517161289451	10.056	-0.928	-0.019
1517161289453	10.142	-0.986	0.0
1517161289476	10.209	-1.034	-0.047
1517161289477	10.237	-1.082	-0.067
1517161289490	10.257	-1.101	-0.095
1517161289492	10.266	-1.13	-0.124
1517161289501	10.276	-1.13	-0.114
1517161289518	10.314	-1.13	-0.095
1517161289525	10.372	-1.149	-0.114
1517161289531	10.419	-1.139	-0.114
1517161289554	10.448	-1.13	-0.124
1517161289555	10.419	-1.091	-0.124
1517161289561	10.324	-1.063	-0.124
1517161289571	10.218	-1.024	-0.086
1517161289584	10.132	-1.015	-0.124
1517161289591	10.056	-0.986	-0.181
1517161289601	10.017	-1.005	-0.296
1517161289613	10.017	-1.015	-0.478
1517161289621	9.998	-1.015	-0.689
1517161289635	10.046	-1.024	-0.928
1517161289644	10.17	-1.043	-1.168
1517161289651	10.343	-1.082	-1.379
1517161289661	10.63	-1.11	-1.474
1517161289675	10.937	-1.206	-1.494
1517161289681	11.214	-1.331	-1.484
1517161289691	11.415	-1.503	-1.417
1517161289703	11.53	-1.58	-1.426
1517161289713	11.626	-1.589	-1.503
1517161289721	11.741	-1.532	-1.599
1517161289733	11.866	-1.465	-1.676
1517161289742	11.856	-1.388	-1.685
1517161289751	11.76	-1.331	-1.666
1517161289763	11.607	-1.379	-1.561
1517161289770	11.454	-1.446	-1.407
1517161289781	11.262	-1.513	-1.359
1517161289793	11.109	-1.503	-1.283
1517161289800	10.946	-1.455	-1.254
1517161289811	10.783	-1.359	-1.235
1517161289835	10.544	-1.264	-1.158
1517161289839	10.237	-1.177	-1.158
1517161289845	9.902	-1.11	-1.072
1517161289855	9.529	-0.996	-0.938
1517161289861	9.069	-0.871	-0.814
1517161289871	8.552	-0.766	-0.756
1517161289883	7.518	-0.718	-0.574
1517161289890	7.489	-0.67	-0.574
1517161289901	6.991	-0.612	-0.498
1517161289913	6.215	-0.507	-0.383
1517161289921	6.215	-0.383	-0.383
1517161289931	5.966	-0.277	-0.335
1517161289943	5.861	-0.287	-0.373
1517161289951	5.861	-0.354	-0.526
1517161289961	5.937	-0.45	-0.593
1517161289975	6.215	-0.718	-0.747
1517161289981	6.215	-0.699	-0.861
1517161289991	6.751	-0.842	-0.919
1517161290004	7.173	-1.177	-0.948
1517161290011	7.786	-1.177	-0.909
1517161290021	8.341	-1.292	-0.9
1517161290033	9.117	-1.57	-0.938
1517161290041	9.874	-1.541	-1.024
1517161290051	10.563	-1.666	-1.13
1517161290065	11.061	-1.925	-1.264
1517161290071	11.387	-2.097	-1.484
1517161290081	11.626	-2.011	-1.857
1517161290097	11.818	-2.039	-2.25
1517161290101	11.923	-1.963	-2.461
1517161290112	11.741	-1.81	-2.375
1517161290126	11.339	-1.637	-1.972
1517161290131	10.755	-1.417	-1.532
1517161290142	10.084	-1.149	-1.216
1517161290157	9.5	-0.852	-1.101
1517161290161	9.174	-0.612	-1.187
1517161290172	9.155	-0.383	-1.302
1517161290186	9.462	-0.22	-1.35
1517161290191	10.056	-0.153	-1.235
1517161290227	10.745	-0.201	-0.957
1517161290244	11.396	-0.306	-0.67
1517161290246	11.923	-0.498	-0.526
1517161290249	12.364	-0.632	-0.545
1517161290251	12.699	-0.766	-0.699
1517161290253	12.881	-0.909	-0.9
1517161290264	12.852	-1.034	-1.015
1517161290276	12.546	-1.11	-0.986
1517161290281	12.124	-1.11	-0.881
1517161290297	11.607	-1.005	-0.718
1517161290315	10.937	-0.871	-0.498
1517161290321	10.199	-0.708	-0.296
1517161290322	9.548	-0.536	-0.134
1517161290338	9.059	-0.383	-0.086
1517161290341	8.772	-0.277	-0.086
1517161290351	8.667	-0.22	-0.181
1517161290368	8.983	-0.21	-0.45
1517161290381	9.289	-0.373	-0.507
1517161290394	9.615	-0.526	-0.517
1517161290401	9.931	-0.689	-0.517
1517161290411	10.161	-0.842	-0.469
1517161290423	10.352	-0.967	-0.44
1517161290431	10.419	-1.034	-0.459
1517161290441	10.41	-1.082	-0.469
1517161290458	10.237	-1.091	-0.641
1517161290471	10.094	-1.091	-0.67
1517161290486	9.577	-1.072	-0.584
1517161290491	9.663	-1.053	-0.584
1517161290506	9.615	-0.814	-0.555
1517161290516	9.787	-0.909	-0.507
1517161290521	9.787	-0.871	-0.507
1517161290531	10.017	-0.814	-0.373
1517161290549	10.228	-0.804	-0.325
1517161290561	10.544	-0.747	-0.249
1517161290576	10.525	-0.766	-0.201
1517161290606	10.036	-0.804	-0.181
1517161290611	10.036	-0.766	-0.181
1517161290621	9.778	-0.766	-0.181
1517161290661	9.519	-0.775	-0.191
1517161290666	9.146	-0.842	-0.268
1517161290671	9.146	-0.842	-0.296
1517161290673	9.04	-0.9	-0.363
1517161290675	8.992	-0.957	-0.44
1517161290690	8.992	-1.015	-0.574
1517161290692	9.232	-1.082	-0.67
1517161290701	9.538	-1.12	-0.766
1517161290711	9.778	-1.206	-0.823
1517161290725	10.103	-1.273	-0.842
1517161290738	10.448	-1.292	-0.794
1517161290741	10.697	-1.273	-0.699
1517161290753	10.879	-1.235	-0.603
1517161290761	10.965	-1.12	-0.517
1517161290771	10.984	-0.632	-0.459
1517161290786	10.889	-0.574	-0.373
1517161290791	10.764	-0.153	-0.344
1517161290805	10.554	0.076	-0.306
1517161290815	10.324	0.22	-0.268
1517161290821	10.103	0.373	-0.258
1517161290831	9.864	0.498	-0.268
1517161290848	9.653	0.574	-0.277
1517161290851	9.49	0.584	-0.306
1517161290862	9.347	0.526	-0.325
1517161290874	9.222	0.354	-0.325
1517161290881	9.146	0.114	-0.306
1517161290891	9.088	-0.162	-0.258
1517161290907	9.117	-0.459	-0.21
1517161290911	9.232	-0.737	-0.172
1517161290921	9.376	-1.015	-0.162
1517161290934	9.586	-1.245	-0.153
1517161290940	9.874	-1.446	-0.162
1517161290951	10.142	-1.628	-0.153
1517161290964	10.372	-1.762	-0.153
1517161290971	10.573	-1.838	-0.172
1517161290981	10.697	-1.857	-0.162
1517161290996	10.774	-1.877	-0.105
1517161291001	10.803	-1.819	-0.019
1517161291032	10.803	-1.733	0.019
1517161291034	10.707	-1.599	0.076
1517161291037	10.63	-1.436	0.086
1517161291043	10.506	-1.283	0.124
1517161291051	10.324	-1.13	0.134
1517161291067	10.17	-0.976	0.095
1517161291075	10.008	-0.814	0.038
1517161291088	9.864	-0.708	0.009
1517161291092	9.759	-0.584	-0.057
1517161291101	9.711	-0.545	-0.095
1517161291118	9.663	-0.536	-0.162
1517161291121	9.615	-0.498	-0.181
1517161291131	9.615	-0.526	-0.201
1517161291146	9.644	-0.555	-0.191
1517161291151	9.692	-0.565	-0.172
1517161291161	9.72	-0.603	-0.124
1517161291175	9.807	-0.632	-0.076
1517161291181	9.912	-0.641	-0.086
1517161291191	10.084	-0.66	-0.105
1517161291206	10.305	-0.651	-0.172
1517161291211	10.458	-0.67	-0.172
1517161291222	10.554	-0.737	-0.172
1517161291238	10.496	-0.842	-0.22
1517161291241	10.362	-0.967	-0.22
1517161291253	10.209	-1.043	-0.229
1517161291268	10.094	-1.101	-0.009
1517161291271	10.008	-1.101	-0.028
1517161291283	9.979	-1.072	0.249
1517161291298	9.969	-1.034	0.191
1517161291301	9.95	-0.967	0.277
1517161291317	9.96	-0.909	0.344
1517161291329	9.941	-0.852	0.296
1517161291331	9.931	-0.833	0.296
1517161291344	9.883	-0.785	0.249
1517161291355	9.874	-0.747	0.21
1517161291361	9.845	-0.689	0.028
1517161291371	9.845	-0.632	0.134
1517161291385	9.874	-0.593	0.143
1517161291404	9.941	-0.574	0.181
1517161291405	10.17	-0.574	0.191
1517161291427	10.065	-0.632	0.181
1517161291430	10.113	-0.612	0.181
1517161291431	10.084	-0.612	0.181
1517161291443	10.103	-0.555	0.181
1517161291455	10.151	-0.498	0.191
1517161291464	10.228	-0.469	0.249
1517161291478	10.314	-0.469	0.306
1517161291481	10.372	-0.536	0.287
1517161291492	10.41	-0.737	0.239
1517161291510	10.419	-0.612	0.181
1517161291511	10.419	-0.651	0.201
1517161291528	10.439	-0.747	0.21
1517161291536	10.477	-0.852	0.181
1517161291541	10.534	-0.957	0.124
1517161291551	10.563	-0.976	0.019
1517161291565	10.544	-1.005	-0.124
1517161291571	10.419	-1.034	-0.249
1517161291581	10.257	-1.139	-0.383
1517161291596	10.103	-1.245	-0.478
1517161291601	10.027	-1.331	-0.526
1517161291611	10.027	-1.407	-0.612
1517161291628	10.103	-1.484	-0.737
1517161291631	10.18	-1.541	-0.852
1517161291643	10.266	-1.608	-0.957
1517161291655	10.324	-1.704	-1.015
1517161291661	10.381	-1.79	-1.12
1517161291671	10.496	-1.819	-1.197
1517161291685	10.659	-1.771	-1.312
1517161291691	10.831	-1.752	-1.369
1517161291701	10.965	-1.714	-1.379
1517161291711	10.975	-1.704	-1.302
1517161291721	10.908	-1.743	-1.206
1517161291731	10.879	-1.81	-1.043
1517161291748	10.889	-1.867	-0.976
1517161291751	10.975	-1.934	-0.986
1517161291763	11.176	-2.039	-1.005
1517161291784	11.368	-2.174	-1.015
1517161291797	11.502	-2.288	-1.015
1517161291799	11.559	-2.298	-1.063
1517161291810	11.578	-2.106	-1.177
1517161291814	11.502	-1.781	-1.283
1517161291824	11.329	-1.436	-1.369
1517161291833	11.013	-1.101	-1.388
1517161291841	10.544	-0.794	-1.379
1517161291853	10.075	-0.517	-1.369
1517161291861	9.634	-0.249	-1.321
1517161291871	9.241	-0.086	-1.292
1517161291883	8.925	0.009	-1.149
1517161291891	8.6	0.143	-0.996
1517161291901	8.322	0.258	-0.794
1517161291911	8.025	0.383	-0.651
1517161291921	7.757	0.488	-0.478
1517161291931	7.565	0.526	-0.325
1517161291941	7.412	0.507	-0.268
1517161291951	7.23	0.459	-0.316
1517161291961	7.048	0.325	-0.373
1517161291973	6.895	0.134	-0.45
1517161291981	6.751	-0.038	-0.45
1517161291991	6.617	-0.191	-0.43
1517161292004	6.531	-0.392	-0.402
1517161292011	6.474	-0.641	-0.402
1517161292021	6.426	-0.861	-0.459
1517161292035	6.56	-1.072	-0.574
1517161292041	6.56	-1.273	-0.574
1517161292053	6.771	-1.426	-0.584
1517161292064	7.546	-1.58	-0.612
1517161292071	7.498	-1.637	-0.66
1517161292081	7.987	-1.685	-0.747
1517161292094	8.581	-1.714	-0.89
1517161292101	10.056	-1.695	-1.12
1517161292111	10.841	-1.647	-1.474
1517161292124	11.617	-1.589	-1.838
1517161292134	12.23	-1.589	-2.164
1517161292142	12.689	-1.561	-2.26
1517161292170	12.66	-1.379	-2.087
1517161292176	12.191	-1.379	-1.857
1517161292178	11.636	-1.283	-1.704
1517161292184	11.147	-1.264	-1.494
1517161292191	10.86	-1.206	-1.302
1517161292201	10.812	-0.957	-1.13
1517161292213	10.908	-0.632	-0.919
1517161292221	11.138	-0.756	-0.67
1517161292231	11.377	-0.498	-0.383
1517161292242	11.626	-0.43	-0.153
1517161292251	11.818	-0.411	-0.143
1517161292261	11.942	-0.383	-0.383
1517161292272	11.981	-0.296	-0.756
1517161292281	12.038	-0.191	-1.13
1517161292291	12.086	-0.153	-1.35
1517161292303	12.038	-0.316	-1.34
1517161292311	11.827	-0.612	-1.158
1517161292324	11.511	-0.957	-0.986
1517161292339	11.042	-1.273	-0.747
1517161292341	10.496	-1.541	-0.517
1517161292351	9.864	-1.771	-0.316
1517161292362	9.241	-1.925	-0.306
1517161292371	8.763	-1.982	-0.43
1517161292386	8.485	-1.896	-0.823
1517161292392	8.408	-1.704	-0.852
1517161292401	8.504	-1.446	-0.986
1517161292411	8.676	-1.11	-0.996
1517161292422	8.82	-0.718	-0.861
1517161292431	9.021	-0.354	-0.603
1517161292441	9.241	-0.038	-0.383
1517161292455	9.471	0.249	-0.258
1517161292461	9.768	0.507	-0.21
1517161292471	10.103	0.737	-0.239
1517161292482	10.419	0.842	-0.277
1517161292491	10.697	0.814	-0.383
1517161292501	10.87	0.689	-0.469
1517161292531	10.927	0.507	-0.603
1517161292532	10.812	0.277	-0.737
1517161292555	10.621	0.095	-0.727
1517161292567	10.439	-0.114	-0.699
1517161292568	10.19	-0.268	-0.555
1517161292569	9.96	-0.44	-0.45
1517161292579	9.73	-0.66	-0.402
1517161292589	9.567	-0.957	-0.363
1517161292600	9.433	-1.312	-0.45
1517161292603	9.328	-1.695	-0.555
1517161292616	9.328	-2.039	-0.603
1517161292627	9.462	-2.288	-0.699
1517161292636	9.73	-2.394	-0.756
1517161292641	10.075	-2.298	-0.785
1517161292652	10.372	-2.078	-0.842
1517161292667	10.649	-1.79	-0.775
1517161292671	10.87	-1.474	-0.775
1517161292682	11.099	-1.12	-0.689
1517161292695	11.214	-0.747	-0.526
1517161292701	11.291	-0.296	-0.296
1517161292711	11.243	0.153	0.009
1517161292722	10.956	0.526	0.325
1517161292731	10.534	0.823	0.545
1517161292741	10.075	0.948	0.689
1517161292753	9.605	0.957	0.67
1517161292761	9.241	0.814	0.517
1517161292771	8.935	0.584	0.612
1517161292782	8.772	0.296	0.44
1517161292791	8.734	-0.038	0.383
1517161292801	8.82	-0.325	0.344
1517161292814	9.021	-0.593	0.316
1517161292832	9.615	-0.794	0.325
1517161292834	9.73	-0.986	0.344
1517161292847	10.123	-1.168	0.373
1517161292851	10.305	-1.168	0.344
1517161292862	10.429	-1.158	0.316
1517161292878	10.439	-1.082	0.239
1517161292881	10.391	-1.082	0.105
1517161292892	10.285	-0.986	0.009
1517161292906	10.161	-0.842	-0.028
1517161292951	9.998	-0.842	-0.047
1517161292969	9.845	-0.612	-0.076
1517161292974	9.711	-0.526	-0.086
1517161292975	9.701	-0.469	-0.095
1517161292975	9.72	-0.421	-0.114
1517161292976	9.778	-0.392	-0.114
1517161292977	9.845	-0.363	-0.086
1517161292990	9.95	-0.344	-0.076
1517161292997	10.027	-0.363	-0.038
1517161293001	10.123	-0.402	0.0
1517161293017	10.228	-0.45	0.057
1517161293028	10.276	-0.517	0.105
1517161293031	10.295	-0.593	0.124
1517161293041	10.295	-0.632	0.143
1517161293055	10.237	-0.651	0.124
1517161293061	10.18	-0.689	0.134
1517161293071	10.113	-0.708	0.124
1517161293084	10.046	-0.718	0.134
1517161293091	9.979	-0.747	0.095
1517161293101	9.931	-0.747	0.057
1517161293114	9.835	-0.747	0.028
1517161293121	9.797	-0.737	-0.028
1517161293131	9.787	-0.718	-0.019
1517161293142	9.797	-0.708	-0.028
1517161293151	9.845	-0.699	-0.028
1517161293161	9.874	-0.67	-0.038
1517161293181	9.912	-0.593	-0.047
1517161293191	9.912	-0.555	-0.028
1517161293205	9.921	-0.536	-0.076
1517161293211	9.912	-0.536	-0.114
1517161293221	9.912	-0.517	-0.134
1517161293236	9.931	-0.565	-0.172
1517161293241	9.931	-0.622	-0.172
1517161293251	9.95	-0.66	-0.162
1517161293266	9.96	-0.747	-0.172
1517161293271	10.008	-0.833	-0.162
1517161293281	10.046	-0.919	-0.114
1517161293296	10.075	-1.015	-0.124
1517161293335	10.094	-1.101	-0.124
1517161293348	10.094	-1.197	-0.114
1517161293349	9.874	-1.216	-0.114
1517161293351	10.008	-1.206	-0.114
1517161293354	9.998	-1.197	-0.201
1517161293355	10.027	-1.187	-0.268
1517161293367	10.056	-1.168	-0.296
1517161293380	10.056	-1.13	-0.344
1517161293387	10.046	-1.082	-0.43
1517161293391	10.017	-1.034	-0.43
1517161293408	9.96	-0.976	-0.469
1517161293417	9.941	-0.948	-0.498
1517161293421	9.912	-0.928	-0.498
1517161293431	9.921	-0.957	-0.498
1517161293443	9.941	-1.005	-0.536
1517161293451	9.941	-1.072	-0.536
1517161293461	9.96	-1.139	-0.603
1517161293473	10.046	-1.225	-0.842
1517161293481	10.046	-1.264	-0.996
1517161293491	10.142	-1.35	-0.976
1517161293503	10.19	-1.589	-1.024
1517161293511	10.19	-1.541	-1.053
1517161293534	10.142	-1.58	-1.12
1517161293541	10.295	-1.589	-1.13
1517161293551	10.19	-1.551	-1.139
1517161293565	10.285	-1.551	-1.12
1517161293571	10.295	-1.541	-1.091
1517161293581	10.266	-1.541	-1.043
1517161293596	10.209	-1.388	-0.996
1517161293601	10.142	-1.503	-1.005
1517161293612	10.103	-1.273	-0.976
1517161293626	10.113	-1.35	-0.928
1517161293631	10.094	-1.12	-0.881
1517161293641	10.046	-1.197	-0.89
1517161293656	9.96	-1.024	-0.909
1517161293661	9.883	-0.919	-0.938
1517161293671	9.864	-0.814	-0.967
1517161293686	9.912	-0.747	-0.967
1517161293721	10.017	-0.737	-0.957
1517161293736	10.19	-0.842	-0.909
1517161293738	10.362	-1.005	-0.957
1517161293740	10.554	-1.187	-1.053
1517161293741	10.707	-1.379	-1.216
1517161293742	10.87	-1.532	-1.388
1517161293759	11.032	-1.647	-1.561
1517161293766	11.128	-1.723	-1.704
1517161293778	11.195	-1.723	-1.829
1517161293781	11.291	-1.695	-1.905
1517161293791	11.425	-1.637	-2.049
1517161293806	11.559	-1.541	-2.126
1517161293811	11.617	-1.436	-2.145
1517161293821	11.578	-1.35	-2.097
1517161293835	11.454	-1.436	-2.03
1517161293841	11.243	-1.599	-2.02
1517161293851	11.061	-1.743	-2.02
1517161293863	11.004	-1.819	-2.039
1517161293871	11.08	-1.81	-2.126
1517161293881	11.224	-1.781	-2.193
1517161293894	11.243	-1.819	-2.145
1517161293901	11.195	-1.934	-1.982
1517161293911	11.08	-2.001	-1.8
1517161293924	10.879	-1.953	-1.714
1517161293931	10.611	-1.81	-1.714
1517161293941	10.285	-1.656	-1.762
1517161293956	9.874	-1.503	-1.733
1517161293961	9.443	-1.302	-1.58
1517161293971	8.945	-1.053	-1.359
1517161293983	8.427	-0.804	-1.11
1517161293991	7.949	-0.584	-0.881
1517161294001	7.489	-0.498	-0.718
1517161294014	7.115	-0.488	-0.622
1517161294021	6.742	-0.536	-0.526
1517161294031	6.387	-0.603	-0.507
1517161294045	5.755	-0.699	-0.545
1517161294051	5.794	-0.785	-0.545
1517161294061	5.679	-0.928	-0.536
1517161294083	5.66	-1.082	-0.469
1517161294089	5.707	-1.11	-0.45
1517161294092	5.794	-1.101	-0.545
1517161294107	5.842	-1.091	-0.718
1517161294112	5.947	-1.063	-0.928
1517161294121	6.138	-1.063	-1.053
1517161294134	6.435	-1.11	-1.225
1517161294141	6.857	-1.245	-1.225
1517161294151	7.383	-1.379	-1.34
1517161294164	8.083	-1.532	-1.522
1517161294171	8.887	-1.618	-1.867
1517161294181	9.73	-1.695	-1.848
1517161294197	11.329	-1.752	-2.011
1517161294201	11.262	-1.877	-2.059
1517161294214	11.866	-2.059	-2.03
1517161294227	12.603	-2.269	-1.896
1517161294231	12.546	-2.461	-1.733
1517161294242	12.747	-2.461	-1.608
1517161294257	12.373	-2.279	-1.513
1517161294261	12.268	-2.011	-1.513
1517161294272	12.057	-1.656	-1.446
1517161294287	12.191	-1.225	-1.359
1517161294291	12.287	-0.785	-1.321
1517161294302	12.325	-0.411	-1.369
1517161294317	12.258	-0.172	-1.417
1517161294321	12.134	0.019	-1.369
1517161294345	11.942	0.038	-1.273
1517161294357	11.339	-0.268	-1.139
1517161294362	11.042	-0.804	-1.149
1517161294374	10.889	-0.967	-1.158
1517161294381	10.764	-1.015	-1.091
1517161294391	10.649	-0.948	-0.919
1517161294407	10.391	-0.833	-0.775
1517161294411	10.036	-0.699	-0.641
1517161294421	9.577	-0.593	-0.632
1517161294435	9.165	-0.498	-0.641
1517161294441	8.705	-0.354	-0.641
1517161294453	8.303	-0.249	-0.584
1517161294486	8.025	-0.249	-0.402
1517161294496	7.834	-0.325	-0.191
1517161294502	7.68	-0.478	0.114
1517161294506	7.565	-0.622	0.44
1517161294512	7.652	-0.756	0.718
1517161294518	8.035	-0.842	0.89
1517161294524	8.533	-0.89	0.986
1517161294535	9.098	-0.881	1.005
1517161294543	9.739	-0.842	1.005
1517161294557	10.467	-0.804	0.948
1517161294561	11.138	-0.804	0.871
1517161294573	11.799	-0.842	0.679
1517161294588	12.316	-0.928	0.507
1517161294591	12.584	-1.043	0.507
1517161294601	12.536	-1.12	0.632
1517161294614	12.162	-1.206	0.871
1517161294621	11.626	-1.321	1.197
1517161294633	11.023	-1.35	1.302
1517161294645	10.554	-1.379	1.283
1517161294651	10.209	-1.465	1.082
1517161294661	10.056	-1.58	0.9
1517161294675	10.046	-1.656	0.67
1517161294682	10.017	-1.647	0.507
1517161294691	9.96	-1.608	0.469
1517161294704	9.902	-1.551	0.45
1517161294711	9.835	-1.446	0.469
1517161294721	9.826	-1.292	0.498
1517161294736	9.72	-1.139	0.526
1517161294741	9.529	-1.206	0.565
1517161294752	9.356	-1.245	0.593
1517161294766	9.347	-1.264	0.459
1517161294773	9.347	-1.139	0.249
1517161294781	9.318	-1.034	0.249
1517161294794	9.289	-0.948	0.067
1517161294801	9.28	-0.814	0.067
1517161294811	9.366	-0.593	0.105
1517161294825	9.423	-0.459	0.268
1517161294831	9.481	-0.335	0.268
1517161294869	9.615	-0.21	0.325
1517161294884	9.682	-0.038	0.335
1517161294887	9.807	0.095	0.335
1517161294892	9.96	0.258	0.287
1517161294895	10.046	0.335	0.43
1517161294896	10.036	0.296	0.325
1517161294906	9.988	0.229	0.392
1517161294917	9.864	0.162	0.565
1517161294921	9.768	0.105	0.794
1517161294934	9.672	0.028	1.034
1517161294941	9.625	0.009	1.283
1517161294951	9.596	-0.028	1.503
1517161294961	9.586	-0.095	1.743
1517161294975	9.653	-0.114	1.857
1517161294981	10.056	-0.057	1.867
1517161294991	10.218	-0.047	1.771
1517161295006	10.391	-0.124	1.647
1517161295011	10.458	-0.181	1.57
1517161295021	10.448	-0.287	1.465
1517161295037	10.41	-0.402	1.407
1517161295041	10.486	-0.478	1.398
1517161295051	10.506	-0.45	1.407
1517161295065	10.439	-0.421	1.369
1517161295071	10.324	-0.402	1.321
1517161295081	10.142	-0.373	1.254
1517161295095	9.931	-0.363	1.283
1517161295101	9.759	-0.249	1.34
1517161295112	9.625	-0.124	1.455
1517161295127	9.481	-0.009	1.541
1517161295131	9.366	0.028	1.522
1517161295143	9.289	0.0	1.465
1517161295158	9.308	-0.038	1.379
1517161295161	9.347	-0.124	1.235
1517161295174	9.452	-0.191	1.168
1517161295189	9.596	-0.239	1.12
1517161295191	9.739	-0.277	1.082
1517161295203	9.874	-0.277	1.091
1517161295220	9.941	-0.249	1.11
1517161295252	10.017	-0.229	1.139
1517161295258	10.075	-0.191	1.11
1517161295259	10.123	-0.162	1.072
1517161295261	10.18	-0.124	1.053
1517161295268	10.228	-0.105	1.053
1517161295278	10.266	-0.057	1.053
1517161295283	10.276	-0.086	1.043
1517161295293	10.295	-0.067	1.024
1517161295311	10.276	-0.076	0.996
1517161295312	10.209	-0.134	0.938
1517161295322	10.123	-0.191	0.928
1517161295338	10.046	-0.277	0.881
1517161295341	9.95	-0.316	0.842
1517161295352	9.883	-0.344	0.823
1517161295366	9.854	-0.392	0.833
1517161295371	9.835	-0.421	0.852
1517161295381	9.883	-0.45	0.89
1517161295395	9.931	-0.43	0.861
1517161295401	9.931	-0.411	0.852
1517161295411	9.902	-0.411	0.852
1517161295426	9.816	-0.421	0.89
1517161295431	9.759	-0.411	0.9
1517161295443	9.701	-0.392	0.928
1517161295458	9.682	-0.411	0.909
1517161295461	9.682	-0.421	0.881
1517161295474	9.72	-0.43	0.861
1517161295489	9.711	-0.478	0.842
1517161295491	9.72	-0.498	0.871
1517161295504	9.778	-0.555	0.9
1517161295519	9.854	-0.555	0.9
1517161295521	9.941	-0.574	0.881
1517161295534	9.988	-0.612	0.919
1517161295541	10.017	-0.612	0.919
1517161295551	10.017	-0.641	0.9
1517161295564	10.027	-0.651	0.833
1517161295571	10.008	-0.651	0.785
1517161295581	9.998	-0.651	0.785
1517161295594	9.96	-0.622	0.938
1517161295634	9.96	-0.574	0.938
1517161295646	9.95	-0.536	0.996
1517161295649	9.921	-0.498	0.976
1517161295650	9.921	-0.459	0.948
1517161295658	9.921	-0.459	0.938
1517161295659	9.912	-0.478	0.9
1517161295666	9.893	-0.526	0.823
1517161295672	9.883	-0.574	0.306
1517161295691	10.123	-0.632	-0.632
1517161295694	9.883	-1.043	-0.153
1517161295702	9.941	-0.775	-0.162
1517161295716	10.123	-0.986	0.593
1517161295721	10.036	-0.718	1.494
1517161295731	10.084	-0.45	2.279
1517161295744	9.979	-0.306	2.604
1517161295751	9.826	-0.306	2.423
1517161295761	9.739	-0.536	2.078
1517161295774	9.711	-0.478	1.771
1517161295788	9.759	-0.545	1.494
1517161295791	9.826	-0.622	1.398
1517161295803	9.787	-0.67	1.292
1517161295811	9.749	-0.67	1.091
1517161295823	9.759	-0.708	0.67
1517161295834	9.749	-0.718	0.153
