timestamp	x	y	z
1511106699472	9.759	1.292	0.948
1511106699495	9.768	1.264	0.957
1511106699496	9.787	1.283	0.938
1511106699517	9.787	1.273	0.938
1511106699529	9.816	1.283	0.986
1511106699534	9.797	1.292	0.996
1511106699541	9.778	1.321	0.986
1511106699553	9.778	1.292	1.015
1511106699574	9.768	1.321	1.034
1511106699583	9.797	1.331	1.034
1511106699598	9.768	1.321	1.063
1511106699601	9.759	1.321	1.043
1511106699613	9.768	1.273	1.024
1511106699628	9.816	1.283	1.005
1511106699631	9.845	1.312	0.976
1511106699643	9.826	1.302	0.976
1511106699658	9.768	1.264	0.967
1511106699664	9.787	1.254	0.957
1511106699673	9.816	1.273	0.938
1511106699688	9.835	1.312	0.938
1511106699691	9.835	1.225	0.948
1511106699704	9.826	1.139	1.015
1511106699719	9.864	1.091	1.024
1511106699721	9.864	1.091	1.005
1511106699734	9.72	1.149	1.005
1511106699743	9.835	1.216	0.957
1511106699751	9.797	1.273	0.967
1511106699766	9.845	1.302	0.986
1511106699774	9.845	1.302	0.938
1511106699781	9.845	1.254	0.957
1511106699794	9.826	1.273	0.957
1511106699812	9.807	1.292	0.996
1511106699813	9.921	1.13	0.948
1511106699824	10.065	0.814	0.938
1511106699838	10.295	0.411	0.689
1511106699841	10.659	-0.239	0.737
1511106699857	10.831	-0.373	0.996
1511106699864	10.621	-0.287	1.139
1511106699871	10.506	0.526	1.407
1511106699884	10.534	1.647	1.254
1511106699897	10.295	2.221	1.216
1511106699903	9.96	2.365	0.928
1511106699915	9.787	2.375	1.091
1511106699968	10.027	2.461	1.177
1511106699976	10.209	2.566	1.005
1511106699986	10.247	2.48	1.388
1511106699993	9.988	2.413	1.398
1511106699998	9.672	2.279	1.513
1511106700007	9.462	2.02	1.426
1511106700009	9.538	1.8	1.292
1511106700013	9.797	1.57	1.168
1511106700016	10.008	1.245	1.245
1511106700017	10.084	1.082	1.149
1511106700041	10.027	1.043	1.177
1511106700042	9.778	1.024	1.158
1511106700043	9.701	0.996	1.005
1511106700065	9.854	1.11	0.852
1511106700070	9.921	1.245	0.785
1511106700084	9.778	1.379	0.737
1511106700108	9.567	1.484	0.689
1511106700109	9.404	1.561	0.603
1511106700113	9.404	1.57	0.718
1511106700114	9.443	1.628	0.823
1511106700123	9.443	1.666	0.756
1511106700131	9.376	1.685	0.814
1511106700141	9.328	1.58	0.881
1511106700151	9.289	1.455	0.881
1511106700161	9.318	1.407	1.024
1511106700171	9.395	1.494	1.101
1511106700191	9.289	1.407	1.12
1511106700201	9.27	1.331	1.072
1511106700211	9.318	1.264	1.053
1511106700221	9.347	1.321	1.043
1511106700231	9.289	1.465	1.063
1511106700241	9.251	1.733	1.024
1511106700251	9.203	1.819	0.976
1511106700261	9.241	1.714	0.948
1511106700272	9.366	1.474	0.785
1511106700281	9.51	1.149	0.871
1511106700291	9.663	1.024	0.957
1511106700302	9.73	0.957	0.919
1511106700311	9.739	0.938	0.881
1511106700321	9.73	1.015	0.852
1511106700332	9.557	1.024	0.373
1511106700341	9.299	0.794	0.43
1511106700351	9.356	0.708	0.44
1511106700362	9.692	0.967	0.747
1511106700371	10.046	1.206	0.67
1511106700381	10.237	1.369	0.986
1511106700392	10.17	1.503	0.861
1511106700401	9.941	1.426	0.708
1511106700411	9.692	1.187	0.699
1511106700422	9.692	1.053	0.555
1511106700431	9.711	0.967	0.488
1511106700441	9.749	1.015	0.411
1511106700452	9.874	1.235	0.402
1511106700461	9.874	1.541	0.43
1511106700471	9.988	1.771	0.622
1511106700482	9.893	1.819	0.794
1511106700491	9.72	1.714	0.996
1511106700501	9.634	1.474	1.101
1511106700512	9.692	0.9	1.264
1511106700521	9.816	0.9	1.197
1511106700531	9.931	0.814	0.986
1511106700542	10.008	1.043	0.785
1511106700551	9.998	1.197	0.612
1511106700577	10.036	1.388	0.584
1511106700578	9.998	1.388	0.679
1511106700582	9.893	1.283	0.794
1511106700591	9.739	1.034	0.804
1511106700602	9.644	0.814	1.063
1511106700611	9.692	0.804	1.139
1511106700621	9.864	0.948	1.264
1511106700632	10.017	1.101	1.216
1511106700641	9.969	1.12	1.101
1511106700674	9.797	1.091	1.082
1511106700677	9.778	1.139	1.091
1511106700681	9.797	1.149	1.101
1511106700682	9.749	1.177	1.072
1511106700699	9.644	1.197	1.082
1511106700702	9.519	1.139	0.986
1511106700715	9.481	0.986	0.948
1511106700724	9.625	0.737	0.909
1511106700731	10.036	0.804	0.967
1511106700741	10.19	1.082	0.938
1511106700752	10.065	1.168	0.909
1511106700761	10.008	1.053	0.775
1511106700771	10.123	1.063	0.842
1511106700796	10.199	1.024	0.842
1511106700797	10.209	1.024	0.775
1511106700802	10.046	1.072	0.67
1511106700811	9.845	1.149	0.584
1511106700821	9.902	1.11	0.44
1511106700831	10.113	1.11	0.43
1511106700842	10.266	1.072	0.402
1511106700851	10.237	1.082	0.488
1511106700861	10.123	1.158	0.66
1511106700872	10.036	1.245	0.699
1511106700881	9.893	1.206	0.727
1511106700891	9.787	1.034	0.766
1511106700902	9.835	1.034	0.871
1511106700911	9.902	1.139	0.957
1511106700921	9.797	1.292	0.919
1511106700932	9.605	1.484	0.833
1511106700941	9.423	1.695	0.766
1511106700951	9.337	1.781	0.632
1511106700962	9.404	1.637	0.574
1511106700971	9.548	1.484	0.612
1511106700981	9.557	1.436	0.699
1511106700991	9.443	1.407	0.689
1511106701001	9.328	1.494	0.785
1511106701011	9.337	1.474	0.833
1511106701021	9.433	1.197	0.747
1511106701031	9.605	0.967	0.747
1511106701042	9.787	0.909	0.775
1511106701054	9.921	0.928	0.593
1511106701061	9.979	1.015	0.469
1511106701071	9.95	1.206	0.363
1511106701084	9.912	1.35	0.545
1511106701091	9.768	1.388	0.718
1511106701101	9.663	1.369	0.881
1511106701114	9.625	1.254	0.909
1511106701121	9.625	1.024	0.842
1511106701132	9.605	0.785	0.689
1511106701144	9.395	0.689	0.574
1511106701151	9.232	0.632	0.402
1511106701161	8.676	0.593	0.239
1511106701174	8.303	0.517	0.067
1511106701181	7.661	0.632	-0.344
1511106701192	8.083	0.967	0.612
1511106701204	8.82	1.771	0.593
1511106701211	9.328	1.704	0.641
1511106701221	9.107	1.302	1.235
1511106701234	8.523	1.369	1.781
1511106701241	7.814	1.676	2.279
1511106701251	7.709	1.503	2.078
1511106701264	9.749	0.383	1.34
1511106701271	15.179	-3.495	-0.114
1511106701281	19.585	-9.519	-1.474
1511106701294	19.47	-10.352	2.518
1511106701301	13.877	-4.156	4.558
1511106701311	6.876	1.905	2.595
1511106701324	3.466	6.052	0.019
1511106701331	4.213	8.523	-1.388
1511106701341	7.901	8.696	-1.676
1511106701354	12.067	7.316	-1.886
1511106701361	13.819	5.372	-1.35
1511106701371	12.316	3.495	0.287
1511106701384	9.433	2.078	2.059
1511106701391	7.565	1.235	3.074
1511106701423	7.719	0.555	3.505
1511106701425	10.305	-0.737	2.691
1511106701447	10.218	-0.517	2.068
1511106701450	9.471	0.038	1.695
1511106701451	9.031	0.814	1.254
1511106701463	9.117	1.398	1.13
1511106701475	9.596	1.81	0.325
1511106701481	10.19	1.752	-0.191
1511106701491	10.515	1.465	-0.201
1511106701504	10.534	1.359	0.134
1511106701511	10.295	1.283	0.612
1511106701523	9.883	1.11	1.206
1511106701539	9.548	0.747	1.589
1511106701541	9.462	0.498	1.666
1511106701551	9.577	0.565	1.704
1511106701569	9.682	0.871	1.561
1511106701571	9.73	1.273	1.34
1511106701585	9.682	1.57	0.785
1511106701598	9.749	1.532	0.842
1511106701601	9.912	1.484	0.651
1511106701611	10.008	1.379	0.699
1511106701624	9.979	1.149	0.756
1511106701631	10.008	1.005	0.823
1511106701641	9.998	0.938	0.89
1511106701654	9.854	0.89	0.996
1511106701661	9.759	0.871	1.091
1511106701671	9.72	0.909	1.13
1511106701684	9.692	0.871	1.11
1511106701691	9.711	0.871	1.072
1511106701701	9.797	0.948	1.015
1511106701715	9.874	1.024	0.928
1511106701721	9.883	1.091	0.794
1511106701731	9.883	1.082	0.689
1511106701744	9.874	1.015	0.507
1511106701751	9.902	0.976	0.507
1511106701761	9.998	0.881	0.507
1511106701773	10.084	0.814	0.66
1511106701781	10.103	0.718	0.66
1511106701791	10.017	0.708	0.881
1511106701803	9.854	0.823	0.766
1511106701812	9.854	1.005	0.89
1511106701821	9.874	1.149	0.957
1511106701835	9.739	1.235	0.89
1511106701841	9.816	1.13	0.823
1511106701851	9.816	1.063	0.909
1511106701866	9.816	1.053	0.823
1511106701871	9.969	1.043	0.871
1511106701881	9.931	1.139	0.871
1511106701895	9.902	1.197	0.794
1511106701901	9.816	1.139	0.823
1511106701911	9.768	1.101	0.861
1511106701925	9.749	1.101	0.833
1511106701931	9.768	0.938	0.775
1511106701941	9.826	1.024	0.727
1511106701958	9.921	1.034	0.727
1511106701961	9.921	1.024	0.737
1511106701971	9.864	1.072	0.747
1511106701985	9.845	1.091	0.718
1511106701991	9.845	1.11	0.718
1511106702002	9.826	1.11	0.718
1511106702016	9.845	1.072	0.689
1511106702021	9.96	1.043	0.699
1511106702032	10.036	0.957	0.679
1511106702046	10.161	0.861	0.756
1511106702051	10.391	0.766	0.823
1511106702061	10.439	0.747	0.804
1511106702076	10.142	0.814	0.651
1511106702081	9.72	0.814	0.43
1511106702092	9.548	0.814	0.316
1511106702106	9.692	0.9	0.402
1511106702111	9.941	0.976	0.325
1511106702122	10.046	0.881	0.335
1511106702136	9.96	0.593	0.584
1511106702141	9.969	0.229	0.766
1511106702152	10.017	-0.277	0.555
1511106702185	10.237	-0.536	1.637
1511106702187	10.41	0.536	1.666
1511106702196	10.554	1.972	1.149
1511106702199	10.601	2.796	1.053
1511106702216	10.295	2.911	1.139
1511106702218	10.237	2.834	0.928
1511106702228	10.439	2.786	0.938
1511106702231	10.707	2.365	0.986
1511106702241	11.233	2.02	1.235
1511106702256	11.693	1.762	1.321
1511106702261	12.038	1.541	1.618
1511106702271	12.057	1.436	1.494
1511106702289	12.038	1.321	1.245
1511106702291	12.057	1.321	1.388
1511106702304	11.732	1.407	1.656
1511106702315	11.061	1.551	1.704
1511106702321	10.305	1.561	1.685
1511106702331	9.739	1.599	1.465
1511106702346	9.395	1.848	1.494
1511106702351	9.136	2.279	1.264
1511106702362	8.81	2.528	1.091
1511106702374	8.504	2.537	0.928
1511106702381	8.198	2.394	0.852
1511106702391	8.025	2.068	0.948
1511106702404	8.025	1.541	0.938
1511106702411	8.178	1.158	0.967
1511106702421	8.332	1.063	1.197
1511106702434	8.341	1.024	0.948
1511106702441	8.236	1.082	0.948
1511106702451	8.13	1.35	0.9
1511106702463	8.073	1.618	0.718
1511106702471	8.111	1.838	0.565
1511106702482	8.274	2.068	0.593
1511106702496	8.427	2.241	0.565
1511106702501	8.475	2.241	0.89
1511106702512	8.514	2.288	1.005
1511106702527	8.753	2.394	1.302
1511106702531	8.715	2.576	1.436
1511106702542	8.992	2.815	1.34
1511106702555	8.858	2.796	1.206
1511106702563	8.791	2.49	1.034
1511106702586	8.763	1.8	0.861
1511106702591	9.462	1.925	0.775
1511106702616	10.831	2.039	1.177
1511106702621	10.831	1.637	1.388
1511106702632	10.477	1.082	1.599
1511106702646	10.113	0.996	1.704
1511106702651	9.883	0.967	1.608
1511106702662	9.826	1.063	1.359
1511106702676	9.912	1.312	1.053
1511106702681	10.065	1.57	0.794
1511106702693	10.103	1.81	0.536
1511106702706	10.075	2.135	0.67
1511106702711	10.017	2.47	0.689
1511106702722	9.854	2.652	0.775
1511106702736	9.72	2.662	0.881
1511106702741	9.625	2.461	0.948
1511106702753	9.49	2.241	1.082
1511106702767	9.337	2.116	1.197
1511106702771	9.232	2.068	1.216
1511106702783	9.155	2.145	1.168
1511106702797	9.098	2.26	0.986
1511106702801	9.069	2.212	0.612
1511106702812	9.146	2.03	0.459
1511106702826	9.414	1.704	0.43
1511106702831	9.749	1.474	0.507
1511106702842	9.921	1.187	0.478
1511106702856	9.874	1.024	0.392
1511106702861	9.682	1.024	0.316
1511106702872	9.605	1.273	0.258
1511106702886	9.739	1.551	0.009
1511106702891	9.921	1.81	-0.086
1511106702902	10.027	1.944	-0.095
1511106702918	10.056	2.001	-0.028
1511106702921	9.969	2.011	0.162
1511106702952	9.912	1.743	0.392
1511106702954	9.854	1.35	0.89
1511106702967	9.902	1.005	1.264
1511106702968	10.017	0.632	1.388
1511106702973	10.036	0.316	1.465
1511106702981	10.123	0.344	1.254
1511106702991	10.19	0.718	0.89
1511106703006	10.324	1.283	0.181
1511106703011	10.372	1.8	0.258
1511106703021	10.276	2.164	0.153
1511106703035	10.075	2.327	0.383
1511106703041	9.893	2.375	0.766
1511106703051	9.807	2.231	0.996
1511106703064	9.816	1.953	1.245
1511106703071	9.787	1.599	1.484
1511106703081	9.759	1.398	1.685
1511106703094	9.72	1.426	1.57
1511106703101	9.72	1.522	1.407
1511106703111	9.739	1.723	1.197
1511106703126	9.778	1.886	0.861
1511106703131	9.778	1.925	0.861
1511106703141	9.701	1.905	0.842
1511106703154	9.548	1.857	0.909
1511106703161	9.5	1.81	0.957
1511106703171	9.481	1.676	0.976
1511106703184	9.452	1.58	1.206
1511106703191	9.404	1.647	1.264
1511106703201	9.27	1.857	1.254
1511106703214	9.107	2.164	1.331
1511106703221	8.945	2.48	1.283
1511106703232	8.619	2.71	1.168
1511106703245	8.571	2.767	0.9
1511106703251	8.772	2.269	0.775
1511106703261	9.117	1.158	1.024
1511106703274	9.443	0.574	1.494
1511106703281	9.692	0.747	1.465
1511106703292	9.328	1.321	1.321
1511106703307	8.916	1.925	1.331
1511106703311	8.475	2.394	1.072
1511106703323	8.408	2.279	0.976
1511106703337	8.533	2.394	1.302
1511106703341	8.925	2.049	0.708
1511106703352	9.797	1.618	0.603
1511106703367	10.755	1.149	0.162
1511106703371	11.368	0.775	0.325
1511106703383	11.272	0.555	0.584
1511106703399	10.812	0.555	0.679
1511106703401	10.362	0.478	0.727
1511106703413	10.295	0.507	0.727
1511106703427	10.458	0.66	0.766
1511106703431	10.544	0.842	0.747
1511106703443	10.324	0.996	0.842
1511106703452	9.893	1.206	0.89
1511106703461	9.5	1.666	0.823
1511106703473	9.414	2.365	0.708
1511106703488	9.337	2.614	0.622
1511106703491	9.203	2.26	0.44
1511106703505	9.05	1.407	0.268
1511106703521	9.079	0.536	-0.086
1511106703522	9.759	-0.047	-0.574
1511106703532	11.09	-0.651	-1.072
1511106703555	12.517	-1.292	-0.66
1511106703558	13.254	-1.819	0.268
1511106703566	12.546	-2.106	1.168
1511106703578	10.984	-1.982	1.608
1511106703581	9.73	-1.312	1.407
1511106703593	9.28	-0.478	0.708
1511106703602	9.452	0.45	0.047
1511106703612	9.864	1.417	-0.488
1511106703625	10.094	2.183	-0.814
1511106703638	10.046	2.585	-0.928
1511106703641	9.96	2.624	-0.708
1511106703654	9.921	2.346	-0.354
1511106703668	9.931	1.877	0.258
1511106703671	10.065	1.484	0.89
1511106703704	10.094	1.053	1.225
1511106703710	9.96	0.507	1.35
1511106703713	9.845	-0.019	1.34
1511106703717	9.835	-0.306	1.187
1511106703740	9.874	-0.306	0.909
1511106703741	9.787	-0.086	0.469
1511106703744	9.787	0.306	0.325
1511106703751	9.902	0.766	0.45
1511106703761	10.046	1.13	0.249
1511106703772	10.084	1.273	0.153
1511106703781	10.056	1.206	0.124
1511106703792	10.094	0.9	-0.019
1511106703803	10.209	0.545	-0.019
1511106703811	10.237	0.124	0.162
1511106703821	10.199	-0.134	0.296
1511106703832	10.123	0.028	0.45
1511106703841	10.017	0.316	0.517
1511106703851	9.988	0.565	0.498
1511106703862	9.941	0.775	0.44
1511106703871	9.921	0.871	0.402
1511106703881	9.921	0.861	0.354
1511106703892	9.979	0.689	0.22
1511106703901	10.027	0.555	0.22
1511106703911	10.084	0.593	0.44
1511106703925	10.065	0.766	0.421
1511106703931	9.998	0.852	0.45
1511106703941	10.142	0.823	0.44
1511106703953	10.036	0.612	0.316
1511106703961	10.257	0.287	0.354
1511106703971	10.237	0.095	0.574
1511106703984	10.161	0.095	0.517
1511106703991	10.161	0.201	0.373
1511106704003	10.132	0.459	0.181
1511106704013	10.19	0.459	-0.201
1511106704021	10.209	0.488	0.0
1511106704031	10.027	0.555	0.114
1511106704045	9.835	0.354	0.134
1511106704051	9.95	0.411	0.344
1511106704061	10.056	0.277	0.574
1511106704074	9.979	-0.028	0.622
1511106704081	10.103	0.191	0.545
1511106704091	10.467	0.833	0.354
1511106704104	10.783	1.225	0.421
1511106704111	10.582	1.149	0.67
1511106704121	10.132	0.794	0.526
1511106704134	10.151	0.43	0.43
1511106704141	10.707	0.641	0.66
1511106704151	10.937	0.996	0.737
1511106704164	10.592	0.852	0.67
1511106704171	10.161	0.679	0.9
1511106704181	9.95	0.881	1.436
1511106704195	10.123	1.58	1.647
1511106704201	10.439	2.413	1.771
1511106704211	10.554	2.739	1.494
1511106704224	10.506	2.394	1.235
1511106704231	10.649	1.848	0.996
1511106704241	10.86	1.216	0.919
1511106704254	10.783	0.823	0.957
1511106704261	10.496	0.785	0.833
1511106704272	10.247	0.871	0.66
1511106704284	10.199	0.861	0.44
1511106704291	10.247	0.881	0.383
1511106704301	10.276	0.976	0.363
1511106704314	10.295	1.005	0.526
1511106704321	10.266	0.986	0.545
1511106704331	10.094	1.072	0.708
1511106704344	9.835	1.235	0.919
1511106704351	9.605	1.321	1.13
1511106704361	9.567	1.34	1.417
1511106704374	9.605	1.398	1.436
1511106704381	9.366	1.398	1.494
1511106704391	9.107	1.446	1.58
1511106704404	8.964	1.704	1.398
1511106704411	8.839	1.81	1.177
1511106704421	8.878	1.733	0.996
1511106704458	8.906	1.838	1.005
1511106704460	8.945	2.126	1.005
1511106704463	8.81	2.241	0.9
1511106704465	8.686	2.164	0.871
1511106704489	8.667	1.944	0.948
1511106704491	8.696	1.704	1.091
1511106704495	8.791	1.666	1.206
1511106704501	9.155	1.685	1.407
1511106704511	9.059	1.637	1.34
1511106704531	8.945	1.656	1.35
1511106704532	8.763	1.867	1.407
1511106704541	8.552	2.116	1.398
1511106704553	8.533	2.451	0.996
1511106704561	8.638	2.748	0.842
1511106704574	8.743	2.585	0.766
1511106704582	8.849	1.896	1.043
1511106704591	9.213	1.647	1.35
1511106704601	9.596	1.398	1.13
1511106704613	9.864	1.158	1.149
1511106704621	9.95	1.072	1.149
1511106704631	9.797	0.957	1.177
1511106704642	9.567	0.861	1.187
1511106704651	9.347	1.005	1.139
1511106704661	9.203	1.532	0.881
1511106704672	9.548	2.001	0.794
1511106704681	9.749	2.145	0.9
1511106704691	9.998	2.288	0.89
1511106704705	9.96	2.394	1.091
1511106704711	9.778	2.317	1.264
1511106704722	9.567	2.068	1.331
1511106704735	9.462	1.628	1.359
1511106704741	9.471	1.446	1.426
1511106704751	9.538	1.522	1.283
1511106704765	9.529	1.522	0.919
1511106704771	9.328	1.283	0.66
1511106704782	9.165	1.331	0.632
1511106704795	9.184	1.541	0.526
1511106704801	9.366	1.896	0.689
1511106704811	9.701	2.164	0.9
1511106704824	9.902	2.059	0.938
1511106704831	9.845	1.829	1.101
1511106704841	9.653	1.618	1.273
1511106704861	9.519	1.225	1.245
1511106704871	9.672	1.101	1.005
1511106704885	9.749	0.996	0.833
1511106704891	9.797	0.852	0.354
1511106704901	9.759	0.555	0.22
1511106704915	9.835	0.536	0.028
1511106704921	10.008	0.823	-0.038
1511106704931	10.305	1.474	0.498
1511106704945	10.582	2.011	0.651
1511106704951	10.477	2.183	0.823
1511106704961	10.056	2.288	1.206
1511106704975	9.596	2.346	1.484
1511106704981	9.146	2.394	1.637
1511106704992	8.887	2.633	1.522
1511106705007	8.743	2.815	1.484
1511106705011	8.542	2.298	1.072
1511106705021	8.715	1.35	0.555
1511106705035	9.165	1.177	0.622
1511106705041	9.739	1.503	1.015
1511106705051	10.075	1.886	0.909
1511106705065	10.036	2.241	1.091
1511106705071	9.768	2.672	1.302
1511106705081	9.232	2.643	1.369
1511106705095	8.743	2.145	1.551
1511106705101	8.676	1.254	1.388
1511106705111	9.213	0.881	1.264
1511106705125	9.586	1.13	0.938
1511106705131	9.577	1.369	0.938
1511106705141	9.395	1.379	0.268
1511106705155	9.155	0.842	-0.201
1511106705161	9.194	0.354	-0.277
1511106705171	9.519	0.44	0.22
1511106705185	9.692	1.197	0.622
1511106705221	9.73	2.375	0.622
1511106705225	9.462	3.419	0.517
1511106705231	8.916	3.792	0.766
1511106705234	8.332	3.562	0.957
1511106705236	8.236	2.815	0.766
1511106705262	9.059	1.541	0.249
1511106705265	11.281	-0.019	-0.526
1511106705266	15.208	-2.767	-1.34
1511106705273	18.321	-6.905	-1.149
1511106705281	17.87	-8.265	2.288
1511106705291	13.427	-5.19	2.001
1511106705305	8.466	-2.078	0.268
1511106705312	6.205	0.239	-0.421
1511106705321	7.01	2.528	-0.421
1511106705334	9.127	4.826	-0.536
1511106705341	10.735	6.723	-0.421
1511106705351	11.061	7.613	-0.076
1511106705364	8.954	6.914	0.421
1511106705371	9.069	5.171	1.225
1511106705381	8.724	3.399	1.743
1511106705393	9.337	1.867	1.771
1511106705401	9.931	0.517	1.704
1511106705411	10.257	-0.574	1.695
1511106705423	10.142	-1.177	1.656
1511106705431	9.835	-1.139	1.379
1511106705441	9.711	-0.239	0.881
1511106705456	9.902	0.43	0.229
1511106705461	10.218	1.197	-0.134
1511106705471	10.448	1.982	-0.383
1511106705485	10.343	2.288	-0.517
1511106705491	10.008	2.202	-0.335
1511106705513	9.682	1.81	0.019
1511106705515	9.605	1.292	0.335
1511106705522	9.749	0.9	0.66
1511106705531	9.883	0.66	0.881
1511106705547	9.96	0.478	0.766
1511106705565	10.008	0.469	0.517
1511106705577	9.988	0.478	0.632
1511106705581	9.979	0.43	0.498
1511106705591	10.046	0.45	0.383
1511106705607	10.065	0.737	0.469
1511106705611	9.931	0.948	0.488
1511106705621	9.864	0.967	0.45
1511106705636	9.893	0.89	0.373
1511106705641	9.893	0.67	0.383
1511106705654	9.95	0.574	0.641
1511106705665	9.96	0.545	0.67
1511106705671	9.96	0.718	0.689
1511106705681	9.912	0.89	0.679
1511106705697	9.893	1.043	0.641
1511106705701	9.864	1.139	0.555
1511106705712	9.874	1.13	0.459
1511106705727	9.912	1.091	0.411
1511106705731	9.941	1.043	0.392
1511106705743	9.95	1.024	0.383
1511106705756	9.931	1.005	0.421
1511106705761	9.921	0.938	0.459
1511106705772	9.902	0.852	0.517
1511106705787	9.883	0.747	0.584
1511106705792	9.893	0.708	0.651
1511106705802	9.883	0.737	0.689
1511106705816	9.864	0.833	0.679
1511106705821	9.826	0.928	0.651
1511106705837	9.797	1.015	0.612
1511106705846	9.768	1.034	0.632
1511106705851	9.759	1.034	0.632
1511106705862	9.816	0.967	0.612
1511106705876	9.921	0.919	0.593
1511106705881	9.902	0.833	0.593
1511106705892	9.797	0.747	0.488
1511106705906	9.941	0.785	0.43
1511106705911	9.979	0.871	0.43
1511106705922	9.969	0.919	0.325
1511106705939	9.969	1.005	0.402
1511106705942	9.969	1.082	0.402
1511106705976	10.017	1.015	0.344
1511106705979	10.094	0.823	0.335
1511106705989	10.046	0.593	0.325
1511106705996	10.027	0.402	0.344
1511106706000	10.027	0.325	0.392
1511106706005	10.065	0.316	0.172
1511106706012	10.094	0.249	0.172
1511106706022	10.084	0.21	0.44
1511106706031	10.008	0.344	0.478
1511106706047	9.912	0.526	0.555
1511106706056	9.96	0.919	0.574
1511106706061	10.008	1.245	0.536
1511106706071	10.458	1.321	0.785
1511106706086	10.362	1.235	0.517
1511106706091	10.391	0.775	0.584
1511106706101	10.372	0.22	0.584
1511106706117	10.86	-0.201	-0.009
1511106706121	11.013	-0.411	0.421
1511106706132	10.601	-0.162	0.67
1511106706147	10.094	0.488	0.402
1511106706151	10.036	2.039	0.22
1511106706162	10.247	2.241	0.459
1511106706175	10.41	1.925	0.775
1511106706181	10.688	1.407	1.091
1511106706192	10.917	0.852	1.197
1511106706202	11.032	0.488	1.647
1511106706211	11.042	0.814	2.106
1511106706221	10.889	1.446	2.087
1511106706236	10.668	1.829	1.436
1511106706241	10.659	1.915	0.976
1511106706251	10.965	1.905	0.89
1511106706267	11.013	2.221	0.909
1511106706271	10.707	2.758	0.823
1511106706281	10.228	3.208	0.919
1511106706298	9.749	3.323	0.976
1511106706301	9.548	3.055	1.015
1511106706313	9.653	2.604	1.177
1511106706330	9.826	2.308	1.302
1511106706332	9.759	2.087	1.57
1511106706343	9.519	1.79	1.398
1511106706358	9.366	1.656	1.455
1511106706361	9.232	1.628	1.254
1511106706373	9.213	1.733	1.043
1511106706390	9.27	1.877	0.833
1511106706392	9.194	1.666	0.679
1511106706403	9.127	1.331	0.498
1511106706418	9.213	1.302	0.794
1511106706421	9.165	1.647	0.938
1511106706434	8.964	2.068	0.948
1511106706449	8.657	2.288	0.919
1511106706451	8.284	2.135	0.919
1511106706464	8.265	1.925	0.871
1511106706479	8.504	1.857	0.996
1511106706481	8.657	1.992	1.216
1511106706494	8.629	2.059	1.158
1511106706513	8.494	2.193	1.292
1511106706519	8.351	2.174	1.187
1511106706528	8.427	1.857	1.082
1511106706541	8.772	1.685	1.072
1511106706542	9.107	1.561	1.34
1511106706554	9.366	1.503	1.398
1511106706566	9.174	1.465	1.187
1511106706584	9.079	1.407	1.149
1511106706585	9.165	1.417	0.871
1511106706596	9.462	1.254	1.072
1511106706601	9.672	1.158	1.024
1511106706611	9.634	1.072	0.996
1511106706626	9.557	1.197	1.063
1511106706631	9.615	1.426	0.967
1511106706641	9.845	1.618	0.89
1511106706656	10.008	1.695	0.9
1511106706661	10.094	1.532	0.909
1511106706671	9.941	1.34	0.967
1511106706687	9.72	1.149	0.957
1511106706691	9.586	1.024	0.909
1511106706721	9.395	1.034	0.823
1511106706733	9.241	1.149	0.823
1511106706739	9.385	1.177	0.814
1511106706749	9.864	1.168	0.986
1511106706753	10.305	1.197	1.197
1511106706756	10.372	1.292	1.206
1511106706776	10.008	1.245	1.264
1511106706779	9.471	1.139	1.245
1511106706789	9.672	1.091	1.091
1511106706795	9.586	1.082	0.861
1511106706806	9.289	1.197	0.593
1511106706824	9.28	1.273	0.536
1511106706825	9.289	1.417	0.555
1511106706841	9.586	1.752	0.852
1511106706851	9.912	1.992	1.063
1511106706868	9.96	1.436	1.225
1511106706871	9.807	0.957	1.254
1511106706881	9.634	0.708	1.13
1511106706897	9.529	0.459	0.861
1511106706902	9.625	0.498	0.593
1511106706911	9.864	0.785	0.354
1511106706927	10.027	1.216	0.134
1511106706931	9.998	1.599	-0.009
1511106706942	9.577	1.819	0.009
1511106706957	9.251	2.097	0.239
1511106706961	9.376	2.336	0.545
1511106706971	9.759	2.193	0.737
1511106706983	10.161	1.877	1.053
1511106706991	10.151	1.292	1.379
1511106707006	9.816	0.89	1.551
1511106707012	9.586	0.785	1.695
1511106707023	9.557	0.794	1.494
1511106707039	9.807	0.794	1.11
1511106707043	10.027	0.603	0.517
1511106707059	9.845	0.335	0.105
1511106707064	9.644	0.517	0.277
1511106707082	9.548	1.043	-0.095
1511106707084	9.711	1.676	0.153
1511106707096	10.027	2.221	0.545
1511106707102	10.161	1.992	0.545
1511106707115	9.998	1.561	0.967
1511106707133	9.826	1.13	1.264
1511106707135	9.778	0.756	1.321
1511106707146	9.864	0.545	1.149
1511106707159	10.017	0.545	0.976
1511106707165	10.103	0.555	0.536
1511106707174	9.95	0.44	0.201
1511106707188	9.5	0.249	-0.057
1511106707201	9.366	0.392	0.067
1511106707202	9.605	1.043	0.181
1511106707212	10.056	1.685	0.335
1511106707233	10.132	2.164	0.459
1511106707234	9.749	2.499	0.67
1511106707247	9.174	2.566	0.89
1511106707261	8.705	2.26	1.12
1511106707262	8.581	1.762	1.158
1511106707273	8.83	1.656	1.101
1511106707288	8.906	1.321	0.689
1511106707292	8.82	0.344	0.478
1511106707304	8.849	-0.804	0.105
1511106707311	8.791	-1.426	0.325
1511106707321	8.705	-0.938	0.775
1511106707331	9.002	0.402	0.498
1511106707341	9.376	2.106	0.718
1511106707351	9.366	3.735	0.335
1511106707364	9.155	4.127	-0.258
1511106707381	8.992	3.275	-0.249
1511106707383	8.945	2.145	0.545
1511106707396	8.992	1.187	0.335
1511106707401	9.059	0.421	1.005
1511106707413	8.925	0.191	1.829
1511106707423	8.523	0.766	1.781
1511106707431	7.604	1.608	1.005
1511106707441	7.039	2.355	-2.231
1511106707454	9.519	1.81	-4.759
1511106707488	16.951	-0.679	-1.829
1511106707501	19.671	-6.378	6.627
1511106707502	15.467	-4.453	7.431
1511106707505	4.893	-4.453	4.482
1511106707510	-0.038	-0.402	0.641
1511106707516	1.254	2.375	-1.063
1511106707526	6.33	5.095	-1.254
1511106707535	11.53	6.091	-2.241
1511106707544	15.131	6.493	-2.25
1511106707565	14.729	4.817	-1.063
1511106707566	10.697	3.035	0.459
1511106707573	7.604	2.02	1.072
1511106707581	7.316	1.656	1.225
1511106707591	8.657	0.421	0.976
1511106707603	10.142	-0.871	0.909
1511106707615	10.898	-1.762	1.139
1511106707621	10.41	-2.078	1.561
1511106707631	9.49	-1.925	1.58
1511106707641	9.155	-1.484	1.388
1511106707651	9.385	-0.823	0.89
1511106707663	10.103	0.0	0.258
1511106707678	10.755	0.804	-0.43
1511106707681	10.879	1.388	-0.919
1511106707694	10.554	1.666	-1.043
1511106707701	10.132	1.695	-0.756
1511106707713	9.816	1.57	-0.229
1511106707724	9.644	1.503	0.268
1511106707731	9.625	1.532	0.756
1511106707741	9.759	1.551	1.043
1511106707755	9.988	1.436	1.082
1511106707761	10.18	1.177	0.967
1511106707771	10.132	0.909	0.842
1511106707784	9.931	0.708	0.737
1511106707791	9.72	0.708	0.66
1511106707802	9.759	0.823	0.565
1511106707814	9.912	0.938	0.536
1511106707821	9.95	0.996	0.612
1511106707831	9.921	0.833	0.201
1511106707845	9.96	0.727	0.067
1511106707851	10.008	0.794	0.344
1511106707861	10.008	0.737	0.325
1511106707874	10.065	0.708	0.239
1511106707881	10.094	0.804	0.392
1511106707891	10.075	0.881	0.44
1511106707904	10.056	0.823	0.526
1511106707911	10.046	0.737	0.498
1511106707921	10.084	0.679	0.44
1511106707935	10.094	0.66	0.679
1511106707941	10.084	0.421	0.679
1511106707951	10.027	0.459	0.526
1511106707964	10.17	0.612	0.478
1511106707971	10.573	1.158	0.555
1511106707981	10.582	1.503	0.249
1511106707994	10.391	1.053	0.612
1511106708001	10.362	0.641	0.488
1511106708011	10.362	0.976	0.737
1511106708025	10.352	1.484	0.66
1511106708031	10.41	1.599	0.66
1511106708041	10.372	1.513	0.43
1511106708057	10.257	1.417	0.603
1511106708061	10.199	1.024	0.603
1511106708071	10.132	0.651	0.632
1511106708084	10.257	0.545	0.919
1511106708091	10.257	0.574	0.919
1511106708102	10.506	0.718	0.708
1511106708114	10.735	0.766	0.641
1511106708121	10.735	0.526	0.335
1511106708131	10.822	0.565	0.373
1511106708144	11.004	1.139	0.325
1511106708151	11.004	1.11	0.249
1511106708161	10.956	1.35	0.316
1511106708175	10.41	0.833	0.545
1511106708181	10.257	0.861	0.737
1511106708191	10.103	0.852	0.861
1511106708205	9.969	1.273	0.928
1511106708239	9.969	1.321	0.996
1511106708244	9.854	1.628	0.909
1511106708253	9.548	1.848	0.996
1511106708256	9.155	1.848	1.015
1511106708260	9.088	2.269	1.139
1511106708261	9.222	2.346	1.101
1511106708272	9.232	2.384	1.149
1511106708281	9.146	1.848	1.312
1511106708293	9.069	1.676	1.407
1511106708301	9.127	1.369	1.436
1511106708311	9.194	1.436	1.58
1511106708323	9.194	1.608	1.312
1511106708331	9.174	1.704	1.11
1511106708341	9.031	1.676	1.063
1511106708354	9.117	1.503	0.814
1511106708361	9.347	1.302	0.89
1511106708371	9.548	1.11	0.871
1511106708383	9.653	1.12	1.11
1511106708391	9.701	1.34	1.149
1511106708401	9.529	1.656	1.254
1511106708413	9.289	1.925	1.072
1511106708421	9.127	1.944	0.996
1511106708431	9.174	1.762	0.909
1511106708442	9.289	1.608	0.785
1511106708451	9.471	1.685	0.967
1511106708461	9.5	1.819	1.005
1511106708474	9.423	1.905	1.091
1511106708481	9.347	1.886	1.015
1511106708492	9.308	1.666	0.996
1511106708505	9.299	1.407	1.091
1511106708512	9.356	1.292	1.206
1511106708533	9.471	1.369	1.245
1511106708535	9.529	1.58	1.187
1511106708542	9.538	1.848	1.12
1511106708552	9.443	1.963	1.139
1511106708565	9.347	1.886	1.015
1511106708571	9.308	1.647	0.948
1511106708581	9.366	1.436	0.986
1511106708595	9.481	1.407	1.082
1511106708601	9.529	1.436	1.149
1511106708611	9.471	1.666	1.225
1511106708625	9.299	1.972	1.436
1511106708631	9.012	2.126	1.369
1511106708641	8.81	2.078	1.024
1511106708655	8.935	1.944	0.842
1511106708661	9.308	1.676	1.053
1511106708671	9.72	1.235	1.168
1511106708685	10.056	0.996	1.197
1511106708691	10.065	0.986	1.149
1511106708701	9.893	0.919	0.919
1511106708715	9.749	0.794	0.852
1511106708721	9.692	0.928	0.842
1511106708731	9.605	1.312	0.823
1511106708745	9.481	1.676	0.814
1511106708751	9.481	1.925	0.689
1511106708761	9.519	1.925	0.794
1511106708775	9.634	1.81	0.957
1511106708781	9.749	1.647	1.024
1511106708791	9.759	1.388	1.235
1511106708806	9.72	1.053	1.235
1511106708811	9.739	0.756	1.149
1511106708822	9.893	0.699	1.072
1511106708835	10.008	0.871	1.015
1511106708841	10.008	1.273	0.861
1511106708851	9.921	1.695	0.775
1511106708866	9.663	1.857	0.699
1511106708871	9.596	1.886	0.814
1511106708881	9.672	1.934	0.996
1511106708895	9.663	1.915	1.139
1511106708901	9.443	1.896	1.254
1511106708911	9.261	1.963	1.235
1511106708925	9.174	1.944	1.149
1511106708931	9.069	1.877	1.024
1511106708941	9.098	1.608	1.139
1511106708955	9.107	1.8	1.12
1511106708986	8.849	1.695	1.254
1511106708991	8.935	2.068	1.254
1511106708992	9.586	2.164	1.225
1511106709007	10.008	1.992	1.302
1511106709018	10.19	1.465	1.091
1511106709021	10.161	1.12	1.101
1511106709031	10.075	0.919	1.302
1511106709046	9.96	0.641	1.149
1511106709051	10.008	0.536	0.833
1511106709061	9.912	0.373	0.517
1511106709074	9.73	0.325	0.287
1511106709081	9.854	0.574	0.249
1511106709092	10.439	1.12	0.153
1511106709104	11.023	1.57	0.201
1511106709111	11.119	1.666	0.239
1511106709121	10.716	1.494	0.411
1511106709134	10.19	1.063	0.555
1511106709141	9.988	0.603	0.66
1511106709151	10.075	0.268	0.766
1511106709164	10.218	0.191	0.775
1511106709171	10.142	0.22	0.632
1511106709181	9.883	0.402	0.651
1511106709194	9.768	0.689	0.335
1511106709201	10.008	0.928	0.421
1511106709211	10.218	1.091	0.469
1511106709223	10.237	1.245	0.593
1511106709231	9.969	1.398	0.756
1511106709241	9.634	1.532	0.861
1511106709255	9.404	1.541	0.909
1511106709261	9.318	1.436	0.852
1511106709271	9.213	1.245	0.785
1511106709286	9.194	1.35	0.756
1511106709291	9.241	1.561	0.565
1511106709301	9.299	1.503	0.421
1511106709316	9.299	1.101	0.229
1511106709321	9.127	0.574	0.162
1511106709331	8.743	0.565	0.201
1511106709346	8.226	1.053	0.143
1511106709351	7.527	1.81	0.565
1511106709361	7.451	2.815	1.187
1511106709376	8.054	3.859	1.561
1511106709381	8.59	3.371	1.494
1511106709391	8.839	2.126	1.264
1511106709406	8.906	1.197	1.666
1511106709411	8.954	0.641	1.11
1511106709422	8.992	-0.363	0.344
1511106709436	9.596	-1.063	0.277
1511106709441	10.257	-1.283	0.095
1511106709451	10.601	-0.785	0.191
1511106709466	10.305	0.124	-0.45
1511106709471	9.615	1.158	-0.45
1511106709482	9.213	2.394	-0.249
1511106709496	9.596	3.438	-0.45
1511106709501	11.157	2.892	-1.072
1511106709512	15.189	-0.277	-1.005
1511106709527	19.336	-5.851	3.677
1511106709531	19.671	-8.418	6.646
1511106709542	15.763	-4.367	4.903
1511106709556	8.13	0.708	1.752
1511106709572	3.227	4.376	-0.067
1511106709590	5.104	6.799	-0.708
1511106709591	9.241	7.125	-1.063
1511106709593	12.881	6.091	-1.12
1511106709604	14.04	4.721	-0.411
1511106709617	12.162	3.352	0.938
1511106709621	9.136	2.394	1.81
1511106709633	7.853	1.426	1.972
1511106709646	8.542	1.494	1.474
1511106709651	9.577	-0.287	1.005
1511106709662	10.123	-0.727	1.082
1511106709678	10.094	-0.565	1.264
1511106709682	9.749	-0.181	1.235
1511106709692	9.557	0.229	1.015
1511106709707	9.663	0.565	0.632
1511106709711	9.893	0.9	0.268
1511106709744	10.17	1.235	-0.028
1511106709748	10.276	1.522	-0.191
1511106709755	10.113	1.733	-0.095
1511106709759	9.864	1.762	0.143
1511106709761	9.711	1.551	0.44
1511106709774	9.711	1.254	0.794
1511106709792	9.807	0.957	0.976
1511106709793	9.931	0.814	1.005
1511106709801	9.969	0.785	0.928
1511106709812	9.874	0.938	0.708
1511106709837	9.854	1.005	0.737
1511106709838	9.854	1.082	0.574
1511106709845	9.998	1.187	0.622
1511106709857	10.151	1.197	0.967
1511106709864	10.065	1.043	0.833
1511106709873	9.931	0.622	0.632
1511106709886	9.807	0.325	0.584
1511106709891	9.835	0.296	0.66
1511106709901	9.988	0.344	0.584
1511106709915	10.18	0.392	0.66
1511106709921	10.036	0.565	0.66
1511106709931	9.835	0.727	0.545
1511106709946	9.941	1.063	0.67
1511106709951	9.941	1.407	0.689
1511106709962	10.017	1.321	0.574
1511106709974	10.285	1.082	0.076
1511106709981	10.621	1.091	0.775
1511106709991	10.544	1.273	0.928
1511106710007	10.305	1.455	0.814
1511106710011	10.103	1.494	0.517
1511106710021	10.084	1.245	0.306
1511106710034	10.257	0.967	0.45
1511106710041	10.266	1.13	0.651
1511106710051	10.103	1.34	0.871
1511106710066	9.835	1.637	0.842
1511106710071	9.663	1.992	0.957
1511106710081	9.605	1.915	0.66
1511106710095	9.768	1.589	0.574
1511106710101	10.027	1.216	0.689
1511106710111	10.161	0.919	1.091
1511106710124	10.113	0.919	1.13
1511106710131	10.036	1.072	0.67
1511106710141	10.228	1.158	0.727
1511106710156	10.659	1.254	0.574
1511106710161	10.927	1.072	0.603
1511106710172	11.042	0.871	0.507
1511106710187	11.31	0.928	0.622
1511106710191	11.54	1.005	0.928
1511106710203	11.55	1.015	1.053
1511106710217	11.483	1.12	1.331
1511106710221	11.205	1.168	1.388
1511106710233	10.621	1.187	1.484
1511106710247	10.554	1.465	1.446
1511106710251	10.276	1.857	1.235
1511106710263	9.644	2.202	1.139
1511106710277	9.49	2.499	1.024
1511106710281	9.51	2.557	0.775
1511106710293	9.548	2.298	0.545
1511106710308	9.615	1.848	0.574
1511106710311	9.586	1.474	0.689
1511106710323	9.605	1.168	0.689
1511106710338	9.519	1.158	0.574
1511106710342	9.49	1.034	0.66
1511106710353	9.328	1.072	0.747
1511106710367	9.184	0.871	0.718
1511106710371	9.117	1.053	0.986
1511106710383	8.906	1.091	1.101
1511106710397	8.715	1.532	1.149
1511106710401	8.466	1.676	1.149
1511106710413	8.466	1.752	0.957
1511106710427	8.561	1.829	0.928
1511106710431	8.629	1.857	0.861
1511106710443	8.763	1.819	0.689
1511106710457	8.839	1.637	0.574
1511106710461	9.021	1.494	0.708
1511106710494	9.146	1.551	0.881
1511106710500	9.088	1.474	0.996
1511106710503	9.012	1.321	0.967
1511106710511	9.088	1.245	0.967
1511106710514	9.337	1.426	1.225
1511106710527	9.538	1.417	1.225
1511106710533	9.567	1.369	1.254
1511106710550	9.433	1.35	1.484
1511106710551	9.299	1.369	1.494
1511106710561	9.136	1.264	1.264
1511106710576	9.155	1.331	1.206
1511106710581	9.423	1.541	0.996
1511106710592	9.663	1.618	0.814
1511106710611	9.701	1.58	0.766
1511106710612	9.644	1.589	0.766
1511106710622	9.567	1.398	0.833
1511106710635	9.615	1.168	0.9
1511106710641	9.816	1.063	1.072
1511106710651	9.912	1.063	1.13
1511106710665	9.883	1.149	1.13
1511106710671	9.701	1.302	1.063
1511106710681	9.586	1.369	0.948
1511106710695	9.615	1.436	0.996
1511106710701	9.672	1.494	1.053
1511106710711	9.711	1.666	1.13
1511106710740	9.778	1.829	1.053
1511106710741	9.72	1.743	1.005
1511106710742	9.653	1.417	1.024
1511106710755	9.72	1.158	1.005
1511106710761	9.931	1.11	1.034
1511106710771	10.017	1.13	1.024
1511106710781	9.979	1.168	0.871
1511106710791	9.826	1.302	0.852
1511106710802	9.682	1.292	0.699
1511106710811	9.739	1.283	0.651
1511106710821	9.912	1.35	0.766
1511106710836	10.008	1.426	0.9
1511106710841	9.979	1.58	0.986
1511106710851	9.826	1.656	0.938
1511106710861	9.644	1.656	0.919
1511106710871	9.548	1.628	0.948
1511106710881	9.519	1.618	0.967
1511106710891	9.481	1.589	0.957
1511106710901	9.452	1.714	0.957
1511106710911	9.385	1.982	0.785
1511106710921	9.184	2.164	0.632
1511106710931	8.878	2.049	0.842
1511106710941	8.801	1.905	1.053
1511106710951	8.839	1.781	1.254
1511106710961	9.04	1.752	1.417
1511106710971	9.337	1.953	1.091
1511106710982	9.443	1.647	1.024
1511106710991	9.634	1.245	1.034
1511106711001	9.749	0.871	1.12
1511106711012	9.941	0.699	0.957
1511106711021	10.123	0.622	0.718
1511106711031	9.921	0.756	0.45
1511106711042	9.672	0.814	0.258
1511106711051	9.615	0.996	0.134
1511106711061	9.921	1.465	0.249
1511106711072	10.467	1.905	0.536
1511106711081	10.764	2.212	0.708
1511106711094	10.601	2.145	1.034
1511106711102	10.257	1.972	1.139
1511106711111	9.998	1.752	1.302
1511106711121	9.883	1.589	1.35
1511106711131	9.854	1.541	1.158
1511106711141	9.835	1.57	0.842
1511106711151	9.739	1.685	0.488
1511106711161	9.443	1.331	-0.009
1511106711171	9.213	0.526	0.028
1511106711181	9.423	0.411	0.344
1511106711194	9.739	0.928	0.938
1511106711202	10.017	1.896	1.158
1511106711211	9.969	2.461	1.254
1511106711246	9.433	2.576	1.254
1511106711248	8.973	2.384	1.273
1511106711254	8.753	2.135	1.637
1511106711256	8.715	2.183	1.676
1511106711276	8.753	2.327	1.379
1511106711278	8.705	2.241	1.005
1511106711286	8.629	1.704	0.047
1511106711291	8.542	0.679	-0.038
1511106711303	8.073	-0.392	-0.191
1511106711312	8.255	-0.239	1.177
1511106711321	9.165	1.024	1.063
1511106711338	10.008	2.145	0.957
1511106711343	10.123	2.844	0.287
1511106711351	9.921	3.342	0.296
1511106711361	9.366	3.495	0.593
1511106711372	8.772	3.284	0.794
1511106711381	8.312	2.873	1.101
1511106711391	8.13	2.317	0.775
1511106711402	7.901	1.34	0.316
1511106711411	7.881	0.574	0.622
1511106711422	8.265	0.363	0.881
1511106711432	10.18	0.392	0.076
1511106711441	14.643	-0.095	-1.197
1511106711451	19.384	-3.572	-1.647
1511106711462	19.671	-8.447	1.723
1511106711471	18.024	-8.025	5.277
1511106711481	9.921	-4.099	4.96
1511106711492	4.3	-0.861	2.193
1511106711512	3.352	2.039	-0.316
1511106711513	5.842	4.338	-0.967
1511106711521	9.51	5.746	-1.407
1511106711531	12.23	6.723	-1.637
1511106711541	12.689	6.675	-1.082
1511106711552	10.764	5.478	1.091
1511106711561	8.743	4.395	1.149
1511106711571	7.958	3.486	1.723
1511106711588	9.414	0.354	1.398
1511106711591	9.414	0.383	1.398
1511106711601	10.027	-0.928	1.618
1511106711612	9.749	-1.695	1.685
1511106711621	9.73	-1.81	1.532
1511106711636	9.605	-1.369	1.235
1511106711646	10.036	0.028	0.708
1511106711651	10.036	0.028	0.191
1511106711661	10.372	0.967	-0.325
1511106711672	10.257	1.79	-0.507
1511106711681	9.95	2.212	-0.229
1511106711694	9.567	2.25	0.201
1511106711703	9.577	2.116	0.66
1511106711711	9.73	1.934	1.12
1511106711721	9.988	1.695	1.283
1511106711735	10.094	1.101	1.187
1511106711741	10.084	1.101	1.053
1511106711751	10.113	0.861	0.842
1511106711762	10.17	0.928	0.727
1511106711771	10.113	1.11	0.833
1511106711782	9.874	1.043	0.9
1511106711795	9.72	0.737	0.651
1511106711801	9.759	0.632	0.66
1511106711811	9.826	0.967	0.9
1511106711828	9.835	1.513	0.986
1511106711831	9.797	1.743	0.957
1511106711841	9.778	1.57	0.89
1511106711855	9.787	1.359	0.842
1511106711861	9.893	1.13	0.9
1511106711872	9.941	1.063	0.9
1511106711885	10.008	1.091	0.861
1511106711891	9.96	1.235	0.842
1511106711901	9.902	1.561	0.871
1511106711915	9.816	1.819	0.785
1511106711930	9.672	1.867	0.632
1511106711945	9.835	1.503	0.679
1511106711951	10.19	1.005	0.363
1511106711961	10.515	0.392	0.421
1511106711975	10.994	0.124	1.312
1511106712008	11.052	0.316	1.187
1511106712011	10.573	0.718	0.967
1511106712013	10.142	1.254	0.794
1511106712016	9.854	1.494	0.775
1511106712027	9.672	1.34	0.498
1511106712042	10.103	1.139	0.708
1511106712043	10.467	1.206	0.699
1511106712051	10.467	1.321	0.881
1511106712064	10.352	1.57	0.775
1511106712071	10.4	1.685	0.9
1511106712086	10.391	1.743	1.063
1511106712094	10.515	1.838	1.149
1511106712101	10.477	1.877	1.177
1511106712111	10.276	1.867	1.273
1511106712124	10.132	1.666	1.302
1511106712131	10.017	1.35	1.35
1511106712141	9.893	1.168	1.158
1511106712154	9.864	1.225	1.082
1511106712161	9.902	1.35	0.986
1511106712171	10.075	1.589	0.986
1511106712184	10.199	1.771	0.909
1511106712191	10.237	1.666	0.718
1511106712201	10.333	1.331	0.804
1511106712212	10.4	0.976	1.072
1511106712221	10.439	0.766	1.35
1511106712231	10.362	0.852	1.647
1511106712242	10.161	1.302	1.656
1511106712251	9.874	1.848	1.589
1511106712263	9.644	1.972	1.206
1511106712276	9.778	1.494	1.043
1511106712281	9.778	1.407	1.043
1511106712291	9.96	1.206	1.302
1511106712305	9.749	1.704	1.359
1511106712311	9.749	1.838	1.359
1511106712321	9.318	2.174	1.177
1511106712335	9.012	2.355	0.986
1511106712341	9.012	2.375	1.12
1511106712351	9.04	2.087	1.149
1511106712365	9.127	1.618	1.379
1511106712371	9.127	1.561	1.35
1511106712381	9.002	1.704	1.283
1511106712395	8.973	1.886	1.34
1511106712401	8.82	1.915	1.302
1511106712411	8.676	1.857	1.292
1511106712425	8.609	1.982	1.331
1511106712431	8.657	1.896	1.283
1511106712441	8.763	2.02	1.149
1511106712455	8.782	2.106	1.225
1511106712461	8.782	1.896	1.235
1511106712471	8.753	1.781	1.264
1511106712485	8.916	1.474	1.283
1511106712491	9.232	1.292	1.082
1511106712501	9.586	1.197	1.245
1511106712516	9.586	1.082	1.283
1511106712521	9.376	1.063	1.225
1511106712531	9.308	1.158	1.388
1511106712549	9.366	1.149	1.302
1511106712551	9.404	1.053	1.12
1511106712577	9.423	1.235	0.89
1511106712581	9.605	1.369	0.919
1511106712594	9.807	1.484	0.948
1511106712606	9.883	1.446	1.034
1511106712617	9.816	1.321	1.206
1511106712625	9.787	1.091	1.235
1511106712636	9.653	0.9	1.177
1511106712641	9.692	0.871	1.245
1511106712651	9.797	0.909	1.177
1511106712665	9.912	0.938	1.082
1511106712671	9.816	1.034	1.149
1511106712682	9.768	1.158	1.13
1511106712695	9.826	1.292	1.072
1511106712701	9.969	1.436	1.11
1511106712712	9.998	1.446	1.11
1511106712725	9.845	1.398	1.149
1511106712731	9.692	1.34	1.187
1511106712763	9.672	1.302	1.187
1511106712769	9.73	1.283	1.13
1511106712772	9.682	1.197	1.072
1511106712782	9.615	1.264	1.101
1511106712785	9.557	1.455	1.101
1511106712797	9.548	1.685	1.101
1511106712803	9.452	1.934	1.11
1511106712815	9.203	2.097	1.187
1511106712824	8.945	2.183	1.225
1511106712833	8.715	2.154	1.168
1511106712842	8.514	2.001	1.005
1511106712851	8.82	1.992	1.12
1511106712861	9.318	1.771	1.12
1511106712876	9.768	1.455	1.369
1511106712881	10.008	1.072	1.369
1511106712892	10.027	0.785	1.484
1511106712905	9.96	0.565	1.35
1511106712911	9.835	0.316	1.024
1511106712921	9.902	0.258	0.766
1511106712937	9.864	0.392	0.775
1511106712941	9.864	0.756	0.775
1511106712953	9.739	1.359	0.641
1511106712965	9.701	2.039	0.498
1511106712971	9.653	2.585	0.689
1511106712981	9.816	2.585	0.9
1511106712993	10.103	2.174	1.35
1511106713001	10.209	1.541	1.656
1511106713011	10.084	1.024	1.58
1511106713023	9.931	0.89	1.426
1511106713031	9.893	1.043	1.149
1511106713041	9.807	1.254	0.948
1511106713056	9.222	1.426	0.21
1511106713061	8.609	1.561	0.335
1511106713071	8.6	1.599	0.296
1511106713086	9.107	1.848	0.718
1511106713091	9.72	2.059	0.976
1511106713102	10.132	2.212	1.273
1511106713116	9.826	2.279	1.695
1511106713121	9.222	2.298	1.877
1511106713132	8.648	1.972	1.743
1511106713146	8.437	1.331	1.13
1511106713151	8.609	0.842	0.861
1511106713161	8.83	0.66	0.756
1511106713176	8.983	0.814	0.593
1511106713181	8.629	1.187	0.383
1511106713192	7.881	1.321	-0.268
1511106713207	8.14	1.053	0.067
1511106713211	9.625	1.628	0.584
1511106713222	10.85	2.049	1.436
1511106713236	11.233	2.183	1.589
1511106713241	10.41	1.867	1.953
1511106713252	9.222	1.743	2.059
1511106713267	8.466	2.001	1.934
1511106713271	8.236	2.087	1.331
1511106713282	8.408	2.011	0.229
1511106713296	8.475	1.216	-0.488
1511106713301	9.098	0.047	-0.22
1511106713312	10.065	-0.641	-0.344
1511106713327	11.032	-0.766	-0.325
1511106713331	11.674	-0.459	0.229
1511106713342	11.808	0.268	0.047
1511106713356	11.866	0.459	-0.191
1511106713361	12.258	0.028	0.028
1511106713372	13.829	-1.197	0.45
1511106713386	15.792	-3.38	1.101
1511106713391	15.859	-4.491	2.815
1511106713402	13.216	-2.911	3.964
1511106713416	9.376	-0.038	3.227
1511106713421	6.579	2.796	1.58
1511106713432	6.1	4.903	0.191
1511106713447	7.489	5.679	-0.632
1511106713451	9.625	5.334	-0.967
1511106713462	11.119	4.577	-0.699
1511106713477	11.406	3.562	0.114
1511106713481	10.429	2.432	1.053
1511106713516	9.385	1.494	1.551
1511106713520	9.117	0.727	1.446
1511106713522	9.557	-0.009	1.503
1511106713533	10.046	-0.526	1.321
1511106713536	10.218	-0.699	1.245
1511106713541	10.036	-0.593	1.168
1511106713557	9.797	-0.287	1.034
1511106713568	9.816	0.162	0.344
1511106713572	9.96	0.603	0.459
1511106713583	10.151	0.919	0.105
1511106713604	10.237	1.197	-0.153
1511106713607	10.209	1.379	-0.143
1511106713617	10.113	1.436	-0.047
1511106713629	10.036	1.312	0.153
1511106713631	9.845	1.034	0.632
1511106713644	9.72	0.756	0.976
1511106713656	9.739	0.44	0.814
1511106713661	10.008	0.411	0.814
1511106713671	10.228	0.804	0.976
1511106713685	10.17	1.158	0.986
1511106713691	10.075	1.168	0.976
1511106713702	9.988	0.919	0.287
1511106713716	10.008	0.287	1.053
1511106713721	10.563	0.268	0.651
1511106713731	10.496	0.986	0.545
1511106713748	10.036	1.302	0.478
1511106713751	9.471	1.369	0.718
1511106713761	9.519	1.915	1.063
1511106713774	9.969	2.432	0.919
1511106713781	10.209	2.116	1.053
1511106713791	10.324	1.637	0.986
1511106713804	10.477	1.168	1.015
1511106713811	10.372	0.871	0.967
1511106713822	10.036	1.302	0.957
1511106713839	9.653	1.245	1.091
1511106713842	9.414	1.417	1.063
1511106713852	9.529	1.446	0.833
1511106713867	9.912	1.273	0.833
1511106713871	10.199	1.158	0.861
1511106713883	10.333	0.871	0.976
1511106713897	10.151	0.565	0.986
1511106713901	10.209	0.641	1.292
1511106713912	10.247	0.909	1.206
1511106713927	10.352	1.13	1.235
1511106713931	10.391	1.091	1.005
1511106713943	10.391	0.861	1.206
1511106713958	10.419	0.641	1.158
1511106713972	10.563	0.976	1.063
1511106713988	10.372	1.321	1.101
1511106713991	10.257	1.541	0.842
1511106714002	10.18	1.551	1.053
1511106714018	10.151	1.417	1.187
1511106714021	10.209	1.35	1.302
1511106714034	10.285	1.436	1.35
1511106714048	10.276	1.647	1.436
1511106714051	10.113	1.867	1.34
1511106714063	9.816	1.867	1.417
1511106714078	9.663	1.771	1.513
1511106714081	9.701	1.589	1.369
1511106714094	9.883	1.541	1.513
1511106714107	9.902	1.417	1.302
1511106714111	9.739	1.235	1.388
1511106714123	9.443	1.379	1.465
1511106714138	9.261	1.656	1.34
1511106714141	9.213	1.896	1.292
1511106714153	9.222	2.001	1.245
1511106714167	9.395	1.925	1.082
1511106714171	9.471	1.733	1.177
1511106714183	9.452	1.637	1.273
1511106714197	9.356	1.599	1.225
1511106714201	9.318	1.561	1.264
1511106714213	9.385	1.494	1.139
1511106714228	9.462	1.532	1.273
1511106714231	9.356	1.561	1.292
1511106714243	9.337	1.714	1.177
1511106714276	9.232	1.714	1.101
1511106714279	9.174	1.676	0.976
1511106714284	9.222	1.781	1.177
1511106714288	9.308	1.666	1.082
1511106714292	9.414	1.599	1.177
1511106714315	9.347	1.628	1.34
1511106714319	9.213	1.733	1.388
1511106714322	9.107	1.723	1.302
1511106714337	9.098	1.656	1.12
1511106714342	9.213	1.704	1.12
1511106714351	9.28	1.733	0.986
1511106714364	9.328	1.704	1.13
1511106714380	9.404	1.762	1.043
1511106714384	9.356	1.79	1.12
1511106714393	9.289	1.656	1.12
1511106714406	9.27	1.292	1.12
1511106714411	9.423	1.072	1.35
1511106714421	9.672	1.101	1.426
1511106714431	9.672	1.11	1.522
1511106714441	9.586	1.302	1.465
1511106714452	9.289	1.532	1.283
1511106714461	9.261	1.522	1.149
1511106714471	9.395	1.484	1.13
1511106714482	9.471	1.426	1.053
1511106714491	9.625	1.149	1.082
1511106714501	9.749	1.101	1.158
1511106714511	9.826	1.245	1.11
1511106714521	9.826	1.34	0.986
1511106714531	9.893	1.197	0.976
1511106714543	9.96	1.053	0.967
1511106714558	9.912	1.053	1.072
1511106714561	9.816	1.187	1.091
1511106714573	9.701	1.292	0.976
1511106714588	9.701	1.465	0.986
1511106714591	9.644	1.551	1.043
1511106714604	9.663	1.589	1.024
1511106714611	9.72	1.561	0.986
1511106714621	9.759	1.465	1.053
1511106714634	9.72	1.398	1.139
1511106714641	9.711	1.312	1.139
1511106714652	9.73	1.245	1.139
1511106714663	9.826	1.302	1.206
1511106714672	9.807	1.369	1.177
1511106714682	9.663	1.494	1.168
1511106714693	9.529	1.714	1.187
1511106714701	9.414	1.934	1.13
1511106714711	9.318	2.126	1.024
1511106714723	9.261	2.288	1.072
1511106714731	9.194	2.241	1.024
1511106714741	9.155	2.116	1.139
1511106714753	9.146	1.905	1.235
1511106714761	9.194	1.781	1.35
1511106714771	9.222	1.81	1.455
1511106714784	9.203	1.915	1.283
1511106714791	9.174	1.867	1.187
1511106714802	9.347	1.829	1.187
1511106714814	9.5	1.838	1.197
1511106714821	9.538	1.925	1.225
1511106714831	9.395	1.848	1.13
1511106714844	9.184	1.474	0.996
1511106714851	9.308	1.254	1.158
1511106714861	9.663	1.225	1.168
1511106714874	9.988	1.302	1.177
1511106714881	9.998	1.407	1.053
1511106714891	9.883	1.455	0.727
1511106714904	9.749	1.446	0.766
1511106714911	9.874	1.513	0.766
1511106714921	10.161	1.676	0.938
1511106714933	10.324	1.781	1.12
1511106714941	10.218	1.781	1.245
1511106714951	9.921	1.81	1.388
1511106714964	9.605	1.972	1.455
1511106714971	9.27	2.145	1.446
1511106714981	8.992	2.154	0.881
1511106714994	8.667	1.685	0.459
1511106715028	8.839	1.494	0.689
1511106715030	9.672	1.589	0.766
1511106715040	10.515	1.647	0.976
1511106715043	10.544	1.752	0.976
1511106715049	10.142	1.704	1.168
1511106715058	9.51	1.599	1.312
1511106715061	9.069	1.513	1.426
1511106715071	8.897	1.388	1.407
1511106715083	8.351	1.149	0.277
1511106715091	8.437	0.842	0.43
1511106715106	8.083	0.249	0.383
1511106715115	8.341	0.181	0.718
1511106715121	9.5	0.986	1.024
1511106715131	10.534	2.135	1.034
1511106715143	10.735	2.949	1.225
1511106715151	9.988	3.16	1.455
1511106715161	8.916	2.921	1.436
1511106715172	7.996	2.106	1.446
1511106715181	7.958	1.283	1.005
1511106715191	7.968	0.842	0.574
1511106715203	8.063	1.446	1.206
1511106715211	8.839	1.446	0.89
1511106715221	10.343	1.618	0.967
1511106715232	11.425	3.217	0.976
1511106715241	11.454	3.447	1.12
1511106715251	10.592	2.968	1.11
1511106715264	10.199	2.02	1.091
1511106715271	10.965	0.402	0.986
1511106715281	12.909	-1.446	0.89
1511106715294	15.333	-3.687	0.641
1511106715301	16.539	-5.334	1.177
1511106715311	14.882	-4.137	2.528
1511106715324	11.233	-1.197	2.25
1511106715331	8.102	1.398	0.996
1511106715341	6.847	3.428	-0.057
1511106715354	7.345	4.922	-0.488
1511106715361	8.801	5.727	-0.584
1511106715371	10.237	5.717	-0.383
1511106715384	10.668	4.778	0.153
1511106715391	10.065	3.208	0.938
1511106715401	9.184	1.666	1.599
1511106715414	8.868	0.498	2.011
1511106715421	9.184	-0.306	1.972
1511106715431	9.759	-0.814	1.58
1511106715444	10.17	-0.928	1.206
1511106715451	10.113	-0.612	0.928
1511106715461	9.787	-0.095	0.756
1511106715474	9.73	0.459	0.766
1511106715481	9.854	0.996	0.603
1511106715491	10.094	1.379	0.373
1511106715505	10.285	1.465	0.287
1511106715511	10.372	1.417	0.296
1511106715522	10.324	1.187	0.43
1511106715536	10.209	0.881	0.584
1511106715541	10.056	0.593	0.67
1511106715551	9.854	0.344	0.747
1511106715565	9.807	0.249	0.727
1511106715571	9.921	0.277	0.66
1511106715581	10.103	0.363	0.517
1511106715595	10.17	0.44	0.536
1511106715610	10.065	0.421	0.517
1511106715621	9.95	0.354	0.421
1511106715622	9.969	0.287	0.373
1511106715631	10.065	0.296	0.383
1511106715641	10.056	0.306	0.43
1511106715653	9.979	0.421	0.526
1511106715661	9.912	0.574	0.584
1511106715674	9.95	0.718	0.622
1511106715691	10.017	0.794	0.699
1511106715701	9.931	0.689	0.737
1511106715713	9.988	0.612	0.775
1511106715721	9.902	0.593	0.775
1511106715731	9.902	0.66	0.823
1511106715743	9.979	0.603	0.507
1511106715751	9.979	0.526	0.507
1511106715784	10.103	0.507	0.335
1511106715789	9.95	0.689	0.44
1511106715793	9.95	0.756	0.593
1511106715796	9.969	0.938	0.201
1511106715807	10.151	0.727	0.296
1511106715812	10.305	0.45	0.679
1511106715822	10.237	0.44	0.737
1511106715839	9.835	0.545	0.517
1511106715841	9.835	0.584	0.641
1511106715853	10.084	0.737	0.699
1511106715871	10.065	0.622	0.718
1511106715880	9.912	0.67	0.66
1511106715887	10.113	0.622	0.555
1511106715899	10.305	0.43	0.756
1511106715913	10.18	0.679	0.718
1511106715916	9.969	1.11	0.555
1511106715930	9.902	1.273	0.344
1511106715931	9.998	1.331	0.325
1511106715951	10.199	1.158	0.392
1511106715953	10.343	0.622	0.411
1511106715966	10.573	0.335	0.948
1511106715974	10.601	0.679	1.149
1511106715985	10.534	1.264	1.273
1511106715991	10.017	1.513	0.967
1511106716002	9.644	1.417	0.928
1511106716012	9.826	1.426	1.024
1511106716021	9.998	1.168	0.823
1511106716031	10.142	0.967	0.747
1511106716044	10.496	1.34	0.948
1511106716051	10.515	1.685	0.976
1511106716061	10.381	1.513	1.082
1511106716074	10.372	1.024	1.053
1511106716081	10.544	0.679	1.331
1511106716091	10.601	0.584	0.957
1511106716104	10.688	0.775	0.996
1511106716111	10.783	1.254	1.063
1511106716122	10.726	1.762	1.091
1511106716136	10.525	1.944	1.158
1511106716141	10.439	1.762	1.034
1511106716153	10.458	1.474	0.919
1511106716167	10.381	1.245	1.063
1511106716171	10.352	1.245	1.187
1511106716184	10.266	1.436	1.283
1511106716197	9.941	1.79	1.398
1511106716201	9.663	2.011	1.235
1511106716215	9.443	2.078	1.139
1511106716227	9.433	2.068	1.369
1511106716231	9.557	1.848	1.197
1511106716243	9.663	1.618	1.187
1511106716257	9.672	1.426	1.426
1511106716261	9.682	1.532	1.58
1511106716273	9.462	1.58	1.685
1511106716287	9.241	1.608	1.589
1511106716291	9.194	1.551	1.388
1511106716305	9.347	1.34	1.254
1511106716317	9.471	1.426	1.503
1511106716321	9.49	1.848	1.532
1511106716335	9.28	2.49	1.379
1511106716349	8.916	2.748	1.225
1511106716352	8.753	2.528	1.053
1511106716366	8.82	2.317	1.101
1511106716380	9.002	2.078	1.245
1511106716382	9.241	2.011	1.254
1511106716395	9.299	2.059	1.245
1511106716407	9.213	2.25	1.522
1511106716411	9.05	2.355	1.331
1511106716422	8.906	2.394	1.312
1511106716439	8.83	2.394	1.331
1511106716441	8.878	2.327	1.321
1511106716453	8.878	2.193	1.158
1511106716467	8.849	2.126	1.359
1511106716471	8.839	2.145	1.187
1511106716482	8.849	2.106	1.302
1511106716497	8.887	1.934	1.302
1511106716501	8.897	1.762	1.455
1511106716539	8.954	1.867	1.379
1511106716547	8.83	1.992	1.455
1511106716550	8.83	2.078	1.388
1511106716553	9.376	2.279	1.656
1511106716562	8.533	1.647	1.015
1511106716564	9.155	-0.105	1.063
1511106716572	10.218	-0.134	1.273
1511106716597	10.534	0.114	0.976
1511106716598	10.199	0.363	0.804
1511106716602	9.567	0.641	0.727
1511106716615	9.299	0.651	0.737
1511106716621	9.586	0.804	0.794
1511106716634	9.893	0.794	0.708
1511106716646	10.017	0.679	0.66
1511106716651	9.988	0.363	0.67
1511106716661	9.95	0.057	0.785
1511106716674	10.113	0.22	0.986
1511106716681	10.314	0.775	1.13
1511106716691	10.4	1.139	1.12
1511106716706	10.218	1.235	1.082
1511106716714	10.065	1.168	1.216
1511106716721	9.893	1.13	1.082
1511106716736	9.864	1.11	1.015
1511106716741	9.845	1.225	0.957
1511106716751	9.768	1.312	0.881
1511106716765	9.682	1.436	0.919
1511106716771	9.625	1.465	0.861
1511106716781	9.634	1.407	1.024
1511106716795	9.634	1.35	1.225
1511106716801	9.692	1.216	1.254
1511106716811	9.711	1.11	1.312
1511106716825	9.759	1.034	1.225
1511106716831	9.768	1.063	1.11
1511106716841	9.73	1.158	0.919
1511106716856	9.682	1.264	0.785
1511106716861	9.615	1.359	0.727
1511106716872	9.51	1.541	0.775
1511106716888	9.443	1.877	0.852
1511106716891	9.28	2.346	0.871
1511106716903	9.031	2.633	0.804
1511106716918	8.887	2.71	1.015
1511106716921	8.839	2.068	0.641
1511106716933	8.973	1.091	1.139
1511106716949	9.308	0.593	1.455
1511106716951	9.663	0.392	1.474
1511106716964	9.73	0.45	1.254
1511106716979	9.73	0.612	0.842
1511106716981	9.807	0.612	0.842
1511106716993	10.017	0.507	0.708
1511106717006	10.257	0.363	0.737
1511106717011	10.257	0.306	0.737
1511106717021	10.123	0.373	0.756
1511106717038	9.816	0.641	0.727
1511106717041	9.423	1.264	0.747
1511106717051	9.136	1.714	-0.105
1511106717066	8.964	1.819	0.038
1511106717071	9.49	1.8	0.488
1511106717081	10.305	1.8	0.833
1511106717097	10.611	1.982	1.321
1511106717101	10.525	2.039	1.417
1511106717112	10.065	1.589	1.446
1511106717125	9.701	1.12	1.417
1511106717131	9.759	1.034	1.417
1511106717141	9.893	1.216	1.302
1511106717152	9.921	1.187	0.383
1511106717161	9.692	0.804	0.038
1511106717171	9.194	0.383	0.555
1511106717185	9.059	0.402	0.584
1511106717191	9.739	0.823	0.747
1511106717201	10.592	1.235	0.928
1511106717216	10.956	1.656	1.082
1511106717221	10.582	1.896	1.235
1511106717232	9.184	1.857	1.407
1511106717249	8.858	1.838	1.484
1511106717251	8.696	2.001	1.455
1511106717277	8.514	2.48	0.526
1511106717285	8.054	2.911	-0.612
1511106717286	7.46	2.394	-0.392
1511106717307	8.198	0.909	0.296
1511106717309	10.094	-0.287	0.756
1511106717320	11.511	0.028	1.321
1511106717322	11.55	0.823	1.187
1511106717338	10.496	1.656	1.091
1511106717348	9.308	1.896	1.11
1511106717355	8.59	2.068	1.264
1511106717371	8.293	2.193	1.359
1511106717375	8.092	2.652	1.273
1511106717386	7.767	3.256	0.019
1511106717396	6.991	2.796	-0.181
1511106717401	6.895	0.679	-0.047
1511106717412	9.462	-0.296	0.402
1511106717426	12.555	0.402	1.091
1511106717431	13.369	1.426	1.57
1511106717442	11.578	2.097	1.197
1511106717456	9.261	2.49	0.938
1511106717461	8.36	2.336	0.986
1511106717471	9.194	1.245	0.517
1511106717485	11.712	-0.201	0.086
1511106717491	15.476	-2.375	-0.162
1511106717501	18.225	-5.028	0.402
1511106717515	16.961	-5.535	2.7
1511106717521	12.191	-3.256	3.361
1511106717532	7.862	-0.507	2.078
1511106717548	6.148	2.097	0.459
1511106717565	8.791	5.315	-1.254
1511106717579	10.601	5.506	-1.465
1511106717581	11.099	4.932	-0.89
1511106717594	10.314	3.802	0.114
1511106717611	9.289	2.643	1.072
1511106717612	8.973	1.743	1.561
1511106717649	9.289	0.66	1.589
1511106717650	9.835	-0.45	1.398
1511106717650	10.027	-1.158	1.321
1511106717651	9.816	-1.426	1.359
1511106717667	9.644	-1.187	1.254
1511106717671	9.845	-0.67	0.871
1511106717681	10.17	-0.114	0.316
1511106717694	10.458	0.363	-0.229
1511106717701	10.649	0.804	-0.565
1511106717713	10.611	1.177	-0.679
1511106717726	10.448	1.388	-0.727
1511106717731	10.228	1.398	-0.498
1511106717745	9.998	1.235	-0.124
1511106717760	9.921	0.852	0.277
1511106717761	9.969	0.478	0.536
1511106717772	10.084	0.277	0.727
1511106717789	10.084	0.249	0.785
1511106717791	9.998	0.392	0.804
1511106717802	9.893	0.517	0.66
1511106717817	9.912	0.603	0.488
1511106717821	9.95	0.612	0.344
1511106717833	9.941	0.498	0.306
1511106717849	10.017	0.45	0.249
1511106717851	10.247	0.526	0.277
1511106717862	10.41	0.277	0.21
1511106717871	10.333	-0.028	0.21
1511106717881	10.123	-0.009	0.545
1511106717891	9.893	0.363	0.526
1511106717907	9.759	0.612	0.45
1511106717911	9.845	0.66	0.392
1511106717923	10.477	0.871	0.296
1511106717933	10.391	1.091	0.296
1511106717941	10.218	1.12	0.402
1511106717952	10.257	0.967	0.651
1511106717963	10.362	0.833	0.421
1511106717971	10.592	1.005	0.363
1511106717982	10.381	1.292	0.124
1511106717991	10.075	0.986	0.249
1511106718001	9.912	0.526	0.574
1511106718012	10.036	-0.076	0.775
1511106718034	10.352	0.306	1.015
1511106718042	10.419	0.517	0.976
1511106718044	10.027	0.804	0.928
1511106718077	10.017	1.254	0.727
1511106718078	10.161	1.905	1.79
1511106718079	9.912	2.087	0.632
1511106718087	9.797	1.513	1.35
1511106718092	9.893	1.704	0.957
1511106718108	9.672	1.867	1.034
1511106718111	9.653	2.078	0.996
1511106718129	9.845	2.135	0.785
1511106718134	9.988	1.905	0.737
1511106718152	10.123	1.589	0.794
1511106718153	10.247	1.302	0.775
1511106718163	10.266	0.919	0.823
1511106718171	10.161	0.574	0.689
1511106718181	10.247	0.593	0.804
1511106718194	10.477	0.957	0.823
1511106718201	10.467	1.168	0.871
1511106718211	10.314	1.12	0.938
1511106718223	10.314	1.177	1.053
1511106718231	10.419	1.273	1.101
1511106718241	10.506	1.216	0.957
1511106718253	10.486	1.043	1.053
1511106718261	10.324	1.034	1.197
1511106718271	10.228	1.331	1.254
1511106718282	10.113	1.79	1.177
1511106718291	9.912	2.02	0.996
1511106718301	9.749	1.972	0.919
1511106718312	9.72	1.79	1.034
1511106718321	9.845	1.417	1.091
1511106718331	9.96	1.302	1.101
1511106718343	9.931	1.608	1.407
1511106718351	9.653	2.059	1.446
1511106718362	9.308	2.25	1.34
1511106718375	9.05	2.269	1.292
1511106718381	8.992	2.336	1.369
1511106718393	9.079	2.288	1.455
1511106718405	9.213	2.126	1.407
1511106718411	9.222	2.049	1.388
1511106718424	9.174	2.097	1.35
1511106718435	8.887	2.087	1.216
1511106718441	8.925	2.011	1.216
1511106718453	8.887	1.905	1.197
1511106718465	8.973	1.944	1.283
1511106718471	9.021	1.886	1.216
1511106718483	8.973	1.771	0.89
1511106718495	8.992	1.58	1.12
1511106718501	9.127	1.35	1.197
1511106718514	9.289	1.197	1.455
1511106718547	9.289	1.35	1.561
1511106718550	9.05	1.484	1.561
1511106718553	8.839	1.465	1.034
1511106718555	8.983	1.407	1.043
1511106718561	9.395	1.35	0.919
1511106718571	9.672	1.35	1.082
1511106718583	9.634	1.379	1.091
1511106718591	9.414	1.359	1.091
1511106718601	9.27	1.608	1.245
1511106718613	9.27	1.637	1.283
1511106718621	9.27	1.426	1.264
1511106718631	9.385	1.12	1.312
1511106718643	9.596	0.986	1.177
1511106718651	9.596	0.996	1.024
1511106718661	9.423	1.082	0.814
1511106718673	9.49	1.187	0.794
1511106718681	9.538	1.206	0.909
1511106718691	9.692	1.206	0.938
1511106718703	9.835	1.015	0.928
1511106718711	9.931	1.015	0.957
1511106718721	9.893	0.699	1.005
1511106718735	9.912	0.488	1.043
1511106718741	9.874	0.574	1.11
1511106718753	9.835	0.651	1.091
1511106718767	9.749	0.718	0.986
1511106718807	9.692	0.766	0.976
1511106718813	9.883	0.996	0.89
1511106718819	9.969	1.139	0.871
1511106718823	9.931	1.197	0.957
1511106718824	9.749	1.197	0.967
1511106718826	9.586	1.225	1.053
1511106718838	9.644	1.369	1.187
1511106718851	9.739	1.561	1.254
1511106718853	9.701	1.618	1.187
1511106718863	9.567	1.57	1.187
1511106718873	9.414	1.541	1.12
1511106718884	9.347	1.589	1.158
1511106718891	9.356	1.589	1.11
1511106718901	9.366	1.35	0.948
1511106718915	9.471	1.149	0.996
1511106718921	9.596	1.13	1.034
1511106718931	9.749	1.254	1.13
1511106718944	9.893	1.302	1.177
1511106718951	9.931	1.235	1.12
1511106718961	9.864	1.187	1.12
1511106718973	9.816	1.034	1.072
1511106718981	9.797	0.976	1.053
1511106718991	9.816	1.082	1.034
1511106719003	9.787	1.292	0.938
1511106719011	9.538	1.503	0.823
1511106719021	9.059	1.551	0.498
1511106719035	8.916	1.628	0.804
1511106719041	9.404	1.723	0.651
1511106719051	10.075	1.8	1.063
1511106719064	10.305	1.781	1.513
1511106719071	9.998	1.599	1.465
1511106719081	9.452	1.388	1.494
1511106719093	9.174	1.225	1.407
1511106719101	9.299	1.177	1.34
1511106719111	9.567	1.197	0.948
1511106719124	9.663	1.015	0.507
1511106719131	9.366	0.507	0.363
1511106719142	9.318	0.507	0.632
1511106719155	10.563	1.245	0.794
1511106719161	10.563	1.685	0.794
1511106719173	10.831	1.81	0.928
1511106719186	10.429	1.695	1.177
1511106719191	9.807	1.426	1.369
1511106719217	9.625	1.79	1.187
1511106719232	9.5	1.781	0.498
1511106719246	9.127	1.177	0.325
1511106719261	9.414	0.909	0.526
1511106719276	10.324	1.197	0.766
1511106719281	10.324	1.197	1.225
1511106719293	10.094	1.331	1.283
1511106719307	9.414	1.417	1.417
1511106719311	9.414	1.417	1.494
1511106719322	9.232	1.474	1.494
1511106719337	8.983	1.953	1.043
1511106719341	8.676	1.953	0.325
1511106719353	8.552	1.743	0.047
1511106719367	8.59	0.306	0.287
1511106719371	9.136	0.306	0.584
1511106719382	9.835	0.268	0.488
1511106719397	10.276	0.708	0.574
1511106719401	10.017	1.417	0.756
1511106719411	9.395	2.02	1.034
1511106719426	8.868	2.576	1.254
1511106719431	8.389	2.576	1.331
1511106719441	7.949	2.557	1.34
1511106719456	7.355	2.365	1.101
1511106719461	6.78	2.078	0.89
1511106719472	6.55	1.905	0.306
1511106719486	6.866	1.656	0.181
1511106719491	8.868	0.794	1.292
1511106719502	13.513	-0.363	-0.459
1511106719516	19.211	-3.677	-1.465
1511106719521	19.671	-10.228	0.316
1511106719532	19.412	-11.262	6.158
1511106719546	12.038	-5.516	5.382
1511106719587	4.271	-0.651	2.039
1511106719599	2.03	2.863	-0.9
1511106719600	4.539	5.458	-1.781
1511106719603	8.849	6.885	-2.001
1511106719604	12.411	7.958	-2.26
1511106719607	13.743	7.853	-1.541
1511106719619	12.028	5.861	-0.344
1511106719624	9.117	3.543	1.245
1511106719633	7.412	2.145	2.269
1511106719663	7.46	0.909	2.604
1511106719668	8.494	-0.565	2.241
1511106719672	9.787	-1.676	2.02
1511106719673	10.429	-2.078	1.944
1511106719682	10.084	-1.925	1.857
1511106719695	9.653	-1.484	1.455
1511106719701	9.577	-0.814	0.986
1511106719711	9.768	0.028	0.641
1511106719722	10.218	1.082	0.277
1511106719732	10.688	2.001	-0.076
1511106719743	10.764	2.49	-0.229
1511106719758	10.477	2.576	-0.019
1511106719763	10.161	2.384	0.373
1511106719772	9.816	1.982	0.881
1511106719788	9.462	1.417	1.283
1511106719791	9.366	0.996	1.58
1511106719801	9.49	0.852	1.714
1511106719814	9.768	0.842	1.388
1511106719821	10.036	0.967	1.312
1511106719831	10.027	1.177	1.197
1511106719844	9.95	1.369	0.881
1511106719851	9.921	1.388	0.679
1511106719861	9.912	1.398	0.699
1511106719878	9.864	1.225	0.689
1511106719881	9.778	1.015	0.689
1511106719891	9.72	1.063	1.005
1511106719904	9.854	1.12	1.273
1511106719911	9.778	1.091	1.273
1511106719923	9.969	1.072	1.206
1511106719934	9.921	0.756	1.34
1511106719941	9.921	0.507	1.34
1511106719951	9.864	0.411	1.245
1511106719966	9.835	0.43	0.996
1511106719972	9.883	0.66	0.766
1511106719983	10.008	0.871	0.574
1511106719994	10.228	0.737	0.402
1511106720001	10.276	0.593	0.249
1511106720011	10.113	0.469	0.833
1511106720025	10.084	0.852	0.842
1511106720032	9.921	1.465	0.9
1511106720042	9.941	1.714	0.833
1511106720056	10.113	1.541	0.842
1511106720063	10.314	1.235	0.871
1511106720071	10.295	0.718	1.177
1511106720084	10.199	0.545	1.024
1511106720091	10.17	0.622	1.063
1511106720101	10.132	0.67	1.091
1511106720114	9.931	0.919	1.11
1511106720121	9.912	1.091	1.11
1511106720134	9.941	1.063	0.919
1511106720145	10.19	0.919	1.043
1511106720151	10.372	0.622	1.13
1511106720161	10.295	0.622	1.331
1511106720172	10.132	0.852	1.369
1511106720181	9.988	1.264	1.388
1511106720191	9.931	1.608	1.245
1511106720206	10.084	1.819	1.149
1511106720211	10.276	1.666	1.197
1511106720223	10.41	1.388	1.13
1511106720239	10.668	1.245	1.177
1511106720241	10.803	1.168	1.225
1511106720252	10.707	1.053	1.254
1511106720268	10.496	0.967	1.216
1511106720271	10.391	0.948	1.177
1511106720282	10.333	1.034	1.225
1511106720297	10.314	1.235	1.273
1511106720333	10.314	1.426	1.168
1511106720338	10.18	1.446	1.063
1511106720345	10.084	1.589	1.359
1511106720352	10.008	1.972	1.513
1511106720359	9.768	2.355	1.599
1511106720363	9.404	2.7	1.762
1511106720366	9.117	3.045	1.972
1511106720375	8.791	3.447	2.078
1511106720388	8.485	3.543	1.838
1511106720391	8.274	3.352	1.714
1511106720402	8.332	3.246	1.867
1511106720416	8.571	3.304	1.733
1511106720421	8.638	3.141	1.417
1511106720433	8.763	2.691	1.158
1511106720452	9.184	2.48	1.292
1511106720457	9.577	2.365	1.484
1511106720466	9.739	2.145	1.12
1511106720479	9.941	2.126	1.426
1511106720481	9.96	2.126	1.474
1511106720491	9.759	1.905	1.216
1511106720506	9.615	1.723	1.359
1511106720511	9.663	1.637	1.35
1511106720522	9.883	1.848	1.551
1511106720532	9.816	2.25	1.666
1511106720541	9.423	2.786	1.522
1511106720553	8.954	3.141	1.331
1511106720565	8.6	3.122	1.12
1511106720575	8.542	2.93	1.12
1511106720582	8.791	2.911	1.168
1511106720595	9.155	2.988	1.139
1511106720601	9.136	2.892	1.139
1511106720625	8.858	2.595	1.532
1511106720631	8.887	2.528	1.532
1511106720642	8.667	2.681	1.733
1511106720655	8.255	2.968	1.81
1511106720700	8.198	3.074	1.81
1511106720701	8.169	2.662	1.57
1511106720702	8.274	1.829	1.656
1511106720702	8.715	0.976	1.513
1511106720703	9.308	0.344	1.426
1511106720712	9.845	0.076	1.13
1511106720721	10.094	-0.076	0.852
1511106720731	9.931	-0.076	0.823
1511106720747	10.008	0.067	0.9
1511106720751	9.998	0.296	1.024
1511106720761	9.787	0.737	1.034
1511106720779	9.72	1.072	1.015
1511106720781	9.605	1.388	0.775
1511106720792	9.672	1.053	0.737
1511106720810	9.893	0.344	0.555
1511106720812	10.257	0.086	0.612
1511106720824	10.582	-0.134	0.555
1511106720842	10.611	-0.258	0.43
1511106720844	10.486	-0.344	0.306
1511106720857	10.391	-0.296	0.469
1511106720865	10.448	-0.019	0.488
1511106720871	10.486	0.239	0.498
1511106720881	10.372	0.45	0.584
1511106720895	10.075	0.555	0.641
1511106720901	9.739	0.43	0.737
1511106720911	9.586	0.363	0.823
1511106720929	9.625	0.411	0.89
1511106720931	9.73	0.632	0.871
1511106720942	9.874	0.852	0.689
1511106720956	9.835	0.957	0.632
1511106720961	9.759	1.101	0.536
1511106720971	9.739	1.13	0.478
1511106720986	9.701	0.986	0.498
1511106720991	9.72	0.919	0.603
1511106721001	9.625	0.804	0.708
1511106721019	9.557	0.718	0.833
1511106721021	9.634	0.794	0.948
1511106721033	9.663	0.938	1.139
1511106721051	9.672	1.235	1.168
1511106721052	9.615	1.599	1.302
1511106721088	9.481	1.953	1.359
1511106721091	9.337	2.202	1.398
1511106721094	9.28	2.346	1.359
1511106721108	9.28	2.413	1.379
1511106721112	9.261	2.336	1.359
1511106721115	9.28	2.174	1.206
1511106721134	9.443	1.972	1.034
1511106721135	9.644	1.436	1.005
1511106721150	9.787	0.89	0.89
1511106721158	9.921	0.632	0.775
1511106721170	9.902	0.565	0.737
1511106721174	9.874	0.66	0.679
1511106721184	10.017	1.005	0.641
1511106721211	10.008	1.245	0.517
1511106721212	9.921	1.407	0.574
1511106721213	9.807	1.513	0.708
1511106721227	9.663	1.522	0.852
1511106721231	9.634	1.551	0.804
1511106721241	9.749	1.599	0.66
1511106721256	9.902	1.503	0.622
1511106721261	10.084	1.254	0.584
1511106721271	10.132	0.871	0.603
1511106721286	10.132	0.565	0.478
1511106721291	10.18	0.488	0.603
1511106721301	10.218	0.574	0.651
1511106721314	10.161	0.679	0.775
1511106721321	10.046	0.823	0.632
1511106721331	9.893	0.996	0.622
1511106721346	9.739	1.12	0.622
1511106721351	9.749	1.34	0.727
1511106721361	9.826	1.676	0.986
1511106721377	9.73	2.001	1.359
1511106721385	9.443	2.355	1.245
1511106721391	9.04	2.71	1.398
1511106721407	8.676	3.064	1.005
1511106721411	8.504	3.007	0.871
1511106721422	8.533	2.308	0.814
1511106721433	9.04	1.197	1.053
1511106721441	9.308	0.459	1.158
1511106721452	9.241	0.268	1.024
1511106721466	8.858	0.277	0.421
1511106721471	8.284	0.067	0.239
1511106721481	8.159	-0.172	0.191
1511106721496	8.533	-0.009	0.239
1511106721501	9.05	0.574	0.957
1511106721512	9.529	3.055	1.187
1511106721526	9.462	3.39	0.804
1511106721531	9.232	3.342	1.034
1511106721541	9.337	2.442	1.187
1511106721558	9.739	1.417	1.733
1511106721561	10.113	0.756	1.905
1511106721572	10.18	0.43	1.541
1511106721583	9.988	0.229	0.718
1511106721596	9.739	-0.517	-0.057
1511106721605	9.854	-1.436	-0.22
1511106721615	10.324	-1.379	-0.296
1511106721628	10.534	-0.316	0.0
1511106721634	10.611	1.455	0.172
1511106721654	10.084	3.074	0.095
1511106721655	9.481	4.003	0.057
1511106721664	9.682	4.146	0.373
1511106721671	10.295	3.476	1.072
1511106721681	10.554	2.959	1.599
1511106721692	10.506	2.442	1.829
1511106721710	10.314	1.551	1.781
1511106721711	10.372	0.373	1.771
1511106721722	11.109	-0.603	1.714
1511106721731	12.201	-1.666	1.484
1511106721741	12.833	-2.604	0.89
1511106721753	12.498	-2.834	0.699
1511106721763	11.502	-2.154	0.526
1511106721771	10.381	-1.177	0.086
1511106721782	9.682	-0.105	-0.268
1511106721797	9.548	0.996	-0.507
1511106721804	9.596	1.838	-0.536
1511106721830	9.739	2.317	-0.526
1511106721834	9.902	2.336	-0.335
1511106721840	9.921	1.848	-0.038
1511106721857	9.893	1.101	0.354
1511106721859	9.912	0.459	0.718
1511106721866	9.95	-0.057	0.861
1511106721872	10.008	-0.526	0.861
1511106721881	10.056	-0.794	0.775
1511106721892	10.065	-0.842	0.641
1511106721903	10.046	-0.679	0.373
1511106721911	10.084	-0.383	0.047
1511106721921	10.228	0.038	-0.344
1511106721933	10.381	0.402	-0.689
1511106721941	10.429	0.622	-0.766
1511106721951	10.381	0.689	-0.689
1511106721962	10.276	0.536	-0.498
1511106721971	10.151	0.287	-0.201
1511106721982	10.132	0.067	0.086
1511106721993	10.075	-0.153	0.603
1511106722001	10.075	-0.268	0.478
1511106722011	10.056	-0.201	0.593
1511106722022	10.017	-0.038	0.584
1511106722031	10.056	0.057	0.383
1511106722041	10.113	0.028	0.143
1511106722052	10.123	-0.067	-0.067
1511106722061	10.142	-0.134	-0.067
1511106722073	10.132	-0.086	-0.038
1511106722083	10.142	0.076	-0.019
1511106722091	10.142	0.239	0.028
1511106722101	10.132	0.268	0.086
1511106722112	10.123	0.076	0.181
1511106722121	10.084	-0.201	0.229
1511106722131	10.056	-0.392	0.191
1511106722145	10.094	-0.43	0.201
1511106722151	10.094	-0.325	0.316
1511106722161	10.027	-0.009	0.306
1511106722172	10.036	0.354	0.22
1511106722181	10.103	0.584	0.162
1511106722191	10.103	0.584	0.143
1511106722203	10.065	0.181	0.201
1511106722211	10.036	0.153	0.287
1511106722221	10.027	-0.067	0.335
1511106722233	10.065	-0.076	0.316
1511106722241	10.132	-0.009	0.258
1511106722251	10.18	0.067	0.268
1511106722263	10.151	0.21	0.325
1511106722271	10.094	0.249	0.354
1511106722281	9.988	0.181	0.478
1511106722294	9.826	0.306	0.373
1511106722301	9.854	0.086	0.239
1511106722311	9.854	-0.191	-0.306
1511106722323	10.333	-0.191	0.45
1511106722331	10.659	-0.057	0.651
1511106722341	11.052	0.545	0.335
1511106722353	11.119	0.967	-0.21
1511106722361	11.157	0.852	-0.335
1511106722371	11.205	0.153	-0.517
1511106722385	11.023	-0.478	-0.43
1511106722391	10.688	-0.45	-0.191
1511106722401	10.477	-0.057	0.43
1511106722413	10.094	0.478	1.072
1511106722421	9.711	1.168	1.398
1511106722431	9.672	1.695	1.752
1511106722443	9.864	1.992	1.992
1511106722451	10.161	2.116	2.087
1511106722461	10.381	2.02	2.183
1511106722473	10.515	1.743	2.068
1511106722481	10.467	1.426	1.944
1511106722492	10.4	1.426	1.848
1511106722504	10.419	1.704	1.685
1511106722511	10.276	2.279	1.446
1511106722523	10.036	2.758	1.034
1511106722536	9.768	2.758	0.651
1511106722541	9.826	2.451	0.651
1511106722553	10.161	1.877	0.574
1511106722598	10.621	1.216	0.967
1511106722608	10.573	0.766	0.967
1511106722612	10.458	1.005	1.455
1511106722615	10.065	1.369	1.369
1511106722629	9.778	1.484	1.426
1511106722632	9.634	1.331	1.379
1511106722638	9.529	1.015	1.551
1511106722639	9.5	0.9	1.541
1511106722646	9.481	1.082	1.474
1511106722659	9.318	1.407	1.379
1511106722661	9.194	1.781	1.082
1511106722671	9.098	2.116	1.13
1511106722684	8.887	2.423	1.139
1511106722734	8.638	2.547	1.292
1511106722735	8.456	2.432	1.187
1511106722736	8.542	2.413	1.398
1511106722736	8.715	2.355	1.532
1511106722737	8.849	2.269	1.532
1511106722742	8.791	2.298	1.589
1511106722751	8.581	2.336	1.245
1511106722761	8.38	2.164	1.11
1511106722773	8.475	1.963	1.063
1511106722781	8.782	1.8	1.216
1511106722798	9.079	1.771	1.292
1511106722801	9.031	1.838	1.245
1511106722811	8.916	1.915	1.312
1511106722821	8.906	1.867	1.273
1511106722833	8.925	1.216	1.235
1511106722858	9.232	1.216	1.264
1511106722859	9.51	0.948	1.206
1511106722864	9.692	0.756	1.101
1511106722871	9.72	0.689	1.015
1511106722881	9.701	0.651	0.967
1511106722893	9.634	0.861	0.957
1511106722901	9.644	1.015	1.063
1511106722912	9.739	0.976	1.024
1511106722924	9.883	0.986	1.053
1511106722931	9.931	1.063	1.13
1511106722941	9.845	1.187	1.187
1511106722952	9.644	1.187	1.063
1511106722961	9.586	1.216	1.139
1511106722971	9.663	1.312	1.216
1511106722983	9.759	1.369	1.331
1511106722991	9.759	1.35	1.388
1511106723001	9.73	1.225	1.398
1511106723014	9.768	1.187	1.455
1511106723021	9.874	1.254	1.388
1511106723031	9.845	1.359	1.283
1511106723043	9.797	1.426	1.082
1511106723051	9.768	1.34	0.986
1511106723061	9.816	1.216	0.919
1511106723073	9.902	1.273	0.976
1511106723081	9.902	1.379	0.976
1511106723091	9.807	1.436	1.015
1511106723103	9.605	1.474	1.091
1511106723111	9.443	1.426	1.12
1511106723121	9.433	1.321	1.139
1511106723134	9.605	1.321	1.206
1511106723141	9.759	1.321	1.225
1511106723151	9.701	1.254	1.12
1511106723165	9.596	1.254	1.158
1511106723171	9.519	1.292	1.149
1511106723181	9.471	1.359	1.168
1511106723194	9.423	1.474	1.139
1511106723201	9.328	1.551	1.139
1511106723211	9.203	1.685	1.177
1511106723225	9.107	1.838	1.292
1511106723231	9.098	1.925	1.359
1511106723241	9.203	1.915	1.436
1511106723254	9.328	1.857	1.532
1511106723261	9.433	1.79	1.532
1511106723271	9.443	1.666	1.474
1511106723285	9.452	1.666	1.436
1511106723291	9.471	1.752	1.436
1511106723304	9.433	1.628	1.321
1511106723365	9.404	1.053	0.976
1511106723379	9.27	0.344	0.469
1511106723381	9.337	0.162	0.612
1511106723382	9.711	0.536	0.507
1511106723385	10.161	0.976	0.43
1511106723387	10.314	1.474	0.574
1511106723390	10.132	1.886	0.651
1511106723396	9.854	1.992	0.948
1511106723398	9.615	1.896	1.264
1511106723408	9.423	1.829	1.474
1511106723411	9.213	1.934	1.723
1511106723425	8.82	2.221	1.522
1511106723441	8.255	1.197	-0.086
1511106723456	8.255	1.206	0.373
1511106723457	8.839	0.469	0.881
1511106723471	9.854	0.612	1.034
1511106723472	10.467	0.919	1.13
1511106723483	10.582	1.436	1.13
1511106723497	9.299	2.451	1.168
1511106723501	8.686	2.308	1.225
1511106723511	8.427	2.413	1.197
1511106723530	8.044	2.48	0.517
1511106723532	7.958	2.365	0.038
1511106723543	8.341	1.312	1.034
1511106723560	9.347	0.383	1.245
1511106723561	10.764	-0.114	1.465
1511106723572	11.55	1.321	1.647
1511106723587	11.243	2.068	1.321
1511106723591	10.209	2.308	1.216
1511106723601	9.289	2.355	1.197
1511106723614	8.81	2.451	1.149
1511106723621	8.782	2.355	1.091
1511106723633	8.992	2.298	0.526
1511106723644	8.839	1.953	0.565
1511106723654	8.609	1.484	0.421
1511106723667	8.897	1.235	0.181
1511106723675	9.739	1.206	0.095
1511106723681	10.956	0.861	-0.287
1511106723691	13.12	0.134	-0.632
1511106723703	16.472	-2.317	-0.584
1511106723711	18.752	-6.378	1.618
1511106723721	16.75	-7.594	4.903
1511106723733	11.55	-5.238	5.248
1511106723741	6.981	-2.394	2.988
1511106723766	6.818	3.227	-0.699
1511106723771	9.222	5.123	-1.283
1511106723781	11.224	6.225	-1.589
1511106723796	11.712	6.263	-1.407
1511106723801	10.726	5.066	-0.708
1511106723812	9.318	3.409	0.488
1511106723826	8.619	2.039	1.474
1511106723831	8.782	0.708	1.79
1511106723842	9.347	-0.603	1.771
1511106723857	9.893	-1.541	2.145
1511106723861	9.979	-1.915	2.059
1511106723872	9.816	-1.79	1.953
1511106723886	9.759	-1.302	1.685
1511106723891	9.864	-0.641	1.197
1511106723905	10.151	0.047	0.517
1511106723918	10.439	0.756	-0.105
1511106723921	10.563	1.302	-0.536
1511106723932	10.41	1.676	-0.574
1511106723947	10.094	1.81	0.287
1511106723951	9.816	1.647	0.172
1511106723962	9.759	1.091	0.603
1511106723976	9.883	0.392	0.775
1511106723981	10.056	-0.172	1.034
1511106723993	10.123	-0.402	1.225
1511106724007	10.132	-0.287	1.187
1511106724011	10.18	-0.114	0.871
1511106724022	10.218	0.086	0.593
1511106724037	10.132	0.191	0.076
1511106724041	9.941	0.201	0.076
1511106724052	9.874	0.287	0.114
1511106724066	9.96	0.411	0.421
1511106724100	10.084	0.517	0.421
1511106724103	10.065	0.526	0.545
1511106724107	9.941	0.488	0.718
1511106724111	9.874	0.469	1.015
1511106724113	9.874	0.421	0.794
1511106724129	9.931	0.335	1.235
1511106724135	9.96	0.306	0.517
1511106724142	10.247	0.411	0.708
1511106724158	10.103	0.316	0.823
1511106724162	9.73	0.344	0.43
1511106724174	9.701	0.507	0.335
1511106724185	10.18	0.536	0.363
1511106724191	10.218	0.574	0.277
1511106724215	10.103	0.44	0.392
1511106724221	10.036	0.296	0.478
1511106724231	10.017	0.191	0.622
1511106724244	9.931	0.143	0.651
1511106724251	9.941	0.181	0.747
1511106724261	9.998	0.287	0.794
1511106724276	9.998	0.22	0.517
1511106724281	10.103	0.229	0.402
1511106724291	10.237	0.363	0.517
1511106724304	10.247	0.22	0.708
1511106724311	10.19	-0.028	0.277
1511106724321	10.285	-0.21	0.306
1511106724335	10.467	0.086	0.708
1511106724341	10.467	0.708	0.909
1511106724351	10.333	0.881	0.536
1511106724365	10.362	0.67	0.191
1511106724371	10.803	1.034	0.22
1511106724382	10.994	1.197	0.162
1511106724397	10.668	1.034	0.191
1511106724401	10.132	0.948	0.373
1511106724412	9.787	0.938	0.641
1511106724427	9.912	0.708	0.727
1511106724431	10.477	0.574	1.369
1511106724442	10.63	0.632	1.503
1511106724457	10.439	0.957	1.81
1511106724461	10.103	1.714	2.193
1511106724472	9.96	2.403	2.126
1511106724487	9.969	2.643	2.03
1511106724491	10.084	2.499	1.743
1511106724502	10.237	2.174	1.503
1511106724517	10.372	1.752	1.369
1511106724521	10.41	1.647	1.455
1511106724532	10.4	1.704	1.34
1511106724547	10.247	1.829	1.158
1511106724551	10.17	2.164	1.235
1511106724562	10.094	2.432	1.197
1511106724577	9.95	2.384	1.187
1511106724581	9.912	2.106	1.292
1511106724592	10.008	2.011	1.513
1511106724608	9.883	1.714	1.532
1511106724611	9.845	1.388	1.541
1511106724622	9.883	1.072	1.589
1511106724637	9.874	0.9	1.676
1511106724641	9.73	1.101	1.8
1511106724653	9.5	1.628	1.695
1511106724667	9.299	1.925	1.254
1511106724671	9.127	1.963	1.283
1511106724684	9.165	2.039	1.34
1511106724698	9.356	1.925	1.091
1511106724701	9.443	1.896	1.091
1511106724712	9.366	2.039	1.446
1511106724727	9.232	2.413	1.484
1511106724731	8.868	2.595	1.647
1511106724742	8.667	2.595	1.714
1511106724757	8.667	2.643	1.723
1511106724761	8.657	2.652	1.79
1511106724772	8.552	2.566	1.676
1511106724787	8.437	2.576	1.676
1511106724791	8.437	2.71	1.695
1511106724802	8.408	2.576	1.388
1511106724817	8.542	2.279	1.695
1511106724821	8.791	2.059	1.561
1511106724855	8.964	1.915	1.628
1511106724861	9.002	2.03	1.685
1511106724866	8.83	2.241	1.676
1511106724870	8.609	2.346	1.608
1511106724874	8.638	2.193	1.494
1511106724892	8.686	1.896	1.522
1511106724894	9.222	1.618	1.426
1511106724907	9.28	1.369	1.331
1511106724911	9.538	1.072	1.292
1511106724922	9.586	0.737	1.292
1511106724933	9.615	0.555	1.35
1511106724942	9.663	0.679	1.177
1511106724954	9.711	0.976	0.976
1511106724965	9.644	1.254	0.928
1511106724971	9.605	0.948	0.861
1511106724981	9.663	0.766	0.909
1511106724996	9.701	0.612	1.015
1511106725001	9.797	0.44	1.063
1511106725012	9.969	0.45	1.158
1511106725023	10.113	0.45	1.158
1511106725041	10.084	0.957	1.321
1511106725055	9.969	1.321	1.283
1511106725061	9.816	1.522	1.245
1511106725071	9.72	1.561	1.197
1511106725085	9.692	1.503	1.168
1511106725091	9.644	1.245	1.13
1511106725101	9.701	1.12	1.187
1511106725115	9.768	1.245	1.177
1511106725121	9.768	1.436	1.139
1511106725132	9.711	1.666	1.091
1511106725147	9.653	1.877	1.082
1511106725151	9.586	1.838	1.149
1511106725163	9.596	1.647	1.187
1511106725178	9.625	1.417	1.321
1511106725181	9.701	1.235	1.292
1511106725193	9.692	1.13	1.312
1511106725208	9.701	1.187	1.292
1511106725211	9.672	1.34	1.254
1511106725224	9.634	1.58	1.158
1511106725238	9.625	1.733	1.072
1511106725241	9.577	1.695	1.005
1511106725253	9.567	1.551	1.005
1511106725267	9.596	1.513	1.072
1511106725271	9.625	1.522	1.024
1511106725283	9.663	1.618	0.996
1511106725297	9.605	1.628	0.909
1511106725301	9.49	1.532	0.967
1511106725313	9.538	1.551	1.034
1511106725327	9.625	1.628	1.13
1511106725331	9.625	1.57	1.053
1511106725343	9.615	1.522	1.015
1511106725358	9.586	1.465	1.053
1511106725361	9.586	1.426	1.024
1511106725373	9.615	1.465	1.034
1511106725388	9.672	1.321	0.919
1511106725391	9.749	1.12	0.996
1511106725404	9.807	1.043	0.996
1511106725418	9.912	1.063	0.976
1511106725421	10.103	1.149	0.957
1511106725434	10.151	1.235	0.976
1511106725448	10.113	1.398	0.976
1511106725451	10.036	1.513	1.005
1511106725463	9.921	1.57	1.168
1511106725478	9.835	1.695	1.168
1511106725481	9.72	1.8	1.024
1511106725494	9.481	1.886	0.909
1511106725508	9.538	1.695	1.063
1511106725511	9.538	1.541	1.139
1511106725524	9.586	1.503	1.206
1511106725539	9.586	1.714	1.158
1511106725541	9.49	2.02	1.321
1511106725553	8.964	2.183	1.312
1511106725561	9.088	1.963	1.34
1511106725571	9.395	1.484	1.446
1511106725583	9.567	0.584	1.388
1511106725617	9.72	0.584	1.321
1511106725628	9.96	0.402	1.187
1511106725632	9.864	1.034	0.919
1511106725635	9.682	1.034	0.699
1511106725640	9.548	1.321	0.43
1511106725643	9.519	1.474	0.306
1511106725655	9.433	1.158	0.191
1511106725666	9.519	0.842	0.689
1511106725681	9.826	0.881	0.737
1511106725683	10.161	1.34	1.11
1511106725694	10.151	1.743	1.197
1511106725703	9.874	2.059	1.225
1511106725711	9.49	2.317	1.187
1511106725731	9.328	2.432	1.273
1511106725733	9.289	2.193	1.158
1511106725741	9.443	1.944	1.12
1511106725751	9.5	1.714	1.082
1511106725762	9.423	1.436	1.005
1511106725771	9.356	1.13	0.641
1511106725781	9.51	0.785	1.005
1511106725792	9.845	0.603	1.206
1511106725801	10.056	0.584	1.034
1511106725811	10.046	0.603	0.938
1511106725823	9.816	0.708	0.909
1511106725831	9.548	0.881	1.043
1511106725841	9.452	1.206	0.928
1511106725852	9.548	1.58	0.89
1511106725861	9.481	1.886	0.823
1511106725871	9.165	2.059	0.679
1511106725884	8.772	2.174	0.632
1511106725891	8.456	2.164	0.593
1511106725902	8.236	2.059	0.737
1511106725914	8.37	1.915	0.593
1511106725921	9.002	1.484	0.172
1511106725931	9.988	0.67	-0.095
1511106725944	11.885	-0.335	-0.229
1511106725951	14.844	-2.71	-0.258
1511106725962	17.104	-6.052	1.158
1511106725974	16.424	-6.713	3.802
1511106725981	12.44	-4.242	4.395
1511106725991	8.265	-1.417	2.7
1511106726004	6.723	1.216	0.545
1511106726011	7.431	3.246	-0.727
1511106726021	9.079	4.386	-1.254
1511106726034	10.525	4.951	-1.225
1511106726041	10.937	4.913	-0.766
1511106726051	10.41	3.993	-0.019
1511106726065	9.692	2.604	1.551
1511106726071	9.337	1.254	1.551
1511106726081	9.538	0.047	1.676
1511106726094	9.921	-0.976	1.704
1511106726101	10.151	-1.541	1.704
1511106726111	9.979	-1.474	1.541
1511106726125	9.663	-1.015	1.158
1511106726131	9.615	-0.478	0.66
1511106726141	9.893	-0.038	0.143
1511106726155	10.285	0.421	-0.555
1511106726161	10.611	0.823	-0.459
1511106726172	10.716	1.12	-0.488
1511106726185	10.218	1.149	0.038
1511106726191	10.199	0.957	0.038
1511106726201	9.902	0.632	0.641
1511106726215	9.749	0.354	1.043
1511106726221	9.749	0.268	1.225
1511106726231	9.835	0.373	1.197
1511106726244	10.027	0.708	1.034
1511106726251	10.027	0.708	0.861
1511106726261	10.094	0.775	0.651
1511106726274	10.113	0.555	0.526
1511106726281	10.113	0.565	0.459
1511106726291	10.065	0.459	0.421
1511106726304	10.027	0.383	0.478
1511106726311	9.979	0.344	0.565
1511106726321	9.921	0.335	0.775
1511106726334	9.807	0.565	1.024
1511106726369	9.759	0.66	1.034
1511106726376	9.835	0.632	1.034
1511106726379	9.931	0.766	1.072
1511106726380	9.998	0.919	0.938
1511106726382	10.065	0.756	0.948
1511106726401	10.084	0.651	0.852
1511106726404	10.036	0.421	0.804
1511106726412	10.094	0.306	0.814
1511106726424	10.17	0.316	0.881
1511106726431	10.17	0.411	0.823
1511106726442	10.046	0.469	0.565
1511106726455	10.103	0.335	0.0
1511106726461	10.372	0.114	0.651
1511106726471	10.506	0.306	0.833
1511106726483	10.41	0.421	0.402
1511106726491	10.582	0.459	0.612
1511106726501	10.63	0.354	0.478
1511106726513	10.87	0.689	0.641
1511106726521	10.879	1.034	0.679
1511106726531	10.573	1.053	0.498
1511106726543	10.247	0.957	0.747
1511106726551	9.998	1.063	1.245
1511106726561	9.73	1.407	1.57
1511106726572	9.605	1.752	1.771
1511106726581	9.701	2.097	2.068
1511106726591	9.883	2.231	1.848
1511106726604	9.883	1.867	2.279
1511106726611	9.807	1.561	1.886
1511106726622	9.95	1.455	2.03
1511106726635	10.046	1.541	1.676
1511106726641	10.151	1.752	1.503
1511106726651	10.199	1.838	1.216
1511106726665	10.161	1.896	1.11
1511106726671	10.065	1.982	1.254
1511106726681	10.056	2.288	1.369
1511106726695	10.046	2.413	1.398
1511106726701	9.807	2.308	1.647
1511106726711	9.692	2.183	1.743
1511106726723	9.663	2.039	1.886
1511106726731	9.653	1.992	1.953
1511106726741	9.625	2.001	1.972
1511106726753	9.653	2.03	1.905
1511106726761	9.577	1.771	1.676
1511106726771	9.567	1.656	1.666
1511106726784	9.5	1.714	1.647
1511106726791	9.462	1.723	1.292
1511106726801	9.376	1.58	1.168
1511106726815	9.653	1.331	0.967
1511106726821	9.653	1.005	0.967
1511106726833	9.701	0.747	1.13
1511106726846	9.577	1.072	1.436
1511106726851	9.577	0.957	1.436
1511106726864	9.356	1.503	1.331
1511106726878	9.596	1.331	1.417
1511106726881	9.596	1.369	1.57
1511106726895	9.251	1.522	1.723
1511106726904	9.548	1.561	1.886
1511106726912	9.031	1.743	1.934
1511106726923	8.581	2.078	1.79
1511106726934	8.916	2.011	1.695
1511106726942	9.308	1.58	1.81
1511106726955	9.04	1.388	1.896
1511106726969	9.031	1.484	1.79
1511106726971	9.012	1.877	1.446
1511106726984	8.782	2.269	1.216
1511106726997	8.638	2.432	1.139
1511106727001	8.782	2.145	1.369
1511106727014	8.983	1.886	1.484
1511106727027	9.079	1.838	1.551
1511106727031	9.481	1.637	1.57
1511106727044	9.586	1.149	1.474
1511106727057	9.577	0.794	1.484
1511106727061	9.433	0.622	1.541
1511106727074	9.577	0.727	1.57
1511106727087	9.605	1.005	1.417
1511106727130	9.625	1.407	1.388
1511106727149	9.49	1.57	1.273
1511106727157	9.328	1.465	1.197
1511106727164	9.299	1.369	1.187
1511106727167	9.395	1.359	1.235
1511106727170	9.529	1.235	0.996
1511106727178	9.778	1.072	0.957
1511106727184	9.816	0.928	0.948
1511106727184	9.912	1.005	1.024
1511106727185	9.902	1.11	1.063
1511106727193	9.826	1.168	1.139
1511106727207	9.701	1.245	1.216
1511106727211	9.596	1.283	1.417
1511106727224	9.567	1.283	1.503
1511106727244	9.625	1.312	1.436
1511106727245	9.692	1.264	1.417
1511106727252	9.72	1.379	1.359
1511106727265	9.749	1.532	1.312
1511106727271	9.711	1.57	1.283
1511106727281	9.711	1.541	1.187
1511106727295	9.682	1.398	1.197
1511106727301	9.692	1.283	1.264
1511106727311	9.864	1.216	1.225
1511106727325	9.864	1.197	1.197
1511106727331	9.893	1.149	1.12
1511106727341	9.893	1.168	1.13
1511106727356	9.893	1.197	1.12
1511106727361	9.883	1.225	1.053
1511106727371	9.807	1.235	1.149
1511106727384	9.768	1.245	1.168
1511106727391	9.787	1.225	1.216
1511106727401	9.816	1.177	1.168
1511106727414	9.902	1.082	1.235
1511106727421	9.874	1.043	1.149
1511106727431	9.816	1.12	1.091
1511106727446	9.749	1.254	1.005
1511106727451	9.73	1.35	1.005
1511106727461	9.663	1.388	1.015
1511106727474	9.596	1.484	1.072
1511106727481	9.596	1.561	1.149
1511106727491	9.586	1.503	1.158
1511106727504	9.557	1.302	1.216
1511106727511	9.519	1.158	1.331
1511106727521	9.519	1.177	1.417
1511106727535	9.385	1.264	1.407
1511106727541	9.366	1.398	1.312
1511106727551	9.768	1.522	1.379
1511106727566	9.443	1.781	1.245
1511106727571	9.701	1.781	1.206
1511106727584	9.778	1.599	1.139
1511106727597	9.567	1.292	1.13
1511106727601	9.5	1.053	0.948
1511106727613	9.615	0.89	1.043
1511106727628	9.893	0.871	0.967
1511106727631	10.084	0.976	0.919
1511106727643	9.902	1.063	0.871
1511106727659	9.759	1.034	0.928
1511106727661	9.787	0.919	1.034
1511106727675	9.883	0.957	1.024
1511106727692	9.883	1.13	1.091
1511106727715	9.739	1.599	1.139
1511106727716	9.452	1.57	1.149
1511106727727	9.299	1.628	1.11
1511106727738	9.174	1.695	1.005
1511106727759	9.203	1.541	1.053
1511106727762	9.404	1.417	1.015
1511106727763	9.404	1.235	0.948
1511106727775	9.356	1.139	1.053
1511106727781	9.414	1.283	1.158
1511106727791	9.577	1.656	1.245
1511106727810	9.605	1.982	1.292
1511106727812	9.519	2.154	1.302
1511106727821	9.251	2.02	1.225
1511106727836	9.059	1.57	1.082
1511106727841	9.174	1.168	1.302
1511106727867	9.433	0.871	1.101
1511106727878	9.577	0.747	1.13
1511106727881	9.538	0.881	1.024
1511106727890	9.49	1.216	0.794
1511106727899	9.366	1.321	0.584
1511106727903	9.356	1.379	0.545
1511106727913	9.538	1.733	0.66
1511106727926	9.768	2.183	1.072
1511106727931	9.845	2.432	1.216
1511106727944	9.634	2.423	1.34
1511106727956	9.376	2.413	1.704
1511106727961	9.136	2.241	1.81
1511106727971	8.973	1.925	1.79
1511106727988	8.992	1.733	1.829
1511106727991	8.858	1.656	1.532
1511106728002	8.542	1.599	1.091
1511106728016	8.255	1.618	0.603
1511106728021	7.987	1.666	0.153
1511106728031	8.035	1.561	0.076
1511106728046	8.83	1.12	-0.249
1511106728051	10.544	0.249	-0.66
1511106728061	13.714	-1.245	-0.756
1511106728078	17.516	-4.874	-0.622
1511106728081	19.278	-8.59	1.819
1511106728091	16.913	-7.46	4.75
1511106728106	10.898	-3.696	3.878
1511106728111	6.071	-0.344	1.245
1511106728123	6.301	2.288	-0.507
1511106728136	7.929	4.28	-0.976
1511106728141	9.749	5.458	-0.957
1511106728151	11.176	6.024	-0.833
1511106728168	11.291	5.631	-0.181
1511106728171	10.065	4.3	0.67
1511106728181	9.059	2.94	1.513
1511106728196	8.676	1.838	2.03
1511106728201	8.945	0.708	2.087
1511106728211	9.557	-0.306	1.934
1511106728223	10.075	-0.823	1.896
1511106728231	10.19	-0.861	1.79
1511106728243	9.883	-0.632	1.043
1511106728256	9.759	-0.287	0.612
1511106728261	9.835	0.134	0.612
1511106728272	10.056	0.584	0.067
1511106728291	10.276	1.12	0.153
1511106728292	10.486	1.455	0.057
1511106728302	10.448	1.455	0.153
1511106728316	10.237	1.139	0.459
1511106728321	10.065	0.708	0.89
1511106728331	9.893	0.43	0.967
1511106728346	9.787	0.392	1.005
1511106728351	9.807	0.517	0.871
1511106728361	10.132	0.727	0.727
1511106728377	10.132	0.928	0.689
1511106728381	10.113	1.139	0.603
1511106728392	9.883	1.245	0.421
1511106728410	9.816	1.158	0.478
1511106728411	9.912	1.101	0.565
1511106728422	10.027	0.986	0.66
1511106728436	10.142	0.976	0.9
1511106728441	10.218	0.689	1.043
1511106728451	10.103	0.229	0.775
1511106728467	10.237	0.095	0.89
1511106728471	10.228	0.038	0.536
1511106728482	10.237	-0.019	0.612
1511106728497	10.142	0.239	0.727
1511106728501	10.065	0.66	0.641
1511106728528	10.075	1.187	0.287
1511106728529	10.142	1.494	0.459
1511106728539	10.113	1.245	0.67
1511106728545	10.113	0.986	1.005
1511106728557	10.218	0.909	1.254
1511106728561	10.132	1.063	1.321
1511106728571	9.96	1.417	1.35
1511106728587	9.826	1.628	1.187
1511106728591	9.787	1.637	1.225
1511106728616	9.912	1.58	1.369
1511106728624	9.96	1.446	1.484
1511106728627	10.008	1.34	1.446
1511106728632	10.094	1.446	1.446
1511106728647	10.343	1.599	1.331
1511106728652	10.496	1.494	1.331
1511106728666	10.324	1.245	1.513
1511106728682	10.046	1.12	1.656
1511106728686	9.883	1.139	1.58
1511106728695	10.008	1.245	1.589
1511106728714	10.123	1.455	1.426
1511106728715	10.18	1.695	1.388
1511106728724	10.075	1.915	1.359
1511106728736	10.065	2.068	1.35
1511106728744	10.056	2.001	1.197
1511106728755	10.065	1.81	1.264
1511106728763	10.017	1.608	1.369
1511106728771	9.969	1.359	1.302
1511106728783	9.874	1.149	1.359
1511106728797	9.73	1.091	1.426
1511106728801	9.711	1.273	1.561
1511106728813	9.692	1.513	1.474
1511106728827	9.644	1.398	1.388
1511106728831	9.672	1.139	1.264
1511106728842	9.787	0.986	1.388
1511106728856	9.759	1.034	1.474
1511106728861	9.692	1.254	1.34
1511106728872	9.51	1.474	1.426
1511106728881	9.328	1.637	1.331
1511106728891	9.213	1.781	1.331
1511106728903	9.289	1.733	1.273
1511106728918	9.423	1.359	1.139
1511106728921	9.538	0.928	1.158
1511106728934	9.634	0.881	1.541
1511106728941	9.596	1.139	1.541
1511106728951	9.519	1.589	1.561
1511106728971	9.069	2.02	1.589
1511106728977	9.069	2.221	1.589
1511106728986	8.897	2.317	1.426
1511106728992	8.839	2.288	1.618
1511106729001	8.983	2.221	1.618
1511106729011	9.088	2.145	1.637
1511106729023	9.079	1.982	1.656
1511106729031	9.04	1.925	1.58
1511106729041	9.059	1.953	1.398
1511106729052	9.529	1.944	1.369
1511106729061	9.414	1.848	1.321
1511106729071	9.692	1.676	1.302
1511106729082	9.557	1.503	1.273
1511106729091	9.711	1.331	1.292
1511106729101	9.692	1.168	1.264
1511106729113	9.787	1.273	1.331
1511106729121	9.768	1.283	1.34
1511106729131	9.605	1.656	1.312
1511106729145	9.414	1.618	1.245
1511106729151	9.376	1.656	1.245
1511106729163	9.462	1.685	1.369
1511106729175	9.5	1.647	1.34
1511106729193	9.443	1.618	1.34
1511106729194	9.337	1.57	1.369
1511106729207	9.28	1.474	1.388
1511106729221	9.356	1.426	1.34
1511106729223	9.49	1.436	1.369
1511106729240	9.586	1.446	1.446
1511106729242	9.663	1.474	1.426
1511106729253	9.605	1.532	1.359
1511106729267	9.5	1.618	1.321
1511106729271	9.376	1.647	1.312
1511106729281	9.308	1.628	1.264
1511106729295	9.337	1.541	1.206
1511106729301	9.433	1.398	1.216
1511106729311	9.653	1.283	1.245
1511106729325	9.893	1.321	1.312
1511106729331	9.96	1.398	1.331
1511106729341	9.912	1.455	1.292
1511106729379	9.807	1.513	1.331
1511106729393	9.778	1.58	1.331
1511106729396	9.778	1.503	1.197
1511106729396	9.72	1.407	1.091
1511106729397	9.73	1.379	1.072
1511106729401	9.816	1.369	1.053
1511106729421	9.883	1.426	1.101
1511106729427	9.902	1.608	1.158
1511106729432	9.787	1.81	1.302
1511106729446	9.682	1.829	1.417
1511106729452	9.615	1.714	1.455
1511106729469	9.625	1.656	1.551
1511106729478	9.625	1.589	1.551
1511106729481	9.615	1.589	1.446
1511106729491	9.615	1.599	1.302
1511106729505	9.586	1.589	1.206
1511106729511	9.644	1.599	1.11
1511106729521	9.701	1.628	1.11
1511106729533	9.711	1.608	1.11
1511106729541	9.625	1.551	1.139
1511106729551	9.538	1.599	1.177
1511106729564	9.529	1.685	1.312
1511106729571	9.529	1.848	1.321
1511106729581	9.452	2.068	1.359
1511106729593	9.366	2.241	1.388
1511106729601	9.241	2.375	1.379
1511106729611	9.107	2.384	1.417
1511106729623	9.021	2.384	1.455
1511106729631	8.973	2.327	1.369
1511106729641	8.925	2.221	1.407
1511106729652	8.945	1.963	1.388
1511106729661	9.031	1.685	1.407
1511106729671	9.117	1.57	1.436
1511106729683	9.471	1.58	1.177
1511106729691	9.423	1.446	1.331
1511106729704	9.462	1.407	1.187
1511106729718	9.5	1.494	1.139
1511106729721	9.644	1.522	1.053
1511106729731	9.835	1.551	0.976
1511106729743	9.826	1.532	0.871
1511106729751	9.826	1.484	0.775
1511106729764	9.768	1.388	0.718
1511106729774	9.902	1.072	0.574
1511106729781	9.749	1.072	0.507
1511106729791	9.912	0.9	0.66
1511106729804	10.027	0.919	0.852
1511106729811	10.199	1.292	0.89
1511106729822	10.228	1.723	0.938
1511106729834	10.084	1.752	1.082
1511106729841	9.835	1.599	1.245
1511106729851	9.586	1.666	1.388
1511106729863	9.471	1.551	1.426
1511106729871	9.404	1.618	1.359
1511106729881	9.241	1.723	1.302
1511106729893	9.088	1.666	0.909
1511106729905	9.031	1.302	0.66
1511106729911	9.136	1.024	0.967
1511106729923	9.28	0.842	0.919
1511106729931	9.682	1.053	1.13
1511106729942	9.969	1.417	1.398
1511106729954	9.854	1.771	1.484
1511106729961	9.337	2.068	1.551
1511106729979	8.935	2.174	1.589
1511106729989	8.705	1.963	1.398
1511106729994	8.676	1.743	1.312
1511106730002	8.772	1.628	1.063
1511106730013	8.868	1.608	0.708
1511106730021	8.791	1.714	0.517
1511106730031	8.686	1.8	0.22
1511106730044	8.81	1.695	0.526
1511106730051	8.849	1.647	0.737
1511106730061	8.743	1.752	0.766
1511106730074	8.571	1.934	0.718
1511106730081	8.561	2.049	0.306
1511106730091	9.452	1.407	-0.143
1511106730113	12.067	0.019	-0.296
1511106730125	16.099	-3.102	-0.622
1511106730133	19.048	-7.115	0.861
1511106730137	18.206	-6.665	4.28
1511106730152	13.216	-2.49	4.213
1511106730154	8.025	1.139	1.35
1511106730170	6.33	3.562	-0.181
1511106730173	7.47	5.267	-0.986
1511106730187	9.107	5.88	-0.794
1511106730199	10.601	5.411	0.756
1511106730207	11.291	3.936	0.737
1511106730215	10.515	2.097	1.953
1511106730239	9.184	1.024	2.461
1511106730241	8.676	0.565	2.365
1511106730242	9.031	0.134	1.972
