timestamp	x	y	z
1511106575771	5.554	-2.959	7.412
1511106575773	5.554	-2.959	7.403
1511106575774	5.554	-2.949	7.364
1511106575786	5.535	-2.93	7.355
1511106575792	5.535	-2.93	7.364
1511106575802	5.526	-2.94	7.383
1511106575811	5.497	-2.949	7.383
1511106575825	5.497	-2.959	7.403
1511106575831	5.497	-2.959	7.393
1511106575841	5.497	-2.978	7.403
1511106575858	5.516	-2.988	7.393
1511106575861	5.535	-2.988	7.393
1511106575871	5.545	-3.016	7.383
1511106575887	5.554	-3.007	7.364
1511106575891	5.535	-2.997	7.403
1511106575905	5.526	-2.997	7.412
1511106575919	5.516	-2.978	7.393
1511106575921	5.497	-2.988	7.431
1511106575964	5.478	-2.988	7.364
1511106575973	5.506	-2.968	7.383
1511106575980	5.535	-2.93	7.355
1511106575985	5.564	-2.911	7.393
1511106575986	5.583	-2.901	7.412
1511106576000	5.583	-2.892	7.431
1511106576006	5.554	-2.873	7.46
1511106576038	5.526	-2.863	7.403
1511106576039	5.506	-2.863	7.374
1511106576040	5.516	-2.873	7.403
1511106576041	5.526	-2.911	7.403
1511106576054	5.526	-2.949	7.383
1511106576065	5.535	-2.978	7.412
1511106576086	5.516	-2.997	7.412
1511106576088	5.526	-2.978	7.412
1511106576100	5.545	-2.968	7.46
1511106576101	5.593	-2.978	7.489
1511106576114	5.612	-2.949	7.556
1511106576139	5.554	-2.844	7.575
1511106576140	5.526	-2.681	7.585
1511106576157	5.593	-2.499	7.575
1511106576161	5.535	-2.528	7.556
1511106576172	5.363	-2.643	7.479
1511106576185	5.152	-2.844	7.383
1511106576191	4.97	-3.055	7.374
1511106576201	4.893	-3.237	7.374
1511106576214	4.922	-3.342	7.393
1511106576221	5.056	-3.409	7.374
1511106576231	5.277	-3.428	7.297
1511106576248	5.506	-3.399	7.278
1511106576251	5.698	-3.361	7.211
1511106576262	5.861	-3.265	7.125
1511106576277	5.909	-3.17	7.039
1511106576281	5.822	-3.093	6.981
1511106576293	5.66	-3.055	6.972
1511106576307	5.449	-3.112	7.039
1511106576311	5.286	-3.265	7.211
1511106576322	5.219	-3.39	7.556
1511106576337	5.171	-3.505	7.747
1511106576341	5.133	-3.572	7.786
1511106576352	5.114	-3.601	8.226
1511106576367	5.075	-3.581	8.533
1511106576371	5.018	-3.486	8.609
1511106576382	5.008	-3.208	8.686
1511106576397	5.008	-2.901	8.514
1511106576401	5.095	-2.604	8.293
1511106576412	5.439	-2.413	8.121
1511106576428	5.439	-2.365	7.987
1511106576431	5.593	-2.375	7.862
1511106576463	5.65	-2.423	7.776
1511106576467	5.497	-2.48	7.719
1511106576471	5.573	-2.528	7.652
1511106576474	5.324	-2.614	7.652
1511106576491	5.238	-2.662	7.7
1511106576494	5.152	-2.681	7.585
1511106576504	5.171	-2.681	7.479
1511106576517	5.219	-2.729	7.441
1511106576521	5.257	-2.978	7.489
1511106576532	5.267	-2.93	7.594
1511106576548	5.229	-3.179	7.709
1511106576551	5.286	-3.055	8.054
1511106576561	5.487	-2.834	8.332
1511106576571	5.669	-2.643	8.236
1511106576581	5.889	-2.499	8.083
1511106576591	6.167	-2.451	8.111
1511106576601	6.368	-2.47	8.083
1511106576611	6.426	-2.528	8.044
1511106576622	6.359	-2.537	8.035
1511106576631	6.253	-2.537	7.939
1511106576641	6.091	-2.528	7.824
1511106576651	5.918	-2.537	7.613
1511106576661	5.813	-2.595	7.336
1511106576671	5.736	-2.691	7.115
1511106576682	5.717	-2.834	6.905
1511106576691	5.707	-2.978	6.732
1511106576702	5.707	-3.093	6.598
1511106576713	5.688	-3.179	6.493
1511106576721	5.669	-3.294	6.378
1511106576732	5.669	-3.438	6.253
1511106576743	5.698	-3.591	6.167
1511106576751	5.736	-3.802	6.091
1511106576762	5.794	-3.993	6.062
1511106576773	5.784	-4.137	6.091
1511106576781	5.755	-4.3	6.129
1511106576792	5.669	-4.443	6.138
1511106576805	5.583	-4.51	6.225
1511106576811	5.535	-4.616	6.177
1511106576821	5.497	-4.711	6.071
1511106576833	5.545	-4.807	5.976
1511106576841	5.612	-4.884	5.87
1511106576852	5.66	-4.932	5.775
1511106576863	5.707	-4.913	5.688
1511106576871	5.727	-4.836	5.66
1511106576882	5.736	-4.74	5.64
1511106576893	5.746	-4.625	5.631
1511106576901	5.765	-4.453	5.66
1511106576911	5.851	-4.309	5.755
1511106576923	5.966	-4.223	5.88
1511106576931	6.129	-4.185	5.947
1511106576941	6.273	-4.223	6.062
1511106576953	6.368	-4.319	6.158
1511106576961	6.397	-4.434	6.301
1511106576971	6.426	-4.491	6.55
1511106577002	6.368	-4.472	6.771
1511106577005	6.253	-4.338	6.914
1511106577009	6.091	-4.118	7.029
1511106577018	6.014	-3.897	7.067
1511106577021	6.014	-3.687	7.02
1511106577031	5.995	-3.543	6.905
1511106577043	5.985	-3.419	6.713
1511106577051	5.985	-3.323	6.579
1511106577062	5.947	-3.227	6.407
1511106577073	5.899	-3.189	6.253
1511106577081	5.87	-3.217	6.004
1511106577091	5.832	-3.275	6.091
1511106577102	5.889	-3.39	6.033
1511106577111	5.928	-3.476	6.091
1511106577121	6.004	-3.591	6.119
1511106577133	6.071	-3.668	6.148
1511106577141	6.081	-3.763	6.215
1511106577151	5.889	-3.85	6.273
1511106577162	5.832	-3.878	6.359
1511106577171	5.679	-3.888	6.368
1511106577181	5.526	-3.917	6.368
1511106577192	5.535	-3.964	6.397
1511106577201	5.593	-4.031	6.407
1511106577211	5.727	-4.06	6.502
1511106577224	5.928	-4.041	6.56
1511106577231	6.186	-3.85	6.675
1511106577241	6.407	-3.955	6.885
1511106577254	6.483	-3.85	7.039
1511106577261	6.34	-3.696	7.202
1511106577271	5.966	-3.476	7.307
1511106577284	5.478	-3.246	7.278
1511106577291	5.142	-3.131	7.23
1511106577301	4.913	-3.17	7.211
1511106577314	4.893	-3.275	7.269
1511106577321	5.085	-3.371	7.412
1511106577331	5.391	-3.438	7.604
1511106577344	5.717	-3.495	7.862
1511106577351	5.947	-3.514	8.035
1511106577361	6.062	-3.476	8.083
1511106577374	6.071	-3.409	7.968
1511106577381	6.014	-3.246	7.786
1511106577391	5.909	-3.055	7.594
1511106577404	5.736	-2.844	7.374
1511106577411	5.468	-2.604	7.125
1511106577421	5.104	-2.365	6.809
1511106577434	4.74	-2.193	6.627
1511106577441	4.51	-1.982	6.751
1511106577451	4.606	-1.877	7.259
1511106577464	5.229	-1.944	7.824
1511106577471	5.995	-2.078	8.399
1511106577481	6.522	-2.02	8.887
1511106577494	6.742	-1.838	9.174
1511106577501	6.598	-1.57	9.299
1511106577511	6.033	-1.331	9.222
1511106577542	5.401	-1.072	8.945
1511106577545	4.941	-0.948	8.6
1511106577549	4.874	-0.928	8.159
1511106577555	5.075	-0.986	7.814
1511106577569	5.382	-1.13	7.518
1511106577579	5.698	-1.321	7.249
1511106577582	5.947	-1.58	7.02
1511106577591	6.129	-1.79	6.866
1511106577601	6.1	-1.963	6.751
1511106577614	5.909	-2.039	6.694
1511106577621	5.602	-2.078	6.704
1511106577631	5.229	-2.145	6.885
1511106577642	4.932	-2.327	7.192
1511106577651	4.759	-2.518	7.575
1511106577661	4.597	-2.662	7.939
1511106577672	4.52	-2.729	8.226
1511106577681	4.491	-2.71	8.36
1511106577691	4.558	-2.662	8.475
1511106577702	4.692	-2.604	8.629
1511106577711	4.865	-2.49	8.667
1511106577721	5.085	-2.375	8.734
1511106577734	5.458	-2.317	8.887
1511106577741	5.43	-2.269	8.887
1511106577751	5.478	-2.154	8.858
1511106577765	5.296	-2.001	8.389
1511106577772	5.382	-1.752	8.083
1511106577781	5.344	-1.503	7.719
1511106577794	5.526	-1.34	7.403
1511106577812	5.602	-1.216	7.192
1511106577814	5.602	-1.177	7.039
1511106577825	5.88	-1.34	7.02
1511106577831	5.88	-1.34	7.173
1511106577841	5.956	-1.532	7.374
1511106577855	5.842	-1.877	7.46
1511106577861	5.688	-1.867	7.565
1511106577871	5.707	-1.963	7.671
1511106577884	5.449	-2.059	7.747
1511106577891	5.564	-2.164	7.795
1511106577901	5.612	-2.308	7.805
1511106577917	5.717	-2.461	7.872
1511106577921	5.765	-2.537	7.891
1511106577931	5.784	-2.566	7.891
1511106577944	5.784	-2.317	7.901
1511106577951	5.784	-2.231	7.872
1511106577961	5.794	-2.279	7.767
1511106577974	5.784	-2.202	7.671
1511106577981	5.765	-2.183	7.575
1511106577991	5.755	-2.135	7.632
1511106578006	5.688	-2.078	7.546
1511106578011	5.64	-2.039	7.393
1511106578022	5.602	-2.049	7.403
1511106578035	5.583	-2.126	7.422
1511106578041	5.593	-2.221	7.422
1511106578052	5.631	-2.308	7.498
1511106578083	5.679	-2.394	7.556
1511106578085	5.688	-2.509	7.604
1511106578087	5.66	-2.624	7.642
1511106578109	5.64	-2.691	7.671
1511106578113	5.593	-2.758	7.709
1511106578115	5.487	-2.777	7.795
1511106578122	5.391	-2.786	7.824
1511106578131	5.257	-2.739	7.862
1511106578142	5.056	-2.604	7.939
1511106578154	4.817	-2.327	7.987
1511106578161	4.587	-2.049	7.786
1511106578171	4.549	-1.81	7.546
1511106578183	4.702	-1.704	7.46
1511106578191	4.98	-1.743	7.47
1511106578201	5.286	-1.886	7.537
1511106578213	5.535	-2.049	7.68
1511106578221	5.707	-2.164	7.805
1511106578231	5.775	-2.183	7.987
1511106578242	5.736	-2.011	8.083
1511106578251	5.669	-1.81	7.996
1511106578261	5.602	-1.647	7.757
1511106578272	5.612	-1.589	7.565
1511106578281	5.717	-1.704	7.489
1511106578291	5.803	-1.934	7.422
1511106578306	5.842	-2.193	7.431
1511106578311	5.813	-2.355	7.498
1511106578321	5.765	-2.384	7.642
1511106578335	5.66	-2.231	7.68
1511106578341	5.458	-2.145	7.441
1511106578365	5.324	-2.442	7.173
1511106578371	5.372	-2.767	7.249
1511106578382	5.411	-3.141	7.412
1511106578395	5.411	-3.399	7.623
1511106578401	5.411	-3.476	7.881
1511106578412	5.372	-3.447	8.13
1511106578425	5.334	-3.323	8.293
1511106578431	5.353	-3.237	8.322
1511106578443	5.468	-3.16	8.38
1511106578455	5.65	-3.15	8.447
1511106578461	5.88	-3.122	8.552
1511106578473	6.033	-3.112	8.533
1511106578485	6.129	-3.074	8.504
1511106578491	6.129	-2.997	8.494
1511106578501	6.1	-2.873	8.236
1511106578516	6.062	-2.815	7.92
1511106578522	6.014	-2.729	7.613
1511106578539	5.88	-2.748	7.326
1511106578543	5.88	-2.786	7.087
1511106578552	5.803	-2.844	6.838
1511106578562	5.727	-2.844	6.636
1511106578577	5.631	-2.873	6.493
1511106578581	5.593	-2.873	6.33
1511106578592	5.554	-2.853	6.177
1511106578606	5.707	-2.853	6.071
1511106578639	5.602	-2.882	5.985
1511106578642	5.593	-2.959	5.889
1511106578645	5.564	-3.083	5.842
1511106578649	5.535	-3.217	5.832
1511106578653	5.554	-3.371	5.87
1511106578664	5.631	-3.543	5.956
1511106578679	5.794	-3.821	6.138
1511106578684	6.004	-3.917	6.33
1511106578694	6.177	-3.869	6.502
1511106578701	6.234	-4.089	6.656
1511106578711	6.186	-4.099	6.694
1511106578725	6.081	-4.175	6.704
1511106578731	5.985	-4.213	6.771
1511106578741	5.928	-4.166	6.818
1511106578754	5.889	-4.079	6.847
1511106578761	5.918	-3.955	6.78
1511106578771	6.052	-3.811	6.771
1511106578783	6.263	-3.715	6.684
1511106578791	6.445	-3.668	6.56
1511106578801	6.589	-3.735	6.416
1511106578847	6.598	-3.811	6.368
1511106578848	6.454	-3.897	6.292
1511106578848	6.244	-3.917	6.273
1511106578849	6.062	-3.878	6.33
1511106578853	5.909	-3.84	6.32
1511106578861	5.851	-3.792	6.282
1511106578874	5.851	-3.735	6.225
1511106578881	5.928	-3.725	6.119
1511106578891	6.062	-3.715	5.995
1511106578906	6.158	-3.715	5.937
1511106578911	6.215	-3.773	5.861
1511106578922	6.167	-3.84	5.842
1511106578936	6.062	-3.955	5.88
1511106578941	5.966	-4.041	5.947
1511106578952	5.909	-4.089	6.043
1511106578966	5.889	-4.127	6.11
1511106578971	5.918	-4.185	6.158
1511106578982	5.985	-4.185	6.129
1511106578996	6.081	-4.204	6.138
1511106579001	6.1	-4.233	6.129
1511106579012	6.091	-4.28	6.138
1511106579027	6.062	-4.319	6.177
1511106579031	6.11	-4.376	6.301
1511106579042	6.205	-4.386	6.512
1511106579057	6.292	-4.357	6.665
1511106579061	6.292	-4.204	6.742
1511106579072	6.205	-3.936	6.675
1511106579086	6.024	-3.687	6.416
1511106579091	5.794	-3.476	6.1
1511106579102	5.545	-3.399	5.784
1511106579116	5.315	-3.466	5.43
1511106579121	5.248	-3.591	5.487
1511106579132	5.439	-3.744	5.583
1511106579146	5.803	-3.888	6.004
1511106579174	6.196	-4.012	6.138
1511106579176	6.55	-4.07	6.474
1511106579178	6.79	-4.06	6.838
1511106579187	6.818	-3.897	7.202
1511106579194	6.569	-3.62	7.441
1511106579206	6.11	-3.332	7.527
1511106579211	5.593	-3.198	7.451
1511106579221	5.19	-3.198	7.422
1511106579236	4.951	-3.313	7.594
1511106579256	4.951	-3.409	7.527
1511106579257	5.181	-3.533	7.585
1511106579262	5.621	-3.543	7.613
1511106579271	6.091	-3.495	7.786
1511106579281	6.56	-3.428	7.623
1511106579296	6.847	-3.361	7.565
1511106579301	6.636	-3.112	7.498
1511106579311	5.976	-2.729	7.47
1511106579325	4.836	-2.375	7.805
1511106579331	4.673	-2.039	8.121
1511106579341	5.2	-1.915	8.638
1511106579354	5.631	-1.925	9.088
1511106579361	6.129	-1.886	9.289
1511106579371	6.33	-1.752	9.232
1511106579384	6.186	-1.522	8.935
1511106579391	5.822	-1.273	8.648
1511106579411	5.162	-0.794	7.834
1511106579431	5.2	-1.197	7.115
1511106579446	5.401	-1.388	6.79
1511106579451	5.669	-1.618	6.483
1511106579461	5.899	-1.829	6.263
1511106579474	5.966	-1.992	6.186
1511106579488	5.813	-2.106	6.292
1511106579493	5.526	-2.164	6.55
1511106579504	5.2	-2.231	6.838
1511106579511	4.922	-2.384	7.23
1511106579521	4.711	-2.537	7.728
1511106579534	4.568	-2.662	8.169
1511106579541	4.51	-2.7	8.408
1511106579551	4.577	-2.71	8.619
1511106579567	4.702	-2.681	8.763
1511106579571	4.826	-2.624	8.897
1511106579582	4.951	-2.576	8.973
1511106579597	5.104	-2.48	8.983
1511106579601	5.257	-2.355	8.992
1511106579613	5.449	-2.25	8.992
1511106579627	5.593	-2.049	8.83
1511106579631	5.679	-1.771	8.514
1511106579644	5.727	-1.494	8.102
1511106579658	5.698	-1.264	7.747
1511106579661	5.602	-1.158	7.508
1511106579676	5.487	-1.149	7.316
1511106579688	5.401	-1.177	7.211
1511106579691	5.363	-1.206	7.221
1511106579703	5.353	-1.216	7.192
1511106579726	5.391	-1.283	7.182
1511106579731	5.449	-1.388	7.192
1511106579737	5.487	-1.599	7.307
1511106579742	5.506	-1.848	7.451
1511106579754	5.497	-2.135	7.661
1511106579761	5.468	-2.336	7.862
1511106579775	5.449	-2.528	8.044
1511106579781	5.468	-2.643	8.188
1511106579801	5.545	-2.719	8.274
1511106579802	5.679	-2.739	8.341
1511106579818	5.966	-2.758	8.265
1511106579823	5.899	-2.652	8.265
1511106579837	5.87	-2.432	8.102
1511106579841	5.832	-2.154	7.853
1511106579852	5.755	-1.905	7.632
1511106579865	5.707	-1.695	7.46
1511106579871	5.669	-1.589	7.288
1511106579917	5.669	-1.541	7.173
1511106579918	5.707	-1.561	7.087
1511106579918	5.736	-1.656	7.106
1511106579919	5.736	-1.771	7.173
1511106579926	5.736	-1.877	7.24
1511106579931	5.679	-1.982	7.336
1511106579941	5.621	-2.116	7.46
1511106579955	5.487	-2.269	7.604
1511106579961	5.411	-2.432	7.767
1511106579995	5.372	-2.509	8.121
1511106579995	5.42	-2.451	7.843
1511106579996	5.535	-2.26	7.968
1511106580001	5.66	-2.001	7.728
1511106580015	5.727	-1.781	7.585
1511106580021	5.755	-1.628	7.594
1511106580031	5.583	-1.618	7.585
1511106580045	5.707	-1.676	7.546
1511106580051	5.669	-1.723	7.604
1511106580061	5.621	-1.781	7.642
1511106580076	5.621	-1.829	7.652
1511106580086	5.631	-1.915	7.709
1511106580092	5.669	-2.068	7.776
1511106580107	5.679	-2.212	7.862
1511106580111	5.707	-2.509	7.901
1511106580122	5.803	-2.461	7.853
1511106580136	5.947	-2.47	7.843
1511106580141	6.004	-2.298	7.795
1511106580152	5.918	-2.442	7.728
1511106580165	5.736	-2.509	7.747
1511106580171	5.449	-2.566	7.728
1511106580183	5.104	-2.624	7.757
1511106580196	4.798	-2.643	7.814
1511106580201	4.606	-2.585	7.996
1511106580211	4.52	-2.442	8.159
1511106580225	4.568	-2.269	8.169
1511106580231	4.788	-2.049	8.111
1511106580241	5.2	-1.877	7.987
1511106580262	5.593	-1.79	7.929
1511106580268	5.861	-1.733	7.776
1511106580279	5.937	-1.695	7.671
1511106580287	5.803	-1.695	7.623
1511106580291	5.516	-1.685	7.632
1511106580308	5.219	-1.743	7.661
1511106580312	4.922	-1.79	7.728
1511106580321	4.74	-1.877	7.738
1511106580331	4.625	-1.953	7.795
1511106580341	4.568	-2.03	7.862
1511106580368	4.587	-2.087	7.977
1511106580369	4.635	-2.135	8.044
1511106580374	4.702	-2.145	8.092
1511106580381	4.769	-2.174	8.169
1511106580391	4.836	-2.154	8.245
1511106580401	4.941	-2.116	8.332
1511106580411	5.047	-2.001	8.408
1511106580422	5.162	-1.848	8.437
1511106580431	5.305	-1.628	8.447
1511106580441	5.506	-1.331	8.475
1511106580451	5.669	-1.091	8.542
1511106580461	5.813	-0.919	8.676
1511106580471	5.976	-0.833	8.858
1511106580481	6.158	-0.775	9.069
1511106580491	6.292	-0.727	9.194
1511106580501	6.301	-0.747	9.136
1511106580511	6.368	-0.785	8.973
1511106580521	6.397	-0.785	8.753
1511106580533	6.301	-0.833	8.399
1511106580542	6.196	-0.996	8.092
1511106580551	6.033	-1.187	7.834
1511106580561	5.861	-1.398	7.613
1511106580572	5.679	-1.522	7.403
1511106580581	5.401	-1.618	6.981
1511106580591	5.277	-1.714	6.512
1511106580602	5.238	-1.829	6.148
1511106580611	5.229	-2.011	5.832
1511106580621	5.315	-2.202	5.583
1511106580632	5.42	-2.365	5.468
1511106580641	5.526	-2.461	5.439
1511106580651	5.65	-2.576	5.324
1511106580663	5.765	-2.691	5.229
1511106580671	5.803	-2.892	5.229
1511106580681	5.784	-3.141	5.439
1511106580694	5.727	-3.715	5.621
1511106580701	5.727	-3.715	5.928
1511106580712	5.688	-3.984	6.167
1511106580724	5.746	-4.328	6.359
1511106580731	5.746	-4.338	6.474
1511106580741	6.014	-4.415	6.579
1511106580754	6.167	-4.482	6.684
1511106580761	6.483	-4.568	6.818
1511106580771	6.368	-4.644	7.0
1511106580784	6.646	-4.692	7.211
1511106580820	6.512	-4.721	7.364
1511106580829	6.407	-4.711	7.498
1511106580833	6.301	-4.683	7.556
1511106580835	6.205	-4.664	7.508
1511106580836	6.196	-4.462	7.383
1511106580841	6.167	-4.328	7.182
1511106580851	6.196	-3.993	6.962
1511106580861	6.225	-3.907	6.751
1511106580874	6.263	-3.677	6.541
1511106580881	6.34	-3.514	6.32
1511106580891	6.435	-3.361	6.129
1511106580932	6.502	-3.179	6.091
1511106580933	6.502	-3.055	5.995
1511106580934	6.454	-2.988	5.87
1511106580934	6.34	-2.968	5.794
1511106580941	6.148	-3.064	5.832
1511106580951	6.004	-3.227	5.918
1511106580963	5.918	-3.399	6.014
1511106580971	5.956	-3.648	6.091
1511106580981	6.158	-3.955	6.215
1511106580994	6.273	-4.118	6.435
1511106581001	6.359	-4.137	6.579
1511106581011	6.426	-4.06	6.665
1511106581024	6.445	-3.955	6.742
1511106581047	6.378	-3.85	6.742
1511106581048	6.215	-3.754	6.713
1511106581052	6.033	-3.754	6.704
1511106581061	5.832	-3.85	6.684
1511106581071	5.688	-3.974	6.684
1511106581082	5.602	-4.108	6.694
1511106581091	5.583	-4.175	6.713
1511106581101	5.698	-4.242	6.684
1511106581112	5.851	-4.213	6.675
1511106581121	6.033	-4.108	6.56
1511106581132	6.158	-3.984	6.474
1511106581144	6.215	-3.821	6.407
1511106581151	6.234	-3.62	6.349
1511106581162	6.263	-3.466	6.32
1511106581175	6.215	-3.39	6.33
1511106581181	6.091	-3.399	6.397
1511106581191	5.976	-3.495	6.522
1511106581205	5.899	-3.629	6.732
1511106581211	5.889	-3.773	6.627
1511106581221	5.947	-3.878	6.684
1511106581235	5.995	-3.897	6.761
1511106581241	6.052	-3.917	6.857
1511106581251	6.043	-3.869	6.981
1511106581265	5.985	-3.888	6.905
1511106581271	5.813	-3.964	6.905
1511106581281	5.573	-4.079	6.541
1511106581295	5.028	-4.175	5.727
1511106581301	5.114	-4.204	5.727
1511106581311	4.999	-4.166	5.487
1511106581331	5.018	-3.85	5.612
1511106581363	5.267	-3.696	5.755
1511106581369	5.65	-3.543	6.014
1511106581374	6.043	-3.438	6.196
1511106581377	6.311	-3.256	6.301
1511106581392	6.311	-3.074	6.407
1511106581396	5.918	-2.777	6.301
1511106581402	5.267	-2.336	6.368
1511106581415	4.74	-2.078	6.713
1511106581421	4.577	-2.03	7.479
1511106581444	5.449	-2.403	10.237
1511106581451	6.531	-2.767	11.473
1511106581461	7.403	-3.035	12.526
1511106581474	7.278	-2.729	12.986
1511106581481	6.665	-1.877	12.239
1511106581491	5.746	-1.292	10.946
1511106581502	5.123	-1.388	9.807
1511106581511	4.75	-1.426	8.849
1511106581521	4.606	-1.656	7.996
1511106581533	4.673	-1.963	7.067
1511106581541	4.884	-1.896	6.263
1511106581551	5.104	-1.925	5.583
1511106581565	5.43	-1.915	5.075
1511106581571	5.688	-1.925	4.673
1511106581581	5.794	-2.039	4.472
1511106581595	5.688	-2.02	4.462
1511106581601	5.43	-2.126	4.568
1511106581611	5.229	-2.375	4.941
1511106581625	5.133	-2.7	5.602
1511106581631	5.152	-3.083	6.483
1511106581642	5.2	-3.352	7.412
1511106581661	5.2	-3.217	8.887
1511106581672	5.229	-2.997	9.366
1511106581685	5.267	-2.786	9.711
1511106581691	5.372	-2.614	9.874
1511106581701	5.65	-2.47	9.759
1511106581715	6.062	-2.355	9.548
1511106581721	6.464	-2.327	9.433
1511106581731	6.704	-2.413	9.241
1511106581745	6.646	-2.509	8.839
1511106581751	6.387	-2.547	8.341
1511106581762	6.024	-2.49	7.786
1511106581775	5.64	-2.423	7.355
1511106581781	5.277	-2.317	6.953
1511106581791	5.018	-2.231	6.579
1511106581805	4.932	-2.202	6.301
1511106581814	5.066	-2.183	6.244
1511106581833	5.296	-2.241	6.311
1511106581835	5.526	-2.279	6.531
1511106581842	5.707	-2.279	6.799
1511106581853	5.746	-2.193	7.077
1511106581865	5.669	-2.126	7.364
1511106581871	5.535	-2.097	7.604
1511106581884	5.391	-2.145	7.834
1511106581896	5.248	-2.25	8.073
1511106581929	5.181	-2.394	8.284
1511106581946	5.162	-2.461	8.437
1511106581948	5.2	-2.47	8.552
1511106581952	5.305	-2.461	8.552
1511106581955	5.411	-2.394	8.494
1511106581957	5.535	-2.279	8.36
1511106581967	5.621	-2.174	8.102
1511106581976	5.66	-2.097	7.776
1511106581985	5.679	-2.087	7.288
1511106581991	5.631	-2.068	7.288
1511106582001	5.612	-2.068	7.087
1511106582013	5.602	-2.068	7.02
1511106582021	5.631	-2.135	7.0
1511106582031	5.64	-2.221	7.106
1511106582044	5.43	-2.365	7.422
1511106582051	5.545	-2.461	7.422
1511106582061	5.478	-2.557	7.585
1511106582073	5.401	-2.633	7.824
1511106582081	5.334	-2.662	7.824
1511106582091	5.353	-2.681	7.872
1511106582103	5.535	-2.681	7.929
1511106582111	5.439	-2.633	7.929
1511106582122	5.487	-2.557	7.929
1511106582135	5.506	-2.413	7.824
1511106582141	5.535	-2.269	7.776
1511106582151	5.593	-2.164	7.767
1511106582167	5.669	-2.068	7.728
1511106582171	5.669	-2.02	7.767
1511106582181	5.679	-1.972	7.776
1511106582195	5.593	-1.992	7.776
1511106582201	5.439	-2.02	7.728
1511106582212	5.478	-2.059	7.69
1511106582226	5.43	-2.059	7.661
1511106582231	5.305	-2.059	7.652
1511106582241	5.171	-2.011	7.661
1511106582258	5.104	-1.944	7.642
1511106582261	5.142	-1.829	7.594
1511106582272	5.2	-1.723	7.585
1511106582286	5.248	-1.685	7.604
1511106582291	5.305	-1.819	7.661
1511106582303	5.382	-1.934	7.747
1511106582316	5.43	-2.039	7.776
1511106582321	5.439	-2.087	7.824
1511106582331	5.401	-2.116	7.824
1511106582346	5.363	-2.097	7.824
1511106582351	5.324	-2.087	7.824
1511106582362	5.324	-2.078	7.872
1511106582377	5.363	-2.154	7.901
1511106582381	5.43	-2.221	7.968
1511106582392	5.478	-2.308	8.025
1511106582406	5.516	-2.336	8.035
1511106582411	5.497	-2.375	8.035
1511106582422	5.42	-2.403	7.987
1511106582436	5.277	-2.413	7.949
1511106582469	5.133	-2.451	7.91
1511106582471	5.008	-2.47	7.91
1511106582477	4.97	-2.509	7.929
1511106582479	4.96	-2.537	7.939
1511106582490	5.018	-2.547	7.949
1511106582496	5.095	-2.537	7.987
1511106582501	5.181	-2.518	7.996
1511106582511	5.229	-2.442	7.949
1511106582526	5.286	-2.355	7.872
1511106582531	5.324	-2.308	7.824
1511106582541	5.267	-2.26	7.776
1511106582552	5.171	-2.25	7.776
1511106582561	5.066	-2.202	7.814
1511106582571	4.98	-2.126	7.824
1511106582585	4.97	-2.03	7.862
1511106582591	5.008	-1.915	7.853
1511106582601	5.085	-1.762	7.814
1511106582614	5.181	-1.637	7.719
1511106582621	5.334	-1.522	7.632
1511106582631	5.468	-1.455	7.585
1511106582644	5.516	-1.446	7.575
1511106582651	5.526	-1.513	7.632
1511106582662	5.573	-1.589	7.786
1511106582676	5.564	-1.618	7.843
1511106582681	5.535	-1.695	7.862
1511106582692	5.526	-1.752	7.939
1511106582707	5.497	-1.79	7.929
1511106582711	5.458	-1.877	7.929
1511106582722	5.449	-2.039	7.939
1511106582737	5.506	-2.202	8.159
1511106582741	5.593	-2.317	8.159
1511106582752	5.746	-2.288	8.37
1511106582767	5.842	-2.26	8.102
1511106582771	5.928	-2.241	8.102
1511106582782	6.1	-2.365	7.834
1511106582797	6.205	-2.557	7.92
1511106582801	6.234	-2.815	7.92
1511106582812	6.205	-3.055	7.891
1511106582827	6.091	-3.198	7.767
1511106582831	5.947	-3.313	7.767
1511106582843	5.822	-3.313	7.451
1511106582857	5.736	-3.294	7.202
1511106582861	5.679	-3.304	6.981
1511106582872	5.688	-3.332	6.799
1511106582887	5.669	-3.409	6.684
1511106582891	5.487	-3.524	6.56
1511106582902	5.573	-3.562	6.474
1511106582917	5.506	-3.62	6.435
1511106582921	5.478	-3.601	6.378
1511106582932	5.545	-3.658	6.311
1511106582945	5.66	-3.706	6.273
1511106582951	5.784	-3.744	6.263
1511106582961	5.842	-3.802	6.253
1511106582975	5.899	-3.869	6.292
1511106582999	5.909	-3.888	6.349
1511106583016	5.899	-3.926	6.378
1511106583028	5.842	-3.878	6.368
1511106583029	5.813	-3.888	6.33
1511106583031	5.822	-3.878	6.368
1511106583032	5.88	-3.878	6.397
1511106583041	5.966	-3.869	6.416
1511106583058	6.033	-3.869	6.445
1511106583063	6.052	-3.936	6.483
1511106583071	6.033	-3.993	6.569
1511106583083	6.033	-4.041	6.617
1511106583101	6.043	-4.089	6.694
1511106583102	6.024	-4.137	6.751
1511106583112	6.014	-4.118	6.761
1511106583122	6.004	-4.108	6.751
1511106583131	5.985	-4.079	6.656
1511106583141	5.976	-4.022	6.512
1511106583156	5.928	-3.974	6.387
1511106583161	5.88	-3.917	6.34
1511106583171	5.842	-3.85	6.234
1511106583185	5.794	-3.811	6.138
1511106583191	5.765	-3.744	6.091
1511106583201	5.784	-3.725	6.052
1511106583217	5.813	-3.735	6.062
1511106583221	5.861	-3.754	6.148
1511106583232	5.88	-3.754	6.273
1511106583249	5.861	-3.792	6.397
1511106583251	5.803	-3.84	6.56
1511106583261	5.746	-3.907	6.742
1511106583277	5.717	-3.955	6.914
1511106583281	5.746	-4.003	7.077
1511106583291	5.746	-4.012	7.173
1511106583307	5.861	-3.974	7.249
1511106583311	5.985	-3.917	7.269
1511106583321	6.091	-3.802	7.269
1511106583337	6.167	-3.648	7.297
1511106583341	6.186	-3.486	7.288
1511106583353	6.148	-3.371	7.269
1511106583370	6.091	-3.217	7.24
1511106583371	5.966	-3.093	7.154
1511106583385	5.851	-2.988	7.0
1511106583402	5.794	-2.873	6.924
1511106583404	5.775	-2.853	6.857
1511106583418	5.813	-2.825	6.838
1511106583430	5.88	-2.806	6.799
1511106583432	5.937	-2.786	6.799
1511106583444	5.976	-2.767	6.79
1511106583461	5.985	-2.758	6.761
1511106583463	6.024	-2.739	6.809
1511106583474	6.024	-2.758	6.751
1511106583491	5.966	-2.806	6.742
1511106583493	5.889	-2.834	6.751
1511106583504	5.889	-2.882	6.79
1511106583521	5.861	-2.853	6.79
1511106583559	5.803	-2.873	6.742
1511106583566	5.736	-2.949	6.704
1511106583577	5.736	-3.045	6.704
1511106583584	5.765	-3.093	6.895
1511106583585	5.861	-3.131	6.895
1511106583586	5.985	-3.131	7.029
1511106583586	6.205	-3.112	7.23
1511106583592	6.435	-3.15	7.403
1511106583608	6.665	-3.16	7.498
1511106583612	6.397	-3.016	7.527
1511106583622	6.081	-2.748	7.508
1511106583631	5.621	-2.355	7.374
1511106583641	5.315	-2.011	7.211
1511106583654	5.075	-1.838	7.039
1511106583668	4.941	-1.781	6.866
1511106583671	5.056	-1.838	6.751
1511106583681	5.353	-2.097	6.751
1511106583697	5.736	-2.442	6.847
1511106583701	6.11	-2.461	6.953
1511106583711	6.34	-2.451	7.182
1511106583727	6.416	-2.537	7.508
1511106583731	6.282	-2.499	7.843
1511106583743	5.995	-2.442	8.169
1511106583761	5.631	-2.403	8.312
1511106583762	5.305	-2.384	8.38
1511106583774	5.085	-2.346	8.303
1511106583791	4.913	-2.298	8.13
1511106583793	4.826	-2.183	7.891
1511106583804	4.846	-2.126	7.709
1511106583826	5.056	-2.078	7.728
1511106583828	5.353	-2.087	7.891
1511106583840	5.717	-2.059	8.236
1511106583860	6.205	-1.934	8.801
1511106583861	6.205	-1.273	8.791
1511106583873	6.004	-0.842	8.571
1511106583881	5.727	-0.498	8.293
1511106583891	5.535	-0.287	8.006
1511106583909	5.468	-0.21	7.7
1511106583911	5.458	-0.249	7.46
1511106583922	5.573	-0.383	7.221
1511106583931	5.736	-0.555	7.058
1511106583941	5.87	-0.756	6.981
1511106583954	5.947	-0.938	6.953
1511106583961	5.947	-1.063	6.962
1511106583971	5.889	-1.177	6.953
1511106583982	5.784	-1.302	7.01
1511106583991	5.583	-1.446	7.144
1511106584001	5.344	-1.637	7.383
1511106584012	5.095	-1.829	7.661
1511106584021	4.941	-2.001	8.016
1511106584031	4.865	-2.135	8.341
1511106584044	4.893	-2.183	8.59
1511106584051	4.989	-2.116	8.657
1511106584061	5.123	-2.001	8.753
1511106584080	5.248	-1.867	8.743
1511106584082	5.391	-1.752	8.705
1511106584110	5.468	-1.676	8.743
1511106584111	5.497	-1.599	8.772
1511106584121	5.468	-1.474	8.705
1511106584122	5.401	-1.312	8.514
1511106584134	5.363	-1.149	8.226
1511106584145	5.363	-1.024	8.006
1511106584151	5.382	-0.948	7.767
1511106584163	5.449	-0.909	7.575
1511106584171	5.535	-0.928	7.479
1511106584183	5.602	-0.976	7.412
1511106584193	5.65	-1.034	7.403
1511106584201	5.679	-1.072	7.422
1511106584211	5.698	-1.11	7.508
1511106584223	5.736	-1.11	7.767
1511106584231	5.736	-1.13	7.767
1511106584241	5.679	-1.149	8.083
1511106584253	5.593	-1.187	8.159
1511106584261	5.497	-1.225	8.312
1511106584282	5.152	-1.216	8.466
1511106584291	5.238	-1.13	8.437
1511106584301	5.229	-1.043	8.351
1511106584312	5.296	-0.938	8.255
1511106584321	5.296	-0.833	8.14
1511106584331	5.545	-0.727	7.987
1511106584343	5.573	-0.718	7.872
1511106584351	5.727	-0.727	7.757
1511106584361	5.583	-0.756	7.69
1511106584374	5.535	-0.871	7.652
1511106584381	5.439	-0.919	7.671
1511106584393	5.382	-1.015	7.7
1511106584408	5.257	-1.264	7.757
1511106584411	5.152	-1.225	7.843
1511106584423	5.056	-1.379	7.881
1511106584436	4.999	-1.379	7.958
1511106584441	4.98	-1.503	7.996
1511106584452	4.97	-1.57	8.035
1511106584465	4.98	-1.618	8.054
1511106584471	4.999	-1.637	8.111
1511106584483	5.056	-1.656	8.111
1511106584497	5.085	-1.647	8.121
1511106584501	5.085	-1.656	8.073
1511106584514	5.075	-1.628	8.063
1511106584526	5.056	-1.628	8.063
1511106584531	5.018	-1.608	8.025
1511106584543	5.008	-1.551	8.025
1511106584556	5.028	-1.436	7.901
1511106584561	5.095	-1.264	7.795
1511106584572	5.181	-1.082	7.7
1511106584585	5.267	-0.928	7.613
1511106584591	5.363	-0.842	7.556
1511106584601	5.458	-0.814	7.537
1511106584616	5.526	-0.881	7.642
1511106584652	5.564	-0.996	7.757
1511106584658	5.583	-1.13	7.881
1511106584661	5.602	-1.273	7.977
1511106584679	5.573	-1.369	8.063
1511106584680	5.526	-1.407	8.102
1511106584683	5.468	-1.417	8.121
1511106584686	5.439	-1.379	8.14
1511106584691	5.439	-1.407	8.14
1511106584708	5.487	-1.388	8.13
1511106584714	5.573	-1.398	8.14
1511106584721	5.679	-1.388	8.198
1511106584736	5.813	-1.407	8.293
1511106584741	5.947	-1.474	8.427
1511106584751	6.081	-1.484	8.59
1511106584764	6.186	-1.474	8.571
1511106584771	6.196	-1.446	8.475
1511106584781	6.177	-1.484	8.341
1511106584793	6.177	-1.513	8.255
1511106584801	6.11	-1.628	8.236
1511106584811	5.985	-1.743	8.092
1511106584823	5.842	-1.857	7.958
1511106584841	5.583	-2.078	7.69
1511106584854	5.487	-2.154	7.556
1511106584861	5.411	-2.174	7.431
1511106584871	5.324	-2.183	7.221
1511106584883	5.219	-2.193	6.933
1511106584891	5.181	-2.26	6.723
1511106584901	5.209	-2.384	6.589
1511106584913	5.219	-2.547	6.426
1511106584921	5.257	-2.758	6.426
1511106584931	5.267	-2.949	6.445
1511106584945	5.363	-3.227	6.656
1511106584961	5.401	-3.275	6.493
1511106584976	5.363	-3.342	6.531
1511106584981	5.382	-3.409	6.531
1511106584992	5.468	-3.533	6.608
1511106585006	5.765	-3.945	6.732
1511106585011	5.765	-3.945	6.895
1511106585022	5.621	-4.108	7.058
1511106585041	5.478	-4.233	7.202
1511106585052	5.43	-4.271	7.211
1511106585068	5.401	-4.386	7.269
1511106585071	5.449	-4.386	7.307
1511106585082	5.535	-4.443	7.269
1511106585096	5.621	-4.482	7.23
1511106585101	5.736	-4.482	7.202
1511106585113	5.803	-4.233	7.048
1511106585126	5.813	-4.213	6.876
1511106585131	5.784	-4.213	6.751
1511106585143	5.755	-4.204	6.704
1511106585156	5.755	-4.204	6.675
1511106585161	5.746	-4.271	6.598
1511106585172	5.794	-4.309	6.522
1511106585186	5.851	-4.357	6.512
1511106585226	5.861	-4.367	6.474
1511106585242	5.813	-4.376	6.387
1511106585244	5.688	-4.348	6.311
1511106585250	5.554	-4.328	6.215
1511106585259	5.43	-4.309	6.205
1511106585261	5.372	-4.338	6.138
1511106585261	5.372	-4.386	6.052
1511106585262	5.458	-4.472	6.043
1511106585274	5.554	-4.568	6.062
1511106585282	5.612	-4.625	6.129
1511106585296	5.621	-4.721	6.196
1511106585304	5.564	-4.778	6.263
1511106585311	5.478	-4.855	6.387
1511106585321	5.401	-4.893	6.541
1511106585334	5.344	-4.922	6.656
1511106585341	5.382	-4.932	6.751
1511106585351	5.468	-4.922	6.838
1511106585364	5.602	-4.893	6.876
1511106585371	5.698	-4.836	6.914
1511106585381	5.746	-4.769	6.924
1511106585394	5.736	-4.692	6.914
1511106585401	5.707	-4.587	6.905
1511106585411	5.679	-4.462	6.876
1511106585425	5.631	-4.367	6.713
1511106585431	5.573	-4.3	6.531
1511106585441	5.554	-4.242	6.474
1511106585456	5.612	-4.204	6.531
1511106585461	5.679	-4.175	6.531
1511106585472	5.727	-4.137	6.608
1511106585486	5.583	-4.099	6.646
1511106585491	5.707	-4.118	6.646
1511106585502	5.679	-4.127	6.704
1511106585517	5.727	-4.137	6.943
1511106585521	5.727	-4.166	6.943
1511106585532	5.784	-4.233	7.0
1511106585546	5.535	-4.213	6.895
1511106585551	5.535	-4.099	6.895
1511106585562	5.411	-4.012	6.78
1511106585577	5.267	-3.83	6.704
1511106585581	5.267	-3.974	6.704
1511106585593	5.248	-4.012	6.694
1511106585608	5.324	-4.051	6.598
1511106585611	5.324	-4.118	6.598
1511106585622	5.391	-4.204	6.589
1511106585645	5.506	-4.3	6.627
1511106585647	5.506	-4.348	6.627
1511106585657	5.497	-4.328	6.684
1511106585669	5.506	-4.28	6.751
1511106585672	5.506	-4.223	6.857
1511106585682	5.526	-4.204	6.953
1511106585694	5.573	-4.213	6.953
1511106585701	5.631	-4.194	7.202
1511106585711	5.64	-4.108	7.144
1511106585724	5.621	-3.993	7.154
1511106585744	5.593	-3.859	7.134
1511106585755	5.554	-3.754	7.134
1511106585770	5.516	-3.696	7.125
1511106585771	5.516	-3.687	7.134
1511106585772	5.516	-3.677	7.154
1511106585782	5.554	-3.648	7.125
1511106585794	5.554	-3.62	7.039
1511106585802	5.554	-3.591	7.02
1511106585817	5.545	-3.61	7.048
1511106585821	5.554	-3.639	7.087
1511106585833	5.535	-3.668	7.134
1511106585846	5.545	-3.658	7.154
1511106585861	5.554	-3.668	7.192
1511106585877	5.545	-3.62	7.24
1511106585878	5.545	-3.581	7.316
1511106585883	5.487	-3.543	7.403
1511106585891	5.401	-3.533	7.46
1511106585910	5.305	-3.543	7.556
1511106585917	5.2	-3.581	7.604
1511106585933	5.19	-3.61	7.623
1511106585935	5.238	-3.677	7.604
1511106585941	5.305	-3.754	7.518
1511106585951	5.391	-3.84	7.47
1511106585964	5.449	-3.859	7.47
1511106585971	5.478	-3.83	7.441
1511106585981	5.439	-3.744	7.393
1511106585994	5.344	-3.629	7.297
1511106586001	5.229	-3.543	7.182
1511106586011	5.152	-3.457	7.058
1511106586025	5.095	-3.39	6.953
1511106586031	5.037	-3.323	6.885
1511106586044	5.008	-3.246	6.885
1511106586052	4.989	-3.189	6.895
1511106586061	5.008	-3.246	7.01
1511106586071	5.008	-3.284	7.182
1511106586084	5.133	-3.275	7.374
1511106586091	5.296	-3.227	7.565
1511106586103	5.468	-3.141	7.738
1511106586115	5.554	-2.997	7.968
1511106586121	5.583	-2.777	8.207
1511106586131	5.573	-2.509	8.322
1511106586147	5.554	-2.298	8.408
1511106586151	5.535	-2.097	8.427
1511106586161	5.487	-1.915	8.37
1511106586171	5.487	-1.81	8.198
1511106586181	5.554	-1.752	8.044
1511106586191	5.631	-1.752	7.824
1511106586204	5.66	-1.79	7.661
1511106586211	5.679	-1.867	7.498
1511106586221	5.688	-1.972	7.403
1511106586237	5.707	-2.078	7.144
1511106586241	5.688	-2.154	7.192
1511106586251	5.621	-2.154	7.154
1511106586267	5.353	-2.135	7.202
1511106586296	5.363	-2.087	7.202
1511106586297	5.162	-2.078	7.249
1511106586304	4.96	-2.106	7.652
1511106586310	4.826	-2.154	7.652
1511106586314	4.74	-2.202	7.891
1511106586324	4.778	-2.241	8.111
1511106586332	4.893	-2.269	8.341
1511106586349	5.056	-2.308	8.552
1511106586355	5.171	-2.336	8.676
1511106586365	5.238	-2.346	8.753
1511106586382	5.267	-2.346	8.763
1511106586384	5.229	-2.346	8.696
1511106586391	5.162	-2.346	8.696
1511106586405	5.104	-2.327	8.475
1511106586417	5.037	-2.279	8.293
1511106586421	4.98	-2.164	8.092
1511106586431	4.932	-2.011	7.834
1511106586445	4.941	-1.857	7.594
1511106586451	4.97	-1.733	7.441
1511106586461	4.989	-1.637	7.316
1511106586476	5.008	-1.608	7.297
1511106586481	5.037	-1.637	7.383
1511106586491	5.037	-1.723	7.498
1511106586507	5.018	-1.81	7.671
1511106586511	5.066	-1.915	7.805
1511106586522	5.075	-2.212	8.016
1511106586538	5.095	-2.547	8.217
1511106586541	5.104	-2.604	8.418
1511106586553	5.066	-2.863	8.552
1511106586568	5.047	-3.016	8.686
1511106586571	5.028	-3.064	8.724
1511106586583	5.047	-3.055	8.705
1511106586598	5.066	-2.959	8.609
1511106586601	5.095	-2.815	8.456
1511106586613	5.123	-2.643	8.293
1511106586629	5.123	-2.451	8.15
1511106586631	5.085	-2.279	8.025
1511106586650	5.037	-2.145	7.901
1511106586661	5.028	-2.011	7.862
1511106586663	5.028	-1.905	7.747
1511106586673	5.028	-1.81	7.68
1511106586687	5.047	-1.743	7.585
1511106586691	5.095	-1.695	7.565
1511106586701	5.133	-1.695	7.613
1511106586713	5.133	-1.695	7.747
1511106586721	5.142	-1.723	7.881
1511106586731	5.142	-1.771	8.016
1511106586746	5.114	-1.79	8.063
1511106586751	5.123	-1.838	8.073
1511106586761	5.171	-1.819	8.063
1511106586777	5.238	-1.838	8.073
1511106586781	5.324	-1.857	8.083
1511106586792	5.42	-1.953	8.092
1511106586807	5.478	-2.03	8.14
1511106586854	5.564	-2.106	8.169
1511106586861	5.545	-2.164	8.169
1511106586865	5.535	-2.212	8.121
1511106586870	5.497	-2.241	8.073
1511106586880	5.449	-2.308	8.025
1511106586881	5.372	-2.394	8.044
1511106586886	5.257	-2.518	8.102
1511106586887	5.238	-2.643	8.169
1511106586891	5.267	-2.719	8.207
1511106586902	5.296	-2.662	8.121
1511106586919	5.353	-2.643	7.996
1511106586932	5.382	-2.662	7.939
1511106586933	5.43	-2.777	7.958
1511106586945	5.439	-2.94	7.91
1511106586955	5.411	-3.131	7.719
1511106586963	5.315	-3.256	7.69
1511106586972	5.19	-3.38	7.632
1511106586985	5.075	-3.399	7.374
1511106586991	4.98	-3.409	7.393
1511106587003	4.893	-3.447	7.24
1511106587017	4.913	-3.447	7.192
1511106587021	4.941	-3.447	7.096
1511106587031	4.941	-3.457	6.866
1511106587047	4.941	-3.514	6.665
1511106587051	4.989	-3.61	6.579
1511106587061	5.028	-3.782	6.627
1511106587077	5.047	-3.917	6.742
1511106587081	5.028	-4.012	6.809
1511106587091	4.922	-4.118	6.79
1511106587107	4.817	-4.166	6.857
1511106587111	4.769	-4.223	6.876
1511106587122	4.759	-4.309	6.838
1511106587139	4.826	-4.395	6.838
1511106587141	4.893	-4.453	6.809
1511106587153	5.095	-4.51	6.78
1511106587167	5.095	-4.577	6.838
1511106587171	5.162	-4.597	6.828
1511106587181	5.008	-4.635	6.771
1511106587197	5.267	-4.673	6.79
1511106587201	5.162	-4.683	6.809
1511106587212	5.353	-4.874	6.78
1511106587230	5.43	-4.75	6.771
1511106587232	5.468	-4.807	6.732
1511106587243	5.506	-5.047	6.694
1511106587257	5.468	-5.018	6.675
1511106587261	5.353	-5.085	6.646
1511106587272	5.238	-5.152	6.627
1511106587287	5.142	-5.181	6.579
1511106587291	5.104	-5.162	6.493
1511106587302	5.133	-5.085	6.435
1511106587318	5.162	-5.047	6.32
1511106587321	5.238	-5.018	6.234
1511106587332	5.286	-4.999	6.148
1511106587350	5.315	-5.018	6.119
1511106587399	5.277	-4.98	6.081
1511106587402	5.229	-4.941	6.091
1511106587403	5.229	-4.932	6.052
1511106587409	5.238	-4.951	6.081
1511106587410	5.277	-4.951	6.177
1511106587410	5.382	-4.98	6.282
1511106587411	5.487	-5.008	6.359
1511106587426	5.545	-5.028	6.493
1511106587437	5.554	-5.066	6.569
1511106587441	5.497	-5.085	6.684
1511106587453	5.411	-5.066	6.771
1511106587461	5.305	-5.047	6.79
1511106587471	5.229	-4.989	6.665
1511106587481	5.19	-4.893	6.598
1511106587493	5.209	-4.836	6.531
1511106587501	5.286	-4.798	6.454
1511106587512	5.353	-4.74	6.387
1511106587521	5.401	-4.731	6.349
1511106587537	5.449	-4.711	6.378
1511106587543	5.487	-4.702	6.435
1511106587551	5.497	-4.616	6.464
1511106587561	5.439	-4.529	6.512
1511106587573	5.411	-4.482	6.579
1511106587584	5.411	-4.482	6.589
1511106587591	5.439	-4.529	6.617
1511106587602	5.468	-4.568	6.723
1511106587628	5.526	-4.529	6.761
1511106587629	5.506	-4.453	6.771
1511106587634	5.487	-4.309	6.771
1511106587641	5.478	-4.204	6.742
1511106587657	5.506	-4.127	6.704
1511106587662	5.516	-4.06	6.713
1511106587671	5.506	-4.051	6.684
1511106587681	5.506	-4.079	6.684
1511106587692	5.478	-4.099	6.723
1511106587701	5.411	-4.146	6.761
1511106587711	5.344	-4.175	6.799
1511106587722	5.257	-4.146	6.838
1511106587731	5.238	-4.108	6.857
1511106587741	5.315	-4.108	6.857
1511106587753	5.401	-4.146	7.058
1511106587761	5.516	-4.146	7.039
1511106587771	5.583	-4.118	7.144
1511106587784	5.621	-4.051	7.288
1511106587791	5.602	-3.955	7.383
1511106587802	5.516	-3.888	7.46
1511106587813	5.411	-3.763	7.508
1511106587821	5.411	-3.687	7.508
1511106587831	5.458	-3.668	7.47
1511106587843	5.688	-3.706	7.565
1511106587851	5.593	-3.773	7.565
1511106587864	5.621	-3.811	7.594
1511106587884	5.468	-3.802	7.565
1511106587886	5.573	-3.782	7.546
1511106587926	5.526	-3.744	7.498
1511106587927	5.382	-3.715	7.364
1511106587931	5.382	-3.696	7.23
1511106587932	5.133	-3.658	7.115
1511106587933	5.152	-3.533	7.02
1511106587944	5.219	-3.39	6.962
1511106587954	5.296	-3.227	6.924
1511106587969	5.344	-2.93	6.991
1511106587971	5.315	-2.93	7.077
1511106587981	5.296	-2.662	7.259
1511106587993	5.286	-2.691	7.46
1511106588001	5.267	-2.537	7.738
1511106588011	5.248	-2.442	7.91
1511106588022	5.209	-2.106	7.901
1511106588031	5.238	-1.81	7.805
1511106588041	5.315	-1.494	7.786
1511106588054	5.401	-1.34	7.805
1511106588070	5.516	-1.254	8.226
1511106588084	5.822	-1.264	8.514
1511106588091	5.88	-1.245	8.715
1511106588101	5.851	-1.11	8.801
1511106588112	5.736	-0.919	8.638
1511106588121	5.583	-0.747	8.37
1511106588131	5.535	-0.699	8.169
1511106588144	5.526	-0.747	7.824
1511106588162	5.516	-0.967	7.575
1511106588163	5.535	-1.273	7.441
1511106588174	5.487	-1.589	7.422
1511106588181	5.382	-1.915	7.451
1511106588191	5.219	-2.183	7.527
1511106588205	5.018	-2.384	7.623
1511106588211	4.778	-2.49	7.834
1511106588221	4.587	-2.576	8.054
1511106588233	4.395	-2.633	8.274
1511106588241	4.271	-2.729	8.485
1511106588251	4.261	-2.767	8.667
1511106588263	4.348	-2.786	8.81
1511106588271	4.501	-2.652	8.839
1511106588281	4.673	-2.48	8.763
1511106588296	5.028	-2.288	8.552
1511106588301	5.028	-2.097	8.552
1511106588311	5.171	-1.915	8.494
1511106588323	5.315	-1.752	8.437
1511106588331	5.411	-1.561	8.351
1511106588341	5.43	-1.388	8.188
1511106588355	5.391	-1.225	7.881
1511106588364	5.305	-1.12	7.901
1511106588373	5.2	-1.053	7.795
1511106588385	5.066	-1.024	7.834
1511106588391	5.018	-1.072	7.834
1511106588401	5.008	-1.12	7.929
1511106588415	5.037	-1.225	8.102
1511106588421	5.104	-1.34	8.102
1511106588431	5.19	-1.426	8.13
1511106588460	5.305	-1.551	8.169
1511106588463	5.363	-1.637	8.236
1511106588478	5.305	-1.714	8.293
1511106588479	5.133	-1.762	8.418
1511106588488	4.913	-1.771	8.533
1511106588495	4.683	-1.743	8.59
1511106588505	4.52	-1.695	8.629
1511106588514	4.434	-1.618	8.581
1511106588523	4.453	-1.561	8.514
1511106588535	4.539	-1.503	8.37
1511106588541	4.664	-1.455	8.063
1511106588551	4.769	-1.388	8.111
1511106588564	5.018	-1.331	8.006
1511106588571	5.018	-1.264	8.006
1511106588581	5.085	-1.225	8.016
1511106588593	4.989	-1.177	8.035
1511106588601	4.989	-1.177	8.025
1511106588611	4.96	-1.158	7.987
1511106588626	4.874	-1.168	7.977
1511106588631	4.874	-1.168	8.025
1511106588643	4.884	-1.158	8.063
1511106588657	4.98	-1.197	8.016
1511106588661	5.066	-1.197	7.996
1511106588674	5.142	-1.235	7.996
1511106588685	5.267	-1.273	8.016
1511106588691	5.344	-1.388	8.035
1511106588703	5.382	-1.781	8.198
1511106588716	5.411	-1.944	8.408
1511106588721	5.43	-2.25	8.629
1511106588732	5.449	-2.336	8.791
1511106588746	5.478	-2.432	8.82
1511106588751	5.535	-2.355	8.686
1511106588761	5.583	-2.212	8.437
1511106588776	5.593	-2.097	8.083
1511106588781	5.545	-2.135	7.757
1511106588792	5.478	-2.298	7.565
1511106588806	5.449	-2.47	7.489
1511106588811	5.382	-2.662	7.508
1511106588837	5.162	-2.94	7.383
1511106588841	5.085	-3.112	7.23
1511106588852	5.075	-3.342	7.134
1511106588867	5.095	-3.562	7.077
1511106588871	5.085	-3.811	6.972
1511106588895	4.98	-4.29	6.809
1511106588901	4.97	-4.529	6.818
1511106588911	5.018	-4.74	6.828
1511106588924	5.028	-4.884	6.818
1511106588931	5.028	-5.028	6.761
1511106588941	5.066	-5.123	6.713
1511106588953	5.133	-5.219	6.79
1511106588961	5.142	-5.267	6.828
1511106588971	5.114	-5.277	6.838
1511106588985	5.123	-5.257	6.732
1511106588991	5.123	-5.181	6.617
1511106589032	5.142	-5.152	6.502
1511106589041	5.19	-5.095	6.311
1511106589043	5.238	-4.989	6.416
1511106589045	5.248	-4.932	6.282
1511106589051	5.257	-4.846	6.205
1511106589052	5.209	-4.817	6.138
1511106589062	5.162	-4.788	6.081
1511106589076	5.123	-4.759	6.225
1511106589081	5.123	-4.778	6.177
1511106589093	5.104	-4.788	6.196
1511106589105	5.114	-4.855	6.225
1511106589111	5.114	-4.922	6.215
1511106589121	5.171	-4.98	6.253
1511106589135	5.2	-4.999	6.34
1511106589141	5.2	-5.008	6.34
1511106589151	5.162	-5.028	6.359
1511106589164	5.181	-5.056	6.435
1511106589171	5.2	-5.085	6.493
1511106589181	5.238	-5.123	6.579
1511106589195	5.305	-5.162	6.636
1511106589201	5.324	-5.19	6.665
1511106589211	5.363	-5.171	6.694
1511106589226	5.363	-5.19	6.636
1511106589231	5.305	-5.181	6.56
1511106589243	5.277	-5.171	6.512
1511106589257	5.248	-5.095	6.445
1511106589261	5.229	-4.999	6.426
1511106589274	5.238	-4.922	6.397
1511106589287	5.296	-4.874	6.426
1511106589291	5.353	-4.836	6.445
1511106589303	5.391	-4.836	6.474
1511106589317	5.391	-4.874	6.541
1511106589321	5.372	-4.96	6.55
1511106589347	5.008	-5.018	6.426
1511106589351	5.085	-4.989	6.464
1511106589364	5.152	-4.941	6.55
1511106589377	5.229	-4.865	6.589
1511106589381	5.334	-4.75	6.627
1511106589394	5.449	-4.625	6.636
1511106589407	5.487	-4.549	6.684
1511106589411	5.478	-4.472	6.694
1511106589425	5.372	-4.462	6.694
1511106589434	5.219	-4.462	6.636
1511106589442	5.066	-4.491	6.56
1511106589453	4.951	-4.597	6.579
1511106589467	4.951	-4.635	6.617
1511106589471	5.085	-4.683	6.675
1511106589482	5.257	-4.702	6.771
1511106589497	5.411	-4.683	6.857
1511106589501	5.487	-4.597	6.943
1511106589512	5.535	-4.491	7.039
1511106589527	5.554	-4.367	7.115
1511106589531	5.497	-4.223	7.211
1511106589543	5.43	-4.118	7.269
1511106589578	5.324	-4.022	7.202
1511106589590	5.238	-3.974	7.096
1511106589595	5.2	-3.955	7.029
1511106589598	5.267	-3.955	6.943
1511106589600	5.363	-3.984	6.857
1511106589605	5.468	-3.993	6.771
1511106589612	5.698	-4.012	6.665
1511106589626	5.813	-4.127	6.531
1511106589636	5.727	-4.127	6.474
1511106589647	5.334	-3.85	6.502
1511106589654	4.884	-3.399	6.502
1511106589664	4.625	-2.959	6.34
1511106589677	4.616	-2.777	6.148
1511106589682	4.778	-2.834	6.11
1511106589692	5.075	-3.074	6.387
1511106589708	5.372	-3.332	6.885
1511106589711	5.554	-3.428	7.345
1511106589721	5.449	-3.447	7.546
1511106589734	5.171	-3.39	7.68
1511106589741	4.778	-3.352	7.834
1511106589751	4.501	-3.342	8.006
1511106589766	4.319	-3.304	8.102
1511106589771	4.29	-3.304	8.399
1511106589781	4.539	-3.38	9.021
1511106589794	5.142	-3.553	9.883
1511106589801	5.803	-3.553	10.659
1511106589811	6.301	-3.313	11.138
1511106589824	6.378	-2.767	11.052
1511106589831	5.976	-2.097	10.381
1511106589841	5.487	-1.551	9.376
1511106589855	5.133	-1.312	8.542
1511106589861	4.97	-1.206	7.91
1511106589884	4.941	-1.245	7.489
1511106589885	4.999	-1.321	7.23
1511106589891	5.085	-1.398	7.02
1511106589901	5.19	-1.465	6.924
1511106589919	5.286	-1.388	6.771
1511106589921	5.277	-1.264	6.771
1511106589936	4.654	-1.053	6.876
1511106589947	4.348	-1.053	6.991
1511106589951	4.309	-1.091	6.991
1511106589962	3.993	-1.206	7.565
1511106589975	3.897	-1.388	7.546
1511106589981	3.964	-1.608	7.987
1511106589991	4.204	-1.771	8.265
1511106590005	4.501	-1.915	8.437
1511106590011	4.759	-1.915	8.571
1511106590021	5.008	-1.848	8.561
1511106590035	5.2	-1.743	8.657
1511106590041	5.468	-1.685	8.782
1511106590051	6.081	-1.723	8.858
1511106590067	6.205	-1.819	8.916
1511106590073	6.215	-1.915	8.916
1511106590082	6.167	-1.963	8.763
1511106590127	5.899	-1.915	8.523
1511106590128	5.612	-1.838	8.284
1511106590129	5.334	-1.666	7.987
1511106590130	5.19	-1.484	7.719
1511106590136	5.152	-1.331	7.479
1511106590147	5.2	-1.254	7.259
1511106590157	5.305	-1.245	7.163
1511106590163	5.497	-1.417	7.173
1511106590171	5.736	-1.513	7.23
1511106590181	5.909	-1.637	7.431
1511106590191	5.861	-1.666	7.613
1511106590201	5.717	-1.618	7.824
1511106590215	5.593	-1.551	8.035
1511106590221	5.391	-1.426	8.092
1511106590231	5.2	-1.379	8.006
1511106590247	5.047	-1.407	7.91
1511106590251	5.018	-1.522	7.929
1511106590263	5.028	-1.656	8.016
1511106590275	5.018	-1.752	8.14
1511106590281	5.114	-1.685	8.236
1511106590291	5.229	-1.541	8.159
1511106590307	5.305	-1.359	7.968
1511106590311	5.296	-1.245	7.738
1511106590321	5.296	-1.187	7.537
1511106590336	5.257	-1.283	7.422
1511106590341	5.19	-1.417	7.47
1511106590351	5.123	-1.628	7.585
1511106590368	5.066	-1.838	7.738
1511106590374	5.056	-1.953	7.834
1511106590383	5.047	-2.068	7.862
1511106590397	5.066	-2.174	7.91
1511106590401	5.085	-2.269	7.968
1511106590411	5.123	-2.355	7.996
1511106590425	5.114	-2.461	7.977
1511106590431	5.142	-2.528	7.987
1511106590441	5.152	-2.652	8.054
1511106590457	5.181	-2.719	8.14
1511106590461	5.219	-2.806	8.188
1511106590471	5.248	-2.863	8.245
1511106590489	5.248	-2.873	8.351
1511106590491	5.248	-2.834	8.427
1511106590503	5.219	-2.662	8.466
1511106590517	5.123	-2.423	8.274
1511106590521	4.98	-2.212	8.016
1511106590531	4.932	-2.068	7.786
1511106590546	4.989	-2.001	7.623
1511106590551	5.028	-2.011	7.594
1511106590561	5.008	-2.078	7.652
1511106590577	4.96	-2.202	7.786
1511106590581	4.884	-2.317	7.977
1511106590591	4.951	-2.317	8.265
1511106590609	4.989	-2.087	8.399
1511106590611	5.075	-1.857	8.236
1511106590623	5.2	-1.685	7.881
1511106590653	5.286	-1.685	7.728
1511106590659	5.564	-1.877	7.738
1511106590662	5.458	-2.116	7.738
1511106590664	5.478	-2.317	7.843
1511106590678	5.411	-2.47	7.939
1511106590684	5.363	-2.576	8.092
1511106590694	5.344	-2.557	8.169
1511106590709	5.391	-2.509	7.987
1511106590718	5.573	-2.509	8.284
1511106590727	5.746	-2.624	8.207
1511106590734	5.832	-2.806	8.255
1511106590742	5.822	-2.959	8.351
1511106590759	5.707	-3.045	8.37
1511106590761	5.554	-3.102	8.399
1511106590775	5.468	-3.131	8.389
1511106590787	5.344	-3.055	8.111
1511106590791	5.42	-2.93	7.776
1511106590801	5.42	-2.844	7.604
1511106590817	5.439	-2.796	7.527
1511106590821	5.43	-2.825	7.46
1511106590831	5.411	-2.901	7.422
1511106590848	5.411	-2.949	7.374
1511106590851	5.391	-2.901	7.115
1511106590862	5.372	-2.815	6.828
1511106590880	5.315	-2.739	6.646
1511106590882	5.219	-2.806	6.55
1511106590895	5.142	-2.892	6.531
1511106590911	5.114	-3.007	6.522
1511106590912	5.085	-3.16	6.598
1511106590923	5.104	-3.38	6.646
1511106590936	5.171	-3.601	6.694
1511106590941	5.257	-3.869	6.704
1511106590951	5.315	-4.118	6.723
1511106590967	5.315	-4.357	6.79
1511106590971	5.238	-4.549	6.885
1511106590981	5.162	-4.673	6.981
1511106590998	5.066	-4.74	7.01
1511106591001	5.028	-4.788	7.02
1511106591012	5.047	-4.807	6.991
1511106591030	5.104	-4.798	6.943
1511106591032	5.152	-4.788	6.924
1511106591044	5.152	-4.759	6.857
1511106591053	5.095	-4.759	6.818
1511106591061	5.047	-4.711	6.771
1511106591072	4.999	-4.664	6.732
1511106591083	4.98	-4.625	6.771
1511106591091	4.989	-4.558	6.847
1511106591101	5.018	-4.482	6.876
1511106591117	5.104	-4.338	6.972
1511106591121	5.152	-4.213	6.953
1511106591132	5.104	-4.118	6.885
1511106591141	5.066	-4.079	6.847
1511106591151	5.037	-4.022	6.828
1511106591164	4.999	-3.964	6.838
1511106591185	4.97	-3.917	6.79
1511106591186	4.989	-3.869	6.751
1511106591206	5.075	-3.85	6.799
1511106591209	5.181	-3.878	6.838
1511106591221	5.219	-3.945	6.847
1511106591227	5.2	-4.041	6.885
1511106591236	5.133	-4.137	6.924
1511106591245	5.056	-4.242	6.981
1511106591252	4.98	-4.309	7.048
1511106591261	4.941	-4.415	7.134
1511106591271	4.97	-4.529	7.211
1511106591284	5.018	-4.625	7.23
1511106591291	5.104	-4.673	7.23
1511106591301	5.142	-4.692	7.23
1511106591315	5.152	-4.635	7.202
1511106591321	5.095	-4.539	7.192
1511106591331	4.999	-4.424	7.163
1511106591342	4.913	-4.338	7.154
1511106591351	4.913	-4.29	7.202
1511106591361	5.037	-4.242	7.249
1511106591372	5.2	-4.233	7.374
1511106591381	5.411	-4.242	7.47
1511106591391	5.631	-4.233	7.556
1511106591404	5.784	-4.127	7.565
1511106591412	5.813	-3.907	7.556
1511106591424	5.755	-3.639	7.393
1511106591435	5.497	-2.997	7.422
1511106591441	5.497	-2.997	7.249
1511106591453	5.257	-2.729	7.048
1511106591465	4.817	-2.537	6.761
1511106591471	4.817	-2.537	6.569
1511106591484	4.635	-2.604	6.435
1511106591495	4.568	-2.691	6.292
1511106591501	4.731	-2.911	6.225
1511106591514	4.865	-3.246	6.34
1511106591525	5.133	-3.629	6.579
1511106591531	5.344	-3.926	6.79
1511106591543	5.497	-4.185	7.01
1511106591555	5.516	-4.386	7.202
1511106591561	5.478	-4.472	7.422
1511106591573	5.411	-4.51	7.623
1511106591585	5.305	-4.52	7.834
1511106591591	5.209	-4.328	7.939
1511106591604	5.123	-4.386	7.949
1511106591618	5.075	-4.348	7.91
1511106591622	5.095	-4.328	7.853
1511106591634	5.133	-4.28	7.834
1511106591646	5.152	-4.194	7.834
1511106591651	5.162	-4.079	7.834
1511106591664	5.171	-3.936	7.805
1511106591677	5.2	-3.763	7.719
1511106591681	5.248	-3.572	7.594
1511106591693	5.296	-3.409	7.431
1511106591706	5.315	-3.237	7.316
1511106591741	5.305	-3.074	7.182
1511106591743	5.257	-2.911	7.087
1511106591744	5.142	-2.739	7.058
1511106591746	4.932	-2.614	7.067
1511106591760	4.769	-2.509	7.154
1511106591765	4.654	-2.48	7.24
1511106591773	4.625	-2.528	7.307
1511106591785	4.683	-2.604	7.479
1511106591795	4.865	-2.633	7.767
1511106591801	5.171	-2.566	8.188
1511106591819	5.458	-2.49	8.571
1511106591828	5.698	-2.317	8.801
1511106591831	5.775	-2.126	8.916
1511106591841	5.755	-1.963	8.954
1511106591854	5.688	-1.81	8.839
1511106591861	5.573	-1.723	8.696
1511106591871	5.449	-1.685	8.533
1511106591897	5.391	-1.685	8.207
1511106591898	5.382	-1.666	8.207
1511106591903	5.334	-1.628	8.025
1511106591912	5.277	-1.551	7.843
1511106591921	5.133	-1.532	7.652
1511106591931	4.98	-1.58	7.575
1511106591944	4.846	-1.704	7.565
1511106591951	4.731	-1.857	7.632
1511106591961	4.606	-1.982	7.767
1511106591973	4.462	-2.106	7.92
1511106591981	4.367	-2.145	8.102
1511106591993	4.29	-2.106	8.293
1511106592004	4.309	-1.896	8.418
1511106592011	4.348	-1.599	8.399
1511106592021	4.453	-1.359	8.284
1511106592034	4.625	-1.225	8.178
1511106592041	4.865	-1.216	8.14
1511106592051	5.095	-1.312	8.14
1511106592063	5.229	-1.446	8.159
1511106592071	5.296	-1.541	8.207
1511106592082	5.257	-1.618	8.274
1511106592094	5.075	-1.628	8.207
1511106592101	5.075	-1.58	8.207
1511106592111	5.008	-1.503	8.102
1511106592124	4.951	-1.388	7.767
1511106592131	4.951	-1.264	7.767
1511106592141	5.008	-1.216	7.537
1511106592153	5.162	-1.359	7.632
1511106592161	5.162	-1.283	7.68
1511106592174	5.238	-1.407	7.824
1511106592184	5.401	-1.695	7.968
1511106592191	5.401	-1.695	8.102
1511106592201	5.554	-1.819	8.188
1511106592213	5.43	-2.059	8.245
1511106592229	5.401	-2.202	8.303
1511106592231	5.382	-2.202	8.303
1511106592243	5.372	-2.442	8.236
1511106592268	5.296	-2.442	8.178
1511106592269	5.257	-2.499	8.159
1511106592296	5.229	-2.423	8.121
1511106592301	5.181	-2.269	8.073
1511106592306	5.123	-1.934	7.92
1511106592308	5.181	-1.819	7.738
1511106592313	5.286	-1.589	7.537
1511106592322	5.372	-1.513	7.422
1511106592336	5.42	-1.494	7.422
1511106592341	5.411	-1.513	7.527
1511106592351	5.43	-1.513	7.642
1511106592364	5.439	-1.484	7.69
1511106592371	5.42	-1.446	7.652
1511106592381	5.411	-1.484	7.613
1511106592394	5.382	-1.599	7.556
1511106592404	5.324	-1.714	7.585
1511106592411	5.315	-1.886	7.585
1511106592423	5.267	-2.059	7.68
1511106592431	5.229	-2.241	7.834
1511106592448	5.209	-2.375	8.016
1511106592454	5.219	-2.461	8.169
1511106592461	5.257	-2.442	8.293
1511106592471	5.363	-2.394	8.284
1511106592483	5.506	-2.317	8.255
1511106592492	5.564	-2.202	8.169
1511106592501	5.593	-2.097	7.977
1511106592513	5.612	-2.03	7.661
1511106592521	5.66	-2.078	7.489
1511106592531	5.679	-2.231	7.403
1511106592543	5.698	-2.432	7.451
1511106592551	5.794	-2.585	7.709
1511106592561	5.861	-2.681	7.881
1511106592573	5.995	-2.748	7.92
1511106592581	6.091	-2.806	7.929
1511106592591	6.129	-2.796	7.939
1511106592605	6.091	-2.767	7.795
1511106592611	6.004	-2.7	7.594
1511106592622	5.87	-2.595	7.441
1511106592637	5.746	-2.537	7.134
1511106592641	5.688	-2.48	7.134
1511106592652	5.66	-2.423	7.02
1511106592669	5.727	-2.413	6.857
1511106592671	5.727	-2.442	6.857
1511106592682	5.803	-2.537	6.866
1511106592697	5.995	-2.672	6.876
1511106592701	5.995	-2.815	6.876
1511106592712	6.071	-2.94	6.895
1511106592727	6.052	-3.17	6.943
1511106592731	6.052	-3.064	6.943
1511106592742	6.033	-3.122	6.905
1511106592757	5.937	-3.332	6.857
1511106592761	5.937	-3.246	6.857
1511106592772	5.909	-3.323	6.876
1511106592787	5.976	-3.409	6.991
1511106592824	5.976	-3.476	6.991
1511106592832	6.062	-3.495	7.058
1511106592836	6.186	-3.457	7.096
1511106592852	6.186	-3.457	6.943
1511106592857	6.158	-3.486	7.029
1511106592859	6.129	-3.533	7.029
1511106592861	6.062	-3.572	7.01
1511106592862	6.024	-3.648	6.914
1511106592892	6.004	-3.687	6.924
1511106592895	5.995	-3.696	6.885
1511106592895	5.976	-3.648	6.771
1511106592904	5.976	-3.601	6.713
1511106592912	5.966	-3.562	6.646
1511106592921	5.985	-3.533	6.608
1511106592934	6.052	-3.505	6.55
1511106592941	6.062	-3.466	6.493
1511106592951	6.033	-3.428	6.445
1511106592964	6.004	-3.38	6.407
1511106592977	5.956	-3.39	6.435
1511106592983	5.918	-3.591	6.483
1511106592995	5.889	-3.524	6.493
1511106593001	5.842	-3.601	6.55
1511106593011	5.803	-3.802	6.579
1511106593024	5.794	-3.696	6.608
1511106593031	5.842	-3.668	6.617
1511106593041	5.928	-3.648	6.589
1511106593054	6.014	-3.62	6.541
1511106593061	6.052	-3.62	6.541
1511106593096	6.062	-3.61	6.512
1511106593097	6.014	-3.629	6.531
1511106593097	5.985	-3.696	6.522
1511106593103	5.947	-3.763	6.56
1511106593114	5.956	-3.792	6.675
1511106593121	5.985	-3.782	6.751
1511106593131	6.043	-3.763	6.78
1511106593141	6.119	-3.677	6.799
1511106593151	6.196	-3.629	6.809
1511106593161	6.263	-3.581	6.79
1511106593174	6.225	-3.553	6.771
1511106593181	6.148	-3.533	6.771
1511106593191	6.071	-3.543	6.818
1511106593204	6.033	-3.562	6.79
1511106593211	6.014	-3.581	6.799
1511106593227	5.995	-3.601	6.771
1511106593237	5.976	-3.648	6.742
1511106593241	5.976	-3.639	6.704
1511106593251	6.004	-3.639	6.684
1511106593265	6.033	-3.601	6.617
1511106593278	6.062	-3.562	6.589
1511106593283	6.091	-3.505	6.531
1511106593294	6.091	-3.466	6.483
1511106593301	6.033	-3.466	6.474
1511106593311	5.918	-3.457	6.522
1511106593324	5.775	-3.428	6.502
1511106593351	5.65	-3.39	6.598
1511106593355	5.564	-3.371	6.675
1511106593360	5.554	-3.371	6.79
1511106593362	5.64	-3.38	6.905
1511106593371	5.794	-3.38	7.01
1511106593388	6.014	-3.38	7.115
1511106593394	6.158	-3.361	7.163
1511106593405	6.263	-3.275	7.23
1511106593417	6.282	-3.198	7.278
1511106593428	6.215	-3.055	7.259
1511106593434	6.081	-2.94	7.173
1511106593445	5.918	-2.892	7.067
1511106593451	5.784	-2.873	6.991
1511106593461	5.688	-2.892	6.885
1511106593475	5.468	-2.873	6.79
1511106593481	5.573	-2.921	6.79
1511106593491	5.602	-2.959	6.761
1511106593505	5.679	-2.997	6.809
1511106593521	5.784	-2.978	6.895
1511106593522	5.899	-2.959	6.981
1511106593535	5.976	-2.892	7.087
1511106593541	6.033	-2.806	7.182
1511106593551	5.947	-2.691	7.259
1511106593562	5.765	-2.595	7.288
1511106593571	5.545	-2.509	7.307
1511106593581	5.372	-2.48	7.451
1511106593595	5.296	-2.451	7.565
1511106593602	5.478	-2.451	7.738
1511106593611	5.784	-2.47	8.035
1511106593625	6.071	-2.537	8.399
1511106593631	6.225	-2.585	8.82
1511106593641	6.435	-2.566	9.127
1511106593655	6.387	-2.47	9.213
1511106593661	6.301	-2.298	9.107
1511106593671	6.196	-2.145	8.906
1511106593682	6.062	-1.992	8.609
1511106593691	5.976	-1.695	8.217
1511106593701	5.88	-1.599	7.853
1511106593713	5.784	-1.666	7.556
1511106593721	5.573	-1.561	7.23
1511106593731	5.411	-1.551	6.914
1511106593746	5.238	-1.599	6.704
1511106593751	5.095	-1.723	6.675
1511106593761	4.941	-1.905	6.742
1511106593776	4.807	-2.03	6.905
1511106593781	4.664	-2.135	7.134
1511106593795	4.597	-2.164	7.393
1511106593805	4.568	-2.145	7.661
1511106593811	4.606	-2.078	7.881
1511106593822	4.692	-1.953	8.006
1511106593835	4.836	-1.857	8.092
1511106593841	5.075	-1.781	8.198
1511106593851	5.277	-1.8	8.312
1511106593866	5.458	-1.848	8.447
1511106593889	5.593	-1.915	8.561
1511106593903	5.65	-1.934	8.648
1511106593910	5.602	-1.915	8.696
1511106593914	5.497	-1.771	8.6
1511106593916	5.344	-1.551	8.418
1511106593929	5.219	-1.292	8.169
1511106593937	5.152	-1.101	7.834
1511106593944	5.162	-0.976	7.575
1511106593956	5.238	-0.957	7.364
1511106593961	5.296	-1.101	7.269
1511106593971	5.334	-1.312	7.249
1511106594013	5.382	-1.541	7.355
1511106594014	5.43	-1.752	7.498
1511106594015	5.42	-1.953	7.671
1511106594015	5.43	-2.106	7.824
1511106594021	5.391	-2.221	7.968
1511106594031	5.372	-2.308	8.063
1511106594047	5.372	-2.384	8.102
1511106594051	5.353	-2.432	8.159
1511106594064	5.363	-2.461	8.245
1511106594075	5.353	-2.375	8.341
1511106594084	5.353	-2.221	8.36
1511106594094	5.344	-2.001	8.293
1511106594106	5.353	-1.771	8.188
1511106594111	5.42	-1.561	8.054
1511106594121	5.468	-1.35	7.901
1511106594137	5.535	-1.177	7.814
1511106594141	5.602	-0.976	7.786
1511106594152	5.583	-0.823	7.594
1511106594171	5.573	-0.727	7.47
1511106594172	5.573	-0.689	7.374
1511106594184	5.564	-0.747	7.336
1511106594197	5.545	-0.957	7.431
1511106594201	5.564	-1.206	7.518
1511106594211	5.545	-1.494	7.613
1511106594223	5.526	-1.762	7.747
1511106594231	5.516	-1.953	7.805
1511106594241	5.526	-2.02	7.881
1511106594255	5.468	-2.001	7.728
1511106594261	5.43	-1.896	7.632
1511106594273	5.43	-1.752	7.518
1511106594286	5.43	-1.704	7.518
1511106594291	5.458	-1.704	7.355
1511106594301	5.497	-1.79	7.489
1511106594319	5.564	-1.953	7.757
1511106594321	5.66	-2.011	7.872
1511106594331	5.755	-2.001	7.929
1511106594346	5.784	-2.02	8.006
1511106594351	6.014	-2.02	8.044
1511106594364	5.899	-2.106	8.083
1511106594378	5.909	-2.26	8.111
1511106594381	5.918	-2.585	8.207
1511106594393	5.966	-2.748	8.293
1511106594408	6.033	-2.662	8.255
1511106594434	6.071	-2.71	8.14
1511106594437	6.081	-2.672	7.939
1511106594441	6.071	-2.672	7.728
1511106594443	6.033	-2.729	7.575
1511106594464	5.966	-2.786	7.479
1511106594466	5.88	-2.777	7.326
1511106594472	5.794	-2.786	7.211
1511106594484	5.746	-2.777	7.125
1511106594499	5.717	-2.786	7.029
1511106594501	5.679	-2.825	6.905
1511106594513	5.698	-2.921	6.857
1511106594527	5.736	-3.074	6.838
1511106594531	5.755	-3.237	6.895
1511106594545	5.736	-3.313	6.914
1511106594556	5.64	-3.38	6.933
1511106594561	5.564	-3.428	6.943
1511106594571	5.449	-3.457	6.953
1511106594586	5.401	-3.399	6.972
1511106594591	5.391	-3.361	6.953
1511106594601	5.401	-3.342	6.895
1511106594611	5.391	-3.332	6.876
1511106594621	5.411	-3.38	6.847
1511106594633	5.411	-3.399	6.857
1511106594641	5.411	-3.39	6.885
1511106594651	5.458	-3.332	6.991
1511106594663	5.554	-3.237	7.144
1511106594678	5.679	-2.978	7.269
1511106594681	5.669	-2.796	7.154
1511106594695	5.679	-2.7	6.972
1511106594701	5.727	-2.719	6.866
1511106594711	5.803	-2.786	6.847
1511106594724	5.88	-2.815	6.914
1511106594731	5.928	-2.777	7.087
1511106594741	5.928	-2.719	7.173
1511106594755	5.928	-2.662	7.173
1511106594761	5.889	-2.643	7.029
1511106594772	5.918	-2.672	6.933
1511106594785	5.928	-2.7	6.905
1511106594791	5.87	-2.786	6.914
1511106594802	5.803	-2.815	7.02
1511106594815	5.727	-2.853	7.01
1511106594822	5.736	-2.959	6.924
1511106594831	5.861	-3.074	6.981
1511106594845	5.985	-3.227	7.115
1511106594860	6.1	-3.419	7.115
1511106594862	6.167	-3.668	7.192
1511106594876	6.119	-3.917	7.364
1511106594884	5.947	-4.127	7.422
1511106594895	5.775	-4.271	7.403
1511106594907	5.621	-4.357	7.221
1511106594921	5.545	-4.348	7.154
1511106594923	5.535	-4.271	7.144
1511106594936	5.573	-4.166	6.866
1511106594942	5.612	-4.099	6.78
1511106594979	5.688	-4.051	6.387
1511106594981	5.822	-4.003	6.349
1511106594983	5.851	-4.022	6.407
1511106595006	5.87	-4.031	6.493
1511106595008	5.851	-4.07	6.608
1511106595014	5.813	-4.041	6.627
1511106595028	5.746	-4.003	6.675
1511106595031	5.65	-3.964	6.617
1511106595043	5.593	-3.984	6.598
1511106595053	5.66	-3.974	6.512
1511106595061	5.813	-3.955	6.512
1511106595072	5.803	-3.974	6.579
1511106595083	5.861	-3.993	6.656
1511106595091	5.889	-4.003	6.704
1511106595101	5.87	-3.974	6.713
1511106595113	5.822	-4.051	6.761
1511106595121	5.755	-4.051	6.838
1511106595131	5.66	-4.031	6.876
1511106595142	5.564	-4.041	6.876
1511106595151	5.487	-4.194	6.847
1511106595161	5.42	-4.252	6.828
1511106595172	5.372	-4.3	6.78
1511106595181	5.439	-4.328	6.761
1511106595191	5.554	-4.328	6.751
1511106595204	5.669	-4.338	6.723
1511106595211	5.746	-4.29	6.723
1511106595221	5.794	-4.194	6.704
1511106595232	5.746	-4.099	6.665
1511106595241	5.669	-3.993	6.627
1511106595251	5.612	-3.974	6.646
1511106595262	5.554	-3.974	6.617
1511106595271	5.535	-3.993	6.684
1511106595281	5.583	-3.984	6.809
1511106595293	5.64	-3.936	6.876
1511106595301	5.698	-3.878	6.895
1511106595311	5.755	-3.802	6.895
1511106595325	5.794	-3.773	6.924
1511106595331	5.813	-3.725	6.895
1511106595342	5.803	-3.735	6.876
1511106595356	5.775	-3.735	6.866
1511106595361	5.736	-3.715	6.905
1511106595375	5.707	-3.715	6.943
1511106595389	5.698	-3.735	7.058
1511106595391	5.707	-3.687	7.134
1511106595402	5.707	-3.629	7.163
1511106595416	5.736	-3.591	7.154
1511106595421	5.775	-3.533	7.192
1511106595434	5.794	-3.486	7.23
1511106595446	5.813	-3.39	7.087
1511106595451	5.794	-3.361	7.211
1511106595463	5.727	-3.342	7.211
1511106595475	5.621	-3.323	7.364
1511106595481	5.564	-3.332	7.364
1511106595493	5.545	-3.39	7.498
1511106595525	5.717	-3.486	7.747
1511106595526	5.631	-3.562	7.747
1511106595535	5.765	-3.629	7.786
1511106595545	5.918	-3.572	7.7
1511106595550	6.033	-3.447	7.527
1511106595558	6.071	-3.275	7.374
1511106595568	6.043	-3.074	7.316
1511106595571	6.004	-2.834	7.297
1511106595581	5.947	-2.566	7.269
1511106595597	5.822	-2.346	7.096
1511106595601	5.746	-2.183	7.096
1511106595617	5.679	-2.106	6.981
1511106595627	5.66	-2.078	6.914
1511106595631	5.669	-2.059	6.914
1511106595641	5.688	-2.02	6.828
1511106595654	5.66	-2.03	6.771
1511106595661	5.631	-2.087	6.78
1511106595671	5.631	-2.135	6.991
1511106595684	5.583	-2.126	6.962
1511106595691	5.506	-2.116	7.173
1511106595701	5.449	-2.135	7.182
1511106595713	5.42	-2.154	7.316
1511106595721	5.382	-2.183	7.46
1511106595731	5.401	-2.212	7.68
1511106595743	5.401	-2.241	7.901
1511106595751	5.353	-2.288	8.178
1511106595761	5.535	-2.317	8.37
1511106595775	5.583	-2.317	8.389
1511106595781	5.727	-2.317	8.447
1511106595792	5.88	-2.375	8.552
1511106595806	6.014	-2.394	8.734
1511106595811	6.167	-2.174	8.782
1511106595823	6.282	-1.857	8.734
1511106595837	6.282	-1.8	8.561
1511106595841	6.225	-1.436	8.418
1511106595851	6.091	-1.197	8.207
1511106595866	5.918	-0.976	7.987
1511106595871	5.746	-0.823	7.757
1511106595883	5.545	-0.679	7.489
1511106595896	5.363	-0.651	7.259
1511106595901	5.238	-0.66	7.115
1511106595914	5.181	-0.747	7.01
1511106595929	5.095	-0.842	6.972
1511106595932	5.008	-0.938	7.02
1511106595944	4.922	-1.082	7.115
1511106595969	4.855	-1.187	7.288
1511106595970	4.788	-1.292	7.47
1511106595990	4.778	-1.35	7.652
1511106595991	4.836	-1.388	7.795
1511106595992	4.98	-1.465	7.891
1511106596005	5.133	-1.57	7.968
1511106596018	5.296	-1.685	8.102
1511106596037	5.516	-1.752	8.399
1511106596048	5.535	-1.685	8.418
1511106596087	5.573	-1.628	8.37
1511106596118	5.573	-1.57	8.312
1511106596121	5.602	-1.513	8.236
1511106596124	5.679	-1.503	8.083
1511106596128	5.727	-1.503	7.91
1511106596130	5.717	-1.503	7.795
1511106596138	5.707	-1.541	7.719
1511106596140	5.736	-1.628	7.69
1511106596142	5.765	-1.752	7.7
1511106596144	5.688	-1.886	7.728
1511106596151	5.573	-1.953	7.728
1511106596169	5.439	-2.011	7.747
1511106596171	5.439	-1.992	7.747
1511106596181	5.439	-1.972	7.767
1511106596195	5.478	-1.982	7.747
1511106596201	5.497	-1.982	7.795
1511106596212	5.506	-1.972	7.747
1511106596223	5.478	-1.953	7.958
1511106596231	5.43	-1.953	7.881
1511106596241	5.334	-1.896	7.949
1511106596254	5.305	-1.79	8.083
1511106596261	5.334	-1.637	8.15
1511106596271	5.411	-1.446	8.092
1511106596283	5.516	-1.273	8.035
1511106596291	5.593	-1.072	7.949
1511106596301	5.602	-0.948	7.824
1511106596313	5.439	-0.823	7.68
1511106596321	5.573	-0.747	7.68
1511106596331	5.526	-0.727	7.632
1511106596347	5.43	-0.756	7.671
1511106596351	5.43	-0.766	7.671
1511106596361	5.411	-0.785	7.632
1511106596373	5.449	-0.804	7.556
1511106596381	5.449	-0.881	7.556
1511106596393	5.458	-0.996	7.537
1511106596403	5.526	-1.264	7.537
1511106596411	5.526	-1.273	7.604
1511106596421	5.545	-1.407	7.632
1511106596435	5.545	-1.541	7.68
1511106596441	5.564	-1.637	7.7
1511106596452	5.573	-1.723	7.738
1511106596468	5.573	-1.752	7.834
1511106596471	5.468	-1.723	7.834
1511106596481	5.324	-1.656	7.834
1511106596494	5.238	-1.608	7.814
1511106596501	5.219	-1.608	7.824
1511106596511	5.248	-1.608	7.881
1511106596524	5.372	-1.829	7.958
1511106596531	5.439	-1.695	7.891
1511106596541	5.487	-1.829	7.862
1511106596554	5.602	-1.963	7.901
1511106596561	5.727	-2.135	8.054
1511106596571	5.832	-2.355	8.217
1511106596586	5.87	-2.547	8.36
1511106596620	5.899	-2.652	8.437
1511106596622	5.87	-2.719	8.418
1511106596624	5.861	-2.681	8.312
1511106596626	5.822	-2.624	8.15
1511106596632	5.803	-2.633	7.996
1511106596646	5.822	-2.691	7.872
1511106596651	5.822	-2.834	7.843
1511106596663	5.775	-2.968	7.881
1511106596676	5.688	-3.064	7.891
1511106596681	5.573	-3.16	7.862
1511106596691	5.439	-3.189	7.843
1511106596708	5.344	-3.141	7.728
1511106596711	5.334	-3.122	7.585
1511106596721	5.391	-3.035	7.498
1511106596736	5.478	-2.968	7.307
1511106596741	5.497	-2.978	7.067
1511106596751	5.516	-3.055	6.857
1511106596765	5.487	-3.189	6.761
1511106596771	5.411	-3.304	6.742
1511106596781	5.391	-3.438	6.771
1511106596795	5.363	-3.505	6.828
1511106596801	5.344	-3.476	6.885
1511106596811	5.334	-3.39	6.885
1511106596825	5.334	-3.284	6.818
1511106596831	5.277	-3.227	6.636
1511106596841	5.267	-3.237	6.464
1511106596855	5.344	-3.304	6.407
1511106596861	5.468	-3.419	6.483
1511106596873	5.535	-3.553	6.579
1511106596887	5.631	-3.658	6.694
1511106596891	5.593	-3.706	6.914
1511106596904	5.506	-3.715	6.943
1511106596918	5.468	-3.763	6.895
1511106596921	5.468	-3.84	6.895
1511106596933	5.516	-3.984	6.933
1511106596948	5.506	-4.07	7.087
1511106596951	5.411	-4.099	7.202
1511106596963	5.334	-4.156	7.202
1511106596980	5.334	-4.223	7.211
1511106596982	5.382	-4.3	7.211
1511106596992	5.478	-4.405	7.144
1511106597005	5.64	-4.405	7.115
1511106597011	5.755	-4.424	7.02
1511106597021	5.832	-4.472	6.895
1511106597035	5.794	-4.558	6.828
1511106597041	5.66	-4.635	6.838
1511106597051	5.487	-4.644	6.866
1511106597065	5.391	-4.568	6.732
1511106597071	5.382	-4.501	6.732
1511106597081	5.506	-4.443	6.704
1511106597096	5.64	-4.405	6.502
1511106597101	5.755	-4.462	6.33
1511106597111	5.813	-4.549	6.225
1511106597126	5.803	-4.616	6.091
1511106597150	5.497	-4.683	5.995
1511106597162	5.315	-4.788	5.956
1511106597172	5.363	-4.913	5.909
1511106597174	5.324	-5.028	5.889
1511106597175	5.123	-5.162	5.87
1511106597186	5.2	-5.257	5.832
1511106597196	5.2	-5.315	5.851
1511106597205	5.19	-5.324	5.956
1511106597219	5.19	-5.286	6.033
1511106597221	5.229	-5.277	6.091
1511106597232	5.344	-5.277	6.158
1511106597248	5.506	-5.277	6.311
1511106597251	5.64	-5.286	6.454
1511106597261	5.679	-5.267	6.589
1511106597277	5.631	-5.229	6.684
1511106597284	5.535	-5.152	6.732
1511106597292	5.391	-5.085	6.771
1511106597306	5.296	-5.047	6.742
1511106597311	5.286	-5.008	6.675
1511106597321	5.334	-4.96	6.627
1511106597335	5.43	-4.874	6.55
1511106597341	5.506	-4.788	6.502
1511106597351	5.554	-4.731	6.407
1511106597365	5.535	-4.692	6.359
1511106597371	5.506	-4.616	6.301
1511106597395	5.401	-4.654	6.407
1511106597401	5.382	-4.673	6.493
1511106597412	5.315	-4.692	6.541
1511106597428	5.248	-4.692	6.569
1511106597431	5.209	-4.702	6.56
1511106597443	5.209	-4.683	6.522
1511106597458	5.238	-4.692	6.531
1511106597461	5.248	-4.692	6.512
1511106597473	5.324	-4.711	6.493
1511106597490	5.363	-4.692	6.522
1511106597492	5.353	-4.644	6.512
1511106597503	5.296	-4.625	6.522
1511106597520	5.277	-4.51	6.569
1511106597522	5.277	-4.443	6.569
1511106597534	5.353	-4.367	6.483
1511106597550	5.411	-4.28	6.416
1511106597552	5.458	-4.204	6.33
1511106597566	5.449	-4.156	6.253
1511106597582	5.458	-4.146	6.263
1511106597584	5.449	-4.099	6.32
1511106597597	5.506	-4.031	6.435
1511106597611	5.621	-3.984	6.531
1511106597613	5.755	-3.964	6.694
1511106597623	5.88	-3.993	6.866
1511106597636	6.024	-4.022	7.096
1511106597641	6.081	-4.051	7.288
1511106597651	6.071	-4.031	7.489
1511106597666	5.976	-3.964	7.661
1511106597671	5.813	-3.859	7.786
1511106597702	5.65	-3.629	7.843
1511106597716	5.516	-3.438	7.747
1511106597718	5.487	-3.275	7.747
1511106597721	5.583	-3.189	7.661
1511106597725	5.765	-3.122	7.632
1511106597738	5.937	-3.016	7.652
1511106597748	6.091	-2.873	7.604
1511106597757	6.186	-2.729	7.518
1511106597761	6.177	-2.566	7.518
1511106597780	6.052	-2.384	7.508
1511106597784	5.861	-2.212	7.316
1511106597793	5.612	-2.116	7.47
1511106597807	5.43	-2.02	7.412
1511106597816	5.315	-1.963	7.498
1511106597821	5.277	-1.925	7.68
1511106597836	5.516	-1.925	7.968
1511106597848	5.87	-1.944	8.274
1511106597851	5.956	-1.982	8.629
1511106597863	5.985	-1.915	8.81
1511106597877	6.004	-1.733	8.791
1511106597881	5.889	-1.522	8.705
1511106597892	5.803	-1.331	8.571
1511106597907	5.755	-1.177	8.437
1511106597911	5.727	-1.053	8.265
1511106597921	5.65	-0.804	8.083
1511106597936	5.535	-0.842	7.805
1511106597941	5.43	-0.612	7.604
1511106597951	5.315	-0.727	7.431
1511106597967	5.2	-0.775	7.288
1511106597976	5.142	-0.881	7.211
1511106597989	5.114	-0.967	7.249
1511106597996	5.104	-1.034	7.269
1511106598001	5.056	-1.072	7.364
1511106598011	4.999	-1.091	7.431
1511106598026	4.97	-1.063	7.508
1511106598042	4.97	-1.072	7.642
1511106598043	5.028	-1.043	7.814
1511106598057	5.095	-1.015	7.891
1511106598061	5.171	-0.976	7.987
1511106598071	5.248	-0.928	8.035
1511106598087	5.315	-0.928	8.073
1511106598091	5.382	-0.986	8.169
1511106598101	5.439	-1.11	8.303
1511106598117	5.478	-1.206	8.427
1511106598121	5.506	-1.292	8.466
1511106598132	5.497	-1.331	8.523
1511106598147	5.487	-1.225	8.504
1511106598151	5.439	-1.082	8.303
1511106598163	5.439	-0.996	8.063
1511106598179	5.43	-0.976	7.843
1511106598181	5.449	-1.024	7.709
1511106598192	5.439	-1.149	7.556
1511106598207	5.42	-1.264	7.527
1511106598211	5.401	-1.292	7.613
1511106598233	5.391	-1.292	7.556
1511106598236	5.411	-1.225	7.623
1511106598267	5.468	-1.11	7.585
1511106598268	5.564	-1.063	7.489
1511106598270	5.698	-1.101	7.489
1511106598272	5.755	-1.197	7.518
1511106598284	5.794	-1.264	7.604
1511106598300	5.813	-1.331	7.757
1511106598301	5.822	-1.379	7.834
1511106598316	5.842	-1.455	7.949
1511106598324	5.832	-1.58	8.016
1511106598336	5.765	-1.743	8.073
1511106598348	5.64	-1.896	8.169
1511106598361	5.526	-1.972	8.236
1511106598362	5.449	-1.905	8.312
1511106598372	5.458	-1.656	8.36
1511106598388	5.411	-1.312	8.226
1511106598391	5.401	-0.996	7.939
1511106598403	5.458	-0.785	7.632
1511106598411	5.593	-0.718	7.451
1511106598421	5.755	-0.775	7.355
1511106598433	5.822	-0.89	7.316
1511106598441	5.803	-1.053	7.326
1511106598451	5.755	-1.235	7.393
1511106598462	5.65	-1.407	7.661
1511106598472	5.526	-1.599	7.958
1511106598481	5.439	-1.762	8.016
1511106598492	5.391	-1.905	8.083
1511106598503	5.344	-1.992	8.236
1511106598525	5.353	-2.011	8.13
1511106598526	5.334	-2.001	8.083
1511106598531	5.296	-1.963	7.996
1511106598541	5.286	-1.905	7.968
1511106598552	5.382	-1.781	7.949
1511106598561	5.535	-1.695	7.92
1511106598571	5.43	-1.589	7.949
1511106598582	5.593	-1.541	8.006
1511106598591	5.707	-1.551	8.13
1511106598601	5.775	-1.494	8.15
1511106598613	5.784	-1.436	8.054
1511106598630	5.842	-1.417	7.958
1511106598632	5.918	-1.398	7.939
1511106598643	5.928	-1.484	7.891
1511106598651	5.928	-1.637	7.939
1511106598661	5.909	-1.752	7.977
1511106598673	5.87	-1.867	7.949
1511106598681	5.822	-1.934	7.929
1511106598691	5.775	-1.934	7.939
1511106598703	5.679	-1.963	7.862
1511106598711	5.602	-2.001	7.824
1511106598721	5.593	-2.059	7.786
1511106598734	5.612	-2.087	7.738
1511106598747	5.65	-2.135	7.632
1511106598751	5.66	-2.288	7.556
1511106598777	5.593	-2.499	7.556
1511106598782	5.449	-2.729	7.556
1511106598795	5.372	-2.949	7.575
1511106598802	5.372	-3.074	7.585
1511106598805	5.468	-3.045	7.585
1511106598814	5.554	-2.978	7.441
1511106598827	5.583	-2.901	7.24
1511106598831	5.621	-2.892	7.048
1511106598847	5.64	-2.901	6.924
1511106598857	5.602	-2.959	6.857
1511106598861	5.573	-2.978	6.876
1511106598871	5.516	-2.911	6.866
1511106598885	5.478	-2.844	6.761
1511106598891	5.468	-2.825	6.665
1511106598901	5.564	-2.825	6.636
1511106598913	5.679	-2.844	6.589
1511106598921	5.784	-2.94	6.502
1511106598931	5.861	-3.016	6.445
1511106598946	5.889	-3.112	6.426
1511106598951	5.861	-3.275	6.33
1511106598961	5.784	-3.495	6.244
1511106598976	5.755	-3.706	6.273
1511106598986	5.775	-3.917	6.33
1511106598992	5.755	-4.108	6.454
1511106599002	5.707	-4.29	6.531
1511106599011	5.612	-4.491	6.56
1511106599021	5.554	-4.664	6.646
1511106599055	5.526	-4.817	6.732
1511106599056	5.516	-4.98	6.79
1511106599056	5.478	-5.142	6.799
1511106599061	5.545	-5.267	6.847
1511106599071	5.66	-5.363	6.876
1511106599081	5.803	-5.42	6.809
1511106599093	5.947	-5.439	6.675
1511106599101	6.062	-5.458	6.598
1511106599111	6.1	-5.391	6.569
1511106599123	6.014	-5.296	6.464
1511106599131	5.861	-5.133	6.32
1511106599141	5.65	-5.018	6.234
1511106599154	5.458	-4.884	5.995
1511106599161	5.334	-4.817	6.062
1511106599172	5.315	-4.759	5.861
1511106599184	5.353	-4.74	5.928
1511106599191	5.411	-4.731	5.928
1511106599201	5.497	-4.711	5.707
1511106599213	5.593	-4.711	5.899
1511106599221	5.612	-4.731	5.985
1511106599231	5.573	-4.798	6.062
1511106599243	5.324	-4.865	6.158
1511106599251	5.42	-4.884	6.234
1511106599261	5.391	-4.932	6.282
1511106599274	5.554	-5.018	6.387
1511106599281	5.478	-5.075	6.531
1511106599291	5.497	-5.114	6.617
1511106599319	5.516	-5.104	6.646
1511106599327	5.506	-5.095	6.675
1511106599334	5.497	-5.037	6.694
1511106599336	5.516	-4.989	6.751
1511106599344	5.593	-4.788	6.761
1511106599355	5.669	-4.884	6.771
1511106599367	5.717	-4.865	6.751
1511106599371	5.707	-4.826	6.704
1511106599381	5.669	-4.769	6.627
1511106599396	5.631	-4.692	6.598
1511106599402	5.554	-4.587	6.55
1511106599411	5.468	-4.501	6.522
1511106599424	5.411	-4.453	6.493
1511106599431	5.391	-4.434	6.445
1511106599441	5.43	-4.453	6.426
1511106599454	5.478	-4.52	6.445
1511106599461	5.554	-4.51	6.512
1511106599475	5.602	-4.491	6.579
1511106599485	5.64	-4.472	6.646
1511106599491	5.64	-4.443	6.656
1511106599501	5.583	-4.443	6.636
1511106599513	5.554	-4.462	6.656
1511106599521	5.545	-4.424	6.627
1511106599531	5.554	-4.376	6.646
1511106599544	5.583	-4.319	6.656
1511106599551	5.66	-4.261	6.684
1511106599562	5.842	-4.252	6.761
1511106599576	5.995	-4.233	6.818
1511106599581	6.138	-4.175	6.943
1511106599593	6.273	-4.166	6.924
1511106599607	6.263	-4.127	6.991
1511106599611	6.11	-4.031	7.067
1511106599621	5.88	-3.859	7.125
1511106599637	5.688	-3.658	6.981
1511106599641	5.526	-3.543	6.981
1511106599652	5.401	-3.524	6.847
1511106599666	5.382	-3.533	6.809
1511106599671	5.439	-3.61	6.79
1511106599682	5.516	-3.648	6.771
1511106599696	5.506	-3.677	6.751
1511106599701	5.487	-3.639	6.751
1511106599716	5.439	-3.601	6.771
1511106599729	5.468	-3.581	6.828
1511106599732	5.516	-3.543	6.885
1511106599745	5.564	-3.524	6.991
1511106599753	5.621	-3.438	7.087
1511106599761	5.64	-3.399	7.106
1511106599774	5.679	-3.39	7.096
1511106599786	5.669	-3.38	7.106
1511106599792	5.669	-3.371	7.106
1511106599805	5.612	-3.352	7.096
1511106599816	5.564	-3.323	7.345
1511106599821	5.564	-3.265	7.345
1511106599832	5.698	-3.217	7.431
1511106599896	5.88	-3.083	7.604
1511106599899	5.832	-2.853	7.652
1511106599901	5.736	-2.279	7.671
1511106599902	5.784	-2.049	7.652
1511106599904	5.794	-1.896	7.451
1511106599916	5.784	-1.838	7.403
1511106599925	5.775	-1.838	7.336
1511106599932	5.803	-1.838	7.355
1511106599941	5.794	-1.877	7.393
1511106599954	5.775	-1.905	7.441
1511106599965	5.583	-1.934	7.498
1511106599971	5.669	-1.972	7.613
1511106599994	5.621	-1.972	7.7
1511106599995	5.612	-2.011	7.834
1511106600015	5.612	-2.001	7.958
1511106600016	5.621	-2.02	8.14
1511106600022	5.602	-2.039	8.322
1511106600033	5.583	-2.049	8.514
1511106600051	5.583	-1.896	8.715
1511106600054	5.612	-1.8	8.839
1511106600061	5.66	-1.474	8.878
1511106600071	5.707	-1.063	8.772
1511106600084	5.765	-0.66	8.466
1511106600091	5.832	-0.306	8.15
1511106600101	5.87	-0.076	7.91
1511106600115	5.87	0.038	7.68
1511106600121	5.822	0.057	7.498
1511106600131	5.669	0.095	7.297
1511106600144	5.506	0.114	7.096
1511106600151	5.353	0.134	6.953
1511106600161	5.19	0.114	6.847
1511106600173	5.095	-0.038	6.857
1511106600189	5.018	-0.258	6.981
1511106600191	5.018	-0.555	7.24
1511106600205	5.028	-0.852	7.498
1511106600211	5.008	-1.13	7.728
1511106600221	4.96	-1.331	7.977
1511106600234	4.903	-1.407	8.14
1511106600241	4.874	-1.474	8.245
1511106600251	4.884	-1.484	8.37
1511106600264	4.941	-1.446	8.447
1511106600274	5.056	-1.369	8.494
1511106600281	5.229	-1.321	8.542
1511106600295	5.363	-1.283	8.485
1511106600301	5.449	-1.216	8.418
1511106600311	5.516	-1.13	8.351
1511106600325	5.554	-1.053	8.245
1511106600331	5.554	-0.967	8.169
1511106600341	5.554	-0.871	8.073
1511106600354	5.497	-0.814	8.016
1511106600361	5.382	-0.833	7.949
1511106600371	5.305	-0.89	7.939
1511106600385	5.286	-0.9	8.006
1511106600391	5.267	-0.9	8.054
1511106600416	5.296	-0.842	8.121
1511106600418	5.334	-0.67	8.178
1511106600435	5.401	-0.459	8.14
1511106600436	5.478	-0.181	8.035
1511106600457	5.679	0.067	7.929
1511106600458	5.889	0.22	7.853
1511106600466	6.062	0.239	7.795
1511106600475	6.071	0.153	7.747
1511106600482	5.985	-0.028	7.747
1511106600495	5.803	-0.258	7.7
1511106600507	5.554	-0.498	7.709
1511106600511	5.382	-0.708	7.709
1511106600523	5.248	-0.881	7.7
1511106600536	4.97	-1.015	7.623
1511106600541	5.085	-1.158	7.623
1511106600553	5.142	-1.302	7.68
1511106600564	5.2	-1.465	7.671
1511106600571	5.209	-1.676	7.719
1511106600581	5.277	-1.877	7.795
1511106600594	5.353	-2.059	7.881
1511106600601	5.43	-2.193	8.111
1511106600611	5.458	-2.25	8.207
1511106600626	5.42	-2.26	8.207
1511106600631	5.305	-2.279	8.169
1511106600642	5.162	-2.288	8.159
1511106600655	5.123	-2.327	8.226
1511106600661	5.248	-2.288	8.217
1511106600671	5.631	-2.212	8.207
1511106600685	5.861	-2.078	8.102
1511106600691	6.014	-1.905	7.834
1511106600701	5.956	-1.829	7.537
1511106600715	6.024	-1.915	7.479
1511106600721	6.1	-2.068	7.585
1511106600731	6.138	-2.241	7.652
1511106600746	6.129	-2.528	7.671
1511106600751	6.1	-2.451	7.613
1511106600762	6.033	-2.681	7.565
1511106600775	5.937	-3.016	7.508
1511106600781	5.87	-3.064	7.546
1511106600791	5.736	-3.371	7.441
1511106600805	5.573	-3.572	7.316
1511106600811	5.478	-3.715	7.221
1511106600821	5.391	-3.83	7.154
1511106600836	5.42	-3.936	7.096
1511106600841	5.478	-4.012	7.039
1511106600851	5.506	-4.051	7.0
1511106600865	5.573	-4.022	7.0
1511106600871	5.583	-3.945	6.943
1511106600881	5.573	-3.897	6.79
1511106600895	5.535	-3.936	6.675
1511106600901	5.506	-3.993	6.684
1511106600911	5.439	-4.108	6.656
1511106600926	5.372	-4.233	6.627
1511106600931	5.296	-4.357	6.617
1511106600959	5.257	-4.472	6.636
1511106600960	5.286	-4.558	6.608
1511106600974	5.382	-4.587	6.704
1511106600978	5.439	-4.597	6.665
1511106600990	5.458	-4.606	6.569
1511106601005	5.506	-4.635	6.493
1511106601007	5.545	-4.606	6.435
1511106601015	5.573	-4.587	6.445
1511106601028	5.516	-4.539	6.464
1511106601031	5.42	-4.482	6.464
1511106601047	5.305	-4.424	6.474
1511106601051	5.286	-4.386	6.608
1511106601063	5.257	-4.376	6.675
1511106601075	5.229	-4.482	6.598
1511106601081	5.248	-4.616	6.579
1511106601091	5.324	-4.721	6.608
1511106601105	5.391	-4.826	6.617
1511106601111	5.42	-4.893	6.598
1511106601121	5.42	-4.913	6.646
1511106601136	5.401	-4.836	6.512
1511106601141	5.353	-4.778	6.579
1511106601151	5.305	-4.731	6.435
1511106601167	5.296	-4.721	6.091
1511106601171	5.324	-4.807	6.091
1511106601182	5.411	-4.932	6.014
1511106601198	5.449	-5.075	6.158
1511106601201	5.439	-5.219	6.158
1511106601214	5.353	-5.305	6.253
1511106601228	5.267	-5.324	6.531
1511106601231	5.2	-5.334	6.531
1511106601244	5.171	-5.296	6.589
1511106601260	5.142	-5.257	6.589
1511106601262	5.181	-5.248	6.589
1511106601273	5.391	-5.238	6.636
1511106601288	5.305	-5.19	6.636
1511106601291	5.267	-5.181	6.464
1511106601303	5.219	-5.104	6.627
1511106601319	5.162	-5.008	6.627
1511106601321	5.171	-4.932	6.79
1511106601333	5.296	-4.846	6.857
1511106601344	5.296	-4.788	6.857
1511106601353	5.363	-4.74	6.838
1511106601366	5.401	-4.702	6.818
1511106601377	5.42	-4.597	6.809
1511106601381	5.372	-4.491	6.799
1511106601392	5.324	-4.415	6.732
1511106601406	5.123	-4.415	6.742
1511106601411	5.219	-4.453	6.704
1511106601421	5.219	-4.491	6.656
1511106601437	5.257	-4.482	6.665
1511106601441	5.296	-4.462	6.608
1511106601451	5.324	-4.462	6.579
1511106601469	5.344	-4.491	6.579
1511106601471	5.324	-4.501	6.569
1511106601507	5.315	-4.453	6.56
1511106601520	5.286	-4.443	6.569
1511106601521	5.286	-4.472	6.627
1511106601523	5.305	-4.482	6.694
1511106601524	5.334	-4.501	6.761
1511106601539	5.372	-4.52	6.78
1511106601548	5.411	-4.529	6.885
1511106601559	5.439	-4.501	6.943
1511106601564	5.468	-4.482	6.972
1511106601572	5.42	-4.415	6.962
1511106601587	5.372	-4.367	6.933
1511106601591	5.353	-4.328	6.943
1511106601602	5.344	-4.338	6.895
1511106601617	5.372	-4.328	6.857
1511106601621	5.43	-4.309	6.818
1511106601631	5.468	-4.29	6.828
1511106601647	5.478	-4.252	6.847
1511106601651	5.506	-4.204	6.885
1511106601661	5.516	-4.146	6.914
1511106601683	5.497	-4.089	6.953
1511106601685	5.478	-4.012	6.991
1511106601696	5.449	-3.955	6.981
1511106601708	5.458	-3.907	7.01
1511106601711	5.458	-3.821	6.991
1511106601722	5.478	-3.763	6.972
1511106601733	5.458	-3.696	6.943
1511106601741	5.468	-3.601	6.953
1511106601751	5.478	-3.505	6.905
1511106601768	5.506	-3.457	6.866
1511106601771	5.564	-3.409	6.876
1511106601782	5.631	-3.332	6.914
1511106601799	5.66	-3.294	6.981
1511106601801	5.698	-3.246	7.067
1511106601813	5.775	-3.208	7.221
1511106601827	5.842	-3.141	7.326
1511106601831	5.842	-3.045	7.422
1511106601841	5.803	-2.911	7.518
1511106601857	5.755	-2.796	7.604
1511106601861	5.784	-2.691	7.709
1511106601871	5.803	-2.576	7.786
1511106601888	5.832	-2.537	7.767
1511106601891	5.87	-2.518	7.776
1511106601902	5.899	-2.509	7.757
1511106601920	5.909	-2.509	7.719
1511106601921	5.842	-2.528	7.642
1511106601934	5.765	-2.557	7.575
1511106601947	5.65	-2.585	7.537
1511106601951	5.573	-2.595	7.556
1511106601961	5.506	-2.595	7.575
1511106601973	5.487	-2.557	7.604
1511106601981	5.516	-2.509	7.728
1511106601991	5.621	-2.423	7.901
1511106602014	6.119	-2.346	8.36
1511106602015	6.043	-2.241	8.36
1511106602039	6.205	-2.059	8.552
1511106602040	6.215	-1.848	8.552
1511106602048	6.148	-1.599	8.533
1511106602066	6.052	-1.379	8.418
1511106602067	5.842	-1.187	8.322
1511106602071	5.842	-1.187	8.198
1511106602087	5.602	-1.197	7.996
1511106602091	5.717	-1.245	7.814
1511106602101	5.449	-1.292	7.661
1511106602118	5.344	-1.331	7.508
1511106602121	5.171	-1.35	7.355
1511106602131	4.96	-1.417	7.269
1511106602144	4.807	-1.656	7.221
1511106602161	4.711	-1.561	7.192
1511106602162	4.664	-1.589	7.23
1511106602172	4.692	-1.426	7.249
1511106602181	4.759	-1.522	7.278
1511106602191	4.913	-1.474	7.326
1511106602203	5.114	-1.388	7.508
1511106602211	5.229	-1.388	7.623
1511106602221	5.324	-1.35	7.834
1511106602232	5.42	-1.292	8.14
1511106602241	5.487	-1.168	8.274
1511106602253	5.506	-1.053	8.303
1511106602265	5.535	-1.024	8.284
1511106602271	5.535	-1.11	8.293
1511106602281	5.487	-1.264	8.37
1511106602295	5.43	-1.426	8.418
1511106602301	5.382	-1.532	8.389
1511106602311	5.305	-1.522	8.332
1511106602322	5.324	-1.388	8.226
1511106602331	5.363	-1.254	7.996
1511106602341	5.382	-1.177	7.747
1511106602352	5.411	-1.206	7.585
1511106602361	5.42	-1.331	7.46
1511106602371	5.439	-1.522	7.412
1511106602382	5.401	-1.733	7.422
1511106602391	5.372	-1.944	7.479
1511106602401	5.296	-2.174	7.652
1511106602412	5.248	-2.336	7.834
1511106602421	5.181	-2.48	8.006
1511106602433	5.171	-2.576	8.092
1511106602442	5.19	-2.595	8.198
1511106602451	5.209	-2.585	8.274
1511106602461	5.2	-2.547	8.293
1511106602473	5.2	-2.451	8.303
1511106602481	5.248	-2.298	8.351
1511106602491	5.344	-2.097	8.389
1511106602503	5.458	-1.848	8.351
1511106602511	5.66	-1.561	8.245
1511106602521	5.784	-1.302	7.996
1511106602532	5.822	-1.082	7.738
1511106602541	5.918	-0.948	7.604
1511106602551	5.956	-0.89	7.518
1511106602576	5.899	-0.976	7.527
1511106602592	5.803	-1.168	7.585
1511106602596	5.746	-1.426	7.767
1511106602600	5.794	-1.541	8.063
1511106602605	5.746	-1.551	7.968
1511106602619	5.573	-1.589	7.738
1511106602627	5.468	-1.685	7.556
1511106602631	5.468	-1.829	7.489
1511106602641	5.487	-2.039	7.451
1511106602655	5.458	-2.269	7.383
1511106602661	5.497	-2.48	7.403
1511106602674	5.545	-2.643	7.393
1511106602688	5.593	-2.853	7.383
1511106602691	5.64	-3.055	7.508
1511106602701	5.717	-3.265	7.556
1511106602714	5.765	-3.495	7.546
1511106602721	5.765	-3.744	7.498
1511106602731	5.688	-4.022	7.47
1511106602744	5.554	-4.271	7.632
1511106602751	5.411	-4.462	7.632
1511106602765	5.257	-4.616	7.556
1511106602774	5.2	-4.74	7.498
1511106602781	5.219	-4.884	7.422
1511106602791	5.324	-5.028	7.307
1511106602803	5.535	-5.152	7.173
1511106602811	5.535	-5.181	7.067
1511106602821	5.545	-5.152	7.029
1511106602833	5.353	-5.047	6.981
1511106602841	5.391	-4.884	6.799
1511106602851	5.19	-4.759	6.608
1511106602863	5.19	-4.721	6.464
1511106602871	5.152	-4.692	6.33
1511106602881	5.085	-4.692	6.186
1511106602895	4.999	-4.597	6.024
1511106602901	4.922	-4.443	5.947
1511106602913	4.884	-4.568	5.861
1511106602926	4.884	-4.568	5.822
1511106602931	4.932	-4.606	5.688
1511106602943	5.008	-4.654	5.593
1511106602956	5.066	-4.731	5.516
1511106602961	5.162	-4.788	5.526
1511106602974	5.238	-4.826	5.631
1511106602987	5.257	-4.913	5.707
1511106602991	5.248	-5.018	5.803
1511106603005	5.238	-5.171	5.928
1511106603019	5.229	-5.353	6.052
1511106603021	5.238	-5.535	6.225
1511106603036	5.286	-5.688	6.301
1511106603046	5.344	-5.765	6.378
1511106603051	5.43	-5.784	6.426
1511106603061	5.506	-5.813	6.435
1511106603073	5.526	-5.842	6.454
1511106603081	5.554	-5.851	6.541
1511106603091	5.535	-5.842	6.56
1511106603111	5.449	-5.746	6.512
1511106603124	5.382	-5.602	6.445
1511106603126	5.324	-5.42	6.378
1511106603132	5.334	-5.267	6.311
1511106603148	5.363	-5.171	6.225
1511106603154	5.401	-5.123	6.177
1511106603167	5.458	-5.085	6.167
1511106603171	5.497	-5.104	6.129
1511106603192	5.506	-5.104	6.081
1511106603194	5.458	-5.047	6.043
1511106603201	5.372	-4.999	5.966
1511106603211	5.277	-4.999	5.909
1511106603224	5.219	-5.028	5.928
1511106603231	5.219	-5.085	5.966
1511106603241	5.219	-5.162	5.956
1511106603254	5.229	-5.2	5.909
1511106603270	5.2	-5.19	5.899
1511106603275	5.181	-5.2	5.976
1511106603283	5.181	-5.2	6.062
1511106603291	5.277	-5.19	6.148
1511106603301	5.334	-5.181	6.205
1511106603313	5.372	-5.19	6.234
1511106603321	5.439	-5.19	6.378
1511106603331	5.497	-5.209	6.464
1511106603343	5.535	-5.152	6.646
1511106603351	5.535	-5.075	6.646
1511106603362	5.545	-4.97	6.675
1511106603375	5.497	-4.903	6.704
1511106603381	5.497	-4.855	6.704
1511106603407	5.458	-4.52	6.656
1511106603421	5.516	-4.405	6.608
1511106603437	5.583	-4.28	6.55
1511106603441	5.698	-4.271	6.493
1511106603454	5.803	-4.28	6.474
1511106603466	5.851	-4.29	6.608
1511106603471	5.87	-4.204	6.646
1511106603483	5.88	-4.108	6.742
1511106603501	5.765	-3.907	7.029
1511106603514	5.707	-3.84	7.134
1511106603527	5.707	-3.83	7.249
1511106603531	5.698	-3.83	7.422
1511106603545	5.707	-3.859	7.546
1511106603560	5.707	-3.917	7.661
1511106603562	5.65	-3.945	7.7
1511106603572	5.545	-3.907	7.671
1511106603586	5.391	-3.687	7.585
1511106603591	5.324	-3.763	7.537
1511106603602	5.324	-3.668	7.479
1511106603616	5.42	-3.428	7.403
1511106603621	5.583	-3.505	7.345
1511106603632	5.727	-3.246	7.326
1511106603646	5.822	-3.131	7.307
1511106603651	5.784	-2.988	7.307
1511106603662	5.554	-2.739	7.316
1511106603710	5.296	-2.47	7.288
1511106603711	5.133	-2.269	7.249
1511106603715	5.104	-2.078	7.202
1511106603718	5.104	-1.886	7.144
1511106603724	5.104	-1.8	7.087
1511106603725	5.229	-1.752	7.096
1511106603737	5.363	-1.752	7.288
1511106603743	5.545	-1.752	7.642
1511106603754	5.679	-1.714	8.054
1511106603766	5.765	-1.608	8.38
1511106603771	5.784	-1.417	8.581
1511106603782	5.803	-1.206	8.743
1511106603794	5.832	-0.996	8.696
1511106603801	5.861	-0.842	8.59
1511106603811	5.928	-0.775	8.533
1511106603824	5.995	-0.804	8.418
1511106603831	6.081	-0.881	8.255
1511106603848	6.091	-0.967	8.083
1511106603855	5.976	-1.063	7.872
1511106603861	5.765	-1.168	7.767
1511106603871	5.535	-1.245	7.642
1511106603883	5.267	-1.312	7.604
1511106603891	5.037	-1.34	7.604
1511106603901	4.855	-1.331	7.652
1511106603914	4.778	-1.312	7.671
1511106603921	4.798	-1.35	7.661
1511106603931	4.874	-1.426	7.757
1511106603944	4.999	-1.541	7.881
1511106603951	5.104	-1.608	8.006
1511106603963	5.209	-1.628	8.102
1511106603974	5.286	-1.58	8.159
1511106603981	5.344	-1.551	8.188
1511106603991	5.372	-1.494	8.217
1511106604005	5.324	-1.503	8.552
1511106604016	5.296	-1.494	8.485
1511106604032	5.286	-1.436	8.485
1511106604033	5.277	-1.331	8.427
1511106604041	5.277	-1.197	8.332
1511106604054	5.277	-1.063	8.217
1511106604065	5.286	-0.919	7.968
1511106604080	5.267	-0.814	7.968
1511106604082	5.257	-0.718	7.853
1511106604095	5.19	-0.651	7.652
1511106604101	5.133	-0.632	7.652
1511106604111	5.085	-0.651	7.613
1511106604125	5.047	-0.699	7.594
1511106604131	4.999	-0.766	7.642
1511106604141	4.96	-0.833	7.69
1511106604154	4.98	-0.871	7.814
1511106604171	5.066	-0.976	8.111
1511106604173	5.19	-1.11	8.255
1511106604186	5.305	-1.235	8.408
1511106604191	5.391	-1.283	8.38
1511106604201	5.468	-1.158	8.38
1511106604221	5.573	-0.699	8.293
1511106604233	5.612	-0.555	8.293
1511106604242	5.621	-0.545	8.303
1511106604251	5.65	-0.651	8.245
1511106604270	5.65	-0.823	8.063
1511106604272	5.65	-0.986	7.91
1511106604281	5.602	-1.091	7.728
1511106604291	5.64	-0.996	7.46
1511106604307	5.727	-0.775	7.288
1511106604311	5.851	-0.574	7.134
1511106604323	6.033	-0.593	7.067
1511106604334	6.273	-0.679	7.144
1511106604341	6.512	-1.034	7.297
1511106604351	6.569	-1.187	7.307
1511106604366	6.205	-1.331	7.24
1511106604371	5.65	-1.561	7.202
1511106604381	5.171	-1.886	7.345
1511106604396	4.98	-2.221	7.575
1511106604401	5.104	-2.394	7.805
1511106604411	5.305	-2.413	7.881
1511106604425	5.478	-2.327	7.891
1511106604431	5.602	-2.231	7.872
1511106604443	5.64	-2.183	7.776
1511106604455	5.669	-2.135	7.632
1511106604461	5.66	-2.116	7.613
1511106604471	5.765	-2.049	7.623
1511106604485	5.88	-1.963	7.613
1511106604491	5.87	-1.896	7.623
1511106604517	5.669	-1.963	7.613
1511106604521	5.602	-2.078	7.661
1511106604532	5.583	-2.126	7.642
1511106604546	5.42	-2.241	7.69
1511106604551	5.267	-2.308	7.728
1511106604561	5.277	-2.288	7.776
1511106604576	5.344	-2.145	7.738
1511106604581	5.334	-2.106	7.68
1511106604591	5.286	-2.087	7.642
1511106604605	5.2	-2.116	7.652
1511106604611	5.257	-2.078	7.613
1511106604623	5.363	-1.972	7.585
1511106604637	5.458	-1.925	7.546
1511106604641	5.554	-1.896	7.518
1511106604651	5.573	-1.867	7.604
1511106604665	5.593	-1.896	7.709
1511106604671	5.612	-1.925	7.843
1511106604681	5.593	-1.963	7.929
1511106604696	5.487	-2.03	7.987
1511106604701	5.344	-2.097	8.016
1511106604711	5.267	-2.154	8.006
1511106604726	5.209	-2.202	7.862
1511106604731	5.162	-2.241	7.91
1511106604742	5.142	-2.202	7.805
1511106604757	5.066	-2.049	7.048
1511106604761	5.152	-1.714	7.048
1511106604786	4.721	-1.848	6.541
1511106604797	5.056	-1.848	7.46
1511106604798	5.468	-1.8	7.46
1511106604819	5.631	-1.829	7.747
1511106604820	5.305	-1.8	8.274
1511106604826	5.305	-1.704	8.274
1511106604834	5.142	-1.58	8.475
1511106604847	4.74	-1.676	9.069
1511106604853	4.702	-1.925	9.079
1511106604885	4.874	-2.068	9.079
1511106604886	5.286	-2.308	8.408
1511106604887	5.468	-1.944	8.265
1511106604893	5.64	-1.532	8.159
