timestamp	x	y	z
1510775329614	10.132	1.158	0.718
1510775329633	10.199	1.225	0.727
1510775329634	10.151	1.359	0.756
1510775329650	10.094	1.455	0.823
1510775329670	10.065	1.589	0.976
1510775329671	10.036	1.685	1.292
1510775329693	9.998	1.743	1.417
1510775329709	9.883	1.666	1.771
1510775329710	9.711	1.436	2.02
1510775329712	9.51	1.043	2.327
1510775329713	9.51	0.967	2.624
1510775329730	9.433	0.919	2.758
1510775329735	9.433	0.919	2.748
1510775329754	9.28	0.909	2.796
1510775329755	9.395	0.775	2.815
1510775329764	9.328	0.612	2.873
1510775329778	9.308	0.478	3.016
1510775329783	9.299	0.411	3.189
1510775329794	9.28	0.45	3.284
1510775329808	9.27	0.593	3.275
1510775329819	9.28	0.747	3.179
1510775329825	9.261	0.804	3.045
1510775329838	9.27	0.833	2.93
1510775329843	9.347	0.794	2.825
1510775329854	9.433	0.622	2.748
1510775329871	9.404	0.699	2.7
1510775329873	9.395	0.66	2.825
1510775329884	9.404	0.66	2.911
1510775329899	9.404	0.641	2.873
1510775329903	9.404	0.593	2.825
1510775329918	9.414	0.603	2.739
1510775329929	9.471	0.679	2.7
1510775329933	9.519	0.737	2.643
1510775329944	9.529	0.794	2.528
1510775329963	9.519	0.823	2.461
1510775329964	9.51	0.861	2.461
1510775329975	9.538	0.842	2.423
1510775329989	9.567	0.747	2.346
1510775329993	9.548	0.689	2.26
1510775330007	9.51	0.727	2.097
1510775330019	9.538	0.737	1.877
1510775330023	9.73	0.632	1.628
1510775330084	10.008	0.459	1.474
1510775330086	10.247	0.383	1.206
1510775330087	10.343	0.555	0.881
1510775330088	10.305	0.89	0.679
1510775330110	10.372	1.235	0.526
1510775330111	10.41	1.58	0.43
1510775330114	10.41	1.867	0.421
1510775330116	10.343	2.164	0.43
1510775330120	10.027	2.346	0.881
1510775330142	9.366	2.221	1.695
1510775330146	8.772	2.087	2.882
1510775330150	8.552	1.972	4.07
1510775330167	8.523	1.829	4.922
1510775330168	8.552	1.484	5.219
1510775330182	8.533	0.928	5.209
1510775330183	8.542	0.287	5.066
1510775330198	8.801	-0.134	4.999
1510775330216	9.155	-0.316	4.75
1510775330220	9.356	-0.354	4.434
1510775330242	9.328	-0.162	3.591
1510775330257	9.328	0.114	3.61
1510775330259	9.376	0.498	3.38
1510775330260	9.423	0.996	2.978
1510775330266	9.404	1.379	2.403
1510775330273	9.548	1.647	2.03
1510775330285	9.931	1.867	1.618
1510775330301	10.285	1.963	1.264
1510775330306	10.458	2.135	1.359
1510775330316	10.372	2.241	1.589
1510775330322	10.151	2.145	2.241
1510775330333	10.142	1.848	2.327
1510775330347	10.419	1.331	1.254
1510775330353	10.649	0.67	1.302
1510775330363	10.458	0.229	3.198
1510775330374	9.969	0.067	3.15
1510775330382	9.634	0.172	4.185
1510775330393	9.605	0.507	4.893
1510775330406	9.931	0.938	3.706
1510775330413	10.755	1.369	2.672
1510775330423	11.597	1.666	1.704
1510775330435	11.99	1.915	1.359
1510775330442	11.808	2.212	1.685
1510775330453	11.128	2.26	2.451
1510775330465	10.506	1.963	3.495
1510775330473	10.036	1.561	3.945
1510775330483	10.084	1.034	4.731
1510775330497	9.807	0.354	5.209
1510775330502	8.964	-0.038	5.717
1510775330513	8.13	-0.162	6.387
1510775330527	7.661	-0.306	6.416
1510775330533	7.422	-0.526	7.269
1510775330543	7.01	-0.823	8.475
1510775330553	6.502	0.153	8.638
1510775330566	5.794	0.67	8.36
1510775330573	5.152	0.996	7.69
1510775330583	4.826	1.216	6.857
1510775330592	5.008	1.024	6.043
1510775330603	5.545	0.689	5.315
1510775330616	6.234	0.488	4.989
1510775330623	6.732	0.574	4.683
1510775330633	6.876	0.699	4.616
1510775330646	6.799	0.727	4.702
1510775330665	6.656	0.632	4.328
1510775330667	6.359	0.306	4.108
1510775330674	6.1	-0.019	4.338
1510775330683	6.138	-0.21	4.462
1510775330694	6.359	-0.296	4.156
1510775330708	6.474	-0.344	3.936
1510775330736	6.416	0.009	4.252
1510775330737	6.081	0.909	4.96
1510775330737	5.506	1.541	5.803
1510775330743	5.363	1.321	6.675
1510775330753	5.861	1.024	7.316
1510775330766	6.522	1.043	7.364
1510775330773	7.182	1.245	6.876
1510775330811	7.46	1.139	5.899
1510775330811	7.249	0.986	4.97
1510775330812	6.742	0.957	3.735
1510775330813	6.675	0.565	2.145
1510775330826	7.24	-0.009	1.072
1510775330833	7.767	-0.047	2.154
1510775330843	8.083	0.756	5.181
1510775330856	8.696	1.532	6.818
1510775330863	9.51	1.743	7.058
1510775330873	10.448	1.628	6.368
1510775330886	11.08	1.838	4.491
1510775330892	10.601	2.116	2.039
1510775330908	9.567	1.819	0.067
1510775330916	8.954	1.302	-1.8
1510775330922	8.791	0.957	-1.637
1510775330933	9.155	0.9	0.402
1510775330946	10.056	0.66	2.126
1510775330952	11.329	0.162	4.29
1510775330963	12.555	-0.057	5.564
1510775330977	12.517	0.162	6.953
1510775330982	11.425	0.641	6.991
1510775330993	10.075	1.34	5.794
1510775331006	8.724	2.03	4.664
1510775331012	7.68	2.509	3.897
1510775331023	7.23	2.796	4.156
1510775331037	7.288	2.873	5.621
1510775331042	7.594	2.365	6.751
1510775331053	8.293	1.13	7.259
1510775331067	9.059	-0.095	7.441
1510775331072	9.194	-1.053	8.14
1510775331083	8.456	-1.398	9.174
1510775331097	7.297	-1.005	9.433
1510775331103	6.34	0.028	7.422
1510775331114	6.119	1.292	6.445
1510775331129	6.052	2.461	5.832
1510775331133	6.397	3.447	5.037
1510775331144	7.182	3.984	4.731
1510775331159	7.182	4.051	4.759
1510775331163	7.489	3.696	4.884
1510775331174	8.073	3.035	4.884
1510775331189	8.38	2.193	4.874
1510775331193	8.676	1.264	4.711
1510775331204	9.308	-0.114	4.549
1510775331213	9.835	-0.095	4.424
1510775331223	10.199	-0.478	4.261
1510775331235	10.209	-0.651	4.185
1510775331249	9.883	-0.651	4.29
1510775331253	9.165	0.0	4.711
1510775331264	8.389	0.488	5.382
1510775331279	7.949	1.101	5.66
1510775331283	7.958	1.743	5.229
1510775331294	8.293	2.039	4.309
1510775331327	8.638	2.078	3.696
1510775331329	8.782	1.944	3.601
1510775331334	8.868	1.723	3.715
1510775331338	9.04	1.446	3.84
1510775331351	9.136	1.101	3.878
1510775331360	9.155	0.756	3.917
1510775331365	9.155	0.44	3.83
1510775331375	9.174	0.21	3.687
1510775331385	9.174	0.114	3.601
1510775331393	9.213	0.143	3.514
1510775331403	9.261	0.296	3.38
1510775331413	9.337	0.507	3.15
1510775331423	9.404	0.756	2.921
1510775331432	9.471	0.967	2.681
1510775331443	9.49	1.12	2.576
1510775331453	9.443	1.225	2.557
1510775331463	9.376	1.312	2.595
1510775331473	9.318	1.312	2.71
1510775331482	9.241	1.235	2.901
1510775331496	9.194	1.053	3.179
1510775331504	9.213	0.833	3.39
1510775331512	9.308	0.67	3.399
1510775331534	9.241	0.517	3.658
1510775331542	9.203	0.459	3.84
1510775331553	9.194	0.44	3.878
1510775331565	9.241	0.488	3.677
1510775331572	9.241	0.565	3.562
1510775331582	9.184	0.689	3.562
1510775331594	9.194	0.785	3.486
1510775331603	9.232	0.833	3.371
1510775331612	9.261	0.814	3.16
1510775331623	9.222	0.775	3.083
1510775331634	9.241	0.747	3.122
1510775331642	9.337	0.747	3.141
1510775331653	9.5	0.756	3.074
1510775331662	9.625	0.785	2.93
1510775331679	9.625	0.861	2.786
1510775331690	9.567	0.948	2.604
1510775331693	9.5	0.976	2.394
1510775331703	9.471	1.015	2.269
1510775331714	9.538	0.996	2.183
1510775331722	9.653	0.957	2.317
1510775331733	9.797	0.919	2.413
1510775331743	9.864	0.938	2.384
1510775331752	9.787	1.043	2.346
1510775331763	9.644	1.091	2.087
1510775331774	9.586	1.091	2.116
1510775331783	9.51	1.11	2.02
1510775331793	9.49	1.139	2.106
1510775331805	9.51	1.091	2.643
1510775331813	9.557	1.053	2.796
1510775331823	9.596	1.082	2.921
1510775331835	9.385	0.976	2.643
1510775331843	9.385	1.063	2.643
1510775331853	9.366	1.024	2.537
1510775331865	9.49	1.005	2.585
1510775331873	9.529	1.034	2.758
1510775331883	9.28	1.13	2.997
1510775331895	9.146	1.158	3.419
1510775331903	9.366	1.082	3.428
1510775331913	9.692	1.034	2.968
1510775331925	9.739	0.919	2.576
1510775331933	9.653	0.794	2.442
1510775331943	9.414	0.852	2.949
1510775331955	9.261	1.091	3.601
1510775331988	9.232	1.417	3.763
1510775331991	9.433	1.494	3.562
1510775331995	9.749	1.245	3.122
1510775331998	9.826	1.676	2.911
1510775332014	9.634	1.541	3.131
1510775332018	9.634	1.666	2.978
1510775332029	9.941	1.503	2.528
1510775332036	10.218	1.149	2.806
1510775332045	10.18	0.766	4.079
1510775332053	9.883	0.708	5.621
1510775332063	9.739	0.785	6.311
1510775332074	10.065	0.679	5.794
1510775332092	10.343	0.277	4.577
1510775332105	10.084	0.517	4.577
1510775332113	9.969	0.89	4.529
1510775332123	10.046	1.187	4.587
1510775332135	10.314	1.302	4.271
1510775332143	10.439	1.254	3.514
1510775332153	10.362	1.13	3.361
1510775332164	10.18	1.13	3.399
1510775332173	9.912	1.216	3.495
1510775332183	9.625	1.177	3.572
1510775332194	9.328	1.063	3.955
1510775332203	9.222	0.928	3.639
1510775332212	9.107	0.737	3.514
1510775332223	8.724	0.545	3.658
1510775332232	8.063	0.45	4.146
1510775332242	7.508	0.421	4.855
1510775332253	7.269	0.296	5.028
1510775332262	7.048	0.162	4.97
1510775332273	6.569	0.038	5.267
1510775332286	5.947	-0.019	5.545
1510775332293	5.296	-0.057	6.062
1510775332303	4.932	0.124	6.062
1510775332316	4.836	0.249	6.024
1510775332323	4.884	0.239	6.11
1510775332333	5.028	0.153	5.947
1510775332346	5.219	0.019	5.401
1510775332353	5.162	-0.114	5.047
1510775332363	5.209	0.095	5.162
1510775332376	5.075	0.737	5.133
1510775332383	4.424	1.13	6.11
1510775332393	4.194	0.976	7.642
1510775332406	4.884	0.679	8.006
1510775332413	5.976	0.612	8.006
1510775332423	6.866	0.919	7.269
1510775332436	6.215	1.283	5.976
1510775332443	6.32	1.254	5.976
1510775332453	5.583	0.689	5.19
1510775332466	6.828	-0.201	2.116
1510775332473	6.914	-0.909	2.116
1510775332483	8.389	-0.909	1.848
1510775332496	9.452	-0.047	5.535
1510775332503	9.452	0.919	5.535
1510775332513	9.73	1.321	5.947
1510775332526	10.965	1.503	4.817
1510775332533	10.965	1.79	3.744
1510775332543	10.937	2.059	2.748
1510775332556	8.734	1.676	1.551
1510775332563	8.734	1.628	0.852
1510775332573	8.188	1.225	2.451
1510775332586	9.107	0.191	4.664
1510775332593	9.107	0.268	6.368
1510775332603	11.071	0.143	7.182
1510775332616	11.071	0.469	6.493
1510775332649	10.305	0.565	5.324
1510775332656	9.155	0.938	3.763
1510775332658	8.868	1.8	2.432
1510775332660	9.366	1.8	1.379
1510775332663	10.113	2.126	0.948
1510775332682	10.506	2.068	1.58
1510775332686	10.448	1.743	2.786
1510775332697	10.352	1.436	3.993
1510775332706	10.352	1.312	5.075
1510775332713	10.362	1.005	5.171
1510775332724	10.209	0.699	4.453
1510775332735	9.797	0.249	3.792
1510775332743	9.366	0.0	3.371
1510775332753	9.155	0.172	3.313
1510775332764	9.127	0.689	3.428
1510775332773	9.002	1.235	3.543
1510775332783	8.858	1.58	3.658
1510775332794	8.82	1.666	3.677
1510775332803	8.81	1.532	3.591
1510775332813	8.772	1.407	3.524
1510775332825	8.763	1.245	3.543
1510775332833	8.906	1.225	3.342
1510775332843	9.117	1.264	3.112
1510775332854	9.261	1.273	3.016
1510775332862	9.376	1.216	2.949
1510775332873	9.481	1.13	2.959
1510775332887	9.519	0.976	2.978
1510775332893	9.548	0.756	2.968
1510775332903	9.615	0.593	2.853
1510775332917	9.634	0.498	2.806
1510775332923	9.634	0.555	2.911
1510775332933	9.605	0.727	2.901
1510775332946	9.634	0.967	2.643
1510775332953	9.644	1.168	2.336
1510775332963	9.672	1.359	2.097
1510775332977	9.73	1.455	1.972
1510775332983	9.663	1.484	2.298
1510775332993	9.471	1.398	2.633
1510775333007	9.376	1.254	2.815
1510775333013	9.328	1.015	2.949
1510775333023	9.27	0.804	3.189
1510775333037	9.146	0.632	3.533
1510775333043	9.012	0.517	3.945
1510775333053	8.887	0.469	4.194
1510775333067	8.801	0.45	4.443
1510775333073	8.763	0.478	4.616
1510775333097	8.686	0.507	5.142
1510775333103	8.571	0.517	5.133
1510775333113	8.571	0.603	5.056
1510775333127	8.667	0.747	4.434
1510775333133	8.849	0.814	4.434
1510775333157	9.155	0.612	3.514
1510775333163	9.203	0.545	3.514
1510775333187	9.318	0.545	3.102
1510775333193	9.404	0.584	3.102
1510775333203	9.481	0.651	3.016
1510775333217	9.529	0.756	2.672
1510775333223	9.557	0.89	2.672
1510775333233	9.586	1.024	2.298
1510775333247	9.605	1.101	2.145
1510775333253	9.605	1.13	2.298
1510775333263	9.615	1.091	2.174
1510775333277	9.615	1.015	2.394
1510775333282	9.586	0.909	2.528
1510775333293	9.567	0.794	2.614
1510775333311	9.577	0.67	2.643
1510775333316	9.423	0.593	2.691
1510775333327	9.548	0.593	2.806
1510775333346	9.395	0.641	2.873
1510775333350	9.385	0.718	2.997
1510775333356	9.385	0.823	3.093
1510775333366	9.385	0.909	3.141
1510775333373	9.356	0.948	3.026
1510775333383	9.356	0.814	2.873
1510775333397	9.366	0.919	2.921
1510775333403	9.414	0.833	2.978
1510775333416	9.443	0.814	3.179
1510775333427	9.376	0.833	3.275
1510775333433	9.289	0.804	3.237
1510775333443	9.318	0.747	3.102
1510775333457	9.356	0.699	2.921
1510775333463	9.404	0.66	2.949
1510775333473	9.5	0.727	2.873
1510775333486	9.557	0.823	2.921
1510775333493	9.5	0.957	2.901
1510775333503	9.414	1.101	2.882
1510775333516	9.433	1.206	2.796
1510775333523	9.577	1.245	2.71
1510775333533	9.778	1.283	2.633
1510775333545	9.759	1.331	2.317
1510775333552	9.577	1.321	2.183
1510775333563	9.519	1.321	2.135
1510775333575	9.586	1.264	1.944
1510775333582	9.644	1.206	2.068
1510775333593	9.615	1.063	2.193
1510775333608	9.49	0.842	2.451
1510775333613	9.385	0.632	2.949
1510775333623	9.194	0.392	3.409
1510775333638	8.992	0.21	4.146
1510775333643	8.887	0.306	4.664
1510775333653	8.916	0.478	4.625
1510775333668	8.868	0.555	4.836
1510775333673	8.763	0.593	5.028
1510775333689	8.676	0.737	5.123
1510775333709	8.791	0.823	4.606
1510775333711	8.973	0.842	4.558
1510775333718	9.107	0.861	4.185
1510775333727	9.012	0.881	4.194
1510775333733	8.868	0.881	4.386
1510775333743	8.906	0.9	4.549
1510775333764	9.548	0.919	3.859
1510775333774	9.778	0.679	3.677
1510775333788	9.912	0.747	3.735
1510775333793	10.161	1.005	3.265
1510775333815	10.544	1.331	2.26
1510775333823	10.305	1.245	2.93
1510775333833	9.95	1.12	4.472
1510775333850	10.008	1.005	5.162
1510775333853	10.075	0.785	5.162
1510775333863	9.615	0.612	5.277
1510775333878	8.81	0.536	5.669
1510775333883	8.217	0.45	5.669
1510775333894	8.063	0.354	6.014
1510775333908	8.226	0.335	6.684
1510775333913	8.38	0.517	6.684
1510775333923	8.619	0.909	5.822
1510775333939	8.878	1.168	4.913
1510775333943	9.012	0.967	4.146
1510775333954	9.146	0.814	3.16
1510775333968	9.337	1.12	2.786
1510775334011	9.423	1.417	2.729
1510775334013	9.395	1.513	2.221
1510775334016	9.328	1.647	2.308
1510775334017	8.81	1.656	2.691
1510775334018	8.542	1.57	2.988
1510775334040	8.351	1.369	3.055
1510775334042	8.073	1.13	3.361
1510775334043	7.862	0.814	4.127
1510775334058	7.585	0.526	4.807
1510775334063	7.565	0.306	4.98
1510775334079	7.642	0.316	4.711
1510775334089	7.479	0.43	4.472
1510775334094	7.173	0.43	4.664
1510775334105	7.0	0.373	4.788
1510775334118	6.914	0.162	4.836
1510775334125	6.675	0.335	5.123
1510775334133	6.407	0.488	4.98
1510775334147	6.292	1.053	4.673
1510775334153	5.947	1.57	3.926
1510775334163	5.363	1.235	4.252
1510775334177	5.631	0.45	5.248
1510775334183	6.665	0.162	6.617
1510775334193	7.422	0.383	7.508
1510775334206	7.585	0.632	7.872
1510775334212	7.144	0.756	7.556
1510775334223	6.32	0.996	6.675
1510775334236	5.889	1.034	5.142
1510775334242	6.148	0.699	3.495
1510775334253	7.058	0.181	1.618
1510775334268	8.035	-0.162	1.063
1510775334273	8.226	0.114	3.38
1510775334283	7.891	0.794	6.426
1510775334299	7.91	1.072	7.958
1510775334303	8.6	0.814	7.949
1510775334314	9.356	0.632	6.981
1510775334329	9.634	1.024	5.209
1510775334333	9.203	1.762	3.227
1510775334344	8.408	2.317	1.177
1510775334359	7.834	2.461	-0.009
1510775334363	7.652	2.537	0.919
1510775334375	8.178	2.566	3.016
1510775334389	9.194	2.317	4.913
1510775334393	10.266	2.011	6.282
1510775334404	10.994	1.838	6.598
1510775334419	10.793	1.589	6.253
1510775334434	8.581	0.881	3.888
1510775334449	8.447	0.507	3.007
1510775334466	9.653	0.402	3.246
1510775334479	9.816	0.469	4.558
1510775334483	9.711	0.402	6.014
1510775334494	9.701	0.249	6.761
1510775334509	9.778	0.143	6.502
1510775334513	9.615	0.067	5.707
1510775334524	9.117	0.22	4.683
1510775334539	8.667	0.67	3.735
1510775334554	8.82	1.561	2.758
1510775334569	9.27	1.743	2.758
1510775334573	9.567	1.781	2.786
1510775334584	9.548	1.589	3.055
1510775334599	9.318	1.235	3.093
1510775334603	9.098	0.996	3.15
1510775334614	8.945	1.024	3.83
1510775334629	8.973	1.292	3.677
1510775334633	9.146	1.57	3.265
1510775334645	9.557	1.628	2.988
1510775334679	9.557	1.379	2.988
1510775334686	9.625	0.996	3.371
1510775334692	9.625	0.689	3.715
1510775334698	9.567	0.469	4.012
1510775334704	9.241	0.344	4.242
1510775334710	9.031	0.229	4.482
1510775334718	9.002	0.229	4.482
1510775334725	9.203	0.383	4.127
1510775334736	9.519	0.66	3.658
1510775334745	9.433	0.871	3.265
1510775334754	9.328	1.053	3.035
1510775334764	9.184	1.264	3.035
1510775334773	9.165	1.417	2.949
1510775334783	9.241	1.158	2.94
1510775334793	9.28	0.948	3.16
1510775334807	9.318	0.967	3.265
1510775334813	9.395	1.187	3.198
1510775334823	9.443	1.11	2.988
1510775334833	9.49	0.967	2.604
1510775334843	9.51	0.909	2.336
1510775334853	9.538	0.996	2.336
1510775334863	9.577	1.149	2.537
1510775334872	9.634	1.254	2.681
1510775334883	9.615	1.168	2.739
1510775334893	9.615	0.976	2.739
1510775334902	9.5	0.766	2.672
1510775334914	9.395	0.641	2.834
1510775334923	9.356	0.718	3.093
1510775334933	9.328	0.833	3.246
1510775334945	9.308	0.9	3.294
1510775334953	9.299	0.842	3.237
1510775334963	9.289	0.785	3.16
1510775334975	9.261	0.842	3.035
1510775334983	9.299	0.938	2.949
1510775334993	9.308	1.043	2.997
1510775335005	9.366	1.13	3.007
1510775335013	9.471	1.158	2.863
1510775335023	9.519	1.091	2.681
1510775335035	9.519	1.024	2.691
1510775335043	9.433	1.043	2.806
1510775335053	9.28	1.091	2.978
1510775335065	9.184	1.168	3.217
1510775335073	9.155	1.206	3.361
1510775335083	9.174	1.149	3.419
1510775335095	9.27	1.101	3.313
1510775335103	9.318	1.034	3.112
1510775335113	9.328	1.005	2.978
1510775335125	9.337	1.043	3.016
1510775335133	9.328	1.168	3.045
1510775335143	9.328	1.216	3.093
1510775335155	9.347	1.216	3.045
1510775335163	9.366	1.235	2.959
1510775335173	9.443	1.312	2.758
1510775335185	9.433	1.34	2.681
1510775335193	9.414	1.283	2.566
1510775335203	9.433	1.168	2.557
1510775335215	9.423	1.101	2.825
1510775335223	9.376	1.053	2.844
1510775335233	9.328	1.091	2.93
1510775335245	9.28	1.158	2.777
1510775335253	9.184	1.158	2.777
1510775335263	9.203	1.168	2.739
1510775335275	9.404	1.245	2.729
1510775335283	9.356	1.187	2.729
1510775335293	9.5	1.053	2.777
1510775335330	9.625	0.881	2.834
1510775335335	9.625	0.775	2.834
1510775335341	9.615	0.775	2.853
1510775335344	9.615	0.785	2.729
1510775335346	9.577	0.842	2.576
1510775335365	9.529	0.967	2.595
1510775335366	9.51	1.063	2.767
1510775335373	9.423	1.072	3.131
1510775335383	9.318	0.996	3.543
1510775335395	9.251	0.928	3.687
1510775335403	9.222	0.9	3.792
1510775335414	9.203	0.823	3.744
1510775335425	9.222	0.651	3.658
1510775335433	9.184	0.651	3.744
1510775335443	9.05	0.67	3.955
1510775335454	8.954	0.804	4.137
1510775335463	8.916	0.996	4.395
1510775335473	8.964	1.149	4.376
1510775335485	9.04	1.13	4.319
1510775335493	9.059	0.948	4.07
1510775335503	9.05	0.996	3.84
1510775335514	9.05	1.034	3.715
1510775335523	9.079	1.139	3.658
1510775335533	9.203	1.312	3.505
1510775335543	9.241	1.283	3.524
1510775335552	9.203	1.177	3.61
1510775335562	9.184	1.082	3.62
1510775335575	9.261	1.072	3.543
1510775335583	9.337	1.139	3.409
1510775335593	9.356	1.245	3.275
1510775335606	9.395	1.369	3.179
1510775335613	9.366	1.359	3.189
1510775335624	9.347	1.254	3.217
1510775335637	9.347	1.158	3.38
1510775335643	9.452	1.206	3.629
1510775335653	9.615	1.331	3.524
1510775335666	9.672	1.369	3.265
1510775335673	9.605	1.283	3.102
1510775335683	9.567	1.13	3.055
1510775335697	9.596	1.12	3.093
1510775335720	9.625	1.264	3.313
1510775335722	9.605	1.474	3.313
1510775335723	9.5	1.551	3.428
1510775335733	9.452	1.58	3.61
1510775335743	9.5	1.685	3.648
1510775335756	9.5	1.704	3.715
1510775335767	9.615	1.704	3.428
1510775335776	9.778	1.561	3.217
1510775335786	9.845	1.321	3.304
1510775335793	9.663	1.053	3.601
1510775335803	9.471	0.909	4.118
1510775335817	9.423	0.881	4.51
1510775335823	9.586	1.015	4.51
1510775335833	9.883	1.168	4.108
1510775335846	9.902	1.331	4.012
1510775335853	9.682	1.446	3.84
1510775335863	9.404	1.503	4.29
1510775335876	9.174	1.723	4.769
1510775335883	9.021	1.915	5.123
1510775335893	9.031	1.925	4.587
1510775335907	9.136	1.589	4.194
1510775335913	9.136	1.561	4.194
1510775335923	9.031	1.302	3.725
1510775335936	8.954	1.11	3.744
1510775335943	8.696	1.082	3.744
1510775335980	8.303	1.158	3.869
1510775335989	7.546	1.168	4.606
1510775335995	7.546	1.12	4.606
1510775335998	7.604	1.053	4.367
1510775336000	7.709	1.12	4.099
1510775336007	7.259	1.359	4.338
1510775336026	6.33	1.168	4.261
1510775336033	6.33	1.197	4.415
1510775336060	6.579	0.756	4.798
1510775336061	6.799	0.517	5.257
1510775336069	6.732	0.335	5.573
1510775336076	6.531	0.181	5.372
1510775336093	6.11	0.325	5.526
1510775336103	5.976	0.823	6.215
1510775336115	6.11	1.177	6.914
1510775336123	6.924	1.13	7.115
1510775336133	7.47	0.814	7.0
1510775336145	7.537	0.651	6.838
1510775336153	7.24	0.775	6.368
1510775336163	6.991	0.814	5.822
1510775336174	6.981	0.622	5.066
1510775336182	7.393	0.718	4.118
1510775336192	8.159	0.325	3.447
1510775336205	9.012	0.296	3.246
1510775336212	9.538	0.363	4.52
1510775336222	9.692	0.612	5.554
1510775336235	9.749	0.842	5.554
1510775336243	9.835	1.091	4.922
1510775336253	9.73	1.273	3.907
1510775336266	9.577	1.446	2.509
1510775336273	9.328	1.455	1.81
1510775336283	9.079	1.273	1.599
1510775336297	8.935	1.197	1.819
1510775336303	9.021	1.158	2.164
1510775336313	9.28	0.957	2.873
1510775336327	9.596	0.555	3.677
1510775336333	9.711	0.287	4.194
1510775336343	9.49	0.469	4.597
1510775336357	9.012	0.861	4.597
1510775336363	8.36	1.254	4.587
1510775336373	7.901	1.599	4.587
1510775336387	7.594	1.905	4.405
1510775336393	7.623	2.059	4.357
1510775336403	7.901	1.857	4.213
1510775336414	8.293	1.168	4.261
1510775336423	8.724	0.402	4.424
1510775336434	9.098	-0.143	4.606
1510775336445	9.194	-0.373	4.769
1510775336452	8.983	-0.258	5.066
1510775336463	8.676	0.095	5.047
1510775336475	8.667	0.383	5.056
1510775336482	9.04	0.689	4.846
1510775336493	9.471	1.015	4.482
1510775336505	9.586	1.312	4.338
1510775336512	9.462	1.532	4.28
1510775336523	9.337	1.551	3.725
1510775336535	9.404	1.302	3.332
1510775336542	9.471	0.967	3.17
1510775336553	9.433	0.718	3.265
1510775336565	9.376	0.679	3.62
1510775336572	9.366	0.689	3.505
1510775336583	9.385	0.651	3.601
1510775336596	9.376	0.718	3.888
1510775336603	9.328	1.015	4.031
1510775336629	9.337	1.522	3.677
1510775336631	9.443	1.925	2.691
1510775336633	9.414	2.164	2.691
1510775336664	9.232	2.097	2.48
1510775336669	9.04	1.934	2.729
1510775336670	8.906	1.771	3.275
1510775336676	8.906	1.551	3.792
1510775336686	9.031	1.292	4.118
1510775336693	9.088	1.005	4.118
1510775336705	8.973	0.852	4.127
1510775336718	8.667	0.957	3.926
1510775336725	8.667	1.283	3.926
1510775336736	8.763	1.608	3.246
1510775336747	9.28	1.848	3.122
1510775336753	9.28	1.925	3.275
1510775336763	9.376	1.944	3.246
1510775336776	9.337	1.963	3.208
1510775336782	9.337	1.838	3.189
1510775336793	9.337	1.532	3.208
1510775336805	9.385	1.206	3.304
1510775336812	9.471	1.043	3.342
1510775336823	9.5	1.053	3.294
1510775336836	9.299	1.149	3.208
1510775336843	9.356	1.245	3.122
1510775336853	9.299	1.273	2.968
1510775336868	9.299	1.283	2.94
1510775336873	9.261	1.312	3.093
1510775336883	9.069	1.474	3.581
1510775336899	8.82	1.388	4.099
1510775336903	8.734	1.235	4.185
1510775336914	8.791	1.187	4.108
1510775336929	8.887	1.043	3.955
1510775336933	8.964	0.871	3.878
1510775336944	9.127	0.833	3.802
1510775336960	9.414	0.766	3.581
1510775336963	9.644	0.708	3.323
1510775336974	9.711	0.718	3.122
1510775336989	9.692	0.804	2.968
1510775336993	9.605	0.938	2.873
1510775337004	9.423	1.139	2.949
1510775337019	9.27	1.331	3.093
1510775337023	9.146	1.465	3.093
1510775337034	9.241	1.484	2.949
1510775337049	9.49	1.417	2.806
1510775337053	9.644	1.225	2.652
1510775337064	9.615	1.034	2.691
1510775337079	9.414	0.89	2.94
1510775337083	9.127	0.823	3.352
1510775337094	9.031	0.708	3.735
1510775337109	9.088	0.555	3.936
1510775337113	9.241	0.354	3.715
1510775337124	9.366	0.239	3.61
1510775337139	9.337	0.325	3.495
1510775337143	9.251	0.574	3.323
1510775337154	9.203	0.871	3.141
1510775337169	9.261	1.101	2.988
1510775337173	9.414	1.216	2.662
1510775337184	9.577	1.139	2.461
1510775337199	9.711	1.015	2.355
1510775337203	9.739	0.986	2.308
1510775337216	9.538	0.976	2.308
1510775337229	9.414	0.976	2.413
1510775337245	9.586	1.015	2.26
1510775337313	9.768	0.986	2.174
1510775337314	9.778	1.043	2.02
1510775337320	9.682	1.149	2.087
1510775337323	9.548	1.264	2.327
1510775337324	9.49	1.216	2.394
1510775337324	9.481	1.082	2.528
1510775337325	9.462	0.996	2.652
1510775337326	9.404	0.938	2.786
1510775337335	9.318	0.928	2.911
1510775337349	9.222	0.976	3.265
1510775337353	9.203	1.072	3.265
1510775337381	9.289	1.139	3.399
1510775337383	9.328	1.187	3.227
1510775337393	9.356	1.206	2.949
1510775337408	9.347	1.187	2.767
1510775337413	9.347	1.177	2.767
1510775337427	9.452	1.177	2.537
1510775337440	9.701	1.11	2.499
1510775337443	9.577	1.043	2.499
1510775337454	9.577	1.024	2.509
1510775337466	9.577	1.034	2.604
1510775337472	9.577	1.063	2.49
1510775337483	9.538	1.043	2.423
1510775337496	9.529	0.976	2.413
1510775337502	9.557	0.948	2.49
1510775337513	9.529	0.928	2.662
1510775337527	9.452	0.986	2.691
1510775337533	9.414	1.034	2.748
1510775337543	9.615	0.996	2.719
1510775337558	9.586	1.005	2.672
1510775337563	9.51	0.909	2.71
1510775337574	9.395	0.622	3.026
1510775337592	9.299	0.651	3.457
1510775337593	9.328	0.478	3.562
1510775337605	9.347	0.488	3.495
1510775337619	9.366	0.344	3.476
1510775337623	9.385	0.268	3.495
1510775337635	9.471	0.354	3.476
1510775337652	9.625	0.641	3.505
1510775337653	9.72	0.9	3.275
1510775337665	9.816	1.072	2.825
1510775337682	9.787	1.273	2.432
1510775337684	9.72	1.522	2.317
1510775337695	9.701	1.666	2.212
1510775337711	9.807	1.618	2.183
1510775337731	9.883	1.465	2.298
1510775337732	9.874	1.417	2.633
1510775337738	9.73	1.34	3.112
1510775337742	9.548	1.206	3.533
1510775337753	9.557	0.986	3.754
1510775337764	9.692	0.804	3.581
1510775337775	9.874	0.66	3.39
1510775337783	9.95	0.603	3.342
1510775337797	10.065	0.679	3.352
1510775337802	10.113	0.708	3.83
1510775337813	10.017	0.804	4.75
1510775337829	9.672	0.948	5.64
1510775337833	9.328	1.273	6.426
1510775337843	9.481	1.561	5.449
1510775337860	9.921	1.446	3.773
1510775337867	9.826	1.024	2.93
1510775337876	9.337	0.737	3.083
1510775337888	9.165	0.699	3.706
1510775337892	9.27	0.593	4.022
1510775337903	9.356	0.383	4.185
1510775337923	9.423	0.43	4.089
1510775337927	9.347	0.651	3.581
1510775337934	8.945	0.852	3.342
1510775337950	8.475	1.053	3.486
1510775337960	8.284	1.283	3.591
1510775337966	8.37	1.359	3.438
1510775337979	8.533	1.197	3.093
1510775337983	8.408	1.005	3.141
1510775337993	8.102	0.967	3.313
1510775338009	7.767	0.967	3.936
1510775338013	7.642	1.005	3.859
1510775338023	7.594	1.082	4.357
1510775338037	7.546	1.091	4.817
1510775338043	7.585	1.053	4.788
1510775338054	7.575	0.938	4.817
1510775338069	7.537	0.842	4.616
1510775338073	7.709	0.794	4.759
1510775338083	7.814	0.766	4.405
1510775338104	7.585	0.852	3.888
1510775338105	7.403	0.747	3.945
1510775338116	7.68	0.373	2.815
1510775338131	7.901	-0.086	3.83
1510775338133	7.786	-0.239	5.219
1510775338145	7.451	0.191	5.688
1510775338158	7.202	0.708	6.608
1510775338162	6.981	0.89	7.23
1510775338173	6.895	0.89	6.943
1510775338188	7.163	0.641	6.32
1510775338192	7.709	0.21	5.439
1510775338203	7.719	0.354	5.219
1510775338214	7.067	0.881	5.123
1510775338223	6.723	1.197	4.75
1510775338233	6.972	0.363	4.731
1510775338251	7.767	-1.206	5.305
1510775338257	8.542	-2.432	6.694
1510775338266	8.878	-1.8	7.594
1510775338280	8.878	-1.762	6.991
1510775338283	8.83	0.095	5.64
1510775338293	8.839	0.948	4.06
1510775338310	8.743	2.087	2.739
1510775338313	8.696	2.892	1.752
1510775338325	8.734	3.304	0.641
1510775338340	8.964	2.911	0.067
1510775338343	9.203	2.03	0.229
1510775338355	9.261	1.216	1.618
1510775338365	9.308	0.727	3.457
1510775338373	9.328	0.775	5.296
1510775338385	9.28	1.225	6.636
1510775338399	9.222	1.628	6.55
1510775338403	9.002	1.57	5.602
1510775338416	8.523	1.139	4.635
1510775338430	8.035	0.737	3.428
1510775338433	7.977	0.641	2.365
1510775338448	8.188	0.565	2.317
1510775338453	8.351	0.459	2.806
1510775338462	8.437	0.344	3.974
1510775338473	8.648	0.277	5.056
1510775338483	8.945	0.114	5.976
1510775338492	9.184	0.038	6.196
1510775338503	9.069	0.277	6.177
1510775338520	8.763	0.775	5.573
1510775338523	8.494	1.474	4.692
1510775338535	8.427	1.992	3.878
1510775338543	8.648	2.135	3.399
1510775338553	8.887	1.905	3.62
1510775338588	9.088	1.388	4.204
1510775338599	9.433	0.718	4.367
1510775338601	9.778	0.105	4.692
1510775338604	9.96	-0.277	4.97
1510775338608	9.893	-0.316	4.865
1510775338616	9.711	-0.153	4.52
1510775338628	9.557	0.191	4.194
1510775338635	9.51	0.66	3.83
1510775338644	9.519	1.139	3.648
1510775338657	9.471	1.541	3.61
1510775338663	9.318	1.781	3.687
1510775338673	9.107	1.848	3.735
1510775338692	8.878	1.704	3.907
1510775338693	8.686	1.34	4.089
1510775338705	8.59	0.9	4.252
1510775338722	8.6	0.488	4.616
1510775338737	8.657	-0.086	5.114
1510775338747	8.753	-0.22	5.037
1510775338753	8.839	-0.229	4.75
1510775338768	8.973	-0.086	4.328
1510775338776	9.107	0.114	3.897
1510775338783	9.232	0.373	3.505
1510775338793	9.356	0.66	3.189
1510775338804	9.481	0.948	2.825
1510775338813	9.567	1.206	2.777
1510775338823	9.567	1.321	2.585
1510775338833	9.538	1.273	2.451
1510775338843	9.51	1.168	2.451
1510775338852	9.5	1.024	2.604
1510775338863	9.567	0.861	2.719
1510775338873	9.586	0.727	2.901
1510775338883	9.538	0.574	3.016
1510775338894	9.452	0.478	3.112
1510775338903	9.462	0.45	3.15
1510775338913	9.289	0.459	3.237
1510775338925	9.203	0.421	3.399
1510775338933	9.136	0.45	3.533
1510775338945	9.107	0.478	3.62
1510775338957	9.136	0.545	3.677
1510775338963	9.213	0.651	3.696
1510775338975	9.232	0.689	3.61
1510775338987	9.251	0.593	3.533
1510775338993	9.213	0.593	3.486
1510775339003	9.194	0.517	3.447
1510775339017	9.155	0.498	3.495
1510775339023	9.136	0.555	3.524
1510775339035	9.203	0.622	3.514
1510775339047	9.328	0.679	3.438
1510775339053	9.423	0.66	3.304
1510775339065	9.414	0.622	3.093
1510775339077	9.356	0.565	3.007
1510775339093	9.251	0.565	3.256
1510775339107	9.289	0.545	3.399
1510775339113	9.328	0.507	3.419
1510775339125	9.328	0.44	3.419
1510775339137	9.318	0.373	3.39
1510775339143	9.28	0.344	3.38
1510775339155	9.27	0.354	3.371
1510775339167	9.289	0.44	3.323
1510775339173	9.289	0.526	3.294
1510775339183	9.308	0.603	3.275
1510775339198	9.366	0.66	3.198
1510775339203	9.395	0.651	3.064
1510775339213	9.414	0.641	2.949
1510775339227	9.443	0.632	2.853
1510775339270	9.481	0.622	2.767
1510775339273	9.529	0.593	2.739
1510775339276	9.538	0.555	2.719
1510775339279	9.567	0.536	2.71
1510775339281	9.577	0.498	2.691
1510775339289	9.548	0.536	2.7
1510775339301	9.529	0.555	2.691
1510775339308	9.5	0.632	2.7
1510775339318	9.51	0.67	2.681
1510775339323	9.548	0.651	2.662
1510775339333	9.596	0.66	2.547
1510775339346	9.615	0.67	2.288
1510775339353	9.653	0.632	2.106
1510775339366	9.672	0.612	2.059
1510775339380	9.73	0.651	2.03
1510775339383	9.739	0.737	2.193
1510775339393	9.653	0.737	2.403
1510775339405	9.625	0.727	2.413
1510775339413	9.625	0.718	2.48
1510775339422	9.567	0.775	2.566
1510775339435	9.481	0.871	2.672
1510775339442	9.423	1.063	2.873
1510775339453	9.347	1.273	2.796
1510775339464	9.366	1.187	2.681
1510775339473	9.356	0.833	2.94
1510775339483	9.366	0.498	3.256
1510775339496	9.289	0.296	3.821
1510775339503	9.289	0.239	3.821
1510775339512	9.136	0.22	4.003
1510775339524	9.069	0.287	3.84
1510775339532	9.241	0.44	3.754
1510775339543	9.452	0.612	2.892
1510775339555	9.529	0.727	2.509
1510775339563	9.529	0.833	2.355
1510775339573	9.462	0.957	2.595
1510775339585	9.557	1.168	2.509
1510775339593	9.615	1.34	2.375
1510775339603	9.663	1.35	2.327
1510775339616	9.49	1.082	2.547
1510775339623	9.49	1.082	2.834
1510775339635	9.452	1.015	2.93
1510775339648	9.653	0.919	2.739
1510775339653	9.653	0.919	2.652
1510775339665	9.538	0.804	2.71
1510775339677	9.51	0.823	2.767
1510775339683	9.682	0.976	2.633
1510775339693	9.912	1.369	2.212
1510775339708	10.008	1.264	1.561
1510775339724	9.893	0.957	1.063
1510775339745	9.481	0.545	1.944
1510775339746	9.481	0.545	1.944
1510775339747	9.452	0.612	3.064
1510775339753	9.423	0.747	4.166
1510775339765	9.261	0.823	4.798
1510775339772	9.136	0.814	4.97
1510775339785	8.925	0.766	4.855
1510775339795	8.609	0.67	4.865
1510775339802	8.475	0.622	4.999
1510775339813	8.705	0.66	5.219
1510775339826	9.127	0.737	5.19
1510775339833	9.452	0.67	5.095
1510775339843	9.404	0.718	5.095
1510775339855	9.213	0.823	4.798
1510775339862	9.146	0.919	4.606
1510775339873	9.251	0.804	4.108
1510775339895	9.519	0.45	4.031
1510775339896	9.787	0.239	4.252
1510775339907	9.874	0.268	4.75
1510775339920	9.807	0.488	5.162
1510775339923	9.893	0.785	4.692
1510775339936	9.96	0.9	4.443
1510775339950	9.768	0.881	4.635
1510775339953	9.395	0.9	5.008
1510775339963	8.964	0.948	5.535
1510775339976	8.648	0.967	5.43
1510775339983	8.954	0.756	4.989
1510775339993	9.433	0.498	4.568
1510775340017	9.328	0.316	4.903
1510775340019	9.012	0.507	4.999
1510775340024	8.676	0.919	4.826
1510775340037	8.351	1.331	4.529
1510775340042	8.063	1.522	4.3
1510775340053	7.795	1.551	4.252
1510775340066	7.537	1.561	4.798
1510775340072	7.393	1.628	5.142
1510775340083	7.403	1.676	4.769
1510775340095	7.364	1.666	4.175
1510775340103	6.991	1.58	4.175
1510775340113	6.502	1.283	4.108
1510775340126	6.234	0.794	4.156
1510775340132	6.426	0.344	4.041
1510775340143	6.78	-0.067	3.878
1510775340156	6.905	-0.344	4.664
1510775340162	6.828	-0.565	4.664
1510775340173	6.838	-0.651	4.357
1510775340185	6.885	-0.459	3.744
1510775340193	6.445	-0.038	3.782
1510775340203	5.851	0.459	4.932
1510775340216	6.071	0.632	7.604
1510775340226	6.071	0.555	7.604
1510775340234	6.895	0.641	7.556
1510775340247	7.029	1.149	7.259
1510775340253	7.029	1.082	6.646
1510775340263	6.177	1.168	5.631
1510775340278	5.257	0.861	4.424
1510775340283	5.066	0.201	3.725
1510775340293	5.411	-0.565	4.798
1510775340305	5.899	-1.177	7.182
1510775340313	7.69	-1.407	8.523
1510775340323	8.772	-1.245	8.964
1510775340335	9.51	-0.708	7.738
1510775340343	9.759	0.067	5.449
1510775340353	9.615	1.216	3.332
1510775340364	8.983	2.614	0.823
1510775340374	8.581	3.486	-1.216
1510775340383	8.849	2.815	-2.193
1510775340397	9.213	2.423	-0.488
1510775340402	9.194	1.8	3.648
1510775340413	9.519	1.513	6.924
1510775340426	10.266	1.484	7.929
1510775340433	10.946	1.494	8.178
1510775340443	10.544	1.656	7.096
1510775340456	8.839	1.762	5.219
1510775340463	7.47	1.743	3.016
1510775340473	7.163	1.656	1.541
1510775340487	7.719	1.245	1.34
1510775340493	8.81	0.603	2.988
1510775340503	9.711	-0.047	5.305
1510775340516	10.247	-0.411	7.02
1510775340522	10.458	-0.296	7.642
1510775340542	10.218	0.191	7.326
1510775340555	9.462	0.737	6.234
1510775340562	8.887	1.216	4.788
1510775340566	8.992	1.608	3.361
1510775340581	9.644	1.81	2.423
1510775340593	10.41	1.283	2.652
1510775340608	10.132	0.718	3.409
1510775340630	9.682	0.258	4.194
1510775340635	9.232	0.0	4.702
1510775340637	8.992	-0.047	4.654
1510775340643	8.973	0.086	4.07
1510775340658	9.088	0.373	3.246
1510775340676	9.261	0.814	2.509
1510775340680	9.481	1.426	2.02
1510775340685	9.663	2.03	1.762
1510775340699	9.692	2.423	1.704
1510775340703	9.625	2.509	1.81
1510775340714	9.49	2.25	2.078
1510775340727	9.385	1.79	2.47
1510775340733	9.385	1.321	2.796
1510775340743	9.404	0.871	2.988
1510775340756	9.433	0.593	3.208
1510775340762	9.366	0.43	3.447
1510775340773	9.232	0.392	3.715
1510775340786	9.098	0.421	3.897
1510775340793	9.012	0.469	3.984
1510775340803	9.012	0.593	4.031
1510775340817	9.031	0.804	3.964
1510775340823	9.088	1.024	3.811
1510775340833	9.098	1.187	3.677
1510775340848	9.002	1.235	3.648
1510775340853	8.964	1.13	3.648
1510775340863	9.05	1.043	3.639
1510775340876	9.27	0.996	3.505
1510775340882	9.395	1.005	3.352
1510775340893	9.395	0.967	3.265
1510775340906	9.308	0.919	3.122
1510775340913	9.289	0.928	2.959
1510775340923	9.356	0.919	2.844
1510775340937	9.376	0.89	2.758
1510775340943	9.443	0.928	2.729
1510775340953	9.538	0.948	2.691
1510775340970	9.538	1.005	2.49
1510775340973	9.481	1.024	2.585
1510775340984	9.404	1.072	2.537
1510775340999	9.395	1.101	2.499
1510775341003	9.471	1.149	2.49
1510775341014	9.548	1.149	2.49
1510775341029	9.548	1.13	2.566
1510775341033	9.443	1.101	2.662
1510775341045	9.433	1.101	2.767
1510775341059	9.385	1.12	2.892
1510775341063	9.299	1.091	2.959
1510775341075	9.289	1.13	2.777
1510775341090	9.395	0.976	2.719
1510775341093	9.49	0.842	2.719
1510775341105	9.625	0.756	2.681
1510775341121	9.701	0.756	2.71
1510775341123	9.615	0.804	2.777
1510775341135	9.49	0.9	2.844
1510775341150	9.376	0.957	2.873
1510775341153	9.308	0.957	2.844
1510775341165	9.328	0.871	2.834
1510775341182	9.376	0.766	2.882
1510775341221	9.423	0.651	2.959
1510775341224	9.395	0.584	3.007
1510775341232	9.404	0.603	3.026
1510775341234	9.452	0.651	2.949
1510775341240	9.462	0.679	2.882
1510775341241	9.481	0.689	2.806
1510775341249	9.519	0.727	2.71
1510775341257	9.529	0.785	2.624
1510775341279	9.519	0.861	2.528
1510775341281	9.519	0.919	2.509
1510775341290	9.519	0.948	2.49
1510775341294	9.557	0.928	2.528
1510775341303	9.548	0.871	2.557
1510775341314	9.548	0.814	2.624
1510775341328	9.557	0.794	2.672
1510775341333	9.567	0.766	2.691
1510775341345	9.538	0.747	2.7
1510775341353	9.471	0.718	2.691
1510775341362	9.404	0.747	2.758
1510775341373	9.404	0.727	2.777
1510775341383	9.519	0.689	2.767
1510775341393	9.672	0.66	2.576
1510775341403	9.749	0.67	2.423
1510775341418	9.701	0.785	2.231
1510775341423	9.596	0.89	2.135
1510775341434	9.538	0.919	2.145
1510775341451	9.519	0.928	2.269
1510775341453	9.596	0.957	2.212
1510775341465	9.73	0.909	2.097
1510775341482	9.787	0.833	1.944
1510775341484	9.711	0.785	2.049
1510775341495	9.625	0.823	2.26
1510775341514	9.577	0.9	2.403
1510775341523	9.5	0.928	2.547
1510775341529	9.376	0.823	2.748
1510775341545	9.356	0.66	2.901
1510775341548	9.366	0.526	2.988
1510775341556	9.366	0.44	3.055
1510775341568	9.289	0.402	3.246
1510775341573	9.194	0.392	3.447
1510775341583	9.136	0.45	3.687
1510775341597	9.088	0.574	3.878
1510775341603	9.059	0.622	3.878
1510775341613	9.146	0.67	3.792
1510775341624	9.174	0.699	3.591
1510775341633	9.184	0.747	3.342
1510775341643	9.165	0.766	3.629
1510775341659	9.069	0.861	3.562
1510775341663	9.04	0.967	3.629
1510775341674	9.136	0.871	3.581
1510775341691	9.184	0.679	3.754
1510775341693	9.165	0.43	3.811
1510775341706	9.318	0.181	3.572
1510775341723	9.471	0.296	3.294
1510775341724	9.711	0.287	3.179
1510775341751	9.443	0.699	3.189
1510775341752	9.174	0.699	3.371
1510775341754	9.012	0.967	3.629
1510775341770	9.088	1.149	3.543
1510775341777	9.28	1.158	3.38
1510775341785	9.356	1.015	3.361
1510775341800	9.27	0.842	3.562
1510775341810	9.04	0.842	4.089
1510775341813	8.897	1.053	4.348
1510775341825	8.887	0.785	4.482
1510775341866	9.002	0.612	4.558
1510775341900	9.059	0.469	4.807
1510775341901	9.012	0.612	5.104
1510775341901	8.992	0.861	5.114
1510775341902	8.973	1.063	4.951
1510775341903	9.021	1.158	4.769
1510775341904	9.203	1.177	4.462
1510775341904	9.5	1.158	3.869
1510775341913	9.845	1.12	3.524
1510775341936	10.075	1.168	3.505
1510775341937	10.161	1.235	3.562
1510775341948	10.161	1.312	3.476
1510775341973	10.257	1.407	3.38
1510775341974	10.4	1.426	3.505
1510775341975	10.247	1.417	3.869
1510775341993	9.921	1.494	4.06
1510775341995	9.73	1.618	4.06
1510775342003	9.615	1.599	3.821
1510775342017	9.404	1.283	4.271
1510775342025	9.127	0.814	4.817
1510775342034	9.002	0.526	5.181
1510775342048	9.05	0.584	5.267
1510775342053	8.887	0.699	5.142
1510775342063	8.609	0.775	4.941
1510775342077	8.332	0.718	5.095
1510775342083	8.389	0.775	5.305
1510775342093	8.667	1.082	5.516
1510775342109	8.878	1.541	5.545
1510775342112	8.964	1.79	5.2
1510775342123	8.839	1.819	4.52
1510775342138	8.667	1.647	3.514
1510775342142	8.322	1.359	3.026
1510775342153	7.795	1.063	3.217
1510775342165	7.345	0.766	3.601
1510775342173	6.953	0.44	4.099
1510775342183	6.598	0.172	4.654
1510775342198	6.378	-0.019	4.846
1510775342203	6.186	-0.201	4.913
1510775342215	5.822	-0.488	5.353
1510775342223	5.727	-0.842	5.602
1510775342234	5.995	-1.177	5.171
1510775342243	6.004	-1.187	5.028
1510775342253	6.004	-0.967	4.616
1510775342263	6.052	-0.747	4.29
1510775342273	5.736	-0.555	4.903
1510775342288	5.449	-0.335	6.062
1510775342293	5.621	-0.105	7.489
1510775342304	6.158	-0.047	8.274
1510775342313	6.847	0.134	8.016
1510775342323	7.278	0.651	7.23
1510775342334	6.943	1.312	5.822
1510775342342	6.138	1.752	5.746
1510775342353	5.765	1.608	2.71
1510775342363	6.158	1.024	1.982
1510775342373	7.0	0.421	3.591
1510775342383	7.565	0.191	6.981
1510775342395	7.479	0.526	9.213
1510775342403	7.537	1.034	8.992
1510775342413	7.939	1.005	7.46
1510775342424	10.123	1.13	5.277
1510775342432	9.969	1.905	3.246
1510775342442	8.839	2.643	1.101
1510775342454	7.939	2.796	-0.775
1510775342462	8.016	2.413	-1.465
1510775342473	8.533	1.8	-0.306
1510775342512	8.81	1.359	3.476
1510775342513	9.136	1.465	5.976
1510775342515	9.988	1.446	7.192
1510775342519	10.803	1.647	7.134
1510775342525	10.946	1.752	5.928
1510775342533	10.161	1.896	4.664
1510775342547	9.079	1.733	3.093
1510775342553	8.533	1.503	2.068
1510775342563	8.542	1.063	2.327
1510775342575	8.992	0.411	3.275
1510775342600	9.557	-0.134	4.51
1510775342602	10.247	-0.488	5.956
1510775342607	11.052	-0.517	6.751
1510775342612	11.674	-0.306	6.924
1510775342623	11.684	-0.134	6.301
1510775342634	11.071	-0.153	4.826
1510775342643	10.123	-0.172	3.447
1510775342653	9.404	0.201	2.748
1510775342665	8.954	1.072	2.71
1510775342672	8.581	2.087	3.17
1510775342683	8.236	2.729	3.62
1510775342696	8.226	2.652	3.62
1510775342703	8.514	2.164	3.342
1510775342713	8.906	1.551	2.93
1510775342724	9.261	1.13	2.624
1510775342733	9.462	1.015	2.375
1510775342743	9.567	1.053	2.183
1510775342756	9.663	1.187	2.135
1510775342762	9.759	1.225	2.298
1510775342773	9.739	1.11	2.767
1510775342829	9.653	0.986	3.217
1510775342830	9.462	0.909	3.514
1510775342831	9.203	0.756	3.773
1510775342831	8.964	0.67	3.955
1510775342832	8.782	0.651	4.099
1510775342833	8.734	0.766	4.185
1510775342845	8.868	0.909	4.099
1510775342852	8.992	1.034	4.022
1510775342863	9.05	1.034	3.907
1510775342874	9.098	0.957	3.859
1510775342882	9.127	0.881	3.773
1510775342893	9.059	0.737	3.715
1510775342904	8.983	0.641	3.696
1510775342912	8.992	0.584	3.601
1510775342923	9.098	0.603	3.409
1510775342934	9.27	0.584	3.17
1510775342942	9.452	0.565	2.882
1510775342953	9.51	0.517	2.691
1510775342967	9.567	0.555	2.499
1510775342973	9.634	0.641	2.394
1510775342983	9.663	0.766	2.375
1510775342997	9.682	0.881	2.193
1510775343003	9.759	0.948	2.193
1510775343015	9.816	1.043	2.03
1510775343027	9.797	1.139	2.231
1510775343033	9.672	1.139	2.384
1510775343045	9.557	1.101	2.595
1510775343057	9.49	1.005	2.729
1510775343063	9.452	0.938	2.863
1510775343075	9.385	0.766	3.122
1510775343093	9.27	0.383	3.629
1510775343104	9.203	0.277	3.773
1510775343117	9.127	0.181	3.802
1510775343123	8.973	0.181	3.821
1510775343133	9.088	0.181	3.917
1510775343168	9.069	0.153	3.984
1510775343180	9.136	0.124	3.945
1510775343190	9.289	0.076	3.773
1510775343194	9.443	-0.019	3.591
1510775343195	9.433	-0.105	3.524
1510775343196	9.347	0.277	3.476
1510775343205	9.251	0.526	3.39
1510775343213	9.28	0.67	3.131
1510775343223	9.376	0.689	2.758
1510775343238	9.5	0.718	2.566
1510775343242	9.596	0.842	2.509
1510775343263	9.653	1.043	2.557
1510775343264	9.644	1.225	2.557
1510775343273	9.672	1.273	2.451
1510775343283	9.739	1.225	2.231
1510775343295	9.701	1.11	2.068
1510775343303	9.605	0.967	2.087
1510775343314	9.5	0.794	2.212
1510775343325	9.452	0.689	2.346
1510775343332	9.5	0.593	2.48
1510775343343	9.596	0.555	2.595
1510775343354	9.682	0.526	2.662
1510775343363	9.692	0.507	2.652
1510775343373	9.557	0.555	2.614
1510775343388	9.433	0.632	2.633
1510775343393	9.366	0.718	2.691
1510775343403	9.347	0.785	2.806
1510775343415	9.423	0.814	2.94
1510775343422	9.51	0.775	2.949
1510775343433	9.596	0.689	2.892
1510775343447	9.586	0.641	2.815
1510775343453	9.5	0.565	2.767
1510775343464	9.404	0.526	2.882
1510775343477	9.289	0.498	3.007
1510775343482	9.356	0.45	3.083
1510775343493	9.577	0.469	2.93
1510775343505	9.816	0.545	2.806
1510775343512	9.921	0.679	2.576
1510775343523	9.711	0.833	2.49
1510775343536	9.289	1.063	2.585
1510775343543	9.002	1.216	2.499
1510775343553	9.136	1.168	2.518
1510775343567	9.557	0.967	2.518
1510775343573	9.941	0.794	2.518
1510775343584	10.008	0.804	2.461
1510775343598	9.749	1.063	1.972
1510775343603	9.749	1.312	1.972
1510775343615	9.682	1.388	1.704
1510775343628	9.644	1.264	2.02
1510775343633	9.644	1.043	2.02
1510775343643	9.586	0.871	2.537
1510775343658	9.146	0.881	3.974
1510775343663	9.146	0.89	3.974
1510775343673	9.165	0.833	3.974
1510775343688	9.27	0.526	3.486
1510775343693	9.27	0.536	3.486
1510775343705	9.184	0.507	3.658
1510775343718	9.04	0.708	4.079
1510775343723	9.107	0.996	3.763
1510775343733	9.366	1.206	3.466
1510775343748	9.644	0.852	3.208
1510775343766	9.615	0.651	3.361
1510775343789	9.5	0.89	3.715
1510775343791	9.5	0.89	3.955
1510775343798	9.663	0.957	4.376
1510775343836	9.586	0.766	4.807
1510775343837	9.653	0.488	4.903
1510775343840	9.749	0.383	4.616
1510775343854	9.615	0.45	4.424
1510775343856	9.251	0.584	4.826
1510775343857	9.002	0.67	5.344
1510775343877	8.964	0.622	5.583
1510775343880	9.203	0.593	5.391
1510775343891	9.634	0.622	5.152
1510775343899	10.008	1.043	4.654
1510775343903	10.113	1.34	4.376
1510775343913	10.046	1.58	4.166
1510775343931	9.969	1.838	3.744
1510775343933	9.797	1.934	3.572
1510775343943	9.5	1.771	3.715
1510775343957	9.232	1.522	3.964
1510775343969	9.069	1.197	4.233
1510775343974	9.155	0.871	4.127
1510775343986	9.155	0.584	4.242
1510775343992	9.002	0.478	4.472
1510775344003	8.839	0.316	4.357
1510775344017	8.638	0.21	4.022
1510775344023	8.447	0.392	3.84
1510775344033	8.102	0.699	3.811
1510775344045	7.795	0.833	3.811
1510775344059	7.585	0.747	3.964
1510775344064	7.451	0.641	4.156
1510775344076	7.403	0.651	4.28
1510775344082	7.269	0.833	4.137
1510775344093	6.962	0.976	4.07
1510775344108	6.704	0.814	3.725
1510775344113	6.608	0.603	3.754
1510775344123	6.579	0.536	3.888
1510775344135	6.55	0.421	3.926
1510775344150	6.656	0.411	3.696
1510775344156	6.531	0.584	3.495
1510775344166	5.928	0.708	4.683
1510775344173	5.612	0.545	6.292
1510775344183	5.909	0.249	7.374
1510775344200	7.249	0.124	7.259
1510775344203	7.154	0.249	7.259
1510775344213	7.23	0.612	6.742
1510775344226	6.694	1.063	6.215
1510775344233	6.091	1.216	5.315
1510775344249	5.928	0.948	4.367
1510775344255	6.196	0.45	4.118
1510775344264	6.742	0.009	5.583
1510775344273	7.412	-0.038	7.738
1510775344287	8.054	0.316	8.897
1510775344293	8.629	0.794	9.251
1510775344303	8.753	1.082	8.667
1510775344317	8.226	1.034	7.326
1510775344347	7.489	0.718	5.736
1510775344348	6.972	0.708	4.597
1510775344348	7.144	1.13	2.355
1510775344353	7.891	0.909	1.149
1510775344363	8.629	0.296	1.379
1510775344376	9.835	0.067	4.395
1510775344382	9.835	0.679	4.395
1510775344393	10.161	1.561	4.606
1510775344407	10.151	2.423	4.664
1510775344412	9.759	3.189	4.395
1510775344423	9.05	3.38	3.361
1510775344436	8.552	2.911	2.767
1510775344442	8.648	2.241	2.509
1510775344484	9.079	1.637	2.834
1510775344489	9.165	1.072	3.821
1510775344491	8.782	0.316	5.2
1510775344492	8.427	-0.373	6.742
1510775344494	8.312	-0.814	7.527
1510775344507	8.945	-0.996	7.345
1510775344516	8.801	-0.852	6.78
1510775344531	8.734	-0.296	5.947
1510775344533	8.399	0.478	4.941
1510775344544	8.293	1.139	4.185
1510775344557	8.408	1.637	3.735
1510775344562	8.657	1.915	3.476
1510775344573	8.964	1.963	3.543
1510775344587	9.059	1.474	4.108
1510775344592	8.983	0.938	4.884
1510775344603	8.81	0.881	5.458
1510775344617	8.638	0.957	5.401
1510775344623	8.6	1.072	4.951
1510775344633	8.6	1.168	4.424
1510775344647	8.552	1.197	3.926
1510775344681	8.6	1.177	3.246
1510775344682	8.676	1.063	3.131
1510775344683	8.868	0.909	3.122
1510775344683	9.203	0.775	3.17
1510775344693	9.433	0.584	3.294
1510775344704	9.529	0.498	3.246
1510775344713	9.538	0.603	3.074
1510775344723	9.644	0.871	2.882
1510775344736	9.95	1.264	2.576
1510775344742	10.266	1.58	2.241
1510775344777	10.506	1.743	2.03
1510775344778	10.544	1.599	2.03
1510775344779	10.429	1.264	2.154
1510775344783	10.17	0.871	2.537
1510775344797	9.816	0.593	2.892
1510775344818	9.49	0.488	3.112
1510775344819	9.261	0.584	3.198
1510775344828	9.155	0.747	3.189
1510775344834	9.213	0.928	2.959
1510775344844	9.404	1.082	2.7
1510775344859	9.615	1.168	2.336
1510775344863	9.787	1.235	2.001
1510775344873	9.902	1.235	1.867
1510775344887	9.854	1.235	1.886
1510775344892	9.807	1.225	1.982
1510775344903	9.739	1.158	2.202
1510775344918	9.759	1.015	2.327
1510775344922	9.816	0.823	2.346
1510775344933	9.845	0.67	2.451
1510775344950	9.807	0.622	2.49
1510775344953	9.73	0.708	2.413
1510775344964	9.605	0.852	2.557
1510775344982	9.443	0.967	2.739
1510775344984	9.28	1.015	2.853
1510775344995	9.203	1.043	3.122
1510775345011	9.165	1.024	3.466
1510775345013	9.012	0.919	3.878
1510775345024	8.82	0.708	4.386
1510775345039	8.619	0.478	5.209
1510775345042	8.494	0.296	5.209
1510775345053	8.466	0.134	5.449
1510775345068	8.504	0.067	5.401
1510775345073	8.609	0.019	5.257
1510775345083	8.696	0.047	5.095
1510775345104	8.724	0.076	4.664
1510775345109	8.82	0.201	4.664
1510775345127	9.002	0.335	3.782
1510775345130	9.155	0.478	3.246
1510775345140	9.28	0.622	2.825
1510775345155	9.308	0.727	2.767
1510775345156	9.366	0.814	2.451
1510775345170	9.452	0.881	2.279
1510775345177	9.577	0.919	2.116
1510775345188	9.672	0.881	2.106
1510775345193	9.73	0.842	2.212
1510775345207	9.711	0.804	2.308
1510775345222	9.663	0.756	2.394
1510775345223	9.615	0.708	2.413
1510775345239	9.615	0.651	2.432
1510775345250	9.663	0.603	2.461
1510775345253	9.634	0.593	2.518
1510775345263	9.567	0.574	2.614
1510775345279	9.481	0.545	2.71
1510775345283	9.452	0.565	2.777
1510775345305	9.443	0.593	2.853
1510775345306	9.5	0.584	2.901
1510775345313	9.51	0.565	2.825
1510775345325	9.538	0.574	2.7
1510775345337	9.529	0.565	2.633
1510775345342	9.5	0.517	2.691
1510775345353	9.49	0.507	2.796
1510775345368	9.51	0.478	2.853
1510775345373	9.49	0.44	2.844
1510775345384	9.471	0.411	2.786
1510775345399	9.481	0.392	2.777
1510775345403	9.519	0.421	2.767
1510775345415	9.538	0.45	2.748
1510775345431	9.538	0.44	2.719
1510775345433	9.519	0.392	2.748
1510775345446	9.519	0.383	2.719
1510775345462	9.577	0.392	2.691
1510775345464	9.586	0.45	2.652
1510775345475	9.586	0.517	2.614
1510775345492	9.529	0.536	2.585
1510775345494	9.49	0.555	2.595
1510775345506	9.5	0.507	2.643
1510775345522	9.519	0.45	2.672
1510775345524	9.557	0.383	2.662
1510775345535	9.605	0.354	2.643
1510775345552	9.605	0.373	2.585
1510775345554	9.586	0.383	2.585
1510775345566	9.529	0.411	2.652
1510775345582	9.414	0.373	2.786
1510775345584	9.366	0.296	2.921
1510775345596	9.356	0.268	3.035
1510775345613	9.404	0.325	3.16
1510775345615	9.49	0.43	3.189
1510775345626	9.538	0.545	3.112
1510775345642	9.538	0.622	2.863
1510775345644	9.567	0.689	2.585
1510775345656	9.615	0.67	2.298
1510775345672	9.72	0.584	2.106
1510775345674	9.778	0.459	1.972
1510775345686	9.778	0.373	1.992
1510775345703	9.749	0.335	2.154
1510775345704	9.797	0.43	2.221
1510775345716	9.826	0.593	2.145
1510775345732	9.826	0.718	2.241
1510775345734	9.826	0.957	1.963
1510775345773	9.816	1.12	1.494
1510775345784	9.816	1.197	1.34
1510775345791	10.094	1.264	1.379
1510775345793	10.362	1.235	1.264
1510775345794	10.41	1.321	1.532
1510775345797	10.065	1.532	2.039
1510775345809	9.452	1.58	2.739
1510775345826	9.04	1.465	3.629
1510775345828	9.04	1.225	3.83
1510775345841	9.241	0.794	3.859
1510775345846	9.385	0.45	4.223
1510775345853	9.194	0.344	4.874
1510775345864	8.667	0.459	5.535
1510775345879	8.753	0.66	5.727
1510775345883	8.801	0.814	5.171
1510775345898	9.385	0.938	4.242
1510775345915	9.682	0.948	3.792
1510775345916	9.586	1.024	3.811
1510775345926	9.749	1.436	3.84
1510775345935	10.065	1.915	3.945
1510775345943	10.295	2.068	4.194
1510775345957	10.372	1.743	4.443
1510775345965	10.362	1.723	4.319
1510775345973	10.103	1.647	4.07
1510775345984	9.605	1.455	4.338
1510775345993	9.443	1.149	4.482
1510775346003	9.519	0.498	4.549
1510775346013	9.51	-0.249	5.229
1510775346024	9.49	-0.66	5.535
1510775346032	9.567	-0.737	5.717
1510775346044	9.462	-0.488	5.937
1510775346053	9.174	-0.009	5.755
1510775346063	8.801	0.517	5.497
1510775346075	8.552	0.967	5.296
1510775346083	8.437	1.225	4.462
1510775346097	8.418	1.503	4.271
1510775346105	8.111	1.81	4.549
1510775346112	7.747	1.829	4.836
1510775346123	7.604	1.637	4.664
1510775346133	7.422	1.302	4.606
1510775346148	7.106	0.928	4.778
1510775346152	6.665	0.517	5.085
1510775346164	6.234	0.22	5.478
1510775346173	6.004	0.047	5.42
1510775346183	5.889	0.019	5.382
1510775346194	5.813	0.086	5.305
1510775346202	5.717	0.172	5.411
1510775346212	5.717	0.249	4.999
1510775346223	5.717	0.201	4.434
1510775346240	5.64	0.114	4.223
1510775346243	5.775	0.143	4.031
1510775346254	5.947	0.536	4.089
1510775346262	5.487	1.024	4.52
1510775346273	4.932	1.302	5.765
1510775346285	4.874	1.225	7.144
1510775346293	5.516	0.909	7.853
1510775346306	6.244	0.833	8.169
1510775346316	6.541	0.909	8.475
1510775346323	6.32	0.89	8.427
1510775346333	5.995	0.584	7.422
1510775346345	5.679	0.124	6.119
1510775346353	5.918	-0.316	4.482
1510775346362	6.675	-0.488	3.533
1510775346374	7.508	-0.038	4.233
1510775346396	8.025	0.852	5.391
1510775346411	8.38	1.312	6.56
1510775346412	9.021	1.245	6.416
1510775346413	9.979	0.986	5.65
1510775346433	10.496	0.986	4.826
1510775346439	10.19	1.417	3.486
1510775346448	9.347	1.676	1.963
1510775346458	8.897	1.608	1.072
1510775346472	9.28	1.704	1.905
1510775346473	9.347	1.905	1.905
1510775346494	9.653	2.193	4.491
1510775346495	9.778	2.528	7.173
1510775346505	9.835	2.681	7.02
1510775346515	9.835	2.767	5.554
1510775346531	8.494	2.748	4.338
1510775346533	8.494	2.442	3.725
1510775346548	7.594	1.953	3.629
1510775346558	7.192	1.312	3.974
1510775346563	7.422	0.622	4.778
1510775346573	8.207	-0.009	5.439
1510775346585	9.605	-0.679	6.349
1510775346593	9.452	-0.689	7.355
1510775346603	8.82	-0.411	7.125
1510775346616	8.447	0.928	6.33
1510775346622	8.255	0.928	4.941
1510775346634	8.399	1.647	3.533
1510775346647	8.686	2.346	2.633
1510775346653	8.858	2.346	2.537
1510775346663	8.906	1.819	2.959
1510775346674	9.002	1.321	3.639
1510775346682	9.347	1.015	4.022
1510775346693	9.778	0.67	3.945
1510775346704	10.132	0.43	3.706
1510775346712	10.218	0.363	3.237
1510775346723	10.151	0.469	2.748
1510775346739	10.008	0.66	2.509
1510775346743	10.056	0.823	2.509
1510775346755	10.218	0.928	2.758
1510775346766	10.247	0.986	2.93
1510775346773	10.036	0.928	2.988
1510775346783	9.625	0.881	3.016
1510775346794	9.222	0.919	3.035
1510775346803	8.992	1.024	3.026
1510775346813	8.945	1.206	2.978
1510775346824	9.059	1.34	2.796
1510775346832	9.299	1.398	2.652
1510775346843	9.49	1.407	2.518
1510775346855	9.596	1.321	2.423
1510775346862	9.605	1.206	2.432
1510775346873	9.529	1.043	2.509
1510775346886	9.423	0.909	2.604
1510775346893	9.356	0.814	2.748
1510775346903	9.404	0.699	2.806
1510775346917	9.49	0.641	2.853
1510775346923	9.519	0.641	2.901
1510775346933	9.49	0.737	2.911
1510775346948	9.452	0.833	2.921
1510775346953	9.395	0.986	2.892
1510775346963	9.376	1.12	2.882
1510775346980	9.404	1.168	2.691
1510775346983	9.529	1.158	2.739
1510775346993	9.605	1.139	2.614
1510775347008	9.538	1.043	2.844
1510775347013	9.376	0.957	2.844
1510775347025	9.27	0.861	3.026
1510775347080	9.27	0.785	3.141
1510775347082	9.337	0.699	3.17
1510775347084	9.395	0.612	3.179
1510775347085	9.414	0.536	3.17
1510775347085	9.433	0.498	3.045
1510775347086	9.452	0.507	2.901
1510775347093	9.452	0.574	2.844
1510775347103	9.481	0.641	2.844
1510775347113	9.433	0.699	2.901
1510775347127	9.395	0.775	2.882
1510775347133	9.347	0.852	2.873
1510775347154	9.395	0.871	2.825
1510775347159	9.471	0.89	2.729
1510775347170	9.519	0.814	2.595
1510775347178	9.519	0.775	2.547
1510775347189	9.519	0.756	2.566
1510775347197	9.5	0.785	2.614
1510775347206	9.529	0.823	2.585
1510775347216	9.529	0.861	2.547
1510775347223	9.529	0.823	2.547
1510775347235	9.51	0.775	2.633
1510775347248	9.557	0.727	2.595
1510775347253	9.557	0.727	2.49
1510775347263	9.644	0.766	2.336
1510775347275	9.749	0.794	2.193
1510775347282	9.749	0.794	2.126
1510775347293	9.586	0.794	2.183
1510775347305	9.586	0.699	2.183
1510775347312	9.433	0.699	2.279
1510775347323	9.529	0.689	2.279
1510775347336	9.586	0.727	2.308
1510775347342	9.653	0.727	2.298
1510775347353	9.72	0.823	2.26
1510775347367	9.768	0.909	2.097
1510775347373	9.768	1.063	1.963
1510775347383	9.749	0.785	1.848
1510775347398	9.682	0.871	1.886
1510775347403	9.596	0.804	2.02
1510775347415	9.586	0.756	2.164
1510775347428	9.567	0.718	2.308
1510775347433	9.577	0.67	2.47
1510775347445	9.51	0.555	2.576
1510775347459	9.51	0.411	2.624
1510775347463	9.49	0.335	2.643
1510775347474	9.51	0.316	2.652
1510775347488	9.548	0.363	2.633
1510775347493	9.577	0.459	2.547
1510775347505	9.605	0.545	2.49
1510775347518	9.586	0.612	2.442
1510775347523	9.586	0.641	2.403
1510775347535	9.605	0.67	2.375
1510775347548	9.605	0.708	2.375
1510775347553	9.625	0.737	2.375
1510775347565	9.605	0.747	2.403
1510775347579	9.615	0.737	2.365
1510775347593	9.72	0.641	2.193
1510775347608	9.73	0.612	2.183
1510775347613	9.653	0.584	2.279
1510775347624	9.605	0.612	2.308
1510775347638	9.586	0.612	2.317
1510775347643	9.625	0.603	2.279
1510775347655	9.672	0.574	2.288
1510775347669	9.692	0.66	2.317
1510775347673	9.692	0.747	2.346
1510775347687	9.663	0.842	2.212
1510775347722	9.739	0.986	2.001
1510775347735	9.807	1.168	2.135
1510775347739	9.73	1.283	2.145
1510775347739	9.557	1.312	2.336
1510775347743	9.433	1.426	2.461
1510775347745	9.395	1.465	2.317
1510775347753	9.49	1.369	2.308
1510775347763	9.548	1.091	2.47
1510775347780	9.519	0.861	2.892
1510775347784	9.529	0.833	3.064
1510775347793	9.586	0.814	2.911
1510775347810	9.759	0.775	2.806
1510775347822	9.692	0.9	2.988
1510775347823	9.577	1.149	3.045
1510775347843	9.385	1.235	3.409
1510775347850	9.261	1.139	3.409
1510775347856	9.376	1.043	3.256
1510775347868	9.404	0.909	3.141
1510775347887	9.261	0.766	3.466
1510775347891	9.261	0.814	3.466
1510775347897	9.404	0.986	3.227
1510775347908	9.739	1.12	2.806
1510775347925	9.739	1.177	2.499
1510775347933	9.902	1.197	2.413
1510775347939	9.759	1.264	2.432
1510775347943	9.759	1.35	2.873
1510775347953	9.577	1.388	3.179
1510775347971	9.969	1.426	3.189
1510775347973	9.969	1.446	2.652
1510775347983	10.525	1.599	2.566
1510775347996	10.534	1.733	2.71
1510775348003	10.534	1.819	3.074
1510775348013	10.659	1.905	3.371
1510775348027	10.716	1.886	3.773
1510775348032	10.534	1.714	4.041
1510775348043	10.017	1.225	4.635
1510775348055	9.318	0.699	5.229
1510775348062	8.906	0.076	5.65
1510775348073	8.858	-0.009	5.612
1510775348092	9.021	-0.574	5.765
1510775348103	9.021	-0.536	5.956
1510775348116	8.897	-0.134	5.851
1510775348122	8.724	0.45	5.612
1510775348133	8.523	0.909	4.903
1510775348146	8.389	1.331	4.051
1510775348152	8.284	1.666	3.62
1510775348163	8.073	1.915	3.754
1510775348175	7.853	1.944	3.936
1510775348182	7.7	1.848	3.84
1510775348193	7.565	1.733	3.888
1510775348206	7.46	1.446	3.859
1510775348212	7.192	1.063	3.955
1510775348223	6.799	0.775	4.941
1510775348235	6.522	0.507	5.621
1510775348242	6.416	0.402	6.129
1510775348253	6.282	0.421	6.713
1510775348265	6.177	0.44	6.636
1510775348273	6.004	0.277	6.598
1510775348283	6.1	0.153	6.177
1510775348295	6.493	0.124	5.324
1510775348303	6.828	0.335	4.874
1510775348313	6.876	0.651	4.893
1510775348327	6.78	0.603	4.798
1510775348332	6.828	0.344	4.568
1510775348343	7.202	0.574	3.754
1510775348361	7.307	1.024	3.352
1510775348370	6.79	0.996	4.261
1510775348373	6.828	0.545	5.506
1510775348393	7.403	0.517	6.636
1510775348394	7.987	1.063	6.761
1510775348403	8.293	1.762	6.158
1510775348419	8.025	2.097	5.746
1510775348427	7.383	1.838	5.506
1510775348434	6.981	1.369	5.018
1510775348447	7.039	0.938	4.271
1510775348453	7.546	0.507	3.361
1510775348465	8.025	0.038	2.882
1510775348477	8.169	-0.105	4.319
1510775348483	8.15	0.076	6.091
1510775348498	8.245	0.239	7.288
1510775348506	8.667	0.316	7.508
1510775348513	8.935	0.555	6.78
1510775348523	8.916	1.11	5.707
1510775348537	8.571	2.154	2.585
1510775348543	7.977	3.256	2.585
1510775348553	7.565	3.572	0.785
1510775348566	7.661	2.853	0.43
1510775348572	8.035	1.762	0.354
1510775348583	8.427	0.689	1.925
1510775348595	8.858	0.086	5.707
1510775348602	9.462	0.22	5.775
1510775348613	9.874	0.622	6.311
1510775348625	10.056	0.89	5.324
1510775348632	9.768	1.187	3.945
1510775348643	9.069	1.608	2.853
1510775348655	8.437	2.03	2.528
1510775348662	8.293	2.087	2.767
1510775348673	8.753	1.752	3.294
1510775348686	9.05	1.206	4.807
1510775348692	9.5	0.641	6.56
1510775348703	9.921	0.153	7.182
1510775348716	10.257	-0.095	6.991
1510775348722	9.778	-0.038	6.062
1510775348733	9.059	0.277	4.941
1510775348746	8.59	0.823	4.089
1510775348752	8.437	1.436	3.993
1510775348763	8.59	2.451	3.744
1510775348776	9.002	2.193	3.601
1510775348782	9.376	1.79	3.687
1510775348793	9.519	1.072	4.003
1510775348806	9.337	0.469	4.376
1510775348812	8.973	0.153	4.683
1510775348823	8.686	0.076	4.683
1510775348836	8.696	0.201	4.319
1510775348843	8.868	0.498	3.821
1510775348853	8.964	0.833	3.62
1510775348866	9.059	1.206	3.572
1510775348872	9.251	1.484	3.371
1510775348883	9.423	1.58	3.284
1510775348896	9.529	1.455	3.256
1510775348903	9.644	1.206	3.237
1510775348913	9.73	0.938	3.217
1510775348926	9.759	0.699	3.208
1510775348932	9.692	0.584	3.131
1510775348943	9.625	0.679	3.026
1510775348959	9.634	0.881	2.777
1510775348963	9.663	1.12	2.461
1510775348974	9.73	1.292	2.154
1510775348986	9.816	1.446	1.867
1510775348992	9.826	1.58	1.733
1510775349011	9.845	1.666	1.628
1510775349015	9.854	1.676	1.647
1510775349030	9.787	1.541	1.819
1510775349039	9.711	1.369	1.963
1510775349050	9.615	1.158	2.174
1510775349053	9.5	0.976	2.394
1510775349064	9.481	0.842	2.499
1510775349078	9.519	0.727	2.528
1510775349083	9.586	0.66	2.614
1510775349094	9.605	0.612	2.7
1510775349108	9.615	0.651	2.729
1510775349112	9.586	0.775	2.652
1510775349123	9.529	0.967	2.633
1510775349138	9.5	1.149	2.585
1510775349143	9.462	1.245	2.576
1510775349153	9.395	1.283	2.557
1510775349168	9.328	1.273	2.767
1510775349173	9.308	1.216	2.739
1510775349183	9.356	1.13	2.853
1510775349196	9.423	1.024	2.997
1510775349203	9.423	0.919	3.093
1510775349213	9.347	0.747	3.198
1510775349226	9.261	0.603	3.265
1510775349232	9.27	0.517	3.237
1510775349243	9.28	0.478	3.246
1510775349256	9.27	0.478	3.313
1510775349262	9.241	0.45	3.476
1510775349273	9.241	0.43	3.553
1510775349286	9.251	0.45	3.524
1510775349292	9.28	0.43	3.332
1510775349303	9.299	0.402	2.959
1510775349316	9.308	0.459	2.834
1510775349322	9.443	0.526	2.758
1510775349333	9.596	0.612	2.557
1510775349349	9.682	0.679	2.317
1510775349353	9.768	0.67	2.126
1510775349364	9.826	0.679	1.982
1510775349376	9.826	0.699	1.982
1510775349382	9.797	0.699	2.078
1510775349393	9.768	0.699	2.164
1510775349407	10.008	0.718	2.221
1510775349412	9.979	0.756	2.202
1510775349423	9.835	0.9	2.212
1510775349436	9.625	1.024	2.135
1510775349442	9.481	1.015	2.068
1510775349453	9.481	0.794	2.001
1510775349467	9.634	0.469	2.039
1510775349472	9.749	0.22	2.154
1510775349483	9.759	0.134	2.145
1510775349497	9.739	0.124	2.231
1510775349503	9.653	0.201	2.355
1510775349513	9.634	0.392	2.442
1510775349522	9.653	0.526	2.375
1510775349532	9.701	0.641	2.202
1510775349543	9.653	0.766	2.011
1510775349556	9.577	0.842	1.944
1510775349562	9.596	0.909	2.049
1510775349573	9.605	0.938	2.164
1510775349587	9.596	0.938	2.336
1510775349592	9.567	0.881	2.48
1510775349603	9.5	0.833	2.604
1510775349617	9.433	0.804	2.815
1510775349622	9.356	0.814	2.921
1510775349633	9.328	0.804	2.94
1510775349651	9.337	0.737	2.921
1510775349655	9.404	0.679	2.93
1510775349678	9.395	0.574	3.074
1510775349680	9.27	0.555	3.17
1510775349686	9.28	0.66	3.16
1510775349694	9.443	0.89	3.112
1510775349709	9.529	1.101	2.834
1510775349713	9.443	1.12	2.604
1510775349724	9.366	0.996	2.355
1510775349733	9.452	0.833	2.403
1510775349743	9.672	0.794	2.681
1510775349754	9.711	0.804	2.901
1510775349763	9.615	0.747	2.882
1510775349773	9.653	0.718	2.7
1510775349785	9.778	0.861	2.269
1510775349793	9.902	1.005	1.915
1510775349803	9.893	1.11	1.896
1510775349814	9.778	1.245	1.934
1510775349833	9.692	1.321	2.26
1510775349834	9.653	1.216	2.365
1510775349844	9.682	0.909	2.537
1510775349852	9.72	0.574	2.604
1510775349862	9.768	0.325	2.48
1510775349873	9.625	0.181	3.007
1510775349882	9.328	0.258	3.878
1510775349893	9.079	0.411	4.482
1510775349904	8.925	0.603	5.095
1510775349912	8.743	0.775	5.554
1510775349922	8.619	0.833	5.822
1510775349933	8.514	0.794	6.263
1510775349942	8.284	0.699	6.771
1510775349952	8.207	0.593	7.039
1510775349963	8.332	0.507	6.972
1510775349972	8.561	0.316	6.933
1510775349985	8.696	0.047	7.029
1510775349993	8.81	-0.019	6.091
1510775350003	9.002	0.268	5.133
1510775350012	9.251	0.718	4.367
1510775350023	9.5	1.177	4.041
1510775350032	9.711	1.561	3.581
1510775350042	9.854	1.877	2.844
1510775350053	10.084	2.011	2.547
1510775350062	10.237	2.011	2.557
1510775350072	10.094	1.915	2.93
1510775350083	9.644	1.848	2.978
1510775350092	9.644	1.714	3.15
1510775350103	9.28	1.369	3.629
1510775350113	9.232	0.612	4.089
1510775350122	9.155	0.545	4.395
1510775350132	9.203	0.392	4.348
1510775350143	9.174	0.383	4.395
1510775350152	9.136	0.584	4.3
1510775350162	9.002	0.727	3.878
1510775350174	8.619	0.938	3.792
1510775350182	8.092	1.225	4.041
1510775350192	7.757	1.35	4.443
1510775350204	7.546	1.379	4.941
1510775350212	7.479	1.407	5.353
1510775350222	7.498	1.474	5.181
1510775350233	7.364	1.436	4.625
1510775350242	6.981	1.158	4.395
1510775350252	6.656	0.804	4.28
1510775350264	6.589	0.373	4.405
1510775350272	6.627	0.153	4.778
1510775350282	6.723	-0.143	4.903
1510775350301	6.876	-0.526	4.951
1510775350303	6.972	-0.679	4.941
1510775350317	7.01	-0.469	4.846
1510775350327	6.905	0.162	4.788
1510775350333	6.426	0.938	4.74
1510775350349	5.928	1.254	5.229
1510775350360	6.062	1.139	5.64
1510775350363	6.627	0.871	6.052
1510775350373	7.087	0.794	6.541
1510775350387	7.211	0.986	6.771
1510775350393	7.087	1.254	6.78
1510775350403	6.943	1.35	6.091
1510775350415	6.962	1.273	5.018
1510775350423	7.115	1.139	4.041
1510775350433	7.297	1.072	3.275
1510775350444	7.575	0.919	3.332
1510775350452	7.594	0.804	4.434
1510775350463	7.508	0.699	5.928
1510775350474	7.661	0.555	6.828
1510775350482	8.073	0.545	6.838
1510775350493	8.245	0.881	6.225
1510775350505	7.977	1.426	5.238
1510775350512	7.508	2.011	4.108
1510775350523	6.981	2.576	2.853
1510775350533	6.742	2.806	2.183
1510775350542	6.79	2.164	3.217
1510775350553	7.316	1.177	4.731
1510775350563	8.169	0.804	6.732
1510775350573	8.705	1.005	8.025
1510775350584	8.839	1.359	8.063
1510775350596	8.494	1.599	5.813
1510775350603	7.843	1.57	5.813
1510775350613	7.747	1.177	4.185
1510775350624	8.437	0.823	3.505
1510775350632	9.443	0.737	3.476
1510775350642	10.084	0.842	3.974
1510775350654	10.075	0.938	5.037
1510775350662	9.711	0.814	5.037
1510775350673	9.366	0.766	5.526
1510775350684	9.184	0.766	6.052
1510775350692	9.098	1.082	6.052
1510775350703	8.983	1.57	5.315
1510775350714	8.81	2.154	4.376
1510775350722	8.81	2.48	3.917
1510775350732	8.849	2.288	3.869
1510775350744	8.878	1.8	4.156
1510775350752	8.878	1.283	4.702
1510775350762	8.849	0.9	5.315
1510775350774	8.887	0.469	5.698
1510775350782	8.734	0.593	5.822
1510775350792	8.791	0.699	5.794
1510775350805	8.705	1.225	5.238
1510775350812	8.791	1.225	4.654
1510775350822	8.945	1.379	4.242
1510775350843	9.232	1.187	4.108
1510775350853	9.261	0.833	4.204
1510775350864	9.194	0.67	4.348
1510775350872	9.059	0.699	4.405
1510775350883	8.964	0.699	4.28
1510775350894	8.916	0.747	4.137
1510775350903	8.878	0.861	3.974
1510775350913	8.897	0.986	3.715
1510775350924	8.992	1.063	3.457
1510775350932	9.088	1.063	3.237
1510775350942	9.155	0.986	3.17
1510775350961	9.194	0.909	3.237
1510775350963	9.174	0.823	3.419
1510775350983	9.136	0.747	3.562
1510775350984	9.146	0.651	3.591
1510775350993	9.184	0.536	3.524
1510775351009	9.241	0.478	3.524
1510775351019	9.27	0.459	3.438
1510775351023	9.318	0.517	3.332
1510775351033	9.337	0.632	3.323
1510775351048	9.241	0.727	3.428
1510775351053	9.136	0.823	3.514
1510775351063	9.155	0.89	3.466
1510775351076	9.203	0.919	3.352
1510775351083	9.251	0.871	3.304
1510775351093	9.241	0.804	3.342
1510775351108	9.232	0.766	3.361
1510775351112	9.251	0.747	3.371
1510775351123	9.28	0.727	3.371
1510775351135	9.241	0.699	3.371
1510775351143	9.241	0.641	3.39
1510775351153	9.28	0.593	3.352
1510775351165	9.28	0.574	3.304
1510775351173	9.28	0.612	3.304
1510775351183	9.289	0.66	3.342
1510775351194	9.251	0.708	3.399
1510775351202	9.289	0.689	3.438
1510775351213	9.299	0.574	3.342
1510775351224	9.318	0.507	3.265
1510775351232	9.28	0.498	3.045
1510775351243	9.184	0.536	2.949
1510775351255	9.27	0.574	2.901
1510775351263	9.49	0.612	2.901
1510775351273	9.692	0.689	2.873
1510775351287	9.586	0.756	2.576
1510775351293	9.663	0.833	2.576
1510775351303	9.605	0.928	2.375
1510775351317	9.596	0.976	2.279
1510775351323	9.577	0.948	2.279
1510775351333	9.538	0.9	2.47
1510775351347	9.5	0.833	2.729
1510775351353	9.5	0.727	2.729
1510775351363	9.471	0.593	2.844
1510775351377	9.481	0.45	2.978
1510775351383	9.462	0.411	2.978
1510775351393	9.452	0.402	2.978
1510775351407	9.356	0.45	3.026
1510775351413	9.356	0.507	3.026
1510775351423	9.347	0.545	3.141
1510775351437	9.337	0.574	3.17
1510775351443	9.337	0.565	3.141
1510775351453	9.337	0.555	3.083
1510775351467	9.328	0.354	3.074
1510775351473	9.328	0.459	3.064
1510775351483	9.347	0.383	3.093
1510775351497	9.366	0.335	3.112
1510775351504	9.376	0.316	3.122
1510775351516	9.404	0.325	3.055
1510775351531	9.423	0.354	2.968
1510775351533	9.462	0.392	2.853
1510775351543	9.481	0.584	2.806
1510775351555	9.51	0.498	2.729
1510775351562	9.49	0.565	2.691
1510775351573	9.519	0.584	2.672
1510775351585	9.557	0.507	2.672
1510775351593	9.557	0.478	2.739
1510775351626	9.529	0.383	2.834
1510775351634	9.471	0.335	2.93
1510775351636	9.443	0.296	3.007
1510775351638	9.443	0.316	3.045
1510775351644	9.443	0.325	3.093
1510775351658	9.395	0.335	3.093
1510775351668	9.366	0.325	3.131
1510775351677	9.328	0.316	3.141
1510775351683	9.337	0.316	3.102
1510775351693	9.395	0.296	3.122
1510775351707	9.395	0.268	3.179
1510775351713	9.356	0.258	3.284
1510775351724	9.318	0.258	3.361
1510775351739	9.251	0.306	3.399
1510775351743	9.155	0.402	3.466
1510775351753	9.232	0.45	3.227
1510775351766	9.414	0.306	3.16
1510775351773	9.567	0.316	3.179
1510775351783	9.672	0.44	3.093
1510775351797	9.596	0.526	2.863
1510775351803	9.5	0.402	2.499
1510775351813	9.557	0.383	2.691
1510775351825	9.538	0.593	2.892
1510775351832	9.529	0.919	3.035
1510775351852	9.548	1.312	3.016
1510775351857	9.644	1.685	2.71
1510775351863	9.854	2.078	2.183
1510775351873	9.893	2.413	1.992
1510775351886	9.538	2.365	1.992
1510775351893	9.127	1.857	2.432
1510775351903	8.878	1.216	3.045
1510775351917	8.945	0.651	3.648
1510775351923	9.127	0.153	4.022
1510775351933	9.203	-0.296	4.242
1510775351945	9.107	-0.574	4.434
1510775351953	8.897	-0.498	4.644
1510775351963	8.743	-0.172	4.625
1510775351975	8.743	0.239	4.558
1510775351983	8.839	0.632	4.568
1510775351993	8.935	0.996	4.462
1510775352007	9.012	1.254	4.079
1510775352013	9.184	1.35	4.079
1510775352023	9.337	1.331	3.84
1510775352038	9.433	1.292	3.524
1510775352043	9.462	1.197	3.524
1510775352053	9.519	1.11	3.936
1510775352068	9.739	1.063	3.802
1510775352073	10.046	1.024	3.955
1510775352083	10.123	0.9	3.936
1510775352098	9.874	0.881	4.108
1510775352103	9.912	0.938	4.261
1510775352113	10.008	1.034	4.28
1510775352128	10.161	1.024	4.29
1510775352133	10.161	0.9	4.51
1510775352144	9.625	0.842	4.75
1510775352158	9.711	1.053	4.568
1510775352163	9.586	1.158	4.654
1510775352174	9.548	1.082	4.807
1510775352189	9.548	0.938	4.74
1510775352193	9.098	0.9	5.104
1510775352203	8.724	1.024	5.257
1510775352218	8.504	1.139	5.209
1510775352223	8.332	1.177	5.315
1510775352235	8.14	0.986	5.353
1510775352270	7.795	1.043	5.382
1510775352278	7.546	0.928	5.43
1510775352281	7.374	1.053	5.296
1510775352283	7.125	1.043	5.104
1510775352284	6.866	1.024	5.066
1510775352301	6.598	1.091	5.123
1510775352309	6.234	1.187	5.382
1510775352325	5.717	1.024	5.784
1510775352338	5.688	0.794	5.717
1510775352343	5.775	0.737	5.305
1510775352355	5.717	0.794	5.123
1510775352365	5.573	0.794	4.75
1510775352378	5.698	0.852	4.357
1510775352383	5.794	1.101	3.648
1510775352398	5.621	1.216	3.61
1510775352403	5.822	0.928	4.328
1510775352413	6.387	0.593	5.593
1510775352426	6.933	0.373	6.636
1510775352433	7.422	0.43	7.058
1510775352443	7.537	0.622	7.259
1510775352456	7.087	0.756	7.211
1510775352477	6.493	0.67	6.627
1510775352478	6.253	0.258	5.516
1510775352484	6.474	-0.306	4.817
1510775352493	7.0	-0.699	4.759
1510775352503	7.527	-0.861	5.813
1510775352517	8.111	-0.641	6.838
1510775352523	8.753	-0.201	7.297
1510775352533	9.462	0.153	7.259
1510775352546	9.893	0.45	6.589
1510775352553	9.73	0.718	5.66
1510775352563	9.088	1.101	4.75
1510775352576	8.504	1.484	3.591
1510775352583	8.533	1.57	2.212
1510775352593	8.916	1.465	1.762
1510775352606	9.127	1.12	2.384
1510775352613	9.165	0.612	3.687
1510775352623	9.251	0.21	4.635
1510775352636	9.443	-0.009	4.874
1510775352643	9.605	0.134	4.807
1510775352653	9.567	0.641	4.405
1510775352666	9.146	1.561	4.223
1510775352673	8.427	2.624	4.118
1510775352684	8.073	3.495	3.543
1510775352699	8.332	3.763	2.997
1510775352703	8.858	3.313	2.777
1510775352714	9.088	2.624	3.16
1510775352729	8.734	2.02	5.612
1510775352733	8.083	1.513	5.554
1510775352744	7.757	1.158	6.177
1510775352759	7.91	0.871	5.688
1510775352763	8.274	0.478	5.822
1510775352774	8.408	-0.019	5.104
1510775352789	8.37	-0.181	4.644
1510775352793	8.399	-0.057	4.568
1510775352804	8.542	0.028	4.386
1510775352820	8.81	0.105	4.51
1510775352823	9.155	0.421	4.223
1510775352836	10.352	0.881	3.773
1510775352846	11.052	1.254	3.361
1510775352856	10.946	1.359	2.853
1510775352867	10.735	1.225	2.432
1510775352877	10.247	0.89	2.269
1510775352883	9.787	0.536	2.365
1510775352893	9.538	0.383	2.624
1510775352912	9.385	0.488	2.911
1510775352916	9.337	0.794	2.997
1510775352924	9.443	1.264	2.796
1510775352936	9.548	1.494	2.413
1510775352948	9.615	1.235	2.001
1510775352954	9.701	1.369	1.704
1510775352968	9.749	1.455	1.589
1510775352973	9.768	1.484	1.618
1510775352985	9.807	1.407	1.656
1510775352998	9.807	1.168	1.733
1510775353003	9.787	0.833	1.896
1510775353013	9.711	0.536	2.145
1510775353028	9.663	0.325	2.384
1510775353033	9.653	0.201	2.528
1510775353043	9.625	0.229	2.643
1510775353058	9.653	0.411	2.614
1510775353063	9.682	0.679	2.47
1510775353073	9.692	0.938	2.384
1510775353087	9.692	1.206	2.241
1510775353093	9.596	1.35	2.269
1510775353103	9.443	1.426	2.451
1510775353117	9.366	1.369	2.7
1510775353123	9.328	1.254	2.988
1510775353135	9.213	1.072	3.323
1510775353149	9.05	0.814	3.715
1510775353153	8.964	0.574	4.012
1510775353164	8.954	0.354	4.079
1510775353179	8.992	0.162	4.137
1510775353183	9.059	0.0	4.146
1510775353194	9.146	-0.076	4.118
1510775353210	9.194	-0.028	3.917
1510775353213	9.251	0.153	3.658
1510775353224	9.308	0.354	3.332
1510775353239	9.376	0.574	2.988
1510775353243	9.49	0.766	2.672
1510775353254	9.557	0.909	2.423
1510775353270	9.577	0.986	2.279
1510775353273	9.625	1.005	2.164
1510775353285	9.682	1.015	2.087
1510775353300	9.778	0.948	2.02
1510775353303	9.826	0.861	1.944
1510775353315	9.826	0.814	1.877
1510775353330	9.816	0.737	1.857
1510775353333	9.854	0.651	1.848
1510775353345	9.845	0.574	1.925
1510775353360	9.778	0.545	2.068
1510775353363	9.701	0.565	2.202
1510775353375	9.682	0.555	2.25
1510775353390	9.672	0.565	2.26
1510775353395	9.605	0.574	2.308
1510775353409	9.557	0.565	2.375
1510775353413	9.548	0.593	2.49
1510775353424	9.577	0.651	2.509
1510775353437	9.586	0.727	2.557
1510775353450	9.567	0.794	2.585
1510775353453	9.538	0.804	2.48
1510775353480	9.529	0.747	2.585
1510775353483	9.519	0.708	2.566
1510775353495	9.682	0.632	2.566
1510775353503	9.567	0.526	2.557
1510775353513	9.605	0.469	2.499
1510775353525	9.625	0.469	2.49
1510775353533	9.625	0.498	2.413
1510775353543	9.615	0.545	2.288
1510775353555	9.692	0.727	2.164
1510775353591	9.845	0.651	2.068
1510775353599	9.711	0.747	2.068
1510775353604	9.644	0.852	2.097
1510775353607	9.605	0.852	2.164
1510775353609	9.634	0.861	2.174
1510775353621	9.711	0.861	2.049
1510775353623	9.787	0.842	1.982
1510775353645	9.816	0.718	2.001
1510775353653	9.797	0.67	1.934
1510775353663	9.739	0.785	2.154
1510775353675	9.692	0.871	2.212
1510775353683	9.644	0.919	2.336
1510775353693	9.625	0.976	2.451
1510775353704	9.519	0.986	2.518
1510775353713	9.433	0.909	2.662
1510775353723	9.443	0.814	2.509
1510775353734	9.538	0.699	2.47
1510775353743	9.672	0.737	2.652
1510775353753	9.653	0.842	2.93
1510775353764	9.356	0.919	3.39
1510775353773	9.069	0.986	3.696
1510775353783	9.059	0.967	3.782
1510775353794	9.184	0.976	3.572
1510775353802	9.404	0.948	3.246
1510775353812	9.462	0.948	3.141
1510775353823	9.49	1.139	3.112
1510775353832	9.529	1.398	3.141
1510775353859	9.481	1.561	3.313
1510775353861	9.557	1.618	3.064
1510775353877	9.759	1.561	2.566
1510775353879	9.998	1.513	2.059
1510775353883	10.046	1.455	1.953
1510775353893	9.864	1.331	2.365
1510775353903	9.557	1.187	3.198
1510775353917	9.356	1.12	4.769
1510775353923	9.308	0.948	4.778
1510775353934	9.395	0.833	5.152
1510775353946	9.567	0.603	5.458
1510775353953	9.672	0.459	5.717
1510775353965	10.123	0.526	5.353
1510775353976	10.4	0.574	4.884
1510775353983	10.372	0.526	4.577
1510775353993	10.228	0.699	4.405
1510775354006	10.036	0.996	4.213
1510775354013	9.864	1.072	4.146
1510775354023	9.72	1.034	4.213
1510775354035	9.567	1.082	4.415
1510775354043	9.538	1.216	4.271
1510775354055	9.414	1.187	4.252
1510775354066	9.203	1.168	4.194
1510775354073	9.136	1.216	4.012
1510775354083	9.012	1.225	3.821
1510775354095	8.619	1.177	4.28
1510775354111	8.245	1.168	4.644
1510775354113	8.063	1.043	4.721
1510775354125	7.939	0.67	4.443
1510775354132	7.881	0.392	4.501
1510775354145	7.853	0.43	4.472
1510775354154	7.862	0.545	4.529
1510775354162	7.91	0.622	4.558
1510775354173	8.14	0.737	3.926
1510775354185	7.671	1.149	4.539
1510775354201	7.489	1.245	4.577
1510775354203	7.489	1.245	4.395
1510775354214	7.154	1.541	4.386
1510775354234	7.154	1.647	4.06
1510775354243	7.01	1.944	4.118
1510775354249	6.617	1.963	4.807
1510775354261	6.704	1.57	4.893
1510775354263	7.058	0.928	4.319
1510775354276	6.885	0.363	4.367
1510775354285	6.56	-0.21	4.654
1510775354293	6.704	-0.794	4.999
1510775354312	6.924	-1.216	5.248
1510775354314	6.962	-1.197	5.411
1510775354326	6.914	-0.727	6.186
1510775354337	6.933	-0.134	7.134
1510775354343	7.24	0.172	7.249
1510775354355	7.728	0.718	6.569
1510775354366	7.996	1.235	5.439
1510775354373	7.891	1.79	4.644
1510775354383	7.632	2.164	4.348
1510775354394	7.431	2.116	4.146
1510775354403	7.565	1.599	3.802
1510775354413	7.91	0.861	3.62
1510775354425	8.073	0.536	4.673
1510775354432	8.102	0.67	5.803
1510775354443	8.14	0.584	6.828
1510775354455	8.399	0.229	7.02
1510775354463	8.676	-0.086	6.359
1510775354473	8.81	0.019	5.401
1510775354487	8.734	0.421	4.194
1510775354493	8.494	1.024	2.978
1510775354503	8.255	1.494	2.154
1510775354517	7.996	1.685	1.561
1510775354523	7.594	1.867	1.656
1510775354535	7.364	1.838	2.71
1510775354548	7.613	1.446	4.233
1510775354553	8.648	0.89	4.807
1510775354566	9.644	0.114	5.497
1510775354579	10.056	-0.067	5.746
1510775354583	9.692	0.603	5.976
1510775354593	8.743	1.388	5.391
1510775354608	7.719	1.867	4.146
1510775354613	6.914	2.087	4.146
1510775354625	6.349	2.288	4.932
1510775354643	7.067	1.992	5.66
1510775354655	8.217	1.216	6.617
1510775354668	9.241	0.603	6.828
1510775354673	9.854	0.354	6.167
1510775354685	9.749	0.316	5.257
1510775354698	8.456	0.392	4.022
1510775354703	8.437	0.66	4.022
1510775354715	8.198	1.11	4.491
1510775354728	8.303	1.618	5.315
1510775354733	8.724	1.944	5.248
1510775354745	9.376	1.905	4.434
1510775354758	9.778	1.455	4.003
1510775354763	9.605	1.005	3.706
1510775354776	9.088	0.833	4.079
1510775354788	8.648	1.005	4.692
1510775354793	8.561	1.177	4.692
1510775354805	8.945	1.149	4.51
1510775354818	9.452	1.034	4.367
1510775354823	9.644	0.938	4.319
1510775354835	9.471	0.794	4.271
1510775354849	9.184	0.651	3.85
1510775354853	9.184	0.689	3.696
1510775354866	9.366	0.861	4.118
1510775354879	9.711	1.379	4.223
1510775354905	9.711	1.321	4.07
1510775354908	9.586	1.407	3.993
1510775354918	8.82	1.177	3.811
1510775354919	8.82	1.13	3.773
1510775354933	9.136	0.919	3.706
1510775354935	9.146	0.747	3.62
1510775354951	9.423	0.632	3.696
1510775354953	9.136	0.593	3.83
1510775354971	9.05	0.66	3.897
1510775354973	9.002	0.747	3.878
1510775354983	9.021	0.747	3.802
1510775354997	9.079	0.689	3.725
1510775355003	9.136	0.574	3.591
1510775355015	9.203	0.526	3.505
1510775355027	9.299	0.756	3.361
1510775355033	9.299	0.651	3.304
1510775355043	9.261	0.603	3.323
1510775355057	9.27	0.574	3.39
1510775355063	9.328	0.593	3.476
1510775355075	9.376	0.641	3.457
1510775355086	9.395	0.718	3.256
1510775355093	9.376	0.756	3.016
1510775355103	9.366	0.823	2.94
1510775355115	9.395	0.957	2.892
1510775355122	9.395	1.091	2.901
1510775355133	9.366	1.168	2.882
1510775355145	9.318	1.139	2.921
1510775355152	9.289	0.976	2.93
1510775355163	9.337	0.766	2.959
1510775355178	9.395	0.574	2.978
1510775355183	9.452	0.517	3.007
1510775355193	9.5	0.478	2.959
1510775355209	9.481	0.536	2.911
1510775355213	9.443	0.593	2.882
1510775355226	9.481	0.632	2.863
1510775355238	9.538	0.67	2.796
1510775355243	9.586	0.718	2.633
1510775355256	9.586	0.794	2.47
1510775355269	9.538	0.881	2.394
1510775355273	9.548	0.957	2.413
1510775355285	9.596	1.005	2.413
1510775355299	9.625	1.005	2.394
1510775355303	9.663	0.967	2.288
1510775355315	9.663	0.948	2.212
1510775355329	9.672	0.928	2.221
1510775355333	9.72	0.938	2.202
1510775355344	9.711	0.938	2.231
1510775355359	9.644	0.909	2.25
1510775355363	9.548	0.852	2.288
1510775355374	9.481	0.775	2.375
1510775355389	9.5	0.737	2.461
1510775355393	9.529	0.689	2.547
1510775355412	9.519	0.67	2.71
1510775355416	9.49	0.641	2.806
1510775355428	9.5	0.632	2.796
1510775355436	9.529	0.622	2.71
1510775355447	9.538	0.651	2.633
1510775355452	9.519	0.67	2.633
1510775355463	9.481	0.766	2.739
1510775355476	9.414	0.814	2.748
1510775355482	9.414	0.756	2.739
1510775355493	9.49	0.651	2.604
1510775355506	9.557	0.555	2.566
1510775355512	9.586	0.45	2.537
1510775355523	9.596	0.421	2.509
1510775355551	9.557	0.402	2.585
1510775355553	9.529	0.421	2.624
1510775355555	9.519	0.402	2.672
1510775355579	9.51	0.43	2.729
1510775355580	9.519	0.43	2.729
1510775355594	9.548	0.45	2.719
1510775355600	9.529	0.478	2.672
1510775355606	9.519	0.517	2.672
1510775355617	9.5	0.526	2.652
1510775355630	9.672	0.507	2.662
1510775355633	9.567	0.459	2.652
1510775355644	9.605	0.411	2.7
1510775355659	9.433	0.383	2.662
1510775355663	9.548	0.383	2.681
1510775355675	9.548	0.411	2.652
1510775355688	9.557	0.459	2.643
1510775355693	9.615	0.507	2.614
1510775355703	9.634	0.555	2.557
1510775355716	9.605	0.545	2.537
1510775355722	9.529	0.555	2.537
1510775355733	9.538	0.565	2.672
1510775355746	9.625	0.66	2.681
1510775355752	9.663	0.651	2.71
1510775355763	9.701	0.593	2.624
1510775355778	9.749	0.488	2.518
1510775355783	9.768	0.354	2.212
1510775355794	9.682	0.354	2.336
1510775355809	9.462	0.469	2.614
1510775355813	9.328	0.565	3.007
1510775355825	9.318	0.679	3.304
1510775355839	9.318	0.871	3.294
1510775355843	9.28	1.015	3.112
1510775355855	9.299	0.986	2.71
1510775355872	9.366	0.996	2.509
1510775355896	9.462	1.091	2.518
1510775355898	9.471	1.216	2.786
1510775355899	9.5	1.417	2.959
1510775355910	9.634	1.436	2.71
1510775355916	9.701	1.197	2.566
1510775355926	9.625	0.976	2.652
1510775355935	9.433	0.881	3.016
1510775355943	9.174	0.928	3.62
1510775355953	9.031	0.957	3.878
1510775355962	9.002	0.861	4.271
1510775355973	9.203	0.737	4.348
1510775355984	9.299	0.67	4.06
1510775355993	9.213	0.622	3.792
1510775356003	9.012	0.565	3.869
1510775356018	8.897	0.651	4.233
1510775356022	9.002	0.833	4.472
1510775356033	9.232	1.053	4.462
1510775356047	9.519	1.082	3.993
1510775356052	9.711	0.9	3.792
1510775356063	9.72	0.727	3.62
1510775356081	9.644	0.9	3.936
1510775356083	9.644	0.785	3.936
1510775356093	9.768	0.775	4.137
1510775356107	9.979	0.804	4.099
1510775356112	10.027	1.024	4.079
1510775356123	9.874	1.321	4.031
1510775356138	9.711	1.532	3.859
1510775356142	9.653	1.589	3.639
1510775356153	9.481	1.589	3.897
1510775356171	9.184	1.446	5.047
1510775356173	8.743	1.187	5.008
1510775356200	8.303	1.034	5.65
1510775356204	8.198	1.13	5.937
1510775356208	8.552	1.206	5.937
1510775356219	8.964	1.072	5.382
1510775356225	9.376	0.852	4.788
1510775356233	9.797	0.708	4.223
1510775356243	9.816	0.804	4.06
1510775356260	9.452	1.168	4.683
1510775356263	8.878	1.685	4.989
1510775356273	8.514	1.896	5.344
1510775356288	8.399	1.762	5.037
1510775356293	8.475	1.58	4.673
1510775356303	8.322	1.494	4.664
1510775356318	7.68	1.465	4.731
1510775356323	6.512	1.283	5.123
1510775356333	6.474	1.053	6.263
1510775356348	6.454	0.842	6.847
1510775356352	6.282	0.957	7.403
1510775356363	5.784	1.292	7.585
1510775356380	5.478	1.666	6.905
1510775356383	5.315	1.896	6.014
1510775356393	5.209	1.896	5.104
1510775356409	5.372	1.005	4.549
1510775356413	5.698	0.277	4.462
1510775356425	6.062	-0.507	4.893
1510775356438	6.387	-0.823	5.315
1510775356442	6.636	-1.13	5.439
1510775356453	6.866	-1.13	5.114
1510775356468	6.761	-0.986	4.903
1510775356472	6.349	-0.737	5.142
1510775356483	6.148	-0.45	5.736
1510775356499	6.368	0.067	6.445
1510775356503	6.857	0.67	6.751
1510775356514	7.24	1.034	6.177
1510775356526	7.23	1.187	5.794
1510775356533	6.885	1.292	5.593
1510775356546	6.608	1.063	5.171
1510775356556	6.589	0.536	4.529
1510775356565	6.991	0.114	4.319
1510775356578	7.613	0.143	4.51
1510775356592	7.929	0.565	5.516
1510775356594	7.939	1.12	6.953
1510775356606	7.862	1.369	7.556
1510775356622	8.207	1.561	7.364
1510775356624	8.868	2.011	6.091
1510775356636	9.184	2.547	4.625
1510775356652	9.136	2.978	3.399
1510775356654	8.696	2.758	1.867
1510775356666	8.245	2.269	1.139
1510775356683	8.063	1.867	1.695
1510775356684	8.36	1.513	3.189
1510775356696	8.954	1.082	4.501
1510775356713	9.404	0.574	5.956
1510775356714	9.759	0.411	7.125
1510775356726	9.692	0.727	7.326
1510775356744	9.136	1.379	6.799
1510775356746	8.59	2.068	5.162
1510775356758	8.418	2.432	3.447
1510775356773	8.581	2.241	2.815
1510775356775	9.002	1.79	2.921
1510775356786	9.385	1.379	3.447
1510775356803	9.481	0.852	4.06
1510775356804	9.433	0.239	4.893
1510775356816	9.452	-0.162	5.583
1510775356849	9.519	-0.067	5.717
1510775356869	9.548	0.354	5.813
1510775356872	9.5	0.9	5.075
1510775356878	9.376	1.455	4.194
1510775356878	9.241	1.915	3.591
1510775356882	8.992	2.202	3.466
1510775356883	8.724	2.241	3.821
1510775356893	8.504	2.049	4.376
1510775356910	8.418	1.608	5.066
1510775356913	8.466	0.938	5.008
1510775356923	8.514	0.296	4.98
1510775356947	8.514	-0.009	4.683
1510775356948	8.59	0.009	4.529
1510775356953	8.705	0.287	4.348
1510775356964	8.858	0.708	4.041
1510775356973	9.04	1.177	3.581
1510775356985	9.203	1.494	3.342
1510775356994	9.27	1.599	3.179
1510775357003	9.222	1.484	3.189
1510775357013	9.165	1.245	3.352
1510775357024	9.251	1.043	3.601
1510775357038	9.404	0.89	3.735
1510775357043	9.51	0.708	3.754
1510775357056	9.49	0.593	3.61
1510775357063	9.471	0.555	3.457
1510775357073	9.452	0.622	3.294
1510775357099	9.423	1.053	3.15
1510775357100	9.366	1.11	3.055
1510775357104	9.347	1.273	3.035
1510775357114	9.328	1.302	3.074
1510775357122	9.376	1.302	2.968
1510775357133	9.452	1.197	2.796
1510775357144	9.471	1.168	2.691
1510775357155	9.443	1.168	2.767
1510775357163	9.376	1.168	2.93
1510775357173	9.328	1.187	3.131
1510775357182	9.299	1.12	3.217
1510775357198	9.299	1.005	3.256
1510775357204	9.261	0.871	3.237
1510775357212	9.241	0.737	3.246
1510775357223	9.261	0.641	3.256
1510775357233	9.28	0.622	3.304
1510775357242	9.289	0.641	3.304
1510775357253	9.308	0.66	3.304
1510775357265	9.356	0.718	3.294
1510775357272	9.347	0.756	3.189
1510775357283	9.318	0.833	3.093
1510775357318	9.289	0.842	3.045
1510775357319	9.289	0.785	2.959
1510775357369	9.318	0.737	2.921
1510775357371	9.423	0.699	2.834
1510775357371	9.557	0.679	2.739
1510775357372	9.615	0.679	2.652
1510775357373	9.605	0.632	2.576
1510775357374	9.538	0.612	2.576
1510775357374	9.49	0.679	2.595
1510775357383	9.548	0.756	2.557
1510775357392	9.605	0.804	2.48
1510775357405	9.663	0.852	2.346
1510775357416	9.739	0.823	2.183
1510775357423	9.835	0.814	1.963
1510775357445	9.854	0.823	1.819
1510775357446	9.807	0.833	1.81
1510775357453	9.73	0.833	1.982
1510775357463	9.615	0.804	2.231
1510775357487	9.596	0.785	2.384
1510775357492	9.663	0.747	2.413
1510775357495	9.759	0.67	2.384
1510775357503	9.778	0.632	2.355
1510775357519	9.625	0.584	2.394
1510775357528	9.423	0.565	2.518
1510775357536	9.318	0.593	2.672
1510775357542	9.404	0.603	2.786
1510775357553	9.548	0.622	2.786
1510775357566	9.653	0.565	2.547
1510775357573	9.653	0.545	2.566
1510775357583	9.605	0.555	2.451
1510775357595	9.548	0.555	2.384
1510775357606	9.529	0.603	2.298
1510775357617	9.605	0.67	2.394
1510775357627	9.663	0.756	2.557
1510775357632	9.653	0.948	2.547
1510775357651	9.596	1.187	1.944
1510775357657	9.826	1.245	1.905
1510775357663	9.835	1.235	1.905
1510775357673	9.979	1.225	1.944
1510775357684	9.921	1.225	2.183
1510775357692	9.692	1.197	2.509
1510775357703	9.328	1.177	2.796
1510775357714	9.538	1.245	2.825
1510775357722	9.586	1.197	2.815
1510775357733	9.577	1.053	3.045
1510775357745	9.423	0.833	3.275
1510775357753	9.308	0.718	3.371
1510775357763	9.308	0.766	3.495
1510775357778	9.366	1.091	3.457
1510775357783	9.462	0.938	3.572
1510775357793	9.538	0.842	3.562
1510775357808	9.634	1.063	3.294
1510775357813	9.672	1.379	2.71
1510775357823	9.711	1.407	2.126
1510775357837	9.826	1.312	2.221
1510775357843	9.835	1.264	2.585
1510775357855	9.864	1.245	2.853
1510775357867	9.874	1.302	2.968
1510775357883	10.017	1.331	2.873
1510775357890	10.123	1.158	2.806
1510775357910	10.103	1.082	2.93
1510775357912	9.912	1.13	3.17
1510775357913	9.835	1.139	3.553
1510775357928	10.075	1.206	3.725
1510775357933	10.506	1.388	3.859
1510775357961	10.64	1.522	3.725
1510775357962	10.41	1.513	3.572
1510775357964	9.998	1.388	3.639
1510775357976	9.519	1.187	4.185
1510775357995	9.222	0.89	4.913
1510775357997	9.347	0.66	4.98
1510775358004	9.625	0.526	4.865
1510775358017	9.615	0.411	4.711
1510775358023	9.261	0.421	4.836
1510775358035	9.079	0.517	4.836
1510775358048	9.203	0.651	4.597
1510775358053	9.251	0.756	4.702
1510775358065	9.127	0.842	4.884
1510775358078	8.887	0.9	4.721
1510775358093	8.59	0.881	4.367
1510775358094	8.274	0.766	4.357
1510775358107	8.245	0.747	3.926
1510775358113	8.427	0.708	3.926
1510775358155	8.389	0.641	3.763
1510775358156	8.035	0.632	4.06
1510775358161	7.661	0.833	4.664
1510775358175	7.355	0.928	4.941
1510775358177	7.077	0.708	5.219
1510775358179	7.249	0.66	4.405
1510775358192	7.594	0.919	4.338
1510775358193	7.527	1.177	4.328
1510775358203	7.412	1.082	4.099
1510775358213	7.106	0.938	4.357
1510775358226	6.771	0.737	5.238
1510775358235	6.79	0.488	5.324
1510775358243	6.933	0.306	5.411
1510775358255	6.646	0.239	5.296
1510775358263	6.579	0.009	5.296
1510775358273	6.435	-0.277	5.382
1510775358286	6.378	-0.651	5.612
1510775358292	6.378	-0.89	5.612
1510775358303	6.656	-0.679	5.458
1510775358316	6.282	0.162	6.186
1510775358324	5.679	0.823	7.134
1510775358333	5.401	1.005	7.441
1510775358345	6.838	0.67	7.383
1510775358352	6.838	0.651	6.771
1510775358363	7.709	0.842	6.502
1510775358375	7.939	1.158	6.052
1510775358384	7.479	1.245	5.344
1510775358393	7.029	0.986	4.319
1510775358406	6.847	0.22	3.984
1510775358413	7.154	0.22	4.539
1510775358423	7.604	-0.201	5.88
1510775358436	8.447	-0.296	6.665
1510775358442	9.031	-0.296	6.761
1510775358453	9.308	0.057	6.368
1510775358465	9.021	1.187	5.679
1510775358472	8.38	1.187	4.587
1510775358483	7.91	1.905	3.294
1510775358496	7.69	1.704	2.346
1510775358503	7.977	1.398	2.221
1510775358513	8.561	1.082	3.112
1510775358527	8.878	0.727	4.367
1510775358533	9.088	0.392	5.209
1510775358543	9.462	0.22	5.43
1510775358555	9.596	0.325	5.506
1510775358562	9.261	0.632	5.095
1510775358573	8.657	1.158	4.75
1510775358585	8.063	1.676	4.462
1510775358592	7.939	1.867	3.696
1510775358603	8.054	1.676	3.332
1510775358617	8.198	1.398	3.629
1510775358623	8.236	1.158	4.625
1510775358633	8.322	1.187	5.391
1510775358649	8.293	1.369	5.976
1510775358653	8.322	1.551	5.909
1510775358663	8.408	1.695	5.229
1510775358679	8.38	1.522	4.395
1510775358683	8.36	1.245	3.744
1510775358693	8.418	1.024	3.505
1510775358708	8.561	1.024	3.926
1510775358713	8.763	1.206	4.185
1510775358723	9.155	1.331	4.213
1510775358738	9.519	1.254	4.108
1510775358743	9.596	1.053	4.099
1510775358753	9.452	1.024	4.127
1510775358795	9.251	1.273	3.61
1510775358797	9.184	1.513	3.61
1510775358800	9.28	1.608	3.639
1510775358803	9.433	1.513	3.715
1510775358804	9.567	1.426	3.869
1510775358816	9.519	1.359	3.897
1510775358831	9.385	1.312	3.917
1510775358833	9.404	1.254	3.83
1510775358843	9.462	1.139	3.802
1510775358866	9.49	1.005	3.821
1510775358869	9.423	1.063	3.869
1510775358881	9.241	1.302	3.821
1510775358886	8.992	1.522	3.926
1510775358893	8.791	1.628	3.964
1510775358903	8.763	1.522	3.917
1510775358936	8.82	1.35	3.936
1510775358937	8.83	1.216	3.974
1510775358938	8.743	1.149	4.099
1510775358943	8.676	1.177	3.964
1510775358952	8.504	1.187	3.217
1510775358963	10.486	-1.455	2.231
1510775358976	9.04	-1.771	6.426
1510775358986	9.021	-0.287	4.041
1510775358994	8.533	0.612	4.309
1510775359006	8.322	1.273	3.715
1510775359013	9.117	1.599	2.509
1510775359025	9.845	1.8	2.231
1510775359037	9.51	2.873	1.312
1510775359043	9.481	3.735	1.063
1510775359054	10.056	3.112	1.158
1510775359068	10.056	3.112	1.446
1510775359072	10.161	2.777	1.819
1510775359083	9.854	2.49	2.49
1510775359097	9.174	1.379	3.859
1510775359102	9.174	1.359	5.688
1510775359113	9.893	-0.134	7.613
1510775359128	8.676	-2.154	8.37
