timestamp	x	y	z
1510775469871	10.094	1.053	2.097
1510775469916	9.883	1.024	2.097
1510775469917	9.711	0.957	2.097
1510775469918	9.644	0.89	2.049
1510775469920	9.653	0.852	2.03
1510775469921	9.845	0.823	1.992
1510775469948	9.749	0.833	1.992
1510775469950	9.73	0.909	1.944
1510775469952	9.567	0.986	1.925
1510775469953	9.653	1.053	1.867
1510775469972	9.663	1.091	1.848
1510775469973	9.625	1.11	1.848
1510775469983	9.557	1.072	1.819
1510775469994	9.481	0.861	1.81
1510775470010	9.414	0.909	1.81
1510775470013	9.395	0.641	1.8
1510775470026	9.433	0.593	1.81
1510775470039	9.5	0.536	1.829
1510775470043	9.586	0.526	1.848
1510775470060	9.653	0.507	1.829
1510775470063	9.682	0.555	1.81
1510775470074	9.644	0.555	1.819
1510775470133	9.634	0.584	1.8
1510775470135	9.653	0.574	1.848
1510775470137	9.672	0.584	1.934
1510775470138	9.625	0.632	1.944
1510775470141	9.538	0.641	1.934
1510775470154	9.5	0.679	1.905
1510775470157	9.548	0.699	1.905
1510775470164	9.653	0.679	1.944
1510775470176	9.73	0.651	1.972
1510775470184	9.768	0.622	2.049
1510775470196	9.73	0.555	2.059
1510775470205	9.759	0.488	2.078
1510775470213	9.854	0.44	2.135
1510775470225	9.864	0.344	2.116
1510775470239	9.95	0.316	2.087
1510775470243	10.094	0.22	2.298
1510775470253	10.228	0.201	2.537
1510775470265	10.247	0.316	2.652
1510775470273	10.161	0.498	2.633
1510775470283	10.065	0.747	2.537
1510775470294	10.008	0.986	2.298
1510775470302	9.902	1.235	2.068
1510775470313	9.787	1.388	1.905
1510775470325	9.739	1.484	1.848
1510775470333	9.739	1.494	1.944
1510775470343	9.749	1.426	2.039
1510775470356	9.644	1.302	2.116
1510775470363	9.567	1.187	2.174
1510775470373	9.586	1.139	2.26
1510775470387	9.634	1.177	2.336
1510775470393	9.672	1.264	2.423
1510775470403	9.692	1.283	2.432
1510775470415	9.653	1.292	2.365
1510775470423	9.567	1.245	2.327
1510775470433	9.5	1.197	2.317
1510775470446	9.481	1.101	2.461
1510775470453	9.452	1.015	2.413
1510775470463	9.5	0.928	2.461
1510775470475	9.127	0.823	2.346
1510775470483	9.184	0.747	2.346
1510775470493	8.983	0.679	2.279
1510775470507	8.916	0.612	2.231
1510775470513	8.983	0.565	2.231
1510775470524	9.165	0.498	2.202
1510775470538	9.385	0.344	2.202
1510775470553	9.328	0.277	2.231
1510775470568	9.366	0.239	2.308
1510775470573	9.5	0.162	2.461
1510775470609	9.634	0.143	2.633
1510775470616	9.835	0.143	2.825
1510775470623	10.056	0.105	2.978
1510775470630	10.391	0.105	3.131
1510775470636	10.735	0.105	3.284
1510775470644	10.889	0.229	3.208
1510775470657	10.611	0.277	3.055
1510775470663	10.266	0.344	3.093
1510775470678	10.228	0.363	3.217
1510775470700	10.506	0.181	3.438
1510775470702	10.716	-0.095	3.553
1510775470712	10.63	-0.354	3.648
1510775470718	10.333	-0.459	3.859
1510775470723	10.056	-0.67	4.185
1510775470733	9.96	-0.871	4.529
1510775470749	9.998	-0.957	4.874
1510775470753	10.113	-0.967	5.018
1510775470763	10.228	-0.794	5.056
1510775470778	10.218	-0.67	4.884
1510775470783	10.161	-0.632	4.577
1510775470793	10.113	-0.67	4.309
1510775470807	10.094	-0.737	4.146
1510775470813	10.046	-0.9	4.127
1510775470823	9.883	-1.101	4.156
1510775470837	9.672	-1.273	4.29
1510775470843	9.462	-1.379	4.405
1510775470853	9.289	-1.35	4.549
1510775470868	9.213	-1.245	4.597
1510775470873	9.059	-1.187	4.529
1510775470883	8.801	-1.158	4.395
1510775470897	8.533	-1.11	4.29
1510775470903	8.341	-0.986	4.099
1510775470913	8.188	-0.871	3.945
1510775470928	8.044	-0.785	3.85
1510775470933	7.92	-0.708	3.83
1510775470944	7.747	-0.66	3.83
1510775470959	7.47	-0.756	3.773
1510775470963	7.154	-0.996	3.802
1510775470973	7.048	-1.264	3.85
1510775470989	7.154	-1.522	4.003
1510775470993	7.518	-1.714	4.137
1510775471003	7.949	-1.81	4.242
1510775471018	8.169	-1.838	4.309
1510775471023	8.092	-1.81	4.328
1510775471033	7.709	-1.79	4.348
1510775471048	7.163	-1.743	4.376
1510775471053	6.656	-1.685	4.328
1510775471063	6.215	-1.618	4.242
1510775471078	5.88	-1.503	4.118
1510775471083	5.631	-1.321	4.012
1510775471093	5.439	-1.149	3.926
1510775471108	5.344	-1.005	3.869
1510775471113	5.305	-0.919	3.84
1510775471123	5.209	-0.842	3.802
1510775471139	4.913	-0.718	3.332
1510775471143	4.529	-0.612	3.371
1510775471153	4.261	-0.565	3.083
1510775471168	4.252	-0.603	2.739
1510775471173	4.529	-0.699	2.739
1510775471238	5.066	-0.861	2.691
1510775471245	5.88	-1.053	2.834
1510775471254	6.943	-1.302	3.055
1510775471264	7.891	-1.522	3.419
1510775471270	8.523	-1.656	3.715
1510775471272	8.849	-1.743	3.84
1510775471280	9.088	-1.848	4.099
1510775471282	9.261	-1.963	4.443
1510775471286	9.471	-2.097	4.482
1510775471290	9.73	-2.212	4.702
1510775471292	10.113	-2.25	4.97
1510775471294	10.372	-2.174	5.209
1510775471306	10.391	-1.953	5.401
1510775471328	10.094	-1.561	5.65
1510775471332	9.787	-1.063	5.861
1510775471335	9.711	-0.593	5.851
1510775471351	10.017	-0.21	5.66
1510775471358	10.716	0.153	5.363
1510775471385	11.923	0.536	4.913
1510775471391	13.245	0.536	4.472
1510775471396	14.135	0.603	4.252
1510775471403	14.011	0.603	4.233
1510775471404	12.833	0.593	4.415
1510775471414	11.473	0.536	4.692
1510775471425	10.391	0.459	5.028
1510775471438	9.567	0.383	5.267
1510775471443	8.858	0.287	5.372
1510775471453	8.284	0.181	5.296
1510775471466	7.862	0.134	5.104
1510775471473	7.671	0.153	4.817
1510775471483	7.68	0.22	4.539
1510775471496	7.776	0.344	4.233
1510775471503	7.834	0.44	3.859
1510775471514	7.853	0.498	3.533
1510775471527	7.901	0.536	3.265
1510775471533	8.121	0.498	3.055
1510775471543	8.523	0.44	2.901
1510775471555	9.079	0.363	2.834
1510775471563	9.605	0.191	2.825
1510775471573	9.845	0.086	2.853
1510775471585	9.701	-0.057	2.825
1510775471593	9.328	-0.162	2.815
1510775471603	8.935	-0.229	2.834
1510775471615	8.772	-0.296	2.901
1510775471623	8.878	-0.325	2.997
1510775471633	9.088	-0.344	3.064
1510775471648	9.308	-0.335	3.074
1510775471653	9.481	-0.277	3.093
1510775471663	9.51	-0.239	3.093
1510775471678	9.443	-0.201	3.17
1510775471683	9.366	-0.162	3.217
1510775471693	9.356	-0.095	3.284
1510775471708	9.414	0.028	3.428
1510775471713	9.471	0.162	3.601
1510775471723	9.462	0.296	3.677
1510775471738	9.232	0.421	3.687
1510775471743	8.973	0.526	3.658
1510775471753	8.839	0.66	3.706
1510775471768	8.849	0.785	3.715
1510775471773	8.945	0.89	3.668
1510775471783	9.059	0.976	3.601
1510775471816	9.184	1.043	3.533
1510775471818	9.28	1.11	3.457
1510775471822	9.299	1.091	3.371
1510775471824	9.328	1.082	3.304
1510775471835	9.366	1.005	3.179
1510775471846	9.395	0.948	3.093
1510775471857	9.414	0.861	3.045
1510775471863	9.433	0.766	3.045
1510775471873	9.471	0.679	3.026
1510775471887	9.519	0.584	3.131
1510775471893	9.625	0.507	3.131
1510775471903	9.739	0.45	3.131
1510775471916	9.759	0.44	2.94
1510775471923	9.615	0.363	3.026
1510775471933	9.356	0.296	2.988
1510775471946	9.127	0.201	3.179
1510775471953	8.945	0.153	3.093
1510775471966	8.897	0.105	3.131
1510775471975	8.973	0.114	3.15
1510775471982	9.098	0.134	3.15
1510775471993	9.318	0.201	2.968
1510775472005	9.586	0.325	2.691
1510775472013	9.567	0.43	2.518
1510775472023	9.299	0.45	2.633
1510775472038	9.376	0.421	2.968
1510775472043	9.443	0.411	3.15
1510775472053	9.557	0.45	3.122
1510775472070	9.538	0.565	2.997
1510775472073	9.452	0.689	2.777
1510775472098	9.586	0.823	2.71
1510775472103	9.759	0.842	2.691
1510775472128	9.988	0.66	2.652
1510775472133	9.95	0.756	2.643
1510775472143	9.941	0.593	2.662
1510775472159	9.864	0.526	2.624
1510775472163	9.759	0.507	2.557
1510775472174	9.567	0.498	2.509
1510775472188	9.5	0.44	2.547
1510775472193	9.596	0.373	2.528
1510775472205	9.787	0.296	2.528
1510775472219	9.969	0.277	2.48
1510775472223	10.036	0.287	2.451
1510775472233	9.921	0.373	2.48
1510775472250	9.749	0.392	2.48
1510775472253	9.634	0.316	2.595
1510775472264	9.586	0.268	2.652
1510775472279	9.586	0.172	2.643
1510775472283	9.653	0.019	2.652
1510775472294	9.605	-0.114	2.643
1510775472309	9.356	-0.258	2.576
1510775472313	9.165	-0.383	2.719
1510775472324	9.184	-0.478	2.901
1510775472340	9.366	-0.536	3.016
1510775472343	9.615	-0.526	3.035
1510775472354	9.835	-0.526	3.045
1510775472369	10.046	-0.421	3.016
1510775472373	10.237	-0.296	2.978
1510775472384	10.419	-0.21	2.911
1510775472399	10.611	-0.172	2.863
1510775472403	10.793	-0.201	2.892
1510775472414	10.975	-0.277	2.93
1510775472445	11.109	-0.363	2.94
1510775472458	11.214	-0.44	2.911
1510775472460	11.272	-0.545	2.968
1510775472462	11.32	-0.612	3.026
1510775472466	11.377	-0.689	3.102
1510775472473	11.291	-0.737	3.198
1510775472488	11.195	-0.833	3.265
1510775472493	11.09	-0.89	3.313
1510775472506	10.965	-0.957	3.323
1510775472520	10.783	-0.967	3.275
1510775472523	10.573	-0.967	3.189
1510775472533	10.381	-0.986	3.112
1510775472550	10.228	-0.986	3.045
1510775472553	10.075	-0.986	3.055
1510775472563	9.874	-0.996	3.035
1510775472577	9.615	-0.957	2.978
1510775472582	9.28	-0.871	2.911
1510775472598	8.791	-0.756	2.949
1510775472606	8.255	-0.612	2.911
1510775472612	7.719	-0.565	2.863
1510775472623	7.249	-0.622	2.806
1510775472638	6.847	-0.766	2.767
1510775472643	6.454	-0.948	2.576
1510775472653	6.024	-1.292	2.154
1510775472667	5.688	-1.752	2.279
1510775472672	5.669	-2.298	2.327
1510775472683	6.043	-2.796	2.528
1510775472692	6.675	-3.083	2.681
1510775472703	7.24	-3.122	2.796
1510775472713	7.431	-2.767	2.748
1510775472722	7.067	-2.269	2.604
1510775472743	5.976	-1.666	2.279
1510775472759	6.483	-1.666	2.221
1510775472763	7.134	-1.781	2.288
1510775472774	7.767	-1.819	2.346
1510775472790	8.37	-1.723	2.423
1510775472793	8.868	-1.541	2.423
1510775472804	9.213	-1.091	2.595
1510775472813	9.414	-0.938	2.853
1510775472823	9.471	-0.957	3.007
1510775472834	9.5	-1.11	3.064
1510775472843	9.51	-1.331	3.122
1510775472853	9.577	-1.676	3.265
1510775472866	9.778	-2.02	3.409
1510775472883	10.123	-2.394	3.476
1510775472885	10.506	-2.7	3.524
1510775472896	10.965	-2.959	3.495
1510775472910	11.54	-3.16	3.572
1510775472913	12.038	-3.198	3.802
1510775472923	12.038	-3.198	4.079
1510775472932	11.406	-3.141	4.223
1510775472942	10.697	-3.055	4.3
1510775472953	10.247	-2.892	4.271
1510775472963	9.96	-2.585	4.233
1510775472972	9.739	-2.183	4.242
1510775472983	9.5	-1.79	4.194
1510775473005	9.155	-1.455	4.156
1510775473006	8.772	-1.11	4.099
1510775473014	8.494	-0.804	3.907
1510775473023	8.312	-0.44	3.648
1510775473032	8.178	-0.038	3.352
1510775473082	8.121	0.344	3.083
1510775473083	8.14	0.651	2.844
1510775473084	8.217	0.833	2.604
1510775473085	8.351	0.89	2.451
1510775473086	8.619	0.756	2.403
1510775473093	9.155	0.488	2.403
1510775473104	9.979	0.134	2.394
1510775473123	11.071	-0.249	2.403
1510775473124	12.335	-0.708	2.47
1510775473133	13.35	-1.082	2.585
1510775473142	13.398	-1.359	2.806
1510775473152	12.421	-1.474	3.16
1510775473172	10.132	-1.695	3.562
1510775473182	9.5	-1.714	3.792
1510775473193	9.107	-1.656	4.031
1510775473203	8.772	-1.58	4.118
1510775473213	8.504	-1.474	4.261
1510775473258	8.322	-1.273	4.118
1510775473259	8.245	-1.053	3.888
1510775473259	8.255	-0.785	3.668
1510775473260	8.293	-0.498	3.505
1510775473264	8.245	-0.249	3.361
1510775473273	8.226	-0.028	3.208
1510775473284	8.265	0.153	3.026
1510775473292	8.37	0.287	2.863
1510775473303	8.561	0.354	2.729
1510775473313	8.82	0.335	2.643
1510775473348	9.04	0.239	2.585
1510775473348	9.184	0.143	2.537
1510775473349	9.308	0.067	2.49
1510775473353	9.395	0.0	2.47
1510775473363	9.395	-0.038	2.47
1510775473373	9.395	-0.038	2.461
1510775473382	9.385	-0.057	2.461
1510775473393	9.471	-0.105	2.423
1510775473403	9.548	-0.162	2.394
1510775473412	9.644	-0.22	2.403
1510775473424	9.73	-0.249	2.461
1510775473433	9.941	-0.258	2.518
1510775473442	9.874	-0.258	2.662
1510775473453	9.95	-0.277	2.796
1510775473463	9.998	-0.306	2.959
1510775473473	9.998	-0.316	3.045
1510775473483	9.816	-0.306	3.102
1510775473493	9.749	-0.287	3.217
1510775473502	9.749	-0.191	3.265
1510775473513	9.672	-0.057	3.275
1510775473527	9.548	0.287	3.284
1510775473533	9.366	0.44	3.246
1510775473543	9.222	0.565	3.16
1510775473554	9.241	0.526	3.112
1510775473563	9.308	0.517	3.102
1510775473573	9.366	0.469	3.122
1510775473583	9.395	0.383	3.131
1510775473592	9.414	0.249	3.131
1510775473602	9.471	0.086	3.141
1510775473613	9.538	-0.086	3.131
1510775473622	9.615	-0.277	3.083
1510775473633	9.672	-0.469	3.122
1510775473645	9.653	-0.603	3.131
1510775473653	9.605	-0.689	3.141
1510775473688	9.538	-0.766	3.131
1510775473693	9.481	-0.785	3.15
1510775473696	9.395	-0.794	3.189
1510775473698	9.328	-0.766	3.208
1510775473708	9.337	-0.727	3.16
1510775473713	9.395	-0.679	3.064
1510775473723	9.5	-0.641	3.016
1510775473736	9.586	-0.603	2.968
1510775473743	9.663	-0.603	2.949
1510775473753	9.672	-0.593	3.035
1510775473764	9.577	-0.603	3.179
1510775473773	9.462	-0.593	3.179
1510775473783	9.347	-0.574	3.217
1510775473793	9.289	-0.603	3.237
1510775473802	9.308	-0.632	3.246
1510775473813	9.385	-0.641	3.246
1510775473825	9.366	-0.632	3.246
1510775473832	9.27	-0.651	3.294
1510775473843	9.165	-0.641	3.332
1510775473854	9.146	-0.632	3.304
1510775473863	9.213	-0.622	3.323
1510775473873	9.308	-0.603	3.294
1510775473884	9.395	-0.574	3.284
1510775473893	9.347	-0.517	3.304
1510775473903	9.299	-0.478	3.294
1510775473913	9.232	-0.421	3.275
1510775473922	9.165	-0.392	3.208
1510775473932	9.05	-0.411	3.093
1510775473943	8.935	-0.44	3.035
1510775473957	8.992	-0.459	3.007
1510775473969	9.165	-0.469	2.997
1510775473975	9.308	-0.526	3.026
1510775473983	9.347	-0.574	3.083
1510775473993	9.308	-0.632	3.179
1510775474004	9.328	-0.679	3.265
1510775474017	9.404	-0.708	3.352
1510775474023	9.462	-0.699	3.419
1510775474033	9.51	-0.699	3.438
1510775474042	9.538	-0.689	3.428
1510775474053	9.625	-0.718	3.419
1510775474064	9.816	-0.718	3.62
1510775474093	9.998	-0.718	3.62
1510775474094	10.103	-0.718	3.725
1510775474094	10.161	-0.679	3.773
1510775474102	10.151	-0.718	3.773
1510775474113	10.123	-0.871	3.562
1510775474123	10.314	-1.11	3.533
1510775474132	10.257	-1.245	3.572
1510775474143	10.4	-1.369	3.715
1510775474156	10.448	-1.465	3.85
1510775474163	10.295	-1.503	3.936
1510775474173	10.151	-1.503	4.022
1510775474186	9.931	-1.532	4.06
1510775474193	9.768	-1.551	4.041
1510775474203	9.644	-1.608	4.07
1510775474216	9.529	-1.896	4.003
1510775474223	9.443	-1.905	3.955
1510775474233	9.452	-2.25	3.936
1510775474246	9.51	-2.221	3.897
1510775474253	9.51	-2.269	3.859
1510775474263	9.404	-2.068	3.744
1510775474294	9.127	-1.838	3.562
1510775474305	8.772	-1.541	3.361
1510775474308	8.341	-1.264	3.15
1510775474310	7.901	-1.015	2.949
1510775474315	7.546	-0.842	2.796
1510775474327	7.326	-0.766	2.739
1510775474339	7.249	-0.766	2.681
1510775474343	7.297	-0.747	2.643
1510775474353	7.46	-0.679	2.547
1510775474365	7.537	-0.593	2.423
1510775474393	7.364	-0.526	2.327
1510775474394	6.981	-0.526	2.241
1510775474395	6.56	-0.66	2.202
1510775474403	6.234	-0.919	2.288
1510775474413	6.186	-1.264	2.461
1510775474427	6.445	-1.608	2.7
1510775474433	6.905	-1.838	2.834
1510775474443	7.479	-1.982	2.834
1510775474455	7.949	-2.078	2.844
1510775474464	8.188	-2.164	2.815
1510775474473	8.245	-2.269	2.901
1510775474484	8.217	-2.432	3.035
1510775474492	8.188	-2.604	3.227
1510775474503	8.255	-2.786	3.428
1510775474516	8.485	-2.949	3.476
1510775474523	8.906	-3.083	3.495
1510775474539	9.423	-3.131	3.476
1510775474547	9.931	-3.074	3.399
1510775474553	10.19	-2.968	3.428
1510775474564	10.237	-2.873	3.447
1510775474574	10.19	-2.806	3.486
1510775474582	10.247	-2.758	3.495
1510775474593	10.372	-2.643	3.562
1510775474604	10.486	-2.547	3.601
1510775474612	10.621	-2.528	3.629
1510775474623	10.764	-2.557	3.773
1510775474637	10.64	-2.557	3.955
1510775474643	10.276	-2.528	3.984
1510775474653	9.941	-2.442	3.907
1510775474670	9.759	-2.279	3.696
1510775474673	9.72	-2.078	3.696
1510775474684	9.672	-1.867	3.553
1510775474699	9.529	-1.666	3.447
1510775474703	9.395	-1.484	3.438
1510775474713	9.299	-1.359	3.447
1510775474727	9.251	-1.225	3.428
1510775474733	9.184	-1.053	3.371
1510775474743	9.107	-0.861	3.304
1510775474757	9.012	-0.737	3.237
1510775474763	8.906	-0.679	3.227
1510775474773	8.782	-0.689	3.198
1510775474787	8.743	-0.766	3.131
1510775474793	8.81	-0.852	3.102
1510775474803	8.983	-0.938	3.055
1510775474818	9.155	-0.996	2.959
1510775474823	9.28	-1.034	2.892
1510775474833	9.328	-1.072	2.901
1510775474847	9.337	-1.139	2.892
1510775474853	9.328	-1.225	2.949
1510775474863	9.318	-1.321	3.055
1510775474877	9.337	-1.398	3.246
1510775474910	9.366	-1.417	3.39
1510775474914	9.385	-1.426	3.495
1510775474920	9.366	-1.398	3.553
1510775474922	9.328	-1.292	3.533
1510775474924	9.174	-0.804	3.486
1510775474953	8.849	-0.756	3.486
1510775474954	8.245	-0.363	3.438
1510775474957	7.537	-0.086	3.352
1510775474972	6.981	0.21	3.217
1510775474974	6.694	0.478	3.15
1510775474984	6.885	0.574	3.007
1510775474998	7.814	0.612	2.796
1510775475003	9.452	0.574	2.576
1510775475013	11.597	0.469	2.202
1510775475026	13.618	0.363	1.877
1510775475033	14.576	0.21	1.79
1510775475043	14.193	0.057	2.106
1510775475056	12.689	-0.047	2.279
1510775475063	11.013	-0.229	2.413
1510775475073	9.826	-0.421	2.585
1510775475087	9.174	-0.622	2.844
1510775475093	8.925	-0.833	3.074
1510775475114	8.839	-0.996	3.438
1510775475122	8.839	-0.928	3.419
1510775475133	8.858	-0.794	3.371
1510775475144	8.935	-0.641	3.294
1510775475152	9.059	-0.498	3.342
1510775475163	9.203	-0.383	3.447
1510775475177	9.289	-0.335	3.601
1510775475183	9.27	-0.325	3.802
1510775475193	9.203	-0.335	3.955
1510775475208	9.146	-0.277	4.022
1510775475213	9.117	-0.201	3.936
1510775475223	9.107	-0.086	3.735
1510775475238	9.098	0.086	3.476
1510775475243	9.107	0.229	3.141
1510775475253	9.136	0.402	2.796
1510775475268	9.146	0.593	2.518
1510775475273	9.165	0.727	2.288
1510775475283	9.184	0.89	2.126
1510775475298	9.241	1.015	2.001
1510775475303	9.328	1.13	1.905
1510775475313	9.443	1.158	1.857
1510775475329	9.567	1.11	1.877
1510775475333	9.644	0.986	1.905
1510775475343	9.615	0.804	1.963
1510775475359	9.557	0.612	2.279
1510775475363	9.596	0.44	2.279
1510775475373	9.672	0.296	2.451
1510775475383	9.72	0.153	2.604
1510775475393	9.759	0.019	2.786
1510775475403	9.759	-0.095	2.949
1510775475416	9.739	-0.143	3.045
1510775475422	9.682	-0.153	3.122
1510775475433	9.653	-0.086	3.131
1510775475446	9.739	0.019	3.15
1510775475452	9.912	0.162	3.122
1510775475463	10.065	0.296	3.045
1510775475475	10.161	0.392	2.949
1510775475482	10.209	0.43	2.959
1510775475494	10.276	0.421	2.968
1510775475515	10.123	0.43	2.94
1510775475524	10.151	0.45	2.786
1510775475525	9.96	0.392	2.911
1510775475538	9.835	0.335	2.93
1510775475548	9.787	0.287	2.978
1510775475555	9.72	0.268	3.064
1510775475564	9.653	0.268	3.141
1510775475573	9.414	0.268	3.131
1510775475590	9.261	0.249	3.102
1510775475599	9.318	0.191	3.083
1510775475603	9.299	0.134	3.055
1510775475613	9.366	0.076	3.074
1510775475629	9.404	0.0	3.112
1510775475633	9.395	-0.076	3.15
1510775475643	9.318	-0.095	3.122
1510775475658	9.232	-0.095	3.055
1510775475662	9.222	-0.114	2.978
1510775475673	9.27	-0.287	2.921
1510775475687	9.251	-0.229	2.882
1510775475693	9.165	-0.22	2.873
1510775475703	9.069	-0.191	2.796
1510775475717	9.012	-0.191	2.748
1510775475723	8.973	-0.162	2.777
1510775475733	8.925	-0.162	2.796
1510775475746	8.935	-0.143	2.786
1510775475752	8.983	-0.143	2.777
1510775475763	9.031	-0.143	2.758
1510775475776	9.021	-0.153	2.758
1510775475782	8.983	-0.201	2.758
1510775475793	8.992	-0.296	2.786
1510775475806	9.079	-0.402	2.863
1510775475812	9.174	-0.488	2.988
1510775475823	9.337	-0.584	3.131
1510775475836	9.5	-0.66	3.284
1510775475842	9.577	-0.689	3.342
1510775475853	9.596	-0.718	3.409
1510775475867	9.634	-0.747	3.428
1510775475872	9.72	-0.747	3.457
1510775475883	9.854	-0.737	3.438
1510775475896	10.017	-0.756	3.409
1510775475902	10.161	-0.775	3.466
1510775475913	10.18	-0.823	3.476
1510775475926	10.094	-0.881	3.447
1510775475932	9.96	-0.948	3.428
1510775475943	9.921	-1.053	3.466
1510775475956	9.979	-1.235	3.562
1510775475966	10.046	-1.417	3.591
1510775475976	10.113	-1.561	3.629
1510775475986	10.084	-1.743	3.696
1510775475993	10.036	-1.925	3.811
1510775476003	10.113	-2.126	3.907
1510775476016	10.295	-2.298	3.955
1510775476023	10.506	-2.375	4.06
1510775476033	10.649	-2.365	4.213
1510775476046	10.688	-2.25	4.213
1510775476052	10.554	-2.126	4.022
1510775476063	10.314	-1.982	3.792
1510775476074	10.065	-1.819	3.533
1510775476082	9.854	-1.676	3.332
1510775476093	9.672	-1.513	3.122
1510775476106	9.443	-1.407	2.968
1510775476125	9.241	-1.369	2.786
1510775476128	9.021	-1.379	2.739
1510775476149	8.763	-1.379	2.796
1510775476150	8.466	-1.312	2.863
1510775476157	8.083	-1.197	2.892
1510775476168	7.585	-1.053	2.777
1510775476174	7.039	-1.015	2.777
1510775476184	6.589	-1.11	2.719
1510775476198	6.34	-1.35	2.691
1510775476203	6.416	-1.551	2.911
1510775476215	6.675	-1.57	2.844
1510775476227	6.771	-1.522	2.921
1510775476233	6.751	-1.426	2.901
1510775476243	6.828	-1.331	2.729
1510775476256	7.096	-1.187	2.739
1510775476264	7.422	-1.005	2.672
1510775476273	7.623	-0.852	2.624
1510775476287	7.68	-0.804	2.624
1510775476293	7.642	-0.928	2.643
1510775476303	7.805	-1.177	2.7
1510775476317	7.939	-1.503	2.767
1510775476322	8.102	-1.848	2.863
1510775476333	8.37	-2.174	2.94
1510775476347	8.724	-2.48	3.055
1510775476352	9.174	-2.863	3.179
1510775476363	9.548	-2.834	3.237
1510775476377	9.816	-3.208	3.179
1510775476382	10.103	-3.237	3.112
1510775476394	10.486	-3.639	3.093
1510775476404	10.735	-3.897	3.352
1510775476412	10.582	-3.917	3.744
1510775476423	10.036	-3.754	4.079
1510775476436	9.548	-3.438	4.28
1510775476442	9.328	-3.016	4.367
1510775476453	9.203	-2.604	4.29
1510775476462	9.251	-2.279	4.089
1510775476472	9.423	-2.049	3.802
1510775476483	9.682	-1.905	3.533
1510775476493	9.845	-1.752	3.361
1510775476502	9.816	-1.618	3.246
1510775476513	9.615	-1.541	3.112
1510775476522	9.462	-1.474	2.997
1510775476533	9.5	-1.503	2.978
1510775476543	9.567	-1.541	3.045
1510775476552	9.481	-1.628	3.179
1510775476563	9.28	-1.762	3.342
1510775476573	9.107	-1.925	3.533
1510775476582	9.04	-2.068	3.648
1510775476593	9.021	-2.106	3.677
1510775476603	9.031	-2.106	3.591
1510775476612	9.012	-2.097	3.495
1510775476622	9.117	-2.116	3.332
1510775476633	9.261	-2.164	3.208
1510775476642	9.404	-2.193	3.15
1510775476652	9.433	-2.193	3.083
1510775476663	9.404	-2.174	3.007
1510775476672	9.318	-2.154	2.892
1510775476682	9.222	-2.116	2.806
1510775476693	9.165	-2.049	2.796
1510775476703	9.155	-1.944	2.796
1510775476713	9.174	-1.857	2.815
1510775476751	9.376	-1.656	2.806
1510775476753	9.481	-1.513	2.758
1510775476755	9.577	-1.34	2.758
1510775476773	9.376	-0.996	2.662
1510775476787	9.107	-0.794	2.624
1510775476793	8.906	-0.555	2.604
1510775476803	8.743	-0.363	2.614
1510775476815	8.609	-0.201	2.624
1510775476823	8.542	-0.114	2.652
1510775476833	8.485	-0.105	2.643
1510775476845	8.514	-0.076	2.595
1510775476853	8.657	-0.067	2.566
1510775476863	8.945	0.028	2.528
1510775476873	9.347	0.105	2.499
1510775476882	9.921	0.143	2.413
1510775476893	10.601	0.114	2.375
1510775476903	11.301	0.028	2.461
1510775476912	11.837	-0.124	2.518
1510775476922	12.019	-0.239	2.662
1510775476935	10.956	-0.363	2.94
1510775476943	11.09	-0.459	3.189
1510775476953	10.534	-0.622	3.38
1510775476967	9.979	-0.794	3.514
1510775476973	9.826	-0.928	3.648
1510775476983	9.692	-0.957	3.591
1510775476995	9.519	-0.89	3.466
1510775477002	9.366	-0.67	3.227
1510775477012	9.28	-0.373	3.064
1510775477023	9.222	-0.105	2.949
1510775477032	9.203	0.095	2.796
1510775477043	9.136	0.229	2.662
1510775477055	9.117	0.344	2.595
1510775477063	9.136	0.584	2.547
1510775477073	9.174	0.488	2.49
1510775477086	9.194	0.584	2.423
1510775477093	9.261	0.603	2.308
1510775477103	9.28	0.565	2.202
1510775477116	9.241	0.507	2.106
1510775477123	9.222	0.43	2.116
1510775477133	9.251	0.335	2.106
1510775477146	9.366	0.191	2.154
1510775477153	9.5	0.038	2.193
1510775477163	9.634	-0.172	2.279
1510775477176	9.701	-0.335	2.346
1510775477183	9.663	-0.507	2.327
1510775477193	9.682	-0.622	2.384
1510775477206	9.749	-0.737	2.365
1510775477213	9.883	-0.823	2.49
1510775477223	10.017	-0.909	2.566
1510775477236	9.969	-0.986	2.691
1510775477243	9.893	-1.053	2.777
1510775477253	9.778	-1.13	2.863
1510775477266	9.73	-1.139	2.94
1510775477273	9.701	-1.149	3.093
1510775477283	9.605	-1.13	3.208
1510775477296	9.433	-1.12	3.304
1510775477303	9.289	-1.063	3.342
1510775477313	9.261	-0.976	3.304
1510775477327	9.347	-0.842	3.217
1510775477343	9.433	-0.545	2.853
1510775477354	9.385	-0.45	2.633
1510775477374	9.289	-0.411	2.47
1510775477383	9.213	-0.45	2.423
1510775477387	9.241	-0.517	2.423
1510775477398	9.347	-0.603	2.461
1510775477405	9.471	-0.66	2.509
1510775477415	9.538	-0.699	2.528
1510775477423	9.5	-0.679	2.576
1510775477433	9.404	-0.67	2.576
1510775477447	9.376	-0.66	2.633
1510775477453	9.404	-0.689	2.719
1510775477463	9.5	-0.718	2.719
1510775477475	9.577	-0.785	2.748
1510775477483	9.625	-0.833	2.796
1510775477493	9.692	-0.833	2.863
1510775477505	9.768	-0.785	2.844
1510775477512	9.72	-0.718	2.786
1510775477523	9.625	-0.603	2.777
1510775477536	9.51	-0.469	2.758
1510775477542	9.395	-0.392	2.719
1510775477553	9.308	-0.316	2.7
1510775477565	9.299	-0.306	2.71
1510775477573	9.347	-0.306	2.71
1510775477583	9.385	-0.287	2.691
1510775477595	9.28	-0.268	2.557
1510775477602	9.28	-0.201	2.557
1510775477613	9.232	-0.181	2.719
1510775477624	9.318	-0.239	2.643
1510775477633	9.318	-0.287	2.643
1510775477643	9.443	-0.383	2.7
1510775477653	9.605	-0.421	2.777
1510775477662	9.701	-0.44	2.815
1510775477673	9.586	-0.45	2.834
1510775477686	9.615	-0.469	2.834
1510775477693	9.462	-0.498	2.863
1510775477703	9.548	-0.545	2.873
1510775477717	9.663	-0.632	2.911
1510775477723	9.835	-0.747	2.94
1510775477733	9.902	-0.804	2.921
1510775477746	9.845	-0.804	2.94
1510775477753	9.711	-0.804	2.959
1510775477763	9.644	-0.612	2.949
1510775477777	9.672	-0.651	2.949
1510775477783	9.73	-0.498	2.949
1510775477793	9.711	-0.565	2.892
1510775477806	9.634	-0.612	2.806
1510775477813	9.51	-0.66	2.719
1510775477823	9.462	-0.699	2.662
1510775477837	9.51	-0.766	2.719
1510775477843	9.672	-0.871	2.806
1510775477853	9.912	-0.938	2.93
1510775477867	10.036	-1.024	3.026
1510775477873	10.065	-1.149	3.064
1510775477883	10.103	-1.273	3.083
1510775477897	10.19	-1.35	3.102
1510775477903	10.305	-1.436	3.093
1510775477913	10.448	-1.484	3.112
1510775477926	10.554	-1.532	3.131
1510775477933	10.601	-1.58	3.141
1510775477943	10.621	-1.647	3.15
1510775477957	10.621	-1.714	3.074
1510775477963	10.611	-1.733	3.016
1510775477997	10.554	-1.743	3.007
1510775478000	10.506	-1.8	2.988
1510775478003	10.419	-1.934	2.988
1510775478010	10.295	-2.068	2.959
1510775478033	10.056	-2.221	3.016
1510775478036	9.318	-2.499	2.901
1510775478059	8.858	-2.652	2.767
1510775478061	8.341	-2.921	2.662
1510775478063	7.987	-3.237	2.566
1510775478077	7.738	-3.553	2.614
1510775478085	7.527	-3.715	2.739
1510775478096	7.383	-3.677	2.882
1510775478109	7.355	-3.39	3.074
1510775478113	7.431	-2.901	3.112
1510775478123	7.594	-2.327	2.997
1510775478135	7.661	-1.714	2.93
1510775478143	7.537	-1.149	2.748
1510775478153	7.221	-0.632	2.557
1510775478166	6.847	-0.287	2.346
1510775478173	6.608	-0.086	1.982
1510775478183	6.474	-0.009	1.628
1510775478196	6.454	-0.057	1.312
1510775478202	6.589	-0.239	1.101
1510775478213	6.876	-0.517	1.11
1510775478227	7.288	-0.833	1.676
1510775478233	7.594	-1.158	1.676
1510775478243	7.929	-1.551	2.068
1510775478254	8.36	-1.992	2.921
1510775478262	8.81	-2.509	2.834
1510775478273	9.174	-3.026	3.246
1510775478286	9.452	-3.553	3.945
1510775478293	9.644	-4.003	4.079
1510775478303	9.797	-4.3	4.156
1510775478319	9.941	-4.52	4.118
1510775478323	10.151	-4.644	4.012
1510775478333	10.4	-4.654	3.869
1510775478347	10.659	-4.549	3.715
1510775478353	10.889	-4.367	3.543
1510775478364	11.109	-4.108	3.419
1510775478377	11.109	-3.84	3.361
1510775478383	11.004	-3.581	3.352
1510775478393	10.898	-3.371	3.457
1510775478408	10.668	-3.198	3.553
1510775478413	10.439	-3.112	3.639
1510775478423	10.19	-3.093	3.735
1510775478437	9.912	-3.064	3.773
1510775478443	9.577	-2.988	3.696
1510775478453	9.28	-2.758	3.629
1510775478468	8.945	-2.643	3.543
1510775478473	8.676	-2.719	3.419
1510775478483	8.514	-2.576	3.294
1510775478497	8.303	-2.461	3.17
1510775478503	8.044	-2.403	2.978
1510775478513	7.881	-2.346	2.806
1510775478528	7.719	-2.308	2.681
1510775478533	7.613	-2.298	2.537
1510775478543	7.68	-2.355	2.394
1510775478557	7.814	-2.394	2.336
1510775478563	7.881	-2.384	2.26
1510775478574	7.881	-2.375	2.183
1510775478588	7.958	-2.403	2.145
1510775478622	8.111	-2.423	2.078
1510775478629	8.332	-2.442	2.039
1510775478632	8.619	-2.413	2.011
1510775478635	8.801	-2.375	2.049
1510775478640	8.906	-2.317	2.135
1510775478653	8.868	-2.231	2.212
1510775478655	8.83	-2.126	2.279
1510775478665	8.715	-2.02	2.355
1510775478678	8.561	-1.953	2.403
1510775478683	8.38	-1.925	2.394
1510775478697	8.169	-1.896	2.423
1510775478708	7.958	-1.829	2.442
1510775478713	7.738	-1.714	2.442
1510775478729	7.69	-1.551	2.47
1510775478736	7.949	-1.398	2.518
1510775478743	8.734	-1.254	2.432
1510775478753	10.247	-1.187	2.288
1510775478763	12.45	-1.235	2.011
1510775478773	14.825	-1.34	1.723
1510775478783	16.022	-1.321	1.723
1510775478796	15.792	-1.13	2.059
1510775478803	14.049	-1.024	2.355
1510775478813	12.182	-1.101	2.557
1510775478825	10.975	-1.34	2.825
1510775478832	10.295	-1.532	3.237
1510775478843	9.768	-1.685	3.668
1510775478857	9.404	-1.637	3.936
1510775478863	9.146	-1.474	4.022
1510775478873	8.983	-1.187	3.945
1510775478889	8.935	-0.89	3.821
1510775478893	9.002	-0.555	3.696
1510775478903	9.165	-0.287	3.514
1510775478918	9.194	-0.028	3.179
1510775478923	9.012	0.239	3.16
1510775478933	8.715	0.498	2.968
1510775478948	8.552	0.689	2.681
1510775478953	8.552	0.794	2.681
1510775478963	8.763	0.689	2.557
1510775478978	9.021	0.459	2.47
1510775478983	9.27	0.153	2.317
1510775478993	9.443	-0.181	2.413
1510775479009	9.5	-0.488	2.298
1510775479013	9.471	-0.718	2.298
1510775479024	9.404	-0.89	2.049
1510775479039	9.548	-1.063	2.011
1510775479043	9.481	-1.158	2.001
1510775479054	9.787	-1.254	2.03
1510775479069	10.151	-1.331	2.059
1510775479073	10.467	-1.407	2.154
1510775479083	10.41	-1.417	2.327
1510775479098	10.285	-1.407	2.451
1510775479103	9.931	-1.302	2.432
1510775479113	9.577	-1.187	2.461
1510775479128	9.289	-1.091	2.566
1510775479133	9.088	-0.967	2.604
1510775479144	8.964	-0.89	2.595
1510775479158	8.954	-0.679	2.518
1510775479163	9.098	-0.584	2.403
1510775479173	9.318	-0.229	2.241
1510775479185	9.471	0.028	2.126
1510775479193	9.481	0.191	2.097
1510775479222	9.414	0.249	2.126
1510775479226	9.404	0.181	2.221
1510775479234	9.462	0.0	2.288
1510775479236	9.538	-0.268	2.375
1510775479247	9.567	-0.574	2.461
1510775479267	9.682	-1.177	2.614
1510775479273	9.816	-1.436	2.643
1510775479288	9.931	-1.599	2.719
1510775479301	9.96	-1.752	2.748
1510775479305	9.931	-1.81	2.767
1510775479313	9.864	-1.829	2.777
1510775479323	9.711	-1.848	2.873
1510775479338	9.634	-1.829	2.863
1510775479343	9.5	-1.781	2.815
1510775479355	9.308	-1.743	2.729
1510775479368	9.184	-1.79	2.681
1510775479373	9.241	-1.79	2.662
1510775479383	9.423	-1.781	2.7
1510775479397	9.586	-1.81	2.681
1510775479402	9.634	-1.838	2.739
1510775479413	9.605	-1.915	2.796
1510775479424	9.634	-1.982	2.911
1510775479433	9.807	-2.011	3.035
1510775479444	9.979	-1.972	3.122
1510775479458	9.988	-1.848	3.227
1510775479462	9.826	-1.666	3.332
1510775479473	9.644	-1.513	3.371
1510775479488	9.49	-1.398	3.38
1510775479492	9.433	-1.302	3.342
1510775479503	9.443	-1.206	3.332
1510775479519	9.5	-1.11	3.256
1510775479523	9.51	-1.082	3.131
1510775479533	9.414	-1.043	3.035
1510775479548	9.356	-1.005	2.93
1510775479552	9.376	-1.005	2.853
1510775479563	9.443	-1.043	2.834
1510775479578	9.519	-1.11	2.959
1510775479582	9.615	-1.168	3.026
1510775479593	9.653	-1.225	3.122
1510775479609	9.605	-1.254	3.284
1510775479613	9.5	-1.216	3.428
1510775479623	9.347	-1.197	3.457
1510775479638	9.261	-1.197	3.438
1510775479642	9.241	-1.187	3.447
1510775479653	9.328	-1.187	3.428
1510775479669	9.433	-1.302	3.332
1510775479673	9.529	-1.417	3.227
1510775479683	9.634	-1.532	3.17
1510775479699	9.692	-1.637	3.122
1510775479703	9.672	-1.723	3.141
1510775479713	9.625	-1.819	3.361
1510775479728	9.529	-1.953	3.294
1510775479732	9.529	-2.116	3.342
1510775479743	9.625	-2.336	3.409
1510775479758	9.768	-2.537	3.495
1510775479762	9.864	-2.786	3.572
1510775479773	9.95	-3.016	3.601
1510775479789	9.969	-3.208	3.696
1510775479793	9.988	-3.38	3.706
1510775479803	9.979	-3.543	3.696
1510775479818	10.056	-3.687	3.648
1510775479839	10.142	-3.811	3.62
1510775479853	10.17	-3.869	3.562
1510775479854	10.094	-3.85	3.457
1510775479855	9.921	-3.629	3.476
1510775479870	9.701	-3.495	3.495
1510775479878	9.49	-3.179	3.495
1510775479888	9.241	-2.853	3.419
1510775479898	8.973	-2.423	3.275
1510775479912	8.782	-2.231	3.217
1510775479917	8.581	-2.202	3.265
1510775479925	8.303	-2.327	3.179
1510775479939	7.929	-2.442	3.083
1510775479943	7.441	-2.48	3.035
1510775479953	6.962	-2.442	3.016
1510775479963	6.589	-2.288	2.94
1510775479973	6.407	-1.992	2.815
1510775479983	6.359	-1.628	2.7
1510775479999	6.34	-1.254	2.604
1510775480002	6.282	-1.034	2.528
1510775480013	6.081	-0.909	2.442
1510775480024	5.717	-0.861	2.355
1510775480033	5.286	-0.9	2.241
1510775480047	4.922	-1.063	2.221
1510775480060	4.798	-1.312	2.202
1510775480063	5.008	-1.589	2.25
1510775480074	5.535	-1.905	2.269
1510775480083	6.244	-2.183	2.355
1510775480093	6.885	-2.423	2.432
1510775480104	7.374	-2.7	2.528
1510775480113	7.69	-3.035	2.604
1510775480123	7.977	-3.399	2.652
1510775480133	8.217	-3.792	2.786
1510775480144	8.456	-4.118	2.921
1510775480153	8.743	-4.395	2.978
1510775480164	9.098	-4.597	3.016
1510775480175	9.529	-4.846	3.15
1510775480183	9.902	-4.951	3.237
1510775480196	10.199	-4.989	3.313
1510775480203	10.439	-4.951	3.457
1510775480213	10.621	-4.913	3.524
1510775480224	10.745	-4.826	3.581
1510775480232	10.841	-4.664	3.572
1510775480243	10.908	-4.482	3.591
1510775480253	10.946	-4.242	3.591
1510775480263	11.004	-4.031	3.629
1510775480273	11.09	-3.897	3.658
1510775480284	11.147	-3.735	3.715
1510775480292	11.128	-3.514	3.802
1510775480303	10.946	-3.237	3.802
1510775480313	10.621	-2.93	3.773
1510775480322	10.17	-2.652	3.754
1510775480335	9.701	-2.432	3.658
1510775480343	9.356	-2.308	3.61
1510775480353	9.155	-2.212	3.533
1510775480363	9.05	-2.078	3.39
1510775480374	8.887	-1.944	3.237
1510775480388	8.6	-1.8	2.882
1510775480393	8.6	-1.704	2.882
1510775480404	8.523	-1.628	2.49
1510775480412	8.494	-1.608	2.499
1510775480422	8.542	-1.685	2.423
1510775480450	8.59	-1.819	2.317
1510775480461	8.514	-1.992	2.193
1510775480466	8.37	-2.145	2.049
1510775480467	8.341	-2.221	1.819
1510775480484	9.04	-2.241	1.676
1510775480492	9.328	-2.288	1.676
1510775480494	9.414	-2.375	1.79
1510775480506	9.261	-2.49	1.944
1510775480513	9.127	-2.595	2.059
1510775480525	9.146	-2.748	2.25
1510775480533	9.27	-2.901	2.384
1510775480546	9.49	-2.949	2.47
1510775480561	9.692	-2.777	2.528
1510775480563	9.701	-2.643	2.537
1510775480581	9.51	-2.317	2.509
1510775480584	9.098	-2.231	2.47
1510775480596	8.638	-2.078	2.336
1510775480607	8.293	-1.8	2.25
1510775480614	8.111	-1.561	2.145
1510775480623	8.198	-1.292	2.039
1510775480640	8.523	-1.053	1.896
1510775480647	8.992	-0.814	1.714
1510775480653	9.605	-0.641	1.541
1510775480663	10.429	-0.555	1.359
1510775480674	11.502	-0.565	1.197
1510775480683	12.622	-0.603	1.043
1510775480693	13.369	-0.641	0.938
1510775480704	13.283	-0.699	1.072
1510775480712	12.632	-0.804	1.273
1510775480723	11.866	-0.928	1.541
1510775480734	11.272	-1.101	1.896
1510775480743	10.879	-1.283	2.269
1510775480753	10.63	-1.436	2.643
1510775480764	10.352	-1.474	3.007
1510775480773	9.921	-1.417	3.361
1510775480785	9.5	-1.283	3.629
1510775480796	9.241	-1.053	3.792
1510775480803	9.213	-0.871	3.85
1510775480814	9.241	-0.804	3.907
1510775480827	9.27	-0.747	3.792
1510775480833	9.299	-0.699	3.668
1510775480844	9.241	-0.699	3.371
1510775480857	9.232	-0.593	3.055
1510775480863	9.27	-0.459	2.719
1510775480874	9.337	-0.277	2.336
1510775480887	9.423	-0.038	1.982
1510775480893	9.529	0.21	1.666
1510775480905	9.596	0.383	1.379
1510775480917	9.567	0.459	1.254
1510775480923	9.529	0.411	1.225
1510775480934	9.615	0.229	1.321
1510775480947	9.759	-0.076	1.436
1510775480953	9.941	-0.421	1.57
1510775480965	10.151	-0.766	1.676
1510775480982	10.324	-1.082	2.078
1510775480994	10.439	-1.522	2.212
1510775480996	10.439	-1.522	2.212
1510775481009	10.142	-1.647	2.442
1510775481013	10.056	-1.723	2.442
1510775481023	9.883	-1.762	2.355
1510775481034	9.739	-1.771	2.308
1510775481055	9.433	-1.695	2.288
1510775481057	9.031	-1.589	2.298
1510775481070	8.629	-1.446	2.384
1510775481083	8.255	-1.312	2.557
1510775481085	8.063	-1.13	2.748
1510775481095	8.063	-0.89	2.863
1510775481104	8.255	-0.679	2.71
1510775481114	8.619	-0.459	2.566
1510775481126	9.04	-0.249	2.212
1510775481133	9.318	0.0	1.963
1510775481143	9.471	0.249	1.733
1510775481160	9.481	0.459	1.589
1510775481163	9.443	0.622	1.551
1510775481173	9.481	0.651	1.637
1510775481186	9.692	0.201	1.829
1510775481193	9.845	0.268	2.087
1510775481203	10.017	-0.028	2.375
1510775481216	10.036	-0.373	2.576
1510775481223	10.027	-0.67	2.729
1510775481233	10.017	-0.9	2.806
1510775481246	10.046	-1.043	2.825
1510775481253	10.103	-1.101	2.825
1510775481263	10.17	-1.139	2.786
1510775481277	10.19	-0.967	2.748
1510775481283	10.132	-1.043	2.7
1510775481293	10.027	-0.928	2.643
1510775481305	9.95	-0.871	2.633
1510775481313	9.845	-0.842	2.662
1510775481323	9.807	-0.814	2.672
1510775481335	9.787	-0.823	2.624
1510775481343	9.739	-0.871	2.614
1510775481353	9.596	-0.881	2.595
1510775481366	9.5	-0.823	2.566
1510775481373	9.5	-0.718	2.528
1510775481383	9.586	-0.612	2.518
1510775481403	9.759	-0.363	2.432
1510775481414	9.874	-0.287	2.423
1510775481428	9.826	-0.277	2.47
1510775481433	9.72	-0.258	2.557
1510775481443	9.682	-0.258	2.614
1510775481458	9.749	-0.306	2.633
1510775481463	9.845	-0.316	2.537
1510775481473	9.921	-0.354	2.451
1510775481488	9.845	-0.392	2.336
1510775481493	9.711	-0.498	2.269
1510775481525	9.634	-0.603	2.26
1510775481530	9.625	-0.747	2.365
1510775481532	9.663	-0.89	2.48
1510775481533	9.778	-1.015	2.566
1510775481546	9.845	-1.091	2.652
1510775481553	9.893	-1.101	2.758
1510775481563	9.864	-1.12	2.815
1510775481578	9.797	-1.149	2.844
1510775481585	9.759	-1.149	2.796
1510775481593	9.625	-1.216	2.729
1510775481605	9.51	-1.292	2.624
1510775481613	9.481	-1.417	2.557
1510775481623	9.605	-1.561	2.576
1510775481635	9.787	-1.666	2.681
1510775481643	9.96	-1.752	2.806
1510775481653	10.046	-1.781	2.93
1510775481691	10.075	-1.81	3.045
1510775481698	10.103	-1.81	3.093
1510775481700	10.17	-1.848	3.112
1510775481701	10.266	-1.896	3.15
1510775481708	10.381	-1.915	3.083
1510775481723	10.506	-1.953	3.102
1510775481725	10.554	-2.03	3.131
1510775481735	10.515	-2.106	3.131
1510775481744	10.391	-2.135	3.035
1510775481758	10.209	-2.154	2.94
1510775481763	9.998	-2.154	2.767
1510775481773	9.73	-2.154	2.604
1510775481788	9.165	-2.135	2.48
1510775481793	9.155	-2.135	2.48
1510775481805	8.801	-2.145	2.327
1510775481815	8.389	-2.193	2.604
1510775481823	7.968	-2.25	2.336
1510775481840	7.556	-2.346	2.298
1510775481844	7.23	-2.413	2.116
1510775481854	6.933	-2.49	1.982
1510775481864	6.742	-2.576	1.857
1510775481879	6.636	-2.451	1.877
1510775481883	6.636	-2.557	1.992
1510775481894	6.828	-2.355	2.126
1510775481906	6.981	-2.059	2.221
1510775481913	7.403	-1.733	2.288
1510775481923	7.565	-1.369	2.269
1510775481935	7.565	-1.11	2.116
1510775481942	7.431	-0.909	1.934
1510775481953	7.364	-0.842	1.704
1510775481965	7.489	-0.928	1.541
1510775481973	7.929	-1.168	1.465
1510775481983	8.571	-1.101	1.465
1510775481997	9.27	-0.957	1.522
1510775482003	9.768	-0.871	1.618
1510775482013	9.979	-0.699	1.771
1510775482025	10.094	-0.641	1.944
1510775482032	10.19	-0.794	2.126
1510775482043	10.324	-1.072	2.298
1510775482055	10.477	-1.532	2.49
1510775482071	10.649	-2.087	2.624
1510775482076	10.87	-2.691	2.767
1510775482086	11.032	-3.217	2.968
1510775482093	11.186	-3.629	3.227
1510775482103	11.186	-3.917	3.419
1510775482116	11.08	-4.022	3.744
1510775482123	10.917	-3.917	3.907
1510775482133	10.64	-3.84	3.888
1510775482145	10.391	-3.792	3.811
1510775482152	10.237	-3.639	3.792
1510775482163	10.103	-3.409	3.648
1510775482176	9.969	-3.102	3.428
1510775482183	9.893	-2.767	3.15
1510775482193	9.807	-2.48	2.796
1510775482207	9.692	-2.164	2.48
1510775482213	9.462	-1.905	2.116
1510775482223	9.203	-1.695	1.915
1510775482238	8.964	-1.637	1.743
1510775482243	8.782	-1.676	1.656
1510775482255	8.696	-1.733	1.723
1510775482269	8.676	-1.752	1.79
1510775482314	8.705	-1.743	1.848
1510775482316	8.763	-1.695	2.001
1510775482320	8.906	-1.704	2.126
1510775482321	8.906	-1.704	2.126
1510775482321	8.973	-1.771	2.174
1510775482323	9.031	-1.838	2.126
1510775482341	9.107	-1.963	2.135
1510775482348	9.174	-2.097	2.174
1510775482357	9.299	-2.193	2.135
1510775482366	9.443	-2.26	2.135
1510775482374	9.605	-2.231	2.174
1510775482392	9.778	-2.106	2.212
1510775482393	9.95	-1.886	2.221
1510775482403	10.075	-1.647	2.174
1510775482416	10.17	-1.426	2.154
1510775482422	10.161	-1.264	2.145
1510775482433	10.113	-1.197	2.116
1510775482446	10.017	-1.225	2.25
1510775482453	9.921	-1.273	2.269
1510775482463	9.921	-1.312	2.384
1510775482477	9.941	-1.312	2.413
1510775482485	9.969	-1.235	2.336
1510775482494	9.969	-1.053	2.231
1510775482509	9.768	-0.861	2.174
1510775482513	9.807	-0.756	2.174
1510775482523	9.653	-0.679	2.221
1510775482538	9.5	-0.622	2.26
1510775482543	9.376	-0.565	2.202
1510775482555	9.28	-0.488	2.193
1510775482567	9.203	-0.43	2.106
1510775482573	9.069	-0.383	2.011
1510775482583	8.849	-0.325	1.963
1510775482597	8.274	-0.277	1.953
1510775482603	7.977	-0.239	1.905
1510775482613	7.747	-0.21	1.905
1510775482626	7.441	-0.162	1.857
1510775482633	7.403	-0.134	1.896
1510775482643	7.68	-0.143	1.743
1510775482658	8.437	-0.124	1.532
1510775482663	9.586	-0.162	1.388
1510775482674	10.841	-0.172	1.139
1510775482690	11.885	-0.277	1.005
1510775482693	12.823	-0.124	0.976
1510775482703	13.561	0.21	1.149
1510775482717	13.657	0.517	1.532
1510775482723	12.718	0.651	1.848
1510775482733	11.444	0.411	2.202
1510775482747	10.458	0.0	2.269
1510775482753	9.912	-0.316	2.241
1510775482763	9.644	-0.478	2.241
1510775482778	9.567	-0.43	2.394
1510775482783	9.471	-0.258	2.537
1510775482795	9.251	-0.028	2.643
1510775482810	9.05	0.191	2.71
1510775482813	9.031	0.421	2.652
1510775482825	9.222	0.679	2.461
1510775482839	9.49	1.005	2.231
1510775482855	9.893	1.628	1.877
1510775482871	9.979	1.877	1.714
1510775482873	10.046	1.992	1.532
1510775482885	10.19	2.03	1.34
1510775482925	10.381	1.934	1.245
1510775482938	10.506	1.714	1.206
1510775482957	10.467	1.388	1.177
1510775482960	10.324	1.034	1.139
1510775482961	10.142	0.574	1.158
1510775482963	9.96	0.076	1.197
1510775482965	9.845	-0.43	1.254
1510775482966	9.778	-0.909	1.369
1510775482980	9.768	-1.35	1.58
1510775482989	9.778	-1.733	1.905
1510775482997	9.768	-2.011	2.212
1510775483005	9.768	-2.202	2.518
1510775483018	9.797	-2.25	2.863
1510775483022	9.931	-2.135	3.064
1510775483033	10.056	-1.877	3.15
1510775483044	10.084	-1.532	3.026
1510775483053	9.969	-1.149	2.806
1510775483063	9.902	-0.737	2.547
1510775483078	9.845	-0.402	2.346
1510775483083	9.835	-0.086	2.221
1510775483093	9.893	0.21	2.154
1510775483119	9.95	0.411	2.183
1510775483120	9.95	0.574	2.212
1510775483125	9.921	0.699	2.212
1510775483138	9.807	0.747	2.202
1510775483143	9.682	0.756	2.212
1510775483153	9.586	0.756	2.212
1510775483168	9.586	0.67	2.212
1510775483173	9.682	0.565	2.174
1510775483183	9.768	0.45	2.164
1510775483199	9.826	0.335	2.212
1510775483203	9.845	0.22	2.499
1510775483214	9.883	0.143	2.643
1510775483230	9.883	0.105	2.633
1510775483233	9.835	0.143	2.547
1510775483243	9.663	0.162	2.183
1510775483257	9.414	0.086	1.829
1510775483262	9.232	-0.162	1.656
1510775483273	9.366	-0.478	1.81
1510775483287	9.347	-0.804	2.174
1510775483293	9.969	-1.034	2.652
1510775483303	10.123	-1.139	3.016
1510775483318	9.739	-1.072	3.237
1510775483323	9.299	-0.976	3.294
1510775483335	8.849	-0.948	3.237
1510775483351	8.629	-1.005	3.112
1510775483353	8.753	-1.292	2.978
1510775483365	9.012	-1.245	2.911
1510775483382	9.194	-1.091	2.882
1510775483384	9.203	-1.197	2.892
1510775483396	9.088	-1.034	2.911
1510775483413	8.954	-0.967	2.959
1510775483414	8.906	-0.909	3.055
1510775483425	8.916	-0.823	3.131
1510775483442	8.954	-0.747	3.122
1510775483444	8.954	-0.727	3.093
1510775483456	8.964	-0.727	2.978
1510775483472	8.983	-0.775	2.959
1510775483474	9.031	-0.823	2.93
1510775483486	9.146	-0.804	3.035
1510775483502	9.328	-0.679	3.217
1510775483550	9.462	-0.526	3.313
1510775483557	9.557	-0.383	3.361
1510775483564	9.644	-0.249	3.332
1510775483568	9.672	-0.162	3.284
1510775483573	9.72	-0.143	3.189
1510775483575	9.854	-0.191	3.093
1510775483577	10.046	-0.296	2.997
1510775483578	10.209	-0.44	2.93
1510775483590	10.295	-0.603	2.93
1510775483604	10.247	-0.775	3.007
1510775483606	10.218	-0.976	3.131
1510775483613	10.209	-1.139	3.304
1510775483623	10.285	-1.273	3.553
1510775483636	10.419	-1.302	3.763
1510775483666	10.467	-1.254	3.859
1510775483667	10.362	-1.235	3.802
1510775483667	10.17	-1.312	3.629
1510775483673	9.931	-1.532	3.409
1510775483683	9.701	-1.819	3.246
1510775483693	9.577	-2.059	3.131
1510775483704	9.586	-2.288	2.959
1510775483714	9.577	-2.451	2.815
1510775483724	9.577	-2.518	2.719
1510775483734	9.529	-2.49	2.758
1510775483743	9.299	-2.423	2.873
1510775483754	8.887	-2.355	2.988
1510775483763	8.456	-2.336	3.102
1510775483773	8.083	-2.355	3.131
1510775483784	7.805	-2.384	3.112
1510775483793	7.652	-2.461	3.064
1510775483803	7.613	-2.537	3.045
1510775483814	7.642	-2.672	3.007
1510775483825	7.728	-2.681	3.035
1510775483833	7.776	-2.576	3.16
1510775483845	7.7	-2.394	3.208
1510775483852	7.47	-2.126	3.198
1510775483863	7.24	-1.896	3.131
1510775483873	7.096	-1.723	2.978
1510775483882	7.144	-1.599	2.786
1510775483893	7.345	-1.551	2.595
1510775483904	7.556	-1.57	2.461
1510775483913	7.69	-1.723	2.394
1510775483923	7.767	-1.925	2.662
1510775483935	7.853	-2.164	2.844
1510775483943	7.968	-2.394	2.844
1510775483953	8.063	-2.585	2.882
1510775483966	8.121	-2.815	2.863
1510775483975	8.15	-3.131	2.921
1510775483985	8.657	-3.533	3.026
1510775483996	9.136	-4.223	3.256
1510775484003	9.596	-4.223	3.428
1510775484013	10.084	-4.348	3.572
1510775484026	10.305	-4.252	3.658
1510775484033	10.228	-3.993	3.706
1510775484043	10.075	-3.735	3.754
1510775484058	10.046	-3.802	3.821
1510775484071	10.161	-3.677	3.85
1510775484092	10.324	-3.543	3.888
1510775484097	10.419	-3.476	3.878
1510775484099	10.496	-3.284	3.907
1510775484104	10.554	-2.997	3.974
1510775484127	10.554	-2.7	4.031
1510775484130	10.477	-2.461	4.099
1510775484145	10.228	-2.269	4.06
1510775484148	9.816	-2.154	3.984
1510775484154	9.366	-2.135	3.917
1510775484168	9.012	-2.154	3.811
1510775484184	8.801	-2.154	3.648
1510775484185	8.715	-2.087	3.524
1510775484193	8.638	-1.982	3.294
1510775484205	8.504	-1.819	3.131
1510775484213	8.312	-1.666	2.94
1510775484226	8.13	-1.608	2.796
1510775484234	8.025	-1.608	2.662
1510775484242	7.987	-1.647	2.528
1510775484253	8.044	-1.704	2.451
1510775484266	8.13	-1.743	2.384
1510775484278	8.198	-1.762	2.365
1510775484282	8.265	-1.79	2.403
1510775484293	8.312	-1.896	2.413
1510775484302	8.341	-2.039	2.451
1510775484313	8.38	-2.183	2.442
1510775484324	8.408	-2.327	2.375
1510775484332	8.504	-2.48	2.327
1510775484343	8.629	-2.585	2.317
1510775484355	8.791	-2.719	2.413
1510775484373	8.935	-2.806	2.547
1510775484374	9.069	-2.863	2.614
1510775484386	9.27	-2.834	2.624
1510775484393	9.51	-2.777	2.71
1510775484404	9.759	-2.71	2.748
1510775484420	10.103	-2.537	2.853
1510775484433	10.266	-2.461	2.863
1510775484447	10.343	-2.394	3.074
1510775484453	10.17	-2.308	3.074
1510775484466	9.883	-2.269	3.15
1510775484477	9.634	-2.241	3.16
1510775484483	9.404	-2.193	3.045
1510775484494	9.261	-2.078	2.911
1510775484508	9.213	-1.934	2.758
1510775484513	9.117	-1.714	2.758
1510775484523	8.82	-1.398	2.767
1510775484537	8.437	-1.063	2.719
1510775484543	8.121	-0.747	2.566
1510775484554	7.862	-0.478	2.413
1510775484567	7.709	-0.268	2.001
1510775484585	7.709	-0.086	2.001
1510775484586	7.862	0.019	1.637
1510775484598	8.916	0.067	1.426
1510775484603	8.916	0.067	1.273
1510775484614	9.874	-0.038	1.13
1510775484629	12.249	-0.43	1.015
1510775484633	12.249	-0.43	1.063
1510775484644	13.005	-0.584	1.359
1510775484659	12.287	-0.804	1.704
1510775484663	12.287	-0.804	1.934
1510775484674	11.368	-0.957	2.241
1510775484687	11.195	-1.35	2.585
1510775484693	11.042	-1.35	2.959
1510775484705	10.726	-1.58	3.15
1510775484717	10.266	-2.049	3.304
1510775484723	9.96	-2.049	3.275
1510775484769	9.787	-2.231	3.122
1510775484772	9.692	-2.269	3.007
1510775484776	9.605	-1.857	2.94
1510775484777	9.443	-1.407	2.988
1510775484777	9.174	-0.957	2.968
1510775484790	8.849	-0.517	2.988
1510775484793	8.619	-0.22	3.007
1510775484808	8.629	0.105	2.988
1510775484813	8.81	0.373	2.834
1510775484826	8.945	0.641	2.566
1510775484836	9.021	0.938	2.26
1510775484843	8.992	1.149	1.992
1510775484853	8.916	1.312	1.685
1510775484864	8.791	1.302	1.474
1510775484873	8.82	1.187	1.283
1510775484883	9.059	0.976	1.245
1510775484894	9.548	0.766	1.283
1510775484903	10.027	0.574	1.474
1510775484913	10.276	0.354	1.685
1510775484925	10.257	0.191	1.877
1510775484933	9.988	-0.028	2.116
1510775484943	9.778	-0.249	2.059
1510775484957	9.596	-0.287	2.183
1510775484963	9.682	-0.287	2.432
1510775484973	9.969	-0.287	2.547
1510775484985	10.218	-0.162	2.662
1510775484992	10.343	0.009	2.652
1510775485003	10.209	0.181	2.624
1510775485014	9.883	0.363	2.585
1510775485022	9.596	0.555	2.47
1510775485033	9.471	0.708	2.269
1510775485045	9.577	0.842	2.078
1510775485053	9.787	0.957	1.963
1510775485063	10.017	1.005	1.905
1510775485078	10.151	0.986	1.915
1510775485083	10.132	0.919	2.001
1510775485093	10.046	0.833	2.154
1510775485107	9.931	0.747	2.336
1510775485113	9.864	0.679	2.499
1510775485124	9.854	0.574	2.7
1510775485137	9.816	0.45	2.94
1510775485143	9.826	0.325	3.093
1510775485153	9.864	0.229	3.093
1510775485173	9.979	0.239	2.729
1510775485183	9.95	0.335	2.547
1510775485196	9.854	0.44	2.269
1510775485203	9.739	0.507	2.298
1510775485213	9.605	0.565	2.154
1510775485227	9.5	0.574	1.982
1510775485233	9.423	0.593	1.982
1510775485243	9.404	0.574	1.992
1510775485258	9.452	0.555	2.097
1510775485263	9.481	0.555	2.097
1510775485273	9.433	0.584	2.183
1510775485293	9.232	0.536	2.288
1510775485315	9.213	0.459	2.537
1510775485316	9.213	0.373	2.633
1510775485323	9.261	0.277	2.624
1510775485333	9.299	0.229	2.853
1510775485345	9.385	0.201	2.901
1510775485353	9.385	0.201	2.911
1510775485373	9.404	0.22	2.873
1510775485375	9.423	0.43	2.873
1510775485397	9.423	0.316	2.873
1510775485402	9.644	0.402	2.844
1510775485406	9.759	0.679	2.844
1510775485420	9.912	0.679	2.729
1510775485426	9.96	0.842	2.672
1510775485444	9.988	0.976	2.614
1510775485445	9.931	1.225	2.518
1510775485454	9.854	0.938	2.432
1510775485467	9.826	1.034	2.442
1510775485473	9.874	0.804	2.423
1510775485483	9.96	0.708	2.442
1510775485496	10.056	0.565	2.432
1510775485503	10.113	0.402	2.499
1510775485517	10.132	0.229	2.566
1510775485526	10.065	0.019	2.748
1510775485533	9.95	-0.239	2.901
1510775485543	9.941	-0.536	2.978
1510775485555	10.027	-0.861	3.122
1510775485562	10.113	-1.187	3.189
1510775485573	10.209	-1.465	3.237
1510775485587	10.257	-1.733	3.304
1510775485593	10.285	-2.02	3.457
1510775485604	10.285	-2.26	3.591
1510775485618	10.266	-2.394	3.687
1510775485623	10.266	-2.451	3.715
1510775485633	10.218	-2.394	3.658
1510775485646	10.075	-2.288	3.591
1510775485652	9.893	-2.174	3.524
1510775485663	9.739	-2.126	3.428
1510775485675	9.672	-2.078	3.304
1510775485682	9.653	-2.078	3.227
1510775485693	9.682	-2.106	3.122
1510775485707	9.768	-2.135	3.055
1510775485713	9.816	-2.164	3.045
1510775485723	9.787	-2.145	3.112
1510775485734	9.682	-2.087	3.237
1510775485750	9.577	-2.02	3.313
1510775485759	9.5	-1.982	3.39
1510775485764	9.462	-1.953	3.447
1510775485778	9.395	-1.934	3.466
1510775485785	9.299	-1.867	3.419
1510775485795	9.098	-1.723	3.342
1510775485802	8.763	-1.561	3.246
1510775485813	8.322	-1.407	3.122
1510775485825	7.891	-1.273	2.988
1510775485832	7.489	-1.273	2.882
1510775485843	7.192	-1.321	2.863
1510775485856	6.972	-1.465	3.007
1510775485863	6.818	-1.599	3.198
1510775485873	6.704	-1.695	3.313
1510775485888	6.656	-1.79	3.399
1510775485893	6.694	-1.81	3.342
1510775485903	6.838	-1.79	3.275
1510775485916	6.981	-1.79	3.198
1510775485922	7.029	-1.771	3.093
1510775485933	6.924	-1.704	3.055
1510775485946	6.732	-1.676	2.873
1510775485952	6.502	-1.647	2.633
1510775485963	6.349	-1.676	2.49
1510775485987	6.397	-1.723	2.336
1510775485992	6.742	-1.781	2.26
1510775485996	7.374	-1.848	2.537
1510775486007	8.15	-1.838	2.901
1510775486018	8.906	-1.829	3.237
1510775486034	9.433	-1.762	3.553
1510775486036	9.749	-1.685	3.696
1510775486043	9.912	-1.656	3.763
1510775486053	9.672	-1.714	3.792
1510775486066	9.27	-1.838	3.782
1510775486083	9.356	-2.078	3.725
1510775486084	9.644	-2.384	3.677
1510775486097	10.103	-2.691	3.677
1510775486102	10.448	-2.882	3.754
1510775486113	10.611	-2.988	3.907
1510775486126	10.525	-2.997	4.108
1510775486135	10.343	-2.911	4.338
1510775486143	10.161	-2.643	4.491
1510775486157	9.988	-2.537	4.539
1510775486162	9.73	-2.384	4.491
1510775486173	9.443	-2.106	4.376
1510775486188	9.232	-1.915	4.175
1510775486193	9.184	-1.743	3.955
1510775486203	9.299	-1.58	3.744
1510775486216	9.471	-1.426	3.543
1510775486222	9.615	-1.235	3.419
1510775486233	9.615	-1.034	3.275
1510775486246	9.462	-0.861	3.17
1510775486252	9.155	-0.699	3.141
1510775486263	8.801	-0.651	3.131
1510775486280	8.523	-0.679	3.227
1510775486294	8.629	-0.976	3.39
1510775486310	8.772	-1.13	3.438
1510775486313	8.925	-1.206	3.39
1510775486326	9.127	-1.245	3.256
1510775486340	9.299	-1.235	3.141
1510775486343	9.299	-1.206	3.035
1510775486354	9.213	-1.216	2.949
1510775486368	9.117	-1.254	3.026
1510775486377	9.107	-1.436	3.15
1510775486385	9.069	-1.58	3.313
1510775486399	9.05	-1.647	3.428
1510775486405	9.155	-1.628	3.447
1510775486419	9.337	-1.522	3.409
1510775486429	9.557	-1.417	3.38
1510775486433	9.682	-1.302	3.39
1510775486445	9.663	-1.225	3.399
1510775486462	9.51	-1.177	3.371
1510775486464	9.28	-1.139	3.246
1510775486475	9.069	-1.091	3.074
1510775486491	8.935	-1.024	2.882
1510775486493	8.935	-1.015	2.7
1510775486506	9.088	-1.005	2.633
1510775486520	9.299	-0.986	2.643
1510775486523	9.433	-0.89	2.719
1510775486535	9.443	-0.766	2.844
1510775486551	9.328	-0.651	2.959
1510775486553	9.069	-0.507	3.045
1510775486565	8.782	-0.392	3.055
1510775486580	8.494	-0.277	3.035
1510775486587	8.236	-0.191	3.016
1510775486627	8.063	-0.105	2.949
1510775486638	8.159	-0.105	2.834
1510775486646	8.667	-0.086	2.681
1510775486652	9.634	-0.124	2.499
1510775486656	10.937	-0.172	2.269
1510775486660	12.143	-0.268	2.164
1510775486661	12.785	-0.392	2.193
1510775486675	12.574	-0.507	2.432
1510775486677	11.827	-0.593	2.748
1510775486695	10.927	-0.766	3.495
1510775486697	10.285	-0.881	3.974
1510775486714	9.96	-1.024	4.051
1510775486715	9.826	-1.043	4.079
1510775486725	9.768	-0.871	3.955
1510775486733	9.682	-0.526	3.696
1510775486745	9.146	-0.143	3.323
1510775486764	9.174	0.306	2.968
1510775486766	8.81	0.785	2.71
1510775486777	8.676	1.264	2.557
1510775486791	8.715	1.656	2.49
1510775486793	8.676	2.02	2.451
1510775486806	8.753	2.221	2.365
1510775486819	8.868	2.241	2.25
1510775486823	8.925	2.135	2.183
1510775486840	8.935	1.58	2.193
1510775486849	9.002	1.292	2.231
1510775486853	9.059	1.168	2.269
1510775486864	9.174	0.775	2.336
1510775486874	9.356	0.747	2.394
1510775486883	9.577	0.545	2.518
1510775486894	9.768	0.402	2.604
1510775486904	9.864	0.306	2.748
1510775486913	9.768	0.162	2.892
1510775486923	9.692	0.038	2.949
1510775486936	9.672	-0.124	3.074
1510775486942	9.787	-0.21	3.131
1510775486953	9.931	-0.22	3.131
1510775486966	9.998	-0.143	3.093
1510775486972	9.95	-0.028	3.064
1510775486983	9.874	0.124	2.949
1510775486996	9.787	0.258	2.882
1510775487002	9.778	0.392	2.863
1510775487013	9.759	0.488	2.892
1510775487029	9.672	0.612	2.94
1510775487033	9.51	0.718	3.026
1510775487044	9.366	0.804	3.15
1510775487060	9.27	0.89	3.189
1510775487063	9.261	0.948	3.15
1510775487075	9.337	1.005	3.083
1510775487091	9.376	1.063	3.045
1510775487093	9.414	1.091	3.016
1510775487105	9.462	1.101	3.007
1510775487119	9.452	1.101	2.988
1510775487123	9.471	1.043	2.978
1510775487149	9.471	0.871	2.873
1510775487153	9.49	0.756	2.863
1510775487164	9.433	0.651	2.882
1510775487179	9.366	0.545	2.921
1510775487183	9.289	0.45	2.968
1510775487195	9.232	0.363	2.997
1510775487209	9.261	0.249	2.988
1510775487243	9.328	0.143	3.064
1510775487248	9.395	0.057	3.15
1510775487252	9.423	0.047	3.275
1510775487254	9.51	0.114	3.399
1510775487256	9.605	0.306	3.419
1510775487268	9.634	0.507	3.352
1510775487274	9.529	0.708	3.246
1510775487285	9.395	0.814	3.16
1510775487295	9.328	0.861	3.15
1510775487303	9.423	0.881	3.15
1510775487315	9.644	0.928	3.16
1510775487329	9.759	1.063	3.102
1510775487333	9.596	1.168	3.074
1510775487344	9.289	1.235	3.074
1510775487353	8.992	1.187	3.093
1510775487362	8.868	1.024	3.122
1510775487373	8.83	0.842	3.131
1510775487383	8.801	0.612	3.122
1510775487393	8.763	0.363	3.17
1510775487403	8.734	0.172	3.246
1510775487413	8.81	0.028	3.256
1510775487423	8.925	0.009	3.227
1510775487434	8.973	0.028	3.179
1510775487443	8.992	0.086	3.074
1510775487452	8.925	0.134	2.978
1510775487463	8.887	0.153	2.968
1510775487472	9.079	0.153	3.074
1510775487482	8.973	0.22	3.246
1510775487493	8.973	0.258	3.38
1510775487503	8.935	0.287	3.486
1510775487513	8.878	0.287	3.486
1510775487525	8.81	0.287	3.371
1510775487540	8.772	0.268	3.256
1510775487543	8.763	0.249	3.141
1510775487555	8.763	0.172	3.083
1510775487563	8.801	0.172	3.083
1510775487573	8.878	0.162	3.102
1510775487585	8.992	0.181	3.141
1510775487593	9.088	0.191	3.17
1510775487603	9.136	0.22	3.246
1510775487615	9.136	0.249	3.313
1510775487623	9.136	0.325	3.39
1510775487633	9.165	0.354	3.495
1510775487645	9.203	0.402	3.524
1510775487653	9.28	0.526	3.495
1510775487663	9.366	0.727	3.361
1510775487675	9.452	0.89	3.237
1510775487683	9.471	0.957	3.16
1510775487693	9.5	0.919	3.083
1510775487705	9.51	0.766	2.988
1510775487713	9.519	0.565	3.016
1510775487723	9.605	0.363	3.074
1510775487735	9.739	0.105	3.227
1510775487743	9.931	-0.162	3.399
1510775487753	10.094	-0.402	3.581
1510775487766	10.228	-0.612	3.706
1510775487773	10.305	-0.766	3.706
1510775487783	10.305	-0.89	3.62
1510775487796	10.343	-0.986	3.486
1510775487803	10.448	-1.072	3.352
1510775487813	10.611	-1.149	3.284
1510775487847	10.793	-1.264	3.323
1510775487852	10.917	-1.388	3.304
1510775487854	10.898	-1.551	3.371
1510775487857	10.735	-1.704	3.466
1510775487869	10.554	-1.896	3.514
1510775487874	10.486	-2.078	3.533
1510775487885	10.506	-2.231	3.581
1510775487893	10.506	-2.394	3.639
1510775487903	10.458	-2.499	3.677
1510775487916	10.324	-2.537	3.706
1510775487923	10.19	-2.537	3.677
1510775487933	10.103	-2.509	3.581
1510775487944	10.017	-2.403	3.572
1510775487953	9.778	-2.269	3.514
1510775487963	9.299	-2.116	3.476
1510775487974	8.676	-1.963	3.428
1510775487983	8.025	-1.877	3.332
1510775487993	7.546	-1.886	3.265
1510775488003	7.288	-1.896	3.16
1510775488012	7.221	-1.877	2.968
1510775488023	7.249	-1.762	2.758
1510775488033	7.23	-1.561	2.461
1510775488042	7.096	-1.359	2.298
1510775488052	6.79	-1.206	2.154
1510775488064	6.359	-1.072	2.068
1510775488073	6.014	-0.996	2.068
1510775488083	5.899	-0.967	2.288
1510775488114	6.033	-1.043	2.241
1510775488115	6.359	-1.11	2.174
1510775488116	6.723	-1.139	2.135
1510775488126	7.125	-1.35	2.183
1510775488133	7.125	-1.312	2.279
1510775488143	7.623	-1.532	2.576
1510775488158	8.188	-2.02	2.94
1510775488163	8.494	-2.02	3.131
1510775488173	9.021	-2.135	3.179
1510775488186	9.308	-2.375	3.246
1510775488193	9.5	-2.317	3.323
1510775488204	9.586	-2.509	3.342
1510775488215	9.701	-2.509	3.294
1510775488223	9.96	-2.547	3.304
1510775488233	10.247	-2.346	3.304
1510775488247	10.496	-2.413	3.371
1510775488253	10.582	-2.231	3.361
1510775488263	10.582	-2.231	3.208
1510775488276	10.582	-2.355	2.988
1510775488283	10.735	-2.557	2.911
1510775488296	11.032	-2.777	3.093
1510775488306	11.272	-2.901	3.294
1510775488313	11.329	-2.93	3.562
1510775488323	11.099	-2.882	3.859
1510775488336	10.688	-2.825	4.118
1510775488343	10.257	-2.777	4.252
1510775488353	9.797	-2.672	4.29
1510775488366	9.385	-2.528	4.233
1510775488373	9.04	-2.327	4.137
1510775488383	8.782	-2.087	3.926
1510775488396	8.686	-1.771	3.735
1510775488403	8.696	-1.436	3.505
1510775488413	8.743	-1.101	3.256
1510775488426	8.82	-0.804	3.026
1510775488461	8.81	-0.526	2.652
1510775488468	8.81	-0.316	2.652
1510775488471	8.763	-0.134	2.413
1510775488476	8.676	-0.076	2.279
1510775488482	8.504	-0.143	2.106
1510775488484	8.332	-0.335	1.972
1510775488493	8.226	-0.612	1.886
1510775488503	8.341	-0.909	1.838
1510775488515	8.59	-1.254	1.915
1510775488523	8.791	-1.589	2.02
1510775488533	8.906	-1.896	2.202
1510775488547	8.878	-2.059	2.394
1510775488553	8.82	-2.106	2.49
1510775488563	8.715	-1.953	2.518
1510775488576	8.667	-1.676	2.566
1510775488583	8.696	-1.359	2.691
1510775488593	8.696	-1.005	2.834
1510775488604	8.782	-0.708	2.863
1510775488612	8.983	-0.526	2.748
1510775488623	9.471	-0.498	2.585
1510775488635	10.305	-0.565	2.269
1510775488643	11.368	-0.651	1.953
1510775488653	12.258	-0.708	1.723
1510775488666	12.67	-0.689	1.762
1510775488673	12.479	-0.641	2.049
1510775488683	11.99	-0.593	2.308
1510775488697	11.569	-0.622	2.681
1510775488703	11.119	-0.708	3.007
1510775488713	10.601	-0.823	3.17
1510775488727	10.056	-0.919	3.198
1510775488733	9.557	-1.053	3.131
1510775488743	9.289	-1.149	3.035
1510775488754	9.318	-1.206	2.978
1510775488762	9.519	-1.101	2.825
1510775488773	9.701	-0.89	2.614
1510775488785	9.826	-0.584	2.336
1510775488793	9.807	-0.277	2.221
1510775488803	9.778	-0.028	2.154
1510775488816	9.692	0.181	2.03
1510775488823	9.605	0.277	2.049
1510775488833	9.596	0.229	2.126
1510775488847	9.567	0.105	2.097
1510775488853	9.739	-0.095	1.886
1510775488863	9.969	-0.239	1.666
1510775488877	10.161	-0.373	1.503
1510775488883	10.228	-0.392	1.455
1510775488893	10.285	-0.45	1.474
1510775488907	10.305	-0.545	1.58
1510775488913	10.324	-0.699	1.637
1510775488937	10.381	-0.785	1.877
1510775488943	10.352	-1.005	2.02
1510775488967	10.429	-0.996	2.116
1510775488973	10.439	-0.928	2.078
1510775488983	10.247	-0.861	2.02
1510775488997	9.96	-0.794	1.953
1510775489003	9.625	-0.756	1.857
1510775489013	9.433	-0.747	1.877
1510775489027	9.376	-0.756	1.944
1510775489033	9.395	-0.756	2.001
1510775489043	9.443	-0.766	1.992
1510775489057	9.49	-0.814	2.039
1510775489090	9.548	-0.823	2.049
1510775489091	9.538	-0.785	1.953
1510775489094	9.395	-0.747	1.896
1510775489101	9.28	-0.708	1.848
1510775489112	9.261	-0.718	1.925
1510775489119	9.337	-0.747	2.059
1510775489125	9.376	-0.747	2.25
1510775489133	9.404	-0.727	2.413
1510775489145	9.423	-0.766	2.557
1510775489153	9.423	-0.804	2.614
1510775489163	9.519	-0.852	2.643
1510775489174	9.625	-0.871	2.662
1510775489183	9.672	-0.9	2.624
1510775489193	9.615	-0.861	2.633
1510775489205	9.548	-0.814	2.643
1510775489213	9.596	-0.785	2.662
1510775489223	9.634	-0.785	2.652
1510775489234	9.644	-0.814	2.633
1510775489242	9.634	-0.871	2.595
1510775489253	9.663	-0.928	2.595
1510775489264	9.73	-0.976	2.528
1510775489272	9.701	-1.063	2.528
1510775489283	9.452	-1.168	2.557
1510775489297	9.222	-1.225	2.604
1510775489303	9.088	-1.168	2.624
1510775489313	9.146	-1.015	2.624
1510775489327	9.299	-0.928	2.604
1510775489333	9.347	-0.881	2.566
1510775489343	9.328	-0.842	2.537
1510775489357	9.27	-0.766	2.461
1510775489363	9.174	-0.67	2.461
1510775489373	9.05	-0.632	2.394
1510775489387	9.04	-0.651	2.413
1510775489393	9.136	-0.67	2.413
1510775489403	9.28	-0.641	2.48
1510775489419	9.538	-0.555	2.566
1510775489423	9.471	-0.43	2.566
1510775489433	9.462	-0.306	2.288
1510775489448	9.443	-0.201	2.221
1510775489453	9.452	-0.134	2.221
1510775489463	9.481	-0.124	2.183
1510775489478	9.471	-0.181	2.231
1510775489483	9.404	-0.335	2.346
1510775489493	9.356	-0.469	2.47
1510775489508	9.308	-0.612	2.537
1510775489513	9.356	-0.699	2.518
1510775489523	9.423	-0.727	2.576
1510775489538	9.672	-0.766	2.604
1510775489543	9.835	-0.718	2.739
1510775489553	9.826	-0.66	2.825
1510775489568	9.787	-0.632	2.873
1510775489573	9.787	-0.612	2.911
1510775489583	9.807	-0.651	2.796
1510775489598	9.835	-0.632	2.758
1510775489603	9.835	-0.66	2.681
1510775489613	9.797	-0.689	2.566
1510775489628	9.826	-0.881	2.403
1510775489633	9.95	-0.861	2.384
1510775489643	10.123	-0.948	2.48
1510775489659	10.372	-1.053	2.672
1510775489663	10.649	-1.168	2.873
1510775489698	10.812	-1.302	2.978
1510775489704	10.803	-1.484	2.997
1510775489706	10.64	-1.743	2.873
1510775489711	10.439	-2.049	2.7
1510775489726	10.199	-2.355	2.537
1510775489730	10.036	-2.614	2.336
1510775489738	9.969	-2.767	2.135
1510775489748	9.95	-2.863	2.039
1510775489753	9.988	-2.94	2.068
1510775489765	10.056	-2.997	2.25
1510775489778	10.056	-3.026	2.423
1510775489783	10.027	-3.083	2.643
1510775489793	10.075	-3.064	2.796
1510775489803	10.209	-2.978	2.901
1510775489813	10.161	-2.758	2.911
1510775489824	9.96	-2.48	2.853
1510775489838	9.644	-2.174	2.796
1510775489843	9.433	-1.934	2.576
1510775489853	9.28	-1.743	2.269
1510775489868	9.088	-1.57	2.049
1510775489873	8.753	-1.426	1.829
1510775489883	8.322	-1.321	1.522
1510775489896	7.968	-1.187	1.388
1510775489902	7.757	-1.043	1.398
1510775489913	7.786	-0.89	1.551
1510775489926	7.881	-0.775	1.781
1510775489942	7.757	-0.766	2.403
1510775489943	7.728	-0.9	2.403
1510775489957	7.269	-1.254	2.624
1510775489963	6.799	-1.656	2.681
1510775489973	6.589	-2.126	2.537
1510775489984	6.914	-2.48	2.336
1510775489993	7.642	-2.7	2.135
1510775490003	8.332	-2.739	1.992
1510775490016	8.734	-2.585	1.905
1510775490022	8.801	-2.25	2.02
1510775490033	8.686	-1.877	2.26
1510775490047	8.609	-1.618	2.528
1510775490052	8.609	-1.513	2.672
1510775490063	8.609	-1.656	2.729
1510775490079	8.581	-2.049	2.662
1510775490083	8.676	-2.624	2.576
1510775490093	8.954	-3.352	2.461
1510775490105	9.299	-4.099	2.48
1510775490118	9.692	-4.711	2.576
1510775490123	10.056	-5.085	2.71
1510775490137	10.352	-5.171	2.968
1510775490142	10.611	-5.075	3.122
1510775490153	10.85	-4.836	3.093
1510775490166	10.994	-4.568	3.246
1510775490173	11.119	-4.328	3.313
1510775490183	11.109	-4.175	3.304
1510775490200	10.956	-4.022	3.352
1510775490203	10.506	-3.85	3.342
1510775490217	10.458	-3.629	3.332
1510775490224	10.228	-3.409	3.265
1510775490233	9.874	-3.141	3.141
1510775490243	9.682	-2.921	3.122
1510775490259	9.443	-2.796	3.16
1510775490263	9.165	-2.719	3.189
1510775490273	8.906	-2.662	3.141
1510775490304	8.629	-2.202	3.007
1510775490308	8.293	-2.106	2.815
1510775490309	7.977	-1.723	2.585
1510775490318	7.69	-1.81	2.365
1510775490324	7.508	-1.714	2.174
1510775490336	7.412	-1.743	1.915
1510775490351	7.431	-1.8	1.752
1510775490353	7.527	-1.848	1.656
1510775490363	7.7	-1.886	1.465
1510775490377	7.949	-1.944	1.34
1510775490382	8.293	-1.982	1.331
1510775490395	8.561	-2.049	1.407
1510775490407	8.686	-2.164	1.58
1510775490413	8.686	-2.346	1.79
1510775490423	8.763	-2.585	1.838
1510775490440	8.973	-2.815	1.838
1510775490443	9.251	-2.988	1.896
1510775490454	9.462	-3.112	2.03
1510775490467	9.605	-3.189	2.145
1510775490473	9.749	-3.294	2.26
1510775490483	9.969	-3.39	2.432
1510775490494	10.218	-3.39	2.566
1510775490503	10.419	-3.323	2.624
1510775490513	10.563	-3.131	2.557
1510775490524	10.592	-2.863	2.394
1510775490535	10.563	-2.614	2.241
1510775490544	10.496	-2.384	2.126
1510775490554	10.352	-2.193	2.078
1510775490562	10.075	-2.011	2.059
1510775490573	9.749	-1.896	2.059
1510775490586	9.404	-1.762	2.039
1510775490592	9.098	-1.637	1.992
1510775490605	8.782	-1.513	2.02
1510775490614	8.447	-1.407	2.135
1510775490623	8.083	-1.264	2.231
1510775490633	7.7	-1.082	2.365
1510775490649	7.489	-0.938	2.423
1510775490653	7.546	-0.852	2.375
1510775490663	7.929	-0.766	2.231
1510775490678	8.648	-0.679	2.097
1510775490682	9.653	-0.67	1.953
1510775490693	10.965	-0.708	1.685
1510775490710	12.565	-0.814	1.417
1510775490713	13.829	-0.938	1.177
1510775490724	14.279	-1.015	1.206
1510775490742	13.906	-1.12	1.513
1510775490744	13.082	-1.379	1.838
1510775490756	12.268	-1.733	2.26
1510775490772	11.559	-2.106	2.672
1510775490774	10.822	-2.365	3.141
1510775490786	9.998	-2.48	3.85
1510775490802	9.213	-2.403	3.85
1510775490803	8.523	-2.174	3.984
1510775490816	8.044	-1.79	3.62
1510775490832	7.862	-1.331	3.313
1510775490834	8.025	-0.842	2.997
1510775490846	8.667	-0.335	2.71
1510775490862	8.667	0.162	2.403
1510775490864	8.83	0.632	2.126
1510775490876	8.801	1.091	1.896
1510775490892	8.638	1.436	1.752
1510775490930	8.676	1.647	1.628
1510775490940	8.973	1.58	1.522
1510775490950	9.28	1.58	1.398
1510775490953	9.625	1.312	1.34
1510775490960	9.739	0.919	1.34
1510775490961	9.826	0.488	1.426
1510775490963	9.874	0.057	1.551
1510775490965	9.969	-0.383	1.637
1510775490980	10.084	-0.919	1.752
1510775490983	10.142	-1.369	1.905
1510775491000	10.18	-1.656	2.087
1510775491003	10.18	-1.743	2.317
1510775491014	10.19	-1.972	2.547
1510775491025	10.209	-2.106	2.777
1510775491035	10.228	-2.116	2.968
1510775491043	10.161	-2.011	3.083
1510775491055	10.056	-1.81	3.093
1510775491063	9.883	-1.494	2.997
1510775491073	9.73	-1.216	2.863
1510775491084	9.586	-0.909	2.729
1510775491097	9.5	-0.641	2.624
1510775491103	9.519	-0.392	2.547
1510775491114	9.577	-0.153	2.442
1510775491135	9.663	0.086	2.288
1510775491136	9.768	0.306	2.145
1510775491145	9.864	0.488	2.059
1510775491153	9.921	0.641	2.001
1510775491163	9.931	0.727	1.982
1510775491173	9.931	0.641	2.011
1510775491182	9.902	0.469	2.145
1510775491192	9.874	0.239	2.269
1510775491203	9.816	-0.028	2.346
1510775491213	9.739	-0.287	2.394
1510775491223	9.663	-0.584	2.451
1510775491236	9.615	-0.804	2.557
1510775491242	9.577	-1.005	2.681
1510775491252	9.586	-1.206	2.844
1510775491263	9.644	-1.34	3.035
1510775491272	9.73	-1.446	3.217
1510775491282	9.826	-1.484	3.38
1510775491293	9.883	-1.426	3.457
1510775491303	9.749	-1.359	3.371
1510775491313	9.5	-1.245	3.256
1510775491324	9.28	-1.235	3.093
1510775491333	9.241	-1.206	3.035
1510775491343	9.318	-1.158	2.949
1510775491355	9.423	-1.043	2.921
1510775491363	9.433	-0.909	2.921
1510775491372	9.366	-0.785	2.921
1510775491383	9.328	-0.651	2.882
1510775491392	9.28	-0.488	2.853
1510775491402	9.28	-0.402	2.834
1510775491413	9.27	-0.306	2.767
1510775491423	9.194	-0.268	2.7
1510775491433	9.088	-0.296	2.566
1510775491444	8.983	-0.373	2.49
1510775491453	8.897	-0.469	2.49
1510775491463	8.887	-0.593	2.509
1510775491476	8.916	-0.699	2.576
1510775491483	8.916	-0.775	2.71
1510775491493	8.916	-0.804	2.873
1510775491546	8.935	-0.622	3.198
1510775491566	8.935	-0.708	3.198
1510775491570	8.935	-0.67	3.371
1510775491571	8.983	-0.622	3.083
1510775491573	9.012	-0.584	3.035
1510775491574	9.05	-0.603	2.882
1510775491576	9.031	-0.584	2.7
1510775491578	9.031	-0.555	2.614
1510775491593	9.021	-0.565	2.633
1510775491594	9.04	-0.593	2.767
1510775491603	9.241	-0.718	2.968
1510775491618	9.155	-0.9	3.141
1510775491630	9.155	-1.11	3.246
1510775491633	9.146	-1.273	3.304
1510775491643	9.194	-1.398	3.342
1510775491655	9.241	-1.426	3.428
1510775491663	9.289	-1.426	3.514
1510775491673	9.376	-1.407	3.591
1510775491685	9.414	-1.436	3.687
1510775491693	9.471	-1.417	3.802
1510775491703	9.586	-1.484	3.83
1510775491715	9.749	-1.474	3.821
1510775491722	9.854	-1.359	3.648
1510775491733	9.912	-1.273	3.447
1510775491745	10.017	-1.168	3.256
1510775491752	10.113	-1.101	3.083
1510775491763	10.19	-1.091	2.978
1510775491775	10.247	-1.158	2.892
1510775491783	10.305	-1.292	2.978
1510775491793	10.343	-1.513	3.15
1510775491805	10.391	-1.733	3.189
1510775491813	10.41	-1.925	3.189
1510775491823	10.4	-2.087	3.131
1510775491834	10.352	-2.269	2.988
1510775491843	10.343	-2.442	2.901
1510775491853	10.486	-2.662	2.796
1510775491864	10.688	-2.873	2.93
1510775491873	10.86	-3.045	3.16
1510775491883	10.774	-3.074	3.409
1510775491895	10.506	-3.083	3.581
1510775491903	10.247	-3.131	3.782
1510775491913	10.094	-3.227	3.878
1510775491926	9.998	-3.313	3.955
1510775491933	9.845	-3.428	3.907
1510775491943	9.538	-3.505	3.802
1510775491957	9.165	-3.648	3.639
1510775491963	8.935	-3.763	3.553
1510775491975	8.839	-3.706	3.428
1510775491987	8.724	-3.495	3.112
1510775491993	8.456	-3.208	3.102
1510775492004	7.977	-2.892	2.911
1510775492017	7.422	-2.614	2.729
1510775492023	6.905	-2.442	2.729
1510775492034	6.483	-2.288	2.729
1510775492047	6.234	-2.164	2.691
1510775492053	6.1	-2.039	2.691
1510775492064	6.014	-1.934	2.566
1510775492077	5.755	-1.848	2.241
1510775492083	5.803	-1.848	2.241
1510775492094	5.784	-1.886	2.106
1510775492107	6.071	-1.915	2.011
1510775492142	6.071	-1.877	2.011
1510775492154	6.311	-1.752	2.097
1510775492164	6.723	-1.608	2.298
1510775492165	6.723	-1.436	2.298
1510775492166	6.953	-1.34	2.355
1510775492166	7.288	-1.388	2.327
1510775492175	7.728	-1.465	2.308
1510775492183	8.303	-1.58	2.327
1510775492206	8.887	-1.695	2.384
1510775492207	9.347	-1.829	2.652
1510775492220	9.653	-1.963	2.834
1510775492225	9.988	-2.202	3.007
1510775492246	10.084	-2.758	3.17
1510775492247	10.084	-2.758	3.313
1510775492257	10.18	-3.055	3.476
1510775492263	10.285	-3.361	3.61
1510775492273	10.534	-3.658	3.802
1510775492286	10.707	-3.85	3.993
1510775492293	10.889	-4.003	4.137
1510775492303	10.965	-4.051	4.204
1510775492316	10.927	-3.984	4.233
1510775492323	10.774	-3.811	4.242
1510775492333	10.554	-3.572	4.156
1510775492346	10.314	-3.275	4.089
1510775492352	10.142	-2.633	3.955
1510775492363	9.988	-2.346	3.811
1510775492377	9.864	-2.097	3.735
1510775492383	9.73	-1.944	3.572
1510775492393	9.577	-1.58	3.399
1510775492405	9.423	-1.34	3.237
1510775492413	9.241	-1.11	3.093
1510775492427	9.107	-0.996	2.949
1510775492438	9.002	-0.881	2.844
1510775492443	8.906	-0.842	2.758
1510775492453	8.858	-0.871	2.729
1510775492471	8.839	-0.976	2.662
1510775492485	8.887	-1.273	2.681
1510775492498	8.935	-1.407	2.7
1510775492503	8.992	-1.513	2.739
1510775492515	9.012	-1.637	2.844
1510775492533	9.079	-1.829	2.921
1510775492543	9.222	-1.925	2.959
1510775492561	9.337	-1.982	2.93
1510775492563	9.347	-2.011	2.853
1510775492573	9.299	-2.02	2.853
1510775492588	9.213	-2.059	2.882
1510775492593	9.155	-2.011	2.988
1510775492609	9.117	-1.944	3.17
1510775492619	9.213	-1.829	3.17
1510775492623	9.414	-1.637	3.141
1510775492633	9.625	-1.35	2.978
1510775492649	9.692	-1.053	2.825
1510775492653	9.586	-0.823	2.691
1510775492665	9.232	-0.699	2.604
1510775492681	8.839	-0.66	2.432
1510775492683	8.724	-0.689	2.308
1510775492695	8.878	-0.794	2.231
1510775492708	9.289	-0.976	2.212
1510775492713	9.739	-1.158	2.154
1510775492726	10.209	-1.312	2.116
1510775492738	10.63	-1.474	2.145
1510775492774	10.908	-1.608	2.25
1510775492777	10.965	-1.647	2.432
1510775492781	10.534	-1.704	2.911
1510775492793	10.534	-1.714	2.911
1510775492798	10.17	-1.704	3.16
1510775492811	9.912	-1.695	3.342
1510775492820	9.711	-1.676	3.38
1510775492821	9.5	-1.608	3.38
1510775492830	9.356	-1.494	3.265
1510775492833	9.232	-1.292	3.122
1510775492844	9.184	-1.034	3.007
1510775492860	9.165	-0.727	2.863
1510775492865	9.174	-0.402	2.719
1510775492878	9.184	-0.086	2.585
1510775492888	9.136	0.22	2.47
1510775492893	9.136	0.459	2.317
1510775492903	9.165	0.718	2.212
1510775492919	9.184	0.948	2.193
1510775492923	9.184	1.063	2.087
1510775492933	9.222	1.082	2.001
1510775492946	9.586	1.225	1.953
1510775492953	9.586	1.082	2.02
1510775492965	9.759	1.082	2.116
1510775492978	9.864	1.082	2.288
1510775492983	9.826	1.053	2.413
1510775492993	9.988	1.072	2.442
1510775493006	9.921	1.063	2.461
1510775493013	9.864	1.034	2.451
1510775493023	9.711	0.976	2.518
1510775493036	9.605	0.823	2.518
1510775493043	9.625	0.536	2.576
1510775493053	9.711	0.593	2.557
1510775493066	9.778	0.555	2.528
1510775493073	9.701	0.574	2.47
1510775493083	9.557	0.536	2.403
1510775493098	9.443	0.498	2.384
1510775493103	9.452	0.469	2.355
1510775493114	9.51	0.45	2.327
1510775493128	9.586	0.44	2.336
1510775493133	9.644	0.45	2.26
1510775493143	9.663	0.507	2.174
1510775493156	9.672	0.565	2.116
1510775493163	9.644	0.641	2.068
1510775493173	9.634	0.679	1.992
1510775493186	9.586	0.708	1.972
1510775493195	9.557	0.641	1.992
1510775493203	9.519	0.593	2.001
1510775493216	9.414	0.517	2.039
1510775493223	9.414	0.478	2.116
1510775493233	9.49	0.498	2.193
1510775493246	9.577	0.488	2.212
1510775493253	9.529	0.526	2.25
1510775493263	9.471	0.584	2.346
1510775493278	9.538	0.632	2.461
1510775493283	9.749	0.708	2.537
1510775493294	9.969	0.842	2.566
1510775493311	10.19	0.928	2.528
1510775493313	10.41	0.996	2.528
1510775493324	10.563	1.053	2.585
1510775493339	10.573	1.12	2.633
1510775493343	10.439	1.216	2.643
1510775493386	10.19	1.321	2.566
1510775493390	9.902	1.407	2.442
1510775493391	9.672	1.465	2.298
1510775493392	9.577	1.436	2.183
1510775493393	9.49	1.312	2.106
1510775493403	9.5	1.149	2.097
1510775493413	9.51	0.919	2.106
1510775493426	9.538	0.718	2.193
1510775493433	9.538	0.545	2.327
1510775493443	9.433	0.402	2.432
1510775493456	9.27	0.306	2.509
1510775493463	9.059	0.172	2.499
1510775493473	8.906	0.057	2.528
1510775493487	8.801	-0.067	2.566
1510775493493	8.82	-0.172	2.652
1510775493503	8.935	-0.277	2.758
1510775493519	9.098	-0.344	2.882
1510775493523	9.232	-0.392	3.035
1510775493534	9.308	-0.335	3.208
1510775493550	9.308	-0.229	3.323
1510775493553	9.347	-0.095	3.237
1510775493564	9.404	0.086	3.198
1510775493580	9.414	0.296	3.064
1510775493583	9.385	0.517	2.901
1510775493597	9.385	0.718	2.729
1510775493605	9.433	0.881	2.643
1510775493614	9.471	0.996	2.518
1510775493627	9.462	0.996	2.394
1510775493642	9.462	0.976	2.336
1510775493644	9.672	0.909	2.346
1510775493655	9.625	0.794	2.423
1510775493669	9.864	0.66	2.537
1510775493673	9.768	0.469	2.662
1510775493685	9.672	0.287	2.719
1510775493700	9.615	0.086	2.806
1510775493703	9.577	-0.124	2.873
1510775493715	9.586	-0.498	2.988
1510775493731	9.615	-0.526	3.074
1510775493733	9.711	-0.823	3.074
1510775493745	9.816	-0.814	3.112
1510775493761	9.864	-1.053	3.102
1510775493763	9.912	-0.9	3.026
1510775493775	9.969	-0.881	2.94
1510775493790	10.017	-0.814	2.825
1510775493793	10.056	-0.833	2.796
1510775493805	10.113	-0.909	2.844
1510775493821	10.161	-1.063	2.94
1510775493823	10.19	-1.264	3.064
1510775493835	10.199	-1.474	3.15
1510775493850	10.209	-1.656	3.179
1510775493853	10.247	-1.81	3.15
1510775493865	10.305	-1.953	3.179
1510775493880	10.314	-2.059	3.275
1510775493883	10.247	-2.174	3.447
1510775493895	10.17	-2.346	3.562
1510775493912	10.075	-2.537	3.687
1510775493913	9.893	-2.71	3.754
1510775493925	9.653	-2.93	3.696
1510775493942	9.423	-3.093	3.715
1510775493943	9.328	-3.237	3.735
1510775493955	9.376	-3.342	3.773
1510775494008	9.462	-3.399	3.821
1510775494012	9.481	-3.371	3.878
1510775494016	9.395	-3.323	3.888
1510775494024	9.261	-3.256	3.897
1510775494025	9.107	-3.189	3.821
1510775494030	8.945	-3.122	3.763
1510775494035	8.743	-3.016	3.677
1510775494037	8.456	-2.815	3.562
1510775494053	8.169	-2.595	3.476
1510775494054	8.054	-2.375	3.39
1510775494063	8.102	-2.126	3.304
1510775494077	8.159	-1.8	3.141
1510775494083	8.006	-1.474	2.863
1510775494093	7.652	-1.206	2.624
1510775494106	7.144	-1.063	2.48
1510775494114	6.694	-0.976	2.442
1510775494129	6.541	-0.842	2.423
1510775494138	6.684	-0.727	2.384
1510775494144	7.134	-0.526	2.384
1510775494153	7.632	-0.383	2.432
1510775494164	7.968	-0.277	2.509
1510775494180	7.987	-0.268	2.748
1510775494193	7.757	-0.277	2.729
1510775494194	7.403	-0.296	2.825
1510775494205	7.106	-0.344	2.863
1510775494213	7.01	-0.45	2.853
1510775494223	7.163	-0.699	2.806
1510775494238	7.393	-1.043	2.806
1510775494246	7.671	-1.79	2.834
1510775494267	7.805	-2.25	3.217
1510775494273	8.025	-2.806	3.629
1510775494283	8.37	-3.409	4.051
1510775494298	8.782	-3.907	4.568
1510775494303	9.146	-4.194	4.731
1510775494313	9.356	-4.223	4.491
1510775494327	9.308	-4.223	4.194
1510775494332	9.098	-4.338	4.079
1510775494343	9.031	-4.462	4.022
1510775494357	9.203	-4.405	3.964
1510775494363	9.127	-4.127	3.993
1510775494373	9.184	-3.658	4.108
1510775494388	9.328	-2.643	4.204
1510775494393	9.395	-2.643	4.127
1510775494403	9.356	-2.164	3.974
1510775494418	9.299	-1.733	3.84
1510775494422	9.318	-1.082	3.754
1510775494434	9.443	-1.063	3.782
1510775494448	9.701	-1.063	3.811
1510775494452	9.96	-1.043	3.83
1510775494463	10.113	-1.091	3.85
1510775494475	10.161	-1.158	3.907
1510775494483	10.123	-1.312	4.07
1510775494494	10.008	-1.551	4.194
1510775494509	9.902	-1.781	4.367
1510775494513	9.778	-1.982	4.443
1510775494524	9.644	-2.126	4.443
1510775494538	9.51	-2.26	4.309
1510775494543	9.356	-2.336	4.156
1510775494553	9.232	-2.384	3.984
1510775494563	9.146	-2.375	3.888
1510775494573	9.088	-2.269	3.725
1510775494598	9.079	-2.039	3.543
1510775494610	9.05	-1.752	3.361
1510775494614	9.136	-1.503	3.16
1510775494615	9.395	-1.302	3.093
1510775494624	9.423	-1.168	2.968
1510775494633	9.021	-1.072	2.806
1510775494645	8.533	-0.976	2.614
1510775494658	8.37	-0.881	2.432
1510775494662	8.456	-0.823	2.241
1510775494673	8.753	-0.794	2.135
1510775494683	9.059	-0.814	2.126
1510775494693	9.337	-0.948	2.183
1510775494703	9.577	-1.13	2.365
1510775494713	9.72	-1.312	2.537
1510775494723	9.73	-1.398	2.691
1510775494737	9.692	-1.388	2.796
1510775494745	9.672	-1.331	2.777
1510775494753	9.615	-1.187	2.739
1510775494766	9.519	-1.101	2.719
1510775494776	9.423	-1.053	2.643
1510775494784	9.366	-1.053	2.672
1510775494798	9.404	-1.091	2.652
1510775494803	9.586	-1.139	2.662
1510775494815	9.902	-1.187	2.672
1510775494826	10.209	-1.206	2.643
1510775494841	10.486	-1.216	2.624
1510775494843	10.611	-1.197	2.585
1510775494858	10.554	-1.177	2.557
1510775494863	10.391	-1.12	2.509
1510775494874	10.228	-1.024	2.451
1510775494887	10.103	-0.909	2.461
1510775494901	9.95	-0.814	2.49
1510775494903	9.854	-0.689	2.48
1510775494917	9.596	-0.593	2.451
1510775494923	9.672	-0.478	2.451
1510775494935	9.596	-0.402	2.384
1510775494949	9.471	-0.354	2.518
1510775494955	9.376	-0.354	2.47
1510775494964	9.289	-0.344	2.758
1510775494977	9.232	-0.316	2.873
1510775494983	9.222	-0.316	2.892
1510775494993	9.232	-0.344	2.873
1510775495007	9.27	-0.565	2.921
1510775495015	9.27	-0.507	2.892
1510775495024	9.471	-0.612	2.853
1510775495036	9.586	-0.833	2.767
1510775495051	9.711	-0.833	2.652
1510775495053	9.711	-0.871	2.518
1510775495067	9.711	-0.881	2.375
1510775495073	9.701	-0.861	2.298
1510775495084	9.682	-0.881	2.298
1510775495097	9.711	-0.928	2.384
1510775495103	9.778	-0.928	2.47
1510775495115	9.95	-0.976	2.528
1510775495126	10.065	-0.814	2.432
1510775495133	10.027	-0.823	2.394
1510775495144	9.921	-0.747	2.298
1510775495157	9.787	-0.651	2.26
1510775495166	9.701	-0.632	2.145
1510775495175	9.653	-0.66	2.154
1510775495187	9.644	-0.708	2.164
1510775495220	9.625	-0.727	2.221
1510775495224	9.605	-0.708	2.26
1510775495229	9.538	-0.67	2.355
1510775495232	9.395	-0.612	2.346
1510775495234	9.241	-0.545	2.355
1510775495250	9.155	-0.507	2.355
1510775495253	9.165	-0.478	2.355
1510775495263	9.241	-0.45	2.384
1510775495278	9.366	-0.459	2.384
1510775495283	9.452	-0.43	2.336
1510775495293	9.529	-0.43	2.26
1510775495306	9.557	-0.392	2.221
1510775495312	9.634	-0.383	2.241
1510775495323	9.634	-0.373	2.25
1510775495334	9.672	-0.363	2.279
1510775495342	9.682	-0.363	2.346
1510775495353	9.739	-0.392	2.346
1510775495364	9.807	-0.383	2.394
1510775495372	9.826	-0.402	2.403
1510775495383	9.845	-0.45	2.394
1510775495394	9.874	-0.469	2.394
1510775495403	9.845	-0.469	2.384
1510775495413	9.826	-0.43	2.375
1510775495426	9.797	-0.43	2.375
1510775495433	9.835	-0.411	2.355
1510775495443	9.864	-0.421	2.375
1510775495462	10.008	-0.469	2.432
1510775495485	10.075	-0.593	2.518
1510775495492	10.075	-0.651	2.576
1510775495503	10.027	-0.727	2.672
1510775495516	9.921	-0.775	2.911
1510775495523	9.72	-0.775	2.844
1510775495533	9.519	-0.737	2.844
1510775495548	9.452	-0.632	2.796
1510775495553	9.414	-0.574	2.729
1510775495564	9.443	-0.507	2.652
1510775495577	9.452	-0.498	2.7
1510775495583	9.452	-0.517	2.7
1510775495594	9.433	-0.498	2.719
1510775495607	9.385	-0.478	2.652
1510775495613	9.337	-0.45	2.652
1510775495624	9.299	-0.44	2.614
1510775495637	9.299	-0.45	2.576
1510775495653	9.347	-0.459	2.47
1510775495667	9.443	-0.584	2.365
1510775495673	9.443	-0.584	2.346
1510775495684	9.376	-0.718	2.327
1510775495698	9.299	-0.89	2.403
1510775495703	9.28	-1.063	2.451
1510775495714	9.51	-1.168	2.49
1510775495727	9.481	-1.292	2.48
1510775495733	9.481	-1.292	2.509
1510775495744	9.481	-1.359	2.576
1510775495757	9.51	-1.589	2.729
1510775495763	9.529	-1.589	2.853
1510775495775	9.519	-1.905	2.968
1510775495787	9.5	-2.011	3.026
1510775495793	9.471	-2.011	3.045
1510775495803	9.423	-2.126	3.026
1510775495818	9.385	-2.126	2.978
1510775495823	9.385	-2.145	3.007
1510775495860	9.51	-2.202	3.112
1510775495866	9.672	-2.26	3.227
1510775495871	9.835	-2.298	3.342
1510775495874	9.95	-2.298	3.419
1510775495877	9.969	-2.269	3.476
1510775495892	9.95	-2.183	3.476
1510775495893	9.902	-2.116	3.581
1510775495907	9.95	-2.039	3.696
1510775495913	10.027	-1.992	3.706
1510775495929	10.142	-1.982	3.696
1510775495935	10.161	-1.963	3.61
1510775495943	10.161	-1.944	3.486
1510775495953	10.132	-1.953	3.39
1510775495965	10.161	-1.992	3.352
1510775495973	10.209	-2.106	3.371
1510775495986	10.266	-2.221	3.419
1510775495997	10.257	-2.317	3.495
1510775496002	10.18	-2.442	3.562
1510775496013	10.036	-2.585	3.61
1510775496025	9.807	-2.767	3.648
1510775496032	9.548	-2.968	3.744
1510775496043	9.28	-3.141	3.792
1510775496055	9.031	-3.332	3.773
1510775496062	8.791	-3.438	3.677
1510775496073	8.504	-3.486	3.591
1510775496087	8.188	-3.505	3.533
1510775496093	7.881	-3.505	3.428
1510775496104	7.661	-3.438	3.304
1510775496118	7.575	-3.294	3.237
1510775496123	7.518	-3.141	3.093
1510775496135	7.422	-3.007	2.949
1510775496148	7.259	-2.997	2.786
1510775496153	7.01	-3.055	2.873
1510775496163	6.656	-3.131	2.911
1510775496179	6.263	-3.256	3.16
1510775496183	6.033	-3.409	3.16
1510775496194	6.244	-3.466	3.313
1510775496227	7.451	-2.873	3.457
1510775496228	7.451	-2.873	3.457
1510775496228	7.69	-2.451	3.323
1510775496236	7.565	-2.174	3.15
1510775496243	7.221	-2.039	2.978
1510775496253	6.972	-2.049	2.614
1510775496265	6.981	-2.145	1.877
1510775496275	7.278	-2.269	1.877
1510775496283	7.623	-2.528	1.829
1510775496296	8.073	-2.863	2.116
1510775496303	8.035	-3.217	2.116
1510775496313	8.083	-3.591	2.518
1510775496327	8.427	-4.654	3.62
1510775496333	8.427	-4.654	4.079
1510775496343	8.648	-5.2	4.405
1510775496355	8.791	-5.593	4.568
1510775496362	8.878	-5.775	4.568
1510775496373	8.906	-5.822	4.558
1510775496385	9.002	-5.727	4.539
1510775496392	9.117	-5.497	4.51
1510775496404	9.557	-4.664	4.52
1510775496418	9.711	-4.022	4.529
1510775496422	9.864	-4.099	4.491
1510775496433	9.672	-3.543	4.376
1510775496453	9.519	-2.624	4.204
1510775496459	9.376	-2.7	4.07
1510775496470	9.241	-2.413	3.945
1510775496483	9.117	-2.241	3.869
1510775496484	8.992	-2.001	3.811
1510775496495	8.858	-2.087	3.754
1510775496509	8.657	-2.212	3.792
1510775496513	8.494	-2.26	3.821
1510775496523	8.36	-2.365	3.821
1510775496538	8.207	-2.451	3.782
1510775496542	8.054	-2.557	3.706
1510775496553	7.968	-2.652	3.591
1510775496565	8.006	-2.786	3.514
1510775496592	8.102	-2.911	3.438
1510775496593	8.236	-3.035	3.39
1510775496594	8.36	-3.15	3.323
1510775496603	8.466	-3.198	3.304
1510775496613	8.609	-3.208	3.237
1510775496626	8.734	-3.16	3.141
1510775496632	8.772	-3.064	3.016
1510775496644	8.724	-2.988	2.911
1510775496655	8.571	-3.026	2.777
1510775496662	8.312	-3.179	2.662
1510775496673	8.063	-3.371	2.643
1510775496686	7.939	-3.514	2.614
1510775496693	7.872	-3.61	2.585
1510775496703	7.834	-3.639	2.547
1510775496719	7.747	-3.658	2.528
1510775496723	7.623	-3.639	2.595
1510775496733	7.489	-3.62	2.662
1510775496746	7.489	-3.572	2.786
1510775496752	7.69	-3.514	2.806
1510775496763	8.169	-3.332	2.901
1510775496776	8.772	-3.112	2.93
1510775496782	9.194	-2.853	2.873
1510775496793	9.289	-2.643	2.796
1510775496807	9.27	-2.499	2.672
1510775496813	9.28	-2.384	2.557
1510775496823	9.376	-2.308	2.451
1510775496838	9.625	-2.241	2.451
1510775496843	9.998	-2.145	2.442
1510775496853	10.439	-2.106	2.48
1510775496869	10.946	-2.02	2.557
1510775496873	11.463	-1.963	2.691
1510775496884	11.904	-1.925	2.882
1510775496899	12.201	-1.886	3.055
1510775496903	12.23	-1.867	3.275
1510775496914	11.971	-1.819	3.438
1510775496929	11.473	-1.762	3.562
1510775496933	10.86	-1.704	3.62
1510775496948	10.295	-1.618	3.629
1510775496960	9.328	-1.494	3.648
1510775496963	9.404	-1.292	3.648
1510775496974	9.165	-1.043	3.581
1510775496989	8.983	-0.785	3.284
1510775496993	8.983	-0.545	3.284
1510775497004	9.002	-0.296	2.719
1510775497019	9.098	-0.105	2.394
1510775497023	9.251	0.019	2.106
1510775497034	9.443	0.057	1.944
1510775497049	9.998	0.038	1.829
1510775497092	9.969	0.0	1.762
1510775497098	10.228	-0.047	1.771
1510775497106	10.429	-0.076	1.925
1510775497120	10.554	-0.172	2.078
1510775497121	10.113	-0.287	2.145
1510775497123	10.008	-0.45	2.164
1510775497124	10.008	-0.632	2.154
1510775497124	9.759	-0.804	2.154
1510775497142	9.816	-0.967	2.183
1510775497144	9.816	-1.13	2.365
1510775497153	9.893	-1.292	2.557
1510775497163	9.969	-1.388	2.739
1510775497173	9.95	-1.436	2.911
1510775497197	9.845	-1.436	2.988
1510775497198	9.605	-1.264	2.959
1510775497203	9.328	-1.168	2.988
1510775497213	9.059	-1.13	2.959
1510775497227	8.945	-1.043	2.94
1510775497232	8.964	-0.9	2.911
1510775497244	8.992	-0.708	2.825
1510775497264	8.973	-0.44	2.691
1510775497265	8.935	-0.162	2.566
1510775497273	8.897	0.095	2.442
1510775497287	8.973	0.363	2.308
1510775497292	9.079	0.584	2.087
1510775497303	9.155	0.747	1.963
1510775497336	9.194	0.814	1.896
1510775497337	9.299	0.814	1.838
1510775497337	9.452	0.708	1.877
1510775497346	9.615	0.526	1.934
1510775497352	9.73	0.316	2.068
1510775497363	9.854	0.124	2.183
1510775497377	9.854	-0.143	2.279
1510775497383	9.759	-0.354	2.423
1510775497393	9.672	-0.498	2.528
1510775497407	9.615	-0.603	2.672
1510775497412	9.577	-0.756	2.873
1510775497423	9.548	-0.842	3.064
1510775497437	9.567	-0.909	3.189
1510775497442	9.596	-0.928	3.265
1510775497453	9.596	-0.861	3.275
1510775497469	9.548	-0.766	3.275
1510775497483	9.366	-0.43	3.208
1510775497498	9.308	-0.277	3.16
1510775497502	9.328	-0.124	3.083
1510775497513	9.414	0.038	3.035
1510775497530	9.51	0.162	2.978
1510775497533	9.51	0.239	2.853
1510775497544	9.51	0.239	2.767
1510775497560	9.471	0.22	2.719
1510775497563	9.443	0.191	2.672
1510775497575	9.433	0.095	2.633
1510775497591	9.471	-0.028	2.652
1510775497593	9.519	-0.172	2.672
1510775497605	9.567	-0.344	2.71
1510775497621	9.557	-0.488	2.815
1510775497623	9.586	-0.603	2.873
1510775497635	9.625	-0.679	2.921
1510775497651	9.663	-0.727	2.94
1510775497653	9.672	-0.756	2.911
1510775497665	9.672	-0.766	2.94
1510775497710	9.692	-0.794	2.988
1510775497712	9.634	-0.814	3.035
1510775497724	9.519	-0.814	3.141
1510775497730	9.51	-0.785	3.15
1510775497731	9.577	-0.785	3.055
1510775497733	9.586	-0.766	3.055
1510775497740	9.5	-0.756	3.016
1510775497744	9.433	-0.718	2.93
1510775497753	9.577	-0.708	2.949
1510775497768	9.816	-0.708	2.959
1510775497773	10.084	-0.737	3.035
1510775497783	10.199	-0.747	3.141
1510775497794	10.247	-0.718	3.237
1510775497803	10.515	-0.727	3.313
1510775497813	10.659	-0.727	3.399
1510775497824	10.841	-0.679	3.352
1510775497833	10.764	-0.641	3.198
1510775497844	10.467	-0.622	3.093
1510775497858	10.103	-0.641	2.997
1510775497870	9.864	-0.727	2.863
1510775497876	9.845	-0.976	2.806
1510775497889	9.96	-1.12	2.863
1510775497893	10.113	-1.283	2.997
1510775497903	10.247	-1.398	3.122
1510775497920	10.161	-1.522	3.227
1510775497923	9.854	-1.647	3.352
1510775497933	9.471	-1.81	3.428
1510775497948	9.174	-1.982	3.399
1510775497952	9.002	-2.145	3.409
1510775497963	9.021	-2.298	3.447
1510775497978	9.155	-2.432	3.419
1510775497982	9.289	-2.49	3.361
1510775497993	9.328	-2.509	3.284
1510775498009	9.27	-2.547	3.16
1510775498013	9.261	-2.566	3.064
1510775498024	9.404	-2.604	2.997
1510775498039	9.615	-2.691	2.997
1510775498043	9.72	-2.739	3.064
1510775498053	9.672	-2.748	3.141
1510775498068	9.462	-2.729	3.189
1510775498072	9.165	-2.652	3.237
1510775498083	8.83	-2.557	3.217
1510775498098	8.552	-2.432	3.208
1510775498102	8.351	-2.298	3.189
1510775498114	8.36	-2.097	3.15
1510775498131	8.609	-1.857	3.083
1510775498133	9.021	-1.513	3.035
1510775498145	9.251	-1.12	2.921
1510775498162	9.059	-0.804	2.873
1510775498164	8.514	-0.66	2.892
1510775498176	7.757	-0.766	2.978
1510775498193	7.067	-1.043	2.997
1510775498194	6.608	-1.388	2.988
1510775498206	6.407	-1.81	2.882
1510775498236	6.483	-2.212	2.978
1510775498249	7.451	-3.457	3.352
1510775498252	7.709	-3.533	3.744
1510775498263	7.728	-3.352	3.993
1510775498279	7.422	-3.016	4.012
1510775498294	6.656	-2.394	3.821
1510775498304	6.656	-2.269	3.754
1510775498329	6.991	-2.26	3.696
1510775498347	7.479	-2.26	3.524
1510775498350	7.958	-2.221	2.968
1510775498353	8.38	-2.221	2.968
1510775498356	8.753	-2.174	2.777
1510775498380	8.772	-2.221	2.758
1510775498381	9.998	-2.336	3.026
1510775498392	10.678	-2.174	3.438
1510775498396	9.433	-2.528	3.897
1510775498404	9.519	-2.681	4.223
1510775498414	8.782	-2.796	4.376
1510775498423	8.638	-3.074	4.75
1510775498433	9.241	-3.246	5.2
1510775498445	9.672	-3.476	5.123
1510775498459	10.4	-3.553	5.248
1510775498463	10.324	-3.754	5.047
1510775498476	10.19	-3.514	5.028
1510775498483	9.883	-3.486	5.075
1510775498493	9.605	-3.265	5.248
1510775498504	9.423	-3.093	5.382
1510775498520	9.49	-3.131	5.42
1510775498563	9.596	-3.026	5.526
1510775498564	9.49	-2.863	5.344
1510775498565	9.299	-2.767	5.037
1510775498565	9.069	-2.327	4.74
1510775498566	8.82	-2.164	4.462
1510775498573	8.561	-1.857	4.185
1510775498582	8.351	-1.723	3.984
1510775498594	8.13	-1.599	3.84
1510775498603	7.862	-1.513	3.792
1510775498613	7.537	-1.35	4.424
1510775498625	7.565	-1.57	4.06
1510775498632	7.7	-2.116	3.294
1510775498642	7.154	-2.231	3.62
1510775498654	6.885	-2.135	3.754
1510775498668	6.962	-1.829	3.696
1510775498673	7.134	-1.446	3.524
1510775498683	7.403	-1.216	3.352
1510775498692	7.623	-1.072	3.256
1510775498703	7.776	-1.072	3.189
1510775498715	7.968	-1.187	3.064
1510775498724	8.14	-1.359	3.016
1510775498733	8.284	-1.551	3.131
1510775498749	8.418	-1.666	3.352
1510775498753	8.514	-1.733	3.524
1510775498763	8.609	-1.819	3.553
1510775498775	8.791	-1.953	3.457
1510775498782	8.897	-2.011	3.505
1510775498793	9.165	-2.039	3.514
1510775498803	9.452	-1.877	3.601
1510775498812	9.672	-1.628	3.744
1510775498822	9.634	-1.206	2.585
1510775498833	10.783	-1.13	3.093
1510775498850	10.879	-0.833	2.355
1510775498853	11.023	-0.43	2.748
1510775498865	11.032	-0.411	2.921
1510775498881	10.793	-0.584	3.763
1510775498883	10.803	-0.928	3.763
1510775498896	10.592	-1.321	4.06
1510775498903	10.4	-1.704	4.664
1510775498915	10.372	-2.106	5.851
1510775498938	10.477	-2.183	5.966
1510775498943	9.203	-1.982	5.497
1510775498946	8.494	-1.656	4.874
1510775498958	8.456	-1.149	4.405
1510775498979	8.849	-1.015	3.993
1510775498980	9.107	-1.072	3.715
