timestamp	x	y	z
1511030170065	9.998	-0.737	0.718
1511030170088	10.027	-0.766	0.727
1511030170090	9.998	-0.756	0.737
1511030170096	9.969	-0.727	0.747
1511030170121	9.902	-0.699	0.775
1511030170122	9.864	-0.718	0.814
1511030170123	9.864	-0.727	0.804
1511030170134	9.864	-0.775	0.804
1511030170139	9.874	-0.814	0.814
1511030170147	9.883	-0.823	0.794
1511030170162	9.912	-0.814	0.823
1511030170167	9.921	-0.794	0.814
1511030170184	9.921	-0.737	0.766
1511030170204	9.893	-0.718	0.756
1511030170207	9.902	-0.708	0.756
1511030170220	9.931	-0.66	0.737
1511030170230	9.95	-0.632	0.718
1511030170237	9.912	-0.622	0.708
1511030170250	9.883	-0.622	0.747
1511030170265	9.864	-0.622	0.785
1511030170278	9.902	-0.632	0.814
1511030170337	9.931	-0.66	0.842
1511030170339	9.95	-0.689	0.737
1511030170341	9.893	-0.718	0.699
1511030170342	9.797	-0.747	0.632
1511030170343	9.854	-0.766	0.794
1511030170345	9.979	-0.794	0.871
1511030170356	9.998	-0.794	0.909
1511030170359	9.921	-0.766	0.775
1511030170385	9.902	-0.727	0.727
1511030170386	9.902	-0.67	0.727
1511030170411	9.95	-0.632	0.881
1511030170411	10.017	-0.632	0.794
1511030170412	10.027	-0.641	0.641
1511030170429	9.988	-0.651	0.708
1511030170435	9.921	-0.679	0.708
1511030170457	9.921	-0.737	0.718
1511030170458	9.912	-0.785	0.737
1511030170459	9.921	-0.823	0.737
1511030170477	9.921	-0.823	0.689
1511030170478	9.931	-0.833	0.718
1511030170493	9.902	-0.814	0.708
1511030170497	9.73	-0.756	0.727
1511030170507	9.826	-0.756	0.699
1511030170517	9.787	-0.708	0.708
1511030170527	9.826	-0.641	0.679
1511030170537	9.883	-0.555	0.632
1511030170548	9.902	-0.316	0.641
1511030170557	9.902	-0.44	0.679
1511030170567	9.96	-0.402	0.737
1511030170578	9.988	-0.287	0.775
1511030170587	9.998	-0.287	0.794
1511030170598	10.008	-0.124	0.804
1511030170609	10.017	-0.019	0.785
1511030170617	10.017	0.057	0.775
1511030170627	10.075	0.105	0.794
1511030170639	10.132	0.172	0.794
1511030170647	10.123	0.172	0.747
1511030170657	10.094	0.114	0.67
1511030170670	10.036	0.019	0.67
1511030170677	9.95	-0.038	0.708
1511030170688	9.902	-0.086	0.727
1511030170700	9.902	-0.086	0.785
1511030170707	9.969	-0.086	0.775
1511030170718	9.998	-0.095	0.718
1511030170730	10.075	-0.076	0.689
1511030170737	10.218	-0.057	0.718
1511030170748	10.352	-0.095	0.66
1511030170760	10.439	-0.181	0.536
1511030170767	10.506	-0.316	0.44
1511030170777	10.534	-0.421	0.325
1511030170788	10.582	-0.459	0.335
1511030170797	10.668	-0.498	0.335
1511030170807	10.726	-0.545	0.325
1511030170818	10.774	-0.632	0.21
1511030170827	10.87	-0.756	0.191
1511030170837	11.032	-0.938	0.249
1511030170847	11.31	-1.168	0.383
1511030170857	11.626	-1.494	0.545
1511030170867	11.923	-1.819	0.612
1511030170878	12.095	-2.097	0.66
1511030170892	12.124	-2.26	0.766
1511030170897	12.009	-2.241	0.986
1511030170909	11.856	-2.116	1.139
1511030170917	11.655	-1.915	1.149
1511030170927	11.281	-1.81	0.957
1511030170937	10.87	-1.771	0.679
1511030170947	10.458	-1.762	0.469
1511030170957	10.132	-1.79	0.287
1511030170967	9.96	-1.762	0.22
1511030170977	9.644	-1.685	0.124
1511030170987	9.174	-1.599	0.162
1511030170999	8.791	-1.474	0.114
1511030171007	8.456	-1.35	0.162
1511030171017	8.284	-1.254	0.268
1511030171050	8.236	-1.158	0.344
1511030171058	8.14	-1.11	0.316
1511030171060	8.035	-1.101	0.239
1511030171062	8.054	-1.082	0.249
1511030171072	8.198	-1.101	0.249
1511030171080	8.293	-1.101	0.229
1511030171089	8.341	-1.139	0.143
1511030171097	8.38	-1.168	0.028
1511030171107	8.485	-1.273	-0.047
1511030171119	8.638	-1.379	-0.277
1511030171127	8.81	-1.484	-0.162
1511030171139	9.021	-1.532	-0.124
1511030171149	9.203	-1.532	0.153
1511030171157	9.395	-1.513	0.067
1511030171167	9.567	-1.503	0.306
1511030171179	9.778	-1.465	0.354
1511030171187	9.921	-1.388	0.354
1511030171197	9.96	-1.34	0.45
1511030171207	10.017	-1.292	0.507
1511030171217	10.075	-1.273	0.478
1511030171227	10.132	-1.283	0.478
1511030171238	10.314	-1.292	0.498
1511030171247	10.209	-1.264	0.545
1511030171257	10.046	-1.235	0.565
1511030171267	10.151	-1.216	0.526
1511030171277	9.969	-1.264	0.44
1511030171287	9.893	-1.35	0.325
1511030171297	9.787	-1.407	0.306
1511030171307	9.759	-1.417	0.373
1511030171317	9.749	-1.235	0.43
1511030171329	9.759	-1.312	0.459
1511030171337	9.845	-1.072	0.44
1511030171347	9.912	-1.101	0.44
1511030171359	9.921	-1.101	0.43
1511030171367	9.912	-1.101	0.373
1511030171377	9.854	-1.149	0.354
1511030171389	9.787	-1.187	0.344
1511030171397	9.73	-1.177	0.363
1511030171407	9.692	-1.158	0.354
1511030171420	9.644	-1.139	0.335
1511030171427	9.615	-1.12	0.335
1511030171437	9.615	-1.091	0.363
1511030171450	9.644	-1.091	0.354
1511030171457	9.682	-1.11	0.335
1511030171467	9.701	-1.11	0.325
1511030171480	9.711	-1.13	0.277
1511030171487	9.72	-1.091	0.287
1511030171497	9.72	-1.091	0.325
1511030171510	9.768	-1.063	0.392
1511030171517	9.854	-1.082	0.45
1511030171527	9.931	-1.12	0.43
1511030171540	9.979	-1.197	0.296
1511030171547	9.864	-1.35	0.172
1511030171558	9.634	-1.446	0.114
1511030171570	9.443	-1.503	0.22
1511030171577	9.376	-1.503	0.344
1511030171587	9.366	-1.484	0.45
1511030171600	9.222	-1.388	0.478
1511030171607	8.925	-1.254	0.411
1511030171617	8.629	-1.158	0.306
1511030171630	8.399	-1.12	0.249
1511030171637	8.341	-1.149	0.201
1511030171647	8.466	-1.216	0.124
1511030171660	8.705	-1.283	0.019
1511030171667	8.983	-1.34	-0.057
1511030171677	9.213	-1.35	0.0
1511030171690	9.308	-1.312	0.287
1511030171697	9.165	-1.283	0.287
1511030171707	9.012	-1.264	0.469
1511030171720	8.954	-1.254	0.545
1511030171727	9.012	-1.292	0.517
1511030171737	9.136	-1.407	0.325
1511030171750	9.366	-1.561	0.124
1511030171757	9.692	-1.637	0.019
1511030171767	10.065	-1.704	0.086
1511030171781	10.419	-1.733	0.21
1511030171813	10.649	-1.695	0.411
1511030171815	10.726	-1.599	0.584
1511030171817	10.573	-1.522	0.651
1511030171820	10.276	-1.484	0.67
1511030171838	10.008	-1.465	0.507
1511030171841	9.759	-1.503	0.335
1511030171854	9.557	-1.58	0.181
1511030171862	9.529	-1.618	0.076
1511030171871	9.596	-1.647	-0.028
1511030171877	9.759	-1.637	-0.047
1511030171887	9.921	-1.58	0.019
1511030171899	10.056	-1.436	0.316
1511030171907	10.056	-1.34	0.469
1511030171917	9.912	-1.254	0.507
1511030171930	9.433	-1.254	0.737
1511030171937	9.433	-1.254	1.11
1511030171947	9.596	-1.35	1.024
1511030171958	10.362	-1.723	0.057
1511030171967	11.856	-2.049	-0.555
1511030171977	14.988	-2.059	0.478
1511030171988	15.668	-1.647	2.03
1511030171997	14.825	-0.986	2.691
1511030172007	12.938	-0.411	2.624
1511030172018	11.329	-0.095	2.26
1511030172027	10.036	-0.143	1.57
1511030172037	9.136	-0.325	0.478
1511030172048	8.427	-0.622	-0.603
1511030172057	7.881	-0.919	-1.388
1511030172067	7.594	-1.072	-1.637
1511030172079	7.671	-0.775	-1.34
1511030172087	8.13	-0.545	-0.766
1511030172097	8.753	-0.277	-0.143
1511030172109	9.452	-0.306	0.478
1511030172117	10.065	-0.402	0.976
1511030172131	10.496	-0.488	1.34
1511030172143	10.688	-0.545	1.446
1511030172147	10.668	-0.603	1.312
1511030172157	10.515	-0.632	1.091
1511030172169	10.305	-0.66	0.89
1511030172177	10.18	-0.727	0.689
1511030172187	10.247	-0.842	0.498
1511030172201	10.333	-0.928	0.316
1511030172207	10.314	-0.938	0.134
1511030172217	10.228	-0.9	-0.067
1511030172229	10.151	-0.89	-0.162
1511030172237	10.132	-0.833	-0.086
1511030172247	10.084	-0.747	0.067
1511030172258	10.065	-0.651	0.277
1511030172267	9.988	-0.545	0.354
1511030172277	9.921	-0.507	0.354
1511030172289	9.902	-0.555	0.363
1511030172297	9.902	-0.612	0.402
1511030172307	9.931	-0.699	0.392
1511030172318	9.96	-0.756	0.335
1511030172327	9.941	-0.814	0.325
1511030172378	9.912	-0.852	0.316
1511030172378	9.893	-0.852	0.316
1511030172379	9.874	-0.842	0.325
1511030172380	9.921	-0.794	0.335
1511030172380	9.998	-0.756	0.44
1511030172387	10.046	-0.737	0.392
1511030172397	10.084	-0.775	0.392
1511030172409	10.123	-0.737	0.354
1511030172417	10.132	-0.756	0.249
1511030172427	10.065	-0.823	0.181
1511030172441	10.017	-0.823	0.143
1511030172447	9.979	-0.804	0.105
1511030172459	9.941	-0.842	0.153
1511030172471	9.883	-0.823	0.162
1511030172477	9.826	-0.823	0.162
1511030172487	9.816	-0.842	0.22
1511030172501	9.807	-0.881	0.201
1511030172507	9.807	-0.9	0.229
1511030172517	9.826	-0.938	0.268
1511030172531	9.864	-0.938	0.335
1511030172537	9.931	-0.938	0.373
1511030172569	9.988	-0.957	0.373
1511030172571	10.017	-0.967	0.325
1511030172576	10.065	-1.015	0.296
1511030172579	10.065	-1.072	0.258
1511030172594	10.056	-1.101	0.258
1511030172604	10.027	-1.091	0.268
1511030172607	9.988	-1.091	0.306
1511030172622	9.921	-1.053	0.316
1511030172627	9.845	-1.053	0.306
1511030172637	9.797	-1.024	0.277
1511030172650	9.816	-1.015	0.287
1511030172657	9.835	-1.005	0.249
1511030172685	9.845	-0.996	0.239
1511030172686	9.864	-0.996	0.249
1511030172690	9.883	-0.967	0.249
1511030172697	9.902	-0.928	0.249
1511030172709	9.902	-0.919	0.296
1511030172717	9.902	-0.881	0.325
1511030172727	9.749	-0.861	0.392
1511030172739	10.017	-0.833	0.44
1511030172747	9.893	-0.814	0.44
1511030172757	10.132	-0.747	0.354
1511030172769	9.998	-0.747	0.268
1511030172785	9.883	-0.718	0.277
1511030172789	9.749	-0.699	0.306
1511030172799	9.749	-0.679	0.354
1511030172807	9.893	-0.641	0.421
1511030172817	9.941	-0.651	0.469
1511030172830	9.854	-0.679	0.488
1511030172837	9.787	-0.689	0.45
1511030172847	9.826	-0.67	0.43
1511030172859	9.874	-0.66	0.421
1511030172867	9.893	-0.651	0.411
1511030172879	9.912	-0.641	0.421
1511030172891	9.941	-0.641	0.45
1511030172897	9.998	-0.641	0.469
1511030172907	10.065	-0.66	0.498
1511030172921	10.113	-0.689	0.478
1511030172927	10.161	-0.718	0.459
1511030172937	10.19	-0.785	0.44
1511030172951	10.19	-0.775	0.392
1511030172964	10.161	-0.794	0.392
1511030172968	10.19	-0.804	0.402
1511030172979	10.228	-0.823	0.402
1511030172987	10.285	-0.948	0.363
1511030172997	10.324	-1.043	0.344
1511030173010	10.352	-1.197	0.335
1511030173017	10.4	-1.283	0.296
1511030173027	10.486	-1.312	0.296
1511030173040	10.592	-1.321	0.258
1511030173047	10.64	-1.34	0.229
1511030173057	10.678	-1.436	0.181
1511030173070	10.735	-1.522	0.124
1511030173077	10.841	-1.637	0.114
1511030173087	11.023	-1.695	0.095
1511030173100	11.186	-1.829	0.153
1511030173107	11.32	-2.02	0.114
1511030173117	11.492	-2.145	0.124
1511030173130	11.712	-2.212	0.134
1511030173137	11.894	-2.221	0.172
1511030173148	12.009	-2.202	0.229
1511030173161	12.009	-2.174	0.277
1511030173167	11.827	-2.145	0.296
1511030173177	11.53	-2.126	0.268
1511030173189	11.071	-2.135	0.296
1511030173197	10.707	-2.135	0.162
1511030173207	10.391	-2.097	-0.028
1511030173219	10.123	-2.039	-0.162
1511030173227	9.854	-1.953	-0.191
1511030173238	9.605	-1.857	-0.124
1511030173253	9.395	-1.733	-0.076
1511030173257	9.174	-1.608	-0.114
1511030173268	9.012	-1.57	-0.181
1511030173283	8.878	-1.522	-0.306
1511030173287	8.763	-1.522	-0.383
1511030173298	8.648	-1.522	-0.363
1511030173312	8.561	-1.541	-0.296
1511030173345	8.523	-1.541	-0.258
1511030173348	8.447	-1.561	-0.229
1511030173355	8.389	-1.58	-0.153
1511030173359	8.38	-1.561	-0.124
1511030173365	8.475	-1.551	-0.086
1511030173374	8.619	-1.522	-0.095
1511030173377	8.839	-1.522	-0.143
1511030173399	8.925	-1.551	-0.287
1511030173400	8.983	-1.541	-0.373
1511030173407	9.059	-1.541	-0.43
1511030173418	9.146	-1.522	-0.201
1511030173432	9.395	-1.484	-0.047
1511030173437	9.634	-1.484	-0.134
1511030173447	9.72	-1.513	-0.191
1511030173461	9.692	-1.503	-0.201
1511030173467	9.682	-1.474	-0.143
1511030173477	9.921	-1.398	-0.105
1511030173491	10.094	-1.331	-0.143
1511030173497	10.075	-1.283	-0.191
1511030173507	10.103	-1.302	-0.191
1511030173521	9.874	-1.312	-0.124
1511030173527	9.778	-1.292	-0.057
1511030173537	9.663	-1.273	-0.028
1511030173551	9.548	-1.264	-0.047
1511030173557	9.471	-1.264	-0.095
1511030173568	9.481	-1.283	-0.153
1511030173583	9.519	-1.292	-0.229
1511030173587	9.577	-1.34	-0.239
1511030173598	9.605	-1.321	-0.229
1511030173613	9.634	-1.321	-0.21
1511030173617	9.692	-1.331	-0.172
1511030173628	9.739	-1.369	-0.124
1511030173643	9.739	-1.426	-0.095
1511030173647	9.701	-1.436	-0.057
1511030173658	9.73	-1.446	-0.067
1511030173673	9.807	-1.484	-0.105
1511030173677	9.835	-1.541	-0.172
1511030173689	9.835	-1.618	-0.172
1511030173703	9.807	-1.637	-0.134
1511030173707	9.768	-1.647	-0.124
1511030173718	9.787	-1.608	-0.038
1511030173733	9.864	-1.503	0.076
1511030173737	9.941	-1.417	0.086
1511030173748	9.969	-1.379	0.095
1511030173764	9.96	-1.369	0.076
1511030173767	9.883	-1.388	0.028
1511030173779	9.807	-1.417	-0.009
1511030173793	9.739	-1.436	-0.028
1511030173797	9.701	-1.417	0.019
1511030173808	9.672	-1.417	0.019
1511030173824	9.634	-1.388	0.028
1511030173827	9.586	-1.379	0.038
1511030173839	9.538	-1.398	0.019
1511030173854	9.49	-1.407	0.0
1511030173857	9.404	-1.369	-0.047
1511030173869	9.318	-1.34	-0.067
1511030173883	9.251	-1.283	-0.067
1511030173887	9.165	-1.264	-0.076
1511030173899	9.04	-1.302	-0.105
1511030173914	8.868	-1.35	-0.105
1511030173917	8.686	-1.379	-0.057
1511030173929	8.552	-1.369	-0.057
1511030173944	8.514	-1.369	-0.124
1511030173947	8.542	-1.369	-0.21
1511030173959	8.686	-1.417	-0.258
1511030173973	8.878	-1.446	-0.306
1511030173977	9.069	-1.494	-0.277
1511030173989	9.261	-1.465	-0.153
1511030174004	9.356	-1.455	-0.124
1511030174007	9.356	-1.446	-0.172
1511030174018	9.414	-1.455	-0.191
1511030174033	9.519	-1.513	-0.105
1511030174037	9.653	-1.551	-0.028
1511030174049	9.874	-1.57	0.239
1511030174064	9.921	-1.628	0.172
1511030174067	9.845	-1.589	0.134
1511030174079	9.816	-1.551	-0.124
1511030174112	9.931	-1.532	-0.057
1511030174114	10.19	-1.522	-0.086
1511030174124	10.458	-1.522	-0.057
1511030174127	10.707	-1.513	0.134
1511030174130	10.85	-1.484	0.047
1511030174139	10.841	-1.426	0.306
1511030174157	10.563	-1.369	0.239
1511030174160	10.075	-1.369	0.258
1511030174169	9.538	-1.379	0.047
1511030174183	9.127	-1.446	0.057
1511030174187	8.945	-1.561	0.143
1511030174199	9.27	-1.771	0.277
1511030174209	10.19	-2.164	0.086
1511030174217	11.693	-2.576	-0.047
1511030174234	15.007	-2.739	0.44
1511030174237	15.265	-2.432	1.446
1511030174247	14.174	-1.637	2.231
1511030174259	12.699	-0.804	2.643
1511030174267	11.32	-0.268	2.643
1511030174277	10.266	-0.076	2.059
1511030174288	9.443	-0.459	0.928
1511030174297	8.791	-0.507	-0.383
1511030174307	8.226	-0.909	-1.407
1511030174318	7.891	-1.398	-1.867
1511030174327	7.872	-1.225	-1.685
1511030174337	8.217	-1.005	-1.091
1511030174347	8.849	-0.852	-0.316
1511030174357	9.557	-0.823	0.421
1511030174367	10.17	-0.814	0.948
1511030174378	10.477	-0.833	1.168
1511030174387	10.525	-0.785	1.091
1511030174397	10.41	-0.718	0.948
1511030174409	10.324	-0.641	0.804
1511030174417	10.285	-0.622	0.632
1511030174427	10.285	-0.679	0.517
1511030174439	10.247	-0.861	0.354
1511030174447	10.18	-1.043	0.191
1511030174457	10.084	-1.13	0.143
1511030174469	9.969	-1.177	0.162
1511030174477	9.864	-1.149	0.153
1511030174487	9.816	-1.091	0.162
1511030174499	9.787	-1.015	0.229
1511030174507	9.768	-0.938	0.277
1511030174517	9.787	-0.842	0.354
1511030174529	9.835	-0.737	0.392
1511030174537	9.893	-0.66	0.392
1511030174547	9.941	-0.603	0.392
1511030174560	9.979	-0.603	0.383
1511030174567	10.008	-0.66	0.392
1511030174577	9.998	-0.718	0.383
1511030174590	10.027	-0.727	0.45
1511030174597	10.036	-0.766	0.421
1511030174608	9.969	-0.852	0.383
1511030174620	9.835	-0.881	0.344
1511030174627	9.701	-0.871	0.383
1511030174637	9.701	-0.852	0.478
1511030174651	9.864	-0.871	0.536
1511030174657	9.969	-0.89	0.555
1511030174667	9.902	-0.861	0.44
1511030174680	9.826	-0.852	0.383
1511030174687	9.854	-0.842	0.354
1511030174697	9.921	-0.89	0.392
1511030174710	10.027	-0.948	0.43
1511030174717	10.075	-1.005	0.459
1511030174728	10.027	-1.034	0.45
1511030174741	9.979	-1.091	0.402
1511030174747	9.931	-1.101	0.402
1511030174757	9.931	-1.11	0.459
1511030174769	9.921	-1.13	0.459
1511030174777	9.893	-1.12	0.45
1511030174787	9.854	-1.13	0.45
1511030174800	9.845	-1.12	0.44
1511030174807	9.883	-1.101	0.43
1511030174817	9.931	-1.101	0.45
1511030174830	9.941	-1.13	0.411
1511030174837	9.941	-1.149	0.344
1511030174847	9.931	-1.13	0.335
1511030174880	9.893	-1.13	0.363
1511030174883	9.902	-1.091	0.411
1511030174886	9.941	-1.053	0.45
1511030174889	10.008	-1.034	0.44
1511030174905	10.017	-1.053	0.373
1511030174919	9.979	-1.024	0.172
1511030174921	9.96	-1.015	0.469
1511030174929	9.95	-1.005	0.325
1511030174938	9.96	-1.005	0.335
1511030174958	9.969	-0.986	0.363
1511030174960	9.988	-0.967	0.354
1511030174968	9.969	-0.957	0.344
1511030174979	9.95	-0.928	0.316
1511030174987	9.96	-0.919	0.335
1511030174997	9.95	-0.919	0.335
1511030175009	9.95	-0.948	0.354
1511030175017	9.96	-0.938	0.373
1511030175027	9.988	-0.957	0.45
1511030175038	10.027	-0.948	0.469
1511030175047	10.017	-0.976	0.459
1511030175057	10.008	-0.976	0.45
1511030175068	10.008	-0.976	0.44
1511030175077	10.027	-0.967	0.43
1511030175087	10.065	-0.976	0.44
1511030175097	10.094	-1.168	0.421
1511030175107	10.084	-1.072	0.392
1511030175117	10.123	-1.139	0.373
1511030175130	10.209	-1.139	0.335
1511030175137	10.295	-1.12	0.363
1511030175147	10.352	-1.12	0.373
1511030175160	10.352	-1.158	0.373
1511030175167	10.314	-1.264	0.344
1511030175177	10.295	-1.369	0.383
1511030175193	10.276	-1.484	0.354
1511030175197	10.305	-1.551	0.316
1511030175207	10.381	-1.561	0.363
1511030175220	10.429	-1.589	0.296
1511030175227	10.429	-1.589	0.181
1511030175237	10.352	-1.628	0.086
1511030175251	10.257	-1.695	0.095
1511030175257	10.257	-1.771	0.153
1511030175267	10.381	-1.896	0.181
1511030175282	10.477	-1.982	0.162
1511030175287	10.486	-2.02	0.057
1511030175297	10.554	-2.02	0.009
1511030175311	10.678	-2.03	0.009
1511030175317	10.898	-2.03	0.134
1511030175327	11.166	-2.059	0.162
1511030175340	11.281	-2.049	0.114
1511030175347	11.262	-2.059	0.095
1511030175357	11.205	-1.972	0.21
1511030175370	11.071	-1.934	0.296
1511030175377	10.917	-1.934	0.268
1511030175387	10.726	-1.982	0.21
1511030175401	10.525	-2.049	0.047
1511030175407	10.333	-2.116	-0.076
1511030175417	10.17	-2.154	-0.124
1511030175431	10.027	-2.116	-0.114
1511030175437	9.874	-2.059	-0.124
1511030175447	9.663	-1.982	-0.153
1511030175460	9.51	-1.877	-0.114
1511030175467	9.395	-1.752	-0.153
1511030175477	9.27	-1.695	-0.201
1511030175491	9.155	-1.695	-0.239
1511030175498	9.107	-1.656	-0.229
1511030175523	9.059	-1.647	-0.162
1511030175525	9.031	-1.637	-0.191
1511030175537	8.983	-1.637	-0.325
1511030175538	8.973	-1.618	-0.383
1511030175550	8.983	-1.637	-0.344
1511030175557	9.002	-1.666	-0.325
1511030175568	9.05	-1.685	-0.277
1511030175579	9.146	-1.704	-0.287
1511030175587	9.213	-1.714	-0.287
1511030175597	9.289	-1.733	-0.344
1511030175608	9.356	-1.714	-0.201
1511030175617	9.481	-1.656	-0.201
1511030175635	9.586	-1.608	-0.162
1511030175639	9.672	-1.618	-0.277
1511030175650	9.711	-1.685	-0.277
1511030175657	9.73	-1.743	-0.153
1511030175674	9.778	-1.781	-0.239
1511030175678	9.778	-1.743	-0.239
1511030175687	9.816	-1.676	-0.296
1511030175701	9.807	-1.589	-0.306
1511030175707	9.816	-1.522	-0.354
1511030175721	9.845	-1.455	-0.411
1511030175732	9.739	-1.474	-0.459
1511030175737	9.739	-1.541	-0.44
1511030175747	9.692	-1.628	-0.392
1511030175762	9.672	-1.656	-0.306
1511030175767	9.644	-1.637	-0.258
1511030175777	9.634	-1.599	-0.296
1511030175789	9.605	-1.599	-0.392
1511030175797	9.548	-1.608	-0.45
1511030175807	9.538	-1.589	-0.43
1511030175820	9.596	-1.388	-0.363
1511030175827	9.711	-1.465	-0.363
1511030175837	9.73	-1.407	-0.488
1511030175849	9.625	-1.388	-0.632
1511030175857	9.49	-1.455	-0.679
1511030175867	9.433	-1.541	-0.574
1511030175881	9.519	-1.474	-0.421
1511030175887	9.644	-1.455	-0.373
1511030175912	9.51	-1.513	-0.354
1511030175917	9.423	-1.494	-0.373
1511030175931	9.433	-1.455	-0.402
1511030175943	9.519	-1.379	-0.44
1511030175947	9.605	-1.283	-0.45
1511030175958	9.653	-1.254	-0.44
1511030175969	9.72	-1.235	-0.44
1511030175977	9.778	-1.245	-0.45
1511030175987	9.816	-1.273	-0.478
1511030175999	9.826	-1.292	-0.459
1511030176007	9.826	-1.273	-0.478
1511030176017	9.797	-1.235	-0.44
1511030176031	9.787	-1.254	-0.478
1511030176037	9.759	-1.312	-0.536
1511030176048	9.739	-1.369	-0.526
1511030176061	9.692	-1.369	-0.498
1511030176067	9.625	-1.331	-0.43
1511030176077	9.577	-1.283	-0.45
1511030176091	9.519	-1.254	-0.469
1511030176097	9.5	-1.235	-0.507
1511030176107	9.471	-1.254	-0.517
1511030176122	9.404	-1.245	-0.593
1511030176127	9.308	-1.245	-0.632
1511030176137	9.117	-1.264	-0.603
1511030176152	8.935	-1.235	-0.517
1511030176157	8.83	-1.187	-0.488
1511030176167	8.858	-1.149	-0.507
1511030176183	9.127	-1.13	-0.603
1511030176202	9.117	-1.101	-0.603
1511030176204	9.308	-1.101	-0.622
1511030176215	9.462	-1.139	-0.593
1511030176217	9.51	-1.197	-0.565
1511030176229	9.51	-1.245	-0.555
1511030176244	9.49	-1.273	-0.421
1511030176247	9.49	-1.264	-0.421
1511030176258	9.481	-1.302	-0.335
1511030176272	9.529	-1.331	-0.258
1511030176277	9.701	-1.379	-0.268
1511030176288	9.95	-1.426	-0.268
1511030176302	10.199	-1.474	-0.316
1511030176307	10.333	-1.484	-0.316
1511030176317	10.352	-1.474	-0.268
1511030176334	10.247	-1.407	-0.076
1511030176337	10.151	-1.292	0.095
1511030176348	10.094	-1.206	0.114
1511030176362	10.084	-1.216	-0.019
1511030176367	10.094	-1.302	-0.019
1511030176378	10.19	-1.407	-0.191
1511030176393	10.247	-1.57	-0.239
1511030176426	10.295	-1.637	-0.201
1511030176433	10.276	-1.628	0.22
1511030176434	10.218	-1.57	0.325
1511030176437	10.008	-1.398	0.632
1511030176450	10.17	-1.379	0.747
1511030176466	10.659	-1.465	0.469
1511030176470	11.368	-1.714	0.181
1511030176483	12.038	-2.011	-0.114
1511030176487	12.526	-2.212	0.114
1511030176511	11.961	-1.676	1.407
1511030176517	11.157	-1.197	1.79
1511030176530	10.439	-0.861	1.676
1511030176541	9.816	-0.679	1.149
1511030176547	9.165	-0.66	0.402
1511030176559	8.763	-0.727	-0.383
1511030176570	8.514	-0.852	-0.976
1511030176577	8.427	-1.063	-1.206
1511030176587	8.523	-1.35	-1.091
1511030176601	8.849	-1.273	-0.785
1511030176609	9.261	-1.321	-0.316
1511030176617	9.653	-1.283	0.153
1511030176630	9.998	-1.12	0.478
1511030176637	10.199	-1.015	0.679
1511030176647	10.343	-0.881	0.699
1511030176660	10.439	-0.756	0.574
1511030176667	10.506	-0.708	0.402
1511030176677	10.506	-0.727	0.354
1511030176693	10.486	-0.804	0.287
1511030176697	10.419	-0.948	0.239
1511030176711	10.343	-1.082	0.229
1511030176723	10.218	-1.168	0.239
1511030176727	10.132	-1.225	0.249
1511030176738	10.046	-1.235	0.191
1511030176753	9.931	-1.225	0.162
1511030176757	9.787	-1.168	0.172
1511030176768	9.711	-1.072	0.201
1511030176783	9.682	-0.996	0.21
1511030176787	9.692	-0.928	0.239
1511030176798	9.739	-0.89	0.316
1511030176812	9.797	-0.9	0.344
1511030176817	9.845	-0.9	0.373
1511030176828	9.902	-0.881	0.373
1511030176843	9.931	-0.938	0.354
1511030176847	9.96	-0.996	0.363
1511030176858	10.008	-1.043	0.373
1511030176872	10.065	-1.101	0.363
1511030176877	10.056	-1.139	0.325
1511030176888	10.046	-1.177	0.306
1511030176903	10.036	-1.158	0.268
1511030176907	10.027	-1.158	0.277
1511030176919	10.046	-1.139	0.268
1511030176933	10.065	-1.149	0.296
1511030176937	10.094	-1.177	0.268
1511030176948	10.123	-1.235	0.229
1511030176964	10.142	-1.312	0.181
1511030176967	10.132	-1.359	0.172
1511030176978	10.103	-1.388	0.114
1511030176993	10.065	-1.35	0.086
1511030176997	10.046	-1.359	0.076
1511030177009	10.065	-1.359	0.095
1511030177023	10.065	-1.379	0.038
1511030177027	10.056	-1.369	0.047
1511030177038	10.065	-1.379	0.047
1511030177053	10.103	-1.35	0.095
1511030177057	10.103	-1.34	0.105
1511030177068	10.132	-1.312	0.095
1511030177083	10.19	-1.302	0.038
1511030177087	10.17	-1.35	-0.067
1511030177098	10.056	-1.388	-0.134
1511030177113	9.979	-1.446	-0.028
1511030177117	9.96	-1.455	0.095
1511030177128	10.075	-1.465	0.172
1511030177143	10.132	-1.446	0.134
1511030177147	10.103	-1.407	0.086
1511030177158	10.027	-1.35	0.0
1511030177173	9.998	-1.321	-0.028
1511030177177	10.075	-1.302	-0.067
1511030177212	10.123	-1.312	-0.057
1511030177217	10.132	-1.292	-0.057
1511030177224	10.065	-1.273	0.028
1511030177226	10.036	-1.235	0.038
1511030177228	10.046	-1.235	0.038
1511030177238	10.065	-1.283	0.009
1511030177248	10.075	-1.34	0.019
1511030177262	10.103	-1.35	0.028
1511030177267	10.161	-1.35	0.047
1511030177280	10.142	-1.369	0.067
1511030177294	10.142	-1.398	0.067
1511030177302	10.142	-1.436	0.134
1511030177311	10.17	-1.494	0.181
1511030177324	10.151	-1.561	0.201
1511030177327	10.084	-1.666	0.229
1511030177337	9.998	-1.743	0.296
1511030177352	9.979	-1.8	0.363
1511030177357	10.027	-1.771	0.354
1511030177367	10.094	-1.79	0.335
1511030177382	10.103	-1.867	0.296
1511030177387	10.151	-1.953	0.258
1511030177397	10.247	-2.02	0.239
1511030177411	10.429	-2.059	0.287
1511030177417	10.592	-2.078	0.296
1511030177427	10.716	-2.164	0.22
1511030177441	10.831	-2.241	0.134
1511030177447	11.013	-2.298	0.134
1511030177458	11.147	-2.327	0.22
1511030177473	11.233	-2.317	0.277
1511030177489	11.329	-2.25	0.488
1511030177503	11.329	-2.135	0.526
1511030177507	11.253	-2.03	0.411
1511030177519	11.109	-1.982	0.249
1511030177533	10.927	-1.972	0.009
1511030177537	10.678	-2.02	-0.306
1511030177549	10.467	-2.078	-0.498
1511030177563	10.276	-2.135	-0.517
1511030177567	10.103	-2.106	-0.402
1511030177579	9.931	-2.068	-0.287
1511030177593	9.816	-1.963	-0.249
1511030177597	9.701	-1.877	-0.316
1511030177609	9.615	-1.81	-0.44
1511030177623	9.443	-1.79	-0.584
1511030177627	9.308	-1.781	-0.632
1511030177639	9.184	-1.752	-0.545
1511030177654	9.107	-1.666	-0.498
1511030177657	9.059	-1.532	-0.392
1511030177669	9.002	-1.455	-0.488
1511030177684	8.954	-1.446	-0.718
1511030177687	8.925	-1.474	-0.756
1511030177703	8.925	-1.426	-0.632
1511030177708	8.906	-1.359	-0.555
1511030177723	8.782	-1.331	-0.603
1511030177730	8.676	-1.359	-0.632
1511030177742	8.59	-1.426	-0.718
1511030177747	8.619	-1.379	-0.833
1511030177757	8.782	-1.388	-0.871
1511030177771	8.897	-1.388	-0.737
1511030177777	8.849	-1.398	-0.727
1511030177787	8.791	-1.379	-0.814
1511030177801	8.82	-1.369	-0.871
1511030177807	8.983	-1.379	-0.842
1511030177818	9.165	-1.417	-0.833
1511030177833	9.289	-1.474	-0.823
1511030177837	9.318	-1.541	-0.823
1511030177849	9.289	-1.57	-0.823
1511030177864	9.28	-1.57	-0.814
1511030177867	9.356	-1.551	-0.814
1511030177879	9.452	-1.532	-0.986
1511030177894	9.5	-1.522	-0.986
1511030177897	9.51	-1.551	-1.072
1511030177909	9.49	-1.647	-1.091
1511030177924	9.519	-1.695	-0.938
1511030177927	9.481	-1.762	-0.976
1511030177939	9.577	-1.8	-0.852
1511030177954	9.577	-1.838	-0.852
1511030177994	9.586	-1.838	-0.842
1511030177996	9.634	-1.79	-0.804
1511030177999	9.634	-1.666	-0.708
1511030178008	9.692	-1.503	-0.737
1511030178011	9.739	-1.379	-0.775
1511030178013	9.73	-1.34	-0.785
1511030178023	9.739	-1.312	-0.823
1511030178034	9.768	-1.235	-0.89
1511030178037	9.797	-1.158	-1.024
1511030178047	9.807	-1.139	-1.101
1511030178059	9.845	-1.082	-1.13
1511030178067	9.864	-1.024	-1.053
1511030178080	9.816	-0.986	-1.015
1511030178094	9.701	-0.775	-1.005
1511030178097	9.557	-0.89	-0.967
1511030178115	9.452	-0.852	-0.928
1511030178122	9.337	-0.823	-0.948
1511030178127	9.289	-0.871	-1.005
1511030178137	9.318	-0.9	-1.072
1511030178150	9.395	-0.938	-1.063
1511030178157	9.481	-0.967	-0.996
1511030178167	9.615	-1.005	-0.919
1511030178178	9.768	-1.043	-0.881
1511030178191	9.912	-1.053	-0.861
1511030178200	9.998	-1.053	-0.861
1511030178209	10.027	-1.063	-0.871
1511030178217	10.036	-1.053	-0.881
1511030178227	10.036	-1.072	-0.871
1511030178239	10.036	-1.11	-0.861
1511030178248	10.046	-1.12	-0.785
1511030178257	10.065	-1.091	-0.747
1511030178268	9.998	-1.082	-0.66
1511030178277	9.883	-1.072	-0.603
1511030178287	9.845	-1.034	-0.517
1511030178298	9.845	-1.053	-0.459
1511030178307	9.941	-1.034	-0.459
1511030178317	10.142	-0.996	-0.565
1511030178330	10.276	-0.948	-0.679
1511030178337	10.276	-0.948	-0.756
1511030178347	10.228	-0.948	-0.727
1511030178360	10.17	-0.967	-0.593
1511030178367	10.151	-0.957	-0.574
1511030178377	10.199	-0.948	-0.593
1511030178392	10.132	-0.976	-0.66
1511030178397	9.95	-0.948	-0.747
1511030178407	9.787	-0.957	-0.804
1511030178420	9.807	-0.967	-0.842
1511030178427	9.998	-1.015	-0.814
1511030178438	10.142	-1.015	-0.794
1511030178450	10.209	-1.043	-0.708
1511030178457	10.151	-1.024	-0.699
1511030178467	9.998	-1.072	-0.699
1511030178482	9.644	-1.11	-0.565
1511030178487	9.644	-1.12	-0.565
1511030178497	9.49	-1.11	-0.517
1511030178510	9.347	-1.091	-0.593
1511030178517	9.194	-1.101	-0.469
1511030178527	9.079	-1.12	-0.498
1511030178541	9.059	-1.158	-0.507
1511030178547	9.184	-1.168	-0.507
1511030178557	9.452	-1.216	-0.363
1511030178570	10.486	-1.245	-0.086
1511030178577	10.486	-1.312	-0.086
1511030178587	11.368	-1.407	-0.095
1511030178600	13.082	-1.484	-0.22
1511030178607	12.996	-1.465	-0.22
1511030178617	13.149	-1.302	0.067
1511030178630	12.057	-0.986	0.517
1511030178637	12.057	-0.67	0.517
1511030178647	11.387	-0.488	0.392
1511030178660	10.4	-0.459	0.143
1511030178667	10.4	-0.488	-0.316
1511030178677	9.941	-0.545	-0.794
1511030178691	9.05	-0.593	-1.312
1511030178697	9.05	-0.66	-1.436
1511030178709	8.772	-0.66	-1.264
1511030178721	9.031	-0.603	-0.938
1511030178753	9.031	-0.517	-0.536
1511030178764	9.73	-0.44	-0.201
1511030178774	10.19	-0.325	0.143
1511030178776	10.343	-0.325	0.316
1511030178777	10.544	-0.21	0.316
1511030178778	10.486	-0.124	0.22
1511030178790	10.391	-0.067	0.134
1511030178797	10.305	-0.105	0.028
1511030178809	10.209	-0.373	-0.134
1511030178817	10.056	-0.402	-0.402
1511030178827	9.921	-0.766	-0.651
1511030178843	9.893	-0.986	-0.785
1511030178848	9.874	-1.139	-0.842
1511030178857	9.835	-1.091	-0.823
1511030178868	9.807	-1.11	-0.766
1511030178877	9.807	-1.043	-0.708
1511030178887	9.864	-0.919	-0.632
1511030178900	9.921	-0.871	-0.545
1511030178907	9.96	-0.823	-0.478
1511030178917	9.979	-0.804	-0.411
1511030178928	10.017	-0.775	-0.383
1511030178937	10.094	-0.756	-0.383
1511030178947	9.998	-0.794	-0.517
1511030178958	9.778	-0.823	-0.641
1511030178967	9.625	-0.9	-0.584
1511030178977	9.596	-0.919	-0.469
1511030178988	9.672	-0.957	-0.363
1511030178997	9.701	-0.986	-0.325
1511030179008	9.634	-1.034	-0.335
1511030179018	9.529	-1.005	-0.392
1511030179027	9.548	-0.996	-0.44
1511030179037	9.692	-1.043	-0.411
1511030179049	9.854	-1.11	-0.421
1511030179057	9.95	-1.149	-0.373
1511030179067	9.921	-1.168	-0.316
1511030179078	9.883	-1.187	-0.296
1511030179087	9.893	-1.225	-0.325
1511030179097	9.941	-1.216	-0.287
1511030179108	9.988	-1.168	-0.21
1511030179117	10.036	-1.12	-0.162
1511030179127	10.065	-1.13	-0.134
1511030179139	10.094	-1.139	-0.134
1511030179147	10.075	-1.149	-0.134
1511030179157	10.094	-1.139	-0.143
1511030179171	10.084	-1.12	-0.153
1511030179177	10.084	-1.101	-0.105
1511030179187	10.084	-1.082	-0.086
1511030179201	10.276	-1.015	-0.057
1511030179207	10.199	-0.986	-0.057
1511030179217	10.237	-0.976	-0.124
1511030179228	10.19	-0.986	-0.162
1511030179237	10.132	-1.024	-0.134
1511030179269	10.103	-1.072	-0.134
1511030179270	10.103	-1.101	-0.134
1511030179270	10.123	-1.139	-0.153
1511030179277	10.142	-1.149	-0.162
1511030179289	10.142	-1.158	-0.162
1511030179297	10.18	-1.168	-0.153
1511030179307	10.209	-1.187	-0.181
1511030179320	10.161	-1.225	-0.191
1511030179351	10.056	-1.245	-0.22
1511030179352	10.046	-1.245	-0.191
1511030179352	10.094	-1.254	-0.143
1511030179357	10.113	-1.283	-0.095
1511030179367	10.084	-1.273	-0.076
1511030179379	10.075	-1.264	-0.095
1511030179408	10.065	-1.254	-0.095
1511030179409	10.084	-1.273	-0.114
1511030179409	10.036	-1.302	-0.181
1511030179417	10.017	-1.34	-0.191
1511030179427	10.017	-1.359	-0.229
1511030179438	9.988	-1.369	-0.22
1511030179447	10.008	-1.369	-0.22
1511030179457	10.027	-1.359	-0.22
1511030179471	10.008	-1.369	-0.287
1511030179477	10.008	-1.417	-0.325
1511030179487	10.027	-1.465	-0.306
1511030179520	10.065	-1.532	-0.268
1511030179532	10.065	-1.561	-0.21
1511030179534	10.123	-1.58	-0.191
1511030179540	10.151	-1.628	-0.191
1511030179542	10.18	-1.685	-0.105
1511030179560	10.305	-1.666	-0.067
1511030179561	10.439	-1.647	-0.114
1511030179567	10.477	-1.647	-0.181
1511030179577	10.486	-1.695	-0.172
1511030179587	10.496	-1.762	-0.124
1511030179597	10.601	-1.81	-0.105
1511030179607	10.707	-1.886	-0.143
1511030179645	10.735	-1.992	-0.153
1511030179646	10.726	-2.011	-0.181
1511030179647	10.716	-2.011	-0.162
1511030179647	10.822	-1.972	-0.153
1511030179657	10.984	-1.953	-0.162
1511030179667	11.08	-1.934	-0.191
1511030179679	11.032	-1.915	-0.172
1511030179709	10.879	-1.896	-0.172
1511030179710	10.783	-1.886	-0.21
1511030179711	10.707	-1.877	-0.229
1511030179717	10.649	-1.819	-0.335
1511030179727	10.486	-1.743	-0.354
1511030179739	10.343	-1.666	-0.344
1511030179747	10.18	-1.551	-0.277
1511030179757	10.084	-1.446	-0.277
1511030179769	9.998	-1.426	-0.325
1511030179777	9.921	-1.407	-0.478
1511030179787	9.826	-1.446	-0.488
1511030179809	9.759	-1.522	-0.421
1511030179810	9.701	-1.503	-0.402
1511030179817	9.615	-1.494	-0.459
1511030179829	9.519	-1.465	-0.507
1511030179837	9.529	-1.359	-0.498
1511030179847	9.538	-1.321	-0.526
1511030179860	9.49	-1.321	-0.526
1511030179867	9.443	-1.321	-0.545
1511030179877	9.404	-1.302	-0.526
1511030179889	9.433	-1.235	-0.536
1511030179897	9.519	-1.13	-0.44
1511030179907	9.577	-1.082	-0.373
1511030179919	9.634	-0.986	-0.316
1511030179927	9.596	-0.957	-0.306
1511030179937	9.557	-0.89	-0.383
1511030179951	9.481	-0.881	-0.392
1511030179957	9.443	-0.871	-0.411
1511030179967	9.356	-0.871	-0.421
1511030179979	9.222	-0.919	-0.488
1511030179987	9.059	-0.957	-0.545
1511030179997	8.868	-1.034	-0.545
1511030180010	8.772	-1.091	-0.651
1511030180017	8.696	-1.149	-0.775
1511030180027	8.676	-1.206	-0.794
1511030180040	8.791	-1.225	-0.507
1511030180047	8.925	-1.235	-0.526
1511030180057	9.04	-1.283	-0.565
1511030180071	9.174	-1.302	-0.612
1511030180077	9.328	-1.292	-0.679
1511030180087	9.538	-1.302	-0.66
1511030180100	9.663	-1.254	-0.545
1511030180107	9.701	-1.177	-0.488
1511030180118	9.701	-1.11	-0.517
1511030180130	9.682	-1.024	-0.718
1511030180137	9.701	-0.986	-0.679
1511030180147	9.778	-0.938	-0.699
1511030180161	9.902	-0.957	-0.651
1511030180167	9.969	-0.967	-0.651
1511030180177	10.036	-0.938	-0.651
1511030180193	10.056	-0.9	-0.699
1511030180208	9.96	-0.881	-0.727
1511030180211	9.874	-0.852	-0.67
1511030180228	9.998	-0.823	-0.593
1511030180230	9.874	-0.775	-0.565
1511030180240	9.998	-0.708	-0.612
1511030180254	9.826	-0.622	-0.66
1511030180257	9.864	-0.555	-0.718
1511030180291	9.72	-0.316	-0.785
1511030180298	9.739	-0.411	-0.814
1511030180304	9.739	-0.373	-0.909
1511030180306	9.692	-0.344	-0.928
1511030180318	9.634	-0.383	-0.881
1511030180319	9.557	-0.402	-0.9
1511030180331	9.471	-0.565	-0.852
1511030180339	9.443	-0.459	-0.766
1511030180347	9.328	-0.478	-0.699
1511030180357	9.289	-0.43	-0.651
1511030180372	9.289	-0.43	-0.699
1511030180377	9.213	-0.44	-0.833
1511030180387	9.117	-0.469	-0.928
1511030180401	9.079	-0.488	-0.948
1511030180407	9.05	-0.526	-0.871
1511030180417	8.964	-0.593	-0.871
1511030180431	8.868	-0.679	-0.871
1511030180437	8.897	-0.747	-0.833
1511030180447	9.031	-0.766	-0.881
1511030180461	9.261	-0.804	-0.919
1511030180467	9.423	-0.775	-0.909
1511030180491	9.682	-0.718	-0.756
1511030180497	9.787	-0.727	-0.679
1511030180507	9.845	-0.699	-0.651
1511030180520	9.912	-0.679	-0.708
1511030180527	9.931	-0.679	-0.766
1511030180541	9.95	-0.699	-0.794
1511030180551	9.902	-0.699	-0.852
1511030180557	9.787	-0.699	-0.909
1511030180567	9.567	-0.737	-0.871
1511030180581	9.347	-0.785	-0.794
1511030180587	9.222	-0.833	-0.785
1511030180597	9.174	-0.9	-0.823
1511030180610	9.299	-0.938	-0.861
1511030180624	9.548	-0.948	-0.871
1511030180629	9.921	-0.948	-0.823
1511030180642	10.237	-0.928	-0.766
1511030180647	10.41	-0.928	-0.756
1511030180657	10.448	-0.852	-0.708
1511030180670	10.333	-0.814	-0.689
1511030180677	10.17	-0.823	-0.699
1511030180687	10.046	-0.881	-0.785
1511030180703	10.046	-0.996	-0.785
1511030180712	10.285	-1.197	-0.651
1511030180722	10.879	-1.436	-0.478
1511030180736	11.866	-1.743	-0.526
1511030180737	13.034	-2.001	-0.545
1511030180749	13.838	-2.049	-0.679
1511030180764	13.934	-1.637	-0.536
1511030180767	13.226	-0.89	-0.067
1511030180779	12.344	-0.172	0.507
1511030180794	11.617	0.258	0.775
1511030180797	11.042	0.354	0.593
1511030180811	10.4	0.249	-0.038
1511030180824	9.682	0.019	-0.737
1511030180827	9.079	-0.172	-1.235
1511030180839	8.676	-0.229	-1.436
1511030180853	8.59	-0.229	-1.388
1511030180857	8.782	-0.181	-1.187
1511030180869	9.136	-0.124	-0.565
1511030180883	9.538	-0.114	-0.009
1511030180887	9.969	-0.153	0.22
1511030180899	10.352	-0.143	0.239
1511030180913	10.573	-0.114	0.239
1511030180917	10.63	-0.095	0.047
1511030180929	10.496	-0.095	-0.201
1511030180943	10.257	-0.124	-0.383
1511030180947	10.075	-0.21	-0.488
1511030180959	9.988	-0.363	-0.545
1511030180973	9.931	-0.498	-0.526
1511030180977	9.931	-0.603	-0.555
1511030180989	9.826	-0.66	-0.584
1511030181004	9.826	-0.699	-0.545
1511030181007	9.807	-0.708	-0.469
1511030181019	9.835	-0.66	-0.392
1511030181033	9.845	-0.574	-0.306
1511030181073	9.883	-0.459	-0.21
1511030181075	9.941	-0.296	-0.21
1511030181078	10.027	-0.296	-0.172
1511030181082	10.113	-0.249	-0.191
1511030181085	10.123	-0.421	-0.22
1511030181090	10.094	-0.306	-0.201
1511030181102	10.075	-0.363	-0.124
1511030181109	10.094	-0.344	0.0
1511030181118	10.094	-0.344	0.047
1511030181127	10.056	-0.354	0.047
1511030181137	10.056	-0.373	0.009
1511030181152	10.065	-0.363	-0.057
1511030181164	10.084	-0.354	-0.143
1511030181170	10.094	-0.373	-0.21
1511030181181	10.084	-0.402	-0.249
1511030181187	10.065	-0.402	-0.239
1511030181197	10.075	-0.43	-0.258
1511030181212	10.084	-0.478	-0.229
1511030181217	10.065	-0.526	-0.191
1511030181227	10.056	-0.584	-0.162
1511030181245	10.046	-0.651	-0.153
1511030181250	10.056	-0.67	-0.124
1511030181258	10.036	-0.689	-0.105
1511030181272	10.036	-0.699	-0.095
1511030181282	10.036	-0.708	-0.114
1511030181288	10.084	-0.756	-0.143
1511030181303	10.084	-0.775	-0.153
1511030181307	10.065	-0.775	-0.153
1511030181317	10.046	-0.756	-0.114
1511030181332	10.056	-0.718	-0.067
1511030181337	10.075	-0.689	-0.019
1511030181349	10.046	-0.66	-0.057
1511030181363	10.017	-0.641	-0.047
1511030181367	10.017	-0.603	-0.057
1511030181379	10.008	-0.593	-0.057
1511030181387	10.027	-0.603	-0.019
1511030181397	10.123	-0.584	0.009
1511030181407	10.228	-0.622	0.0
1511030181421	10.161	-0.689	-0.124
1511030181427	9.998	-0.756	-0.191
1511030181437	9.854	-0.804	-0.105
1511030181454	9.864	-0.842	-0.019
1511030181457	9.969	-0.871	0.019
1511030181469	10.027	-0.909	-0.028
1511030181483	9.998	-0.9	-0.095
1511030181487	9.979	-0.861	-0.134
1511030181499	9.96	-0.89	-0.134
1511030181514	9.979	-0.967	-0.124
1511030181517	10.036	-1.101	-0.114
1511030181529	10.065	-1.245	0.076
1511030181544	10.075	-1.388	0.019
1511030181547	10.056	-1.474	0.076
1511030181559	10.094	-1.494	0.268
1511030181574	10.18	-1.455	0.268
1511030181577	10.333	-1.369	0.316
1511030181590	10.486	-1.283	0.296
1511030181607	10.659	-1.197	0.143
1511030181620	10.793	-1.264	0.134
1511030181627	10.975	-1.321	0.105
1511030181637	11.119	-1.398	0.114
1511030181649	11.262	-1.426	0.181
1511030181663	11.262	-1.474	0.028
1511030181667	11.348	-1.522	0.028
1511030181679	11.588	-1.608	-0.057
1511030181694	11.588	-1.685	-0.009
1511030181697	11.55	-1.743	0.057
1511030181709	11.406	-1.972	0.009
1511030181717	11.253	-1.905	-0.019
1511030181727	11.348	-1.944	-0.028
1511030181739	11.099	-1.925	-0.057
1511030181747	11.013	-1.886	-0.086
1511030181757	10.908	-1.819	-0.105
1511030181770	10.841	-1.781	-0.105
1511030181777	10.745	-1.714	-0.162
1511030181787	10.486	-1.656	-0.354
1511030181799	10.237	-1.656	-0.507
1511030181807	10.065	-1.656	-0.526
1511030181841	9.969	-1.829	-0.402
1511030181854	9.874	-1.532	-0.354
1511030181858	9.72	-1.541	-0.277
1511030181862	9.49	-1.426	-0.335
1511030181864	9.241	-1.369	-0.45
1511030181877	9.088	-1.321	-0.45
1511030181878	9.012	-1.245	-0.421
1511030181891	8.925	-1.13	-0.459
1511030181897	8.801	-0.976	-0.555
1511030181907	8.696	-0.89	-0.651
1511030181918	8.629	-0.852	-0.756
1511030181927	8.514	-0.9	-0.861
1511030181937	8.37	-0.967	-0.814
1511030181948	8.245	-1.005	-0.823
1511030181957	8.083	-1.091	-0.814
1511030181967	7.949	-1.197	-0.861
1511030181981	7.901	-1.264	-0.861
1511030181987	7.949	-1.283	-0.766
1511030181997	8.083	-1.245	-0.612
1511030182008	8.265	-1.177	-0.612
1511030182017	8.494	-1.158	-0.584
1511030182027	8.542	-1.216	-0.689
1511030182038	8.581	-1.273	-0.766
1511030182047	8.696	-1.331	-0.679
1511030182057	8.906	-1.398	-0.593
1511030182068	9.146	-1.465	-0.517
1511030182077	9.251	-1.522	-0.43
1511030182087	9.318	-1.513	-0.354
1511030182098	9.423	-1.494	-0.44
1511030182107	9.548	-1.465	-0.603
1511030182117	9.72	-1.407	-0.622
1511030182127	9.931	-1.292	-0.641
1511030182137	10.094	-1.149	-0.536
1511030182147	10.247	-1.082	-0.373
1511030182160	10.333	-1.072	-0.325
1511030182167	10.333	-1.13	-0.354
1511030182177	10.343	-1.187	-0.459
1511030182190	10.333	-1.245	-0.526
1511030182197	10.305	-1.235	-0.555
1511030182207	10.305	-1.177	-0.641
1511030182222	10.295	-1.11	-0.718
1511030182240	10.314	-1.043	-0.718
1511030182241	10.324	-0.986	-0.747
1511030182251	10.266	-0.919	-0.766
1511030182257	10.17	-0.871	-0.766
1511030182268	10.046	-0.794	-0.727
1511030182284	9.874	-0.737	-0.747
1511030182287	9.874	-0.708	-0.747
1511030182297	9.816	-0.747	-0.794
1511030182312	9.672	-0.852	-0.909
1511030182317	9.529	-0.957	-0.938
1511030182329	9.471	-1.072	-0.842
1511030182341	9.5	-1.11	-0.766
1511030182347	9.5	-1.149	-0.766
1511030182357	9.51	-1.139	-0.785
1511030182372	9.471	-1.12	-0.804
1511030182377	9.433	-1.091	-0.785
1511030182387	9.423	-1.072	-0.804
1511030182401	9.404	-1.063	-0.842
1511030182407	9.337	-1.072	-0.9
1511030182419	9.289	-1.101	-0.833
1511030182431	9.289	-1.13	-0.842
1511030182437	9.376	-1.13	-0.833
1511030182447	9.423	-1.187	-0.814
1511030182464	9.443	-1.225	-0.775
1511030182467	9.433	-1.235	-0.718
1511030182477	9.261	-1.235	-0.651
1511030182490	9.404	-1.187	-0.727
1511030182497	9.27	-1.177	-0.785
1511030182507	9.222	-1.177	-0.833
1511030182520	9.203	-1.187	-0.842
1511030182527	9.222	-1.197	-0.823
1511030182537	9.308	-1.235	-0.737
1511030182550	9.356	-1.245	-0.699
1511030182557	9.308	-1.254	-0.632
1511030182567	9.194	-1.082	-0.622
1511030182606	9.05	-1.101	-0.67
1511030182611	8.916	-1.063	-0.67
1511030182615	8.782	-1.053	-0.651
1511030182619	8.753	-1.072	-0.718
1511030182621	8.992	-1.168	-0.871
1511030182631	9.318	-1.264	-1.101
1511030182640	9.605	-1.407	-1.13
1511030182647	9.912	-1.541	-0.967
1511030182658	10.17	-1.628	-0.679
1511030182672	10.362	-1.704	-0.498
1511030182677	10.486	-1.81	-0.296
1511030182687	10.803	-1.972	-0.057
1511030182701	11.693	-2.298	-0.019
1511030182707	13.264	-2.748	-0.507
1511030182717	15.151	-2.901	-1.015
1511030182729	16.166	-2.47	-0.526
1511030182737	15.783	-1.331	0.612
1511030182747	14.145	-0.124	1.264
1511030182759	12.249	0.383	1.177
1511030182767	10.668	0.162	0.584
1511030182777	9.577	-0.498	-0.383
1511030182788	8.791	-1.206	-1.455
1511030182797	8.13	-1.781	-2.212
1511030182807	7.652	-2.059	-2.499
1511030182818	7.46	-1.972	-2.327
1511030182827	7.69	-1.608	-1.8
1511030182837	8.293	-1.101	-1.225
1511030182848	9.117	-0.775	-0.66
1511030182857	9.988	-0.622	-0.181
1511030182867	10.668	-0.536	0.143
1511030182887	11.157	-0.44	0.162
1511030182897	11.032	-0.392	-0.095
1511030182911	10.793	-0.373	-0.363
1511030182917	10.496	-0.402	-0.689
1511030182927	10.285	-0.507	-0.89
1511030182941	10.113	-0.727	-1.005
1511030182947	10.008	-1.005	-1.072
1511030182957	9.95	-1.225	-1.063
1511030182971	9.902	-1.398	-0.986
1511030182977	9.835	-1.541	-0.89
1511030182987	9.778	-1.57	-0.804
1511030183001	9.739	-1.503	-0.718
1511030183007	9.682	-1.426	-0.66
1511030183017	9.692	-1.359	-0.593
1511030183031	9.749	-1.292	-0.526
1511030183037	9.749	-1.187	-0.469
1511030183047	9.768	-1.12	-0.507
1511030183061	9.835	-1.082	-0.545
1511030183067	9.883	-1.024	-0.612
1511030183077	9.874	-1.024	-0.651
1511030183092	9.854	-1.024	-0.708
1511030183097	9.807	-1.053	-0.708
1511030183107	9.73	-1.091	-0.699
1511030183122	9.672	-1.101	-0.679
1511030183127	9.672	-1.11	-0.488
1511030183137	9.72	-1.12	-0.584
1511030183152	9.778	-1.072	-0.411
1511030183157	9.874	-1.034	-0.421
1511030183167	9.96	-1.024	-0.469
1511030183182	9.998	-1.024	-0.498
1511030183187	10.017	-1.043	-0.478
1511030183198	10.046	-1.063	-0.488
1511030183212	10.113	-1.11	-0.459
1511030183217	10.266	-1.149	-0.478
1511030183228	10.18	-1.158	-0.555
1511030183242	10.036	-1.216	-0.651
1511030183247	9.912	-1.312	-0.66
1511030183259	9.845	-1.417	-0.545
1511030183271	9.912	-1.484	-0.392
1511030183277	10.056	-1.484	-0.335
1511030183288	10.094	-1.494	-0.325
1511030183302	10.027	-1.465	-0.335
1511030183308	10.008	-1.436	-0.373
1511030183317	10.094	-1.426	-0.421
1511030183332	10.151	-1.484	-0.498
1511030183337	10.161	-1.532	-0.565
1511030183347	10.113	-1.57	-0.536
1511030183382	10.084	-1.57	-0.469
1511030183394	10.075	-1.589	-0.392
1511030183397	10.065	-1.561	-0.383
1511030183399	10.094	-1.57	-0.373
1511030183406	10.103	-1.561	-0.402
1511030183410	10.084	-1.522	-0.459
1511030183426	10.056	-1.522	-0.478
1511030183427	10.027	-1.532	-0.459
1511030183437	10.008	-1.541	-0.45
1511030183451	9.988	-1.551	-0.44
1511030183457	9.988	-1.561	-0.43
1511030183467	9.979	-1.561	-0.402
1511030183480	9.96	-1.57	-0.383
1511030183487	9.998	-1.551	-0.392
1511030183497	10.017	-1.561	-0.421
1511030183511	10.008	-1.608	-0.478
1511030183517	9.921	-1.656	-0.507
1511030183527	9.845	-1.676	-0.517
1511030183541	9.826	-1.647	-0.488
1511030183547	9.874	-1.666	-0.43
1511030183557	9.95	-1.685	-0.363
1511030183570	9.998	-1.733	-0.316
1511030183577	10.008	-1.762	-0.316
1511030183587	10.017	-1.752	-0.287
1511030183599	9.979	-1.733	-0.306
1511030183607	9.931	-1.685	-0.316
1511030183617	9.96	-1.637	-0.306
1511030183629	10.027	-1.637	-0.316
1511030183637	10.113	-1.656	-0.277
1511030183647	10.237	-1.685	-0.277
1511030183662	10.285	-1.762	-0.316
1511030183667	10.314	-1.8	-0.344
1511030183677	10.295	-1.877	-0.45
1511030183692	10.257	-1.915	-0.488
1511030183697	10.314	-1.915	-0.411
1511030183707	10.391	-1.925	-0.287
1511030183722	10.419	-1.972	-0.249
1511030183727	10.439	-2.03	-0.268
1511030183737	10.458	-2.097	-0.287
1511030183752	10.458	-2.193	-0.325
1511030183757	10.41	-2.25	-0.373
1511030183768	10.41	-2.279	-0.411
1511030183782	10.467	-2.221	-0.392
1511030183787	10.554	-2.154	-0.335
1511030183798	10.63	-2.135	-0.258
1511030183812	10.716	-2.154	-0.191
1511030183817	10.841	-2.193	-0.172
1511030183827	10.984	-2.164	-0.296
1511030183842	11.08	-2.154	-0.498
1511030183847	10.984	-2.145	-0.565
1511030183858	10.898	-2.135	-0.402
1511030183872	10.812	-2.106	-0.402
1511030183877	10.783	-2.097	-0.325
1511030183888	10.783	-2.106	-0.363
1511030183904	10.659	-2.106	-0.43
1511030183907	10.467	-2.097	-0.488
1511030183920	10.103	-2.059	-0.44
1511030183934	10.094	-1.972	-0.411
1511030183938	9.998	-1.905	-0.43
1511030183949	9.768	-1.819	-0.44
1511030183965	9.711	-1.714	-0.459
1511030183967	9.557	-1.628	-0.545
1511030183977	9.385	-1.58	-0.536
1511030183990	9.203	-1.541	-0.469
1511030183997	9.127	-1.532	-0.44
1511030184007	9.059	-1.551	-0.373
1511030184020	8.992	-1.58	-0.296
1511030184027	8.878	-1.589	-0.258
1511030184037	8.753	-1.58	-0.316
1511030184050	8.667	-1.541	-0.44
1511030184057	8.676	-1.379	-0.507
1511030184067	8.696	-1.446	-0.469
1511030184082	8.743	-1.407	-0.383
1511030184087	8.791	-1.379	-0.316
1511030184098	8.887	-1.369	-0.306
1511030184112	9.012	-1.369	-0.344
1511030184117	9.069	-1.388	-0.421
1511030184150	9.059	-1.388	-0.411
1511030184154	9.059	-1.369	-0.392
1511030184164	9.117	-1.331	-0.344
1511030184167	9.155	-1.302	-0.325
1511030184172	9.261	-1.235	-0.287
1511030184184	9.376	-1.177	-0.277
1511030184190	9.433	-1.101	-0.268
1511030184202	9.433	-1.024	-0.335
1511030184207	9.385	-0.996	-0.43
1511030184218	9.356	-0.967	-0.469
1511030184230	9.423	-0.967	-0.45
1511030184247	9.567	-0.976	-0.344
1511030184248	9.768	-0.957	-0.277
1511030184262	9.969	-0.986	-0.22
1511030184267	10.142	-1.015	-0.191
1511030184277	10.209	-1.053	-0.229
1511030184293	10.228	-1.072	-0.296
1511030184297	10.199	-1.063	-0.296
1511030184307	10.19	-1.005	-0.316
1511030184320	10.228	-0.928	-0.287
1511030184327	10.305	-0.881	-0.277
1511030184337	10.4	-0.861	-0.22
1511030184350	10.429	-0.89	-0.22
1511030184357	10.41	-0.9	-0.201
1511030184367	10.362	-0.909	-0.249
1511030184384	10.295	-0.89	-0.296
1511030184387	10.228	-0.833	-0.316
1511030184398	10.151	-0.775	-0.316
1511030184413	10.142	-0.747	-0.296
1511030184417	10.151	-0.737	-0.258
1511030184430	10.18	-0.699	-0.229
1511030184443	10.19	-0.679	-0.229
1511030184447	10.161	-0.651	-0.296
1511030184459	9.969	-0.67	-0.402
1511030184475	9.797	-0.727	-0.411
1511030184478	9.672	-0.775	-0.354
1511030184488	9.701	-0.804	-0.335
1511030184503	9.749	-0.842	-0.392
1511030184507	9.672	-0.833	-0.478
1511030184519	9.548	-0.794	-0.545
1511030184533	9.471	-0.785	-0.478
1511030184537	9.529	-0.785	-0.44
1511030184549	9.625	-0.852	-0.296
1511030184564	9.692	-0.833	-0.296
1511030184567	9.682	-0.842	-0.277
1511030184579	9.615	-0.823	-0.306
1511030184593	9.529	-0.804	-0.306
1511030184597	9.471	-0.833	-0.344
1511030184615	9.414	-0.861	-0.344
1511030184625	9.414	-0.9	-0.306
1511030184627	9.423	-0.928	-0.287
1511030184640	9.423	-0.948	-0.268
1511030184651	9.433	-0.919	-0.287
1511030184663	9.395	-0.909	-0.306
1511030184671	9.165	-0.881	-0.344
1511030184684	9.012	-0.881	-0.354
1511030184687	8.868	-0.852	-0.306
1511030184699	8.839	-0.861	-0.229
1511030184716	8.839	-0.871	-0.268
1511030184718	8.916	-0.833	-0.354
1511030184731	8.916	-0.823	-0.402
1511030184745	8.878	-0.861	-0.354
1511030184747	8.772	-0.852	-0.191
1511030184758	8.657	-0.833	-0.095
1511030184771	8.676	-0.823	-0.162
1511030184777	8.801	-1.005	-0.306
1511030184787	9.012	-0.928	-0.478
1511030184801	9.27	-1.177	-0.517
1511030184807	9.567	-1.177	-0.45
1511030184817	9.807	-1.264	-0.383
1511030184831	9.912	-1.273	-0.296
1511030184837	9.72	-1.273	-0.22
1511030184849	9.299	-1.264	-0.162
1511030184865	8.878	-1.235	-0.134
1511030184867	8.667	-1.235	-0.153
1511030184881	8.667	-1.369	-0.258
1511030184922	8.849	-1.522	-0.507
1511030184926	9.165	-1.676	-0.66
1511030184931	9.586	-1.743	-0.584
1511030184936	10.094	-1.771	-0.287
1511030184950	10.582	-1.81	0.076
1511030184952	11.233	-1.905	0.488
1511030184954	12.479	-2.269	0.555
1511030184966	14.279	-2.834	-0.134
1511030184971	15.677	-3.112	-1.063
1511030184979	15.352	-2.26	-0.919
1511030184994	13.944	-0.747	0.239
1511030185007	11.799	0.507	1.781
1511030185017	10.937	0.067	1.436
1511030185028	10.295	-0.517	0.526
1511030185037	9.663	-1.063	-0.526
1511030185047	9.203	-1.455	-1.312
1511030185057	8.964	-1.589	-1.733
1511030185071	8.906	-1.426	-1.647
1511030185077	9.174	-1.005	-1.13
1511030185087	9.692	-0.526	-0.469
1511030185097	10.448	-0.249	0.095
1511030185107	11.119	-0.124	0.507
1511030185117	11.406	-0.172	0.612
1511030185127	11.224	-0.306	0.43
1511030185153	10.745	-0.44	0.038
1511030185154	10.218	-0.555	-0.335
1511030185159	9.854	-0.727	-0.593
1511030185167	9.663	-0.852	-0.641
1511030185177	9.586	-0.9	-0.545
1511030185187	9.605	-0.9	-0.507
1511030185197	9.72	-0.861	-0.488
1511030185207	9.96	-0.909	-0.574
1511030185217	10.17	-0.948	-0.679
1511030185227	10.266	-0.938	-0.756
1511030185240	10.333	-0.852	-0.727
1511030185247	10.324	-0.766	-0.622
1511030185257	10.276	-0.679	-0.421
1511030185267	10.18	-0.622	-0.277
1511030185277	10.094	-0.622	-0.153
1511030185306	9.979	-0.651	-0.067
1511030185307	9.883	-0.756	-0.038
1511030185307	9.874	-0.861	-0.095
1511030185317	9.96	-0.89	-0.172
1511030185328	10.017	-0.919	-0.392
1511030185337	9.96	-0.928	-0.316
1511030185347	9.807	-0.957	-0.392
1511030185357	9.73	-0.938	-0.411
1511030185367	9.73	-0.938	-0.402
1511030185377	9.749	-0.919	-0.392
1511030185387	9.768	-0.919	-0.354
1511030185397	9.797	-0.881	-0.344
1511030185407	9.835	-0.861	-0.363
1511030185419	9.807	-0.833	-0.383
1511030185427	9.807	-0.823	-0.411
1511030185438	9.807	-0.881	-0.45
1511030185450	9.73	-0.928	-0.469
1511030185457	9.672	-0.996	-0.478
1511030185467	9.701	-1.015	-0.45
1511030185483	9.739	-0.823	-0.478
1511030185489	9.787	-0.909	-0.44
1511030185502	9.921	-0.852	-0.43
1511030185527	9.998	-0.842	-0.411
1511030185528	10.065	-1.053	-0.363
1511030185530	10.065	-0.928	-0.325
1511030185540	10.084	-0.967	-0.239
1511030185552	10.103	-1.015	-0.21
1511030185566	10.094	-1.024	-0.239
1511030185568	10.132	-1.043	-0.22
1511030185577	10.113	-1.034	-0.22
1511030185588	10.113	-1.034	-0.239
1511030185599	10.094	-1.053	-0.201
1511030185607	10.046	-1.053	-0.201
1511030185617	10.036	-1.091	-0.153
1511030185631	10.065	-1.12	-0.105
1511030185637	10.094	-1.11	-0.038
1511030185647	10.161	-1.091	-0.038
1511030185661	10.113	-1.072	-0.124
1511030185694	9.96	-1.13	-0.22
1511030185702	9.797	-1.177	-0.201
1511030185708	9.692	-1.168	-0.114
1511030185709	9.739	-1.197	-0.086
1511030185710	9.835	-1.292	-0.134
1511030185724	9.883	-1.34	-0.181
1511030185727	9.864	-1.35	-0.229
1511030185747	9.854	-1.359	-0.316
1511030185750	9.893	-1.388	-0.316
1511030185758	9.931	-1.426	-0.277
1511030185767	9.979	-1.436	-0.229
1511030185780	10.027	-1.436	-0.153
1511030185787	10.103	-1.369	-0.095
1511030185838	10.151	-1.302	-0.076
1511030185838	10.237	-1.292	-0.038
1511030185839	10.276	-1.369	-0.028
1511030185840	10.276	-1.465	-0.038
1511030185840	10.314	-1.551	-0.143
1511030185847	10.343	-1.589	-0.22
1511030185857	10.448	-1.599	-0.239
1511030185868	10.554	-1.618	-0.21
1511030185877	10.63	-1.618	-0.143
1511030185887	10.678	-1.628	-0.067
1511030185899	10.716	-1.685	-0.086
1511030185907	10.822	-1.723	-0.153
1511030185917	11.004	-1.723	-0.229
1511030185928	11.243	-1.714	-0.335
1511030185937	11.396	-1.743	-0.392
1511030185947	11.425	-1.8	-0.411
1511030185958	11.473	-1.877	-0.459
1511030185967	11.483	-1.944	-0.498
1511030185977	11.406	-1.982	-0.469
1511030185989	11.253	-1.992	-0.383
1511030185997	11.08	-1.992	-0.316
1511030186007	10.889	-1.992	-0.383
1511030186018	10.659	-1.972	-0.507
1511030186034	10.41	-1.972	-0.593
1511030186038	10.199	-1.963	-0.584
1511030186048	9.988	-1.925	-0.555
1511030186057	9.739	-1.857	-0.517
1511030186067	9.548	-1.762	-0.488
1511030186079	9.117	-1.666	-0.565
1511030186087	9.232	-1.618	-0.565
1511030186097	9.146	-1.551	-0.555
1511030186108	8.887	-1.513	-0.478
1511030186117	8.935	-1.522	-0.478
1511030186127	8.801	-1.561	-0.526
1511030186138	8.494	-1.618	-0.555
1511030186147	8.494	-1.695	-0.498
1511030186157	8.427	-1.723	-0.498
1511030186169	8.494	-1.723	-0.478
1511030186177	8.494	-1.695	-0.469
1511030186187	8.772	-1.695	-0.459
1511030186198	8.964	-1.829	-0.488
1511030186207	9.079	-1.695	-0.478
1511030186229	9.155	-1.723	-0.421
1511030186229	9.308	-1.695	-0.335
1511030186246	9.452	-1.695	-0.249
1511030186247	9.625	-1.676	-0.249
1511030186260	9.759	-1.608	-0.411
1511030186267	9.711	-1.58	-0.603
1511030186277	9.567	-1.58	-0.67
1511030186288	9.557	-1.522	-0.612
1511030186297	9.644	-1.455	-0.498
1511030186307	9.854	-1.379	-0.421
1511030186327	9.941	-1.359	-0.392
1511030186338	9.864	-1.369	-0.44
1511030186352	9.845	-1.34	-0.469
1511030186357	9.883	-1.292	-0.478
1511030186367	9.931	-1.197	-0.459
1511030186381	9.912	-1.13	-0.478
1511030186387	9.835	-1.091	-0.469
1511030186397	9.816	-1.063	-0.44
1511030186411	9.864	-1.034	-0.44
1511030186417	9.854	-1.072	-0.507
1511030186427	9.768	-1.13	-0.603
1511030186442	9.701	-1.149	-0.651
1511030186475	9.653	-1.206	-0.689
1511030186478	9.663	-1.235	-0.66
1511030186481	9.701	-1.292	-0.555
1511030186489	9.739	-1.312	-0.507
1511030186491	9.739	-1.35	-0.498
1511030186498	9.72	-1.417	-0.478
1511030186520	9.682	-1.455	-0.536
1511030186522	9.682	-1.474	-0.507
1511030186536	9.73	-1.446	-0.507
1511030186538	9.73	-1.398	-0.507
1511030186547	9.73	-1.379	-0.478
1511030186560	9.692	-1.331	-0.517
1511030186567	9.653	-1.302	-0.517
1511030186577	9.663	-1.312	-0.565
1511030186588	9.644	-1.283	-0.574
1511030186597	9.615	-1.273	-0.565
1511030186634	9.634	-1.245	-0.555
1511030186635	9.634	-1.254	-0.584
1511030186636	9.663	-1.254	-0.593
1511030186640	9.682	-1.197	-0.565
1511030186651	9.663	-1.177	-0.498
1511030186657	9.605	-1.12	-0.507
1511030186667	9.51	-1.101	-0.565
1511030186678	9.385	-1.091	-0.555
1511030186687	9.232	-1.091	-0.526
1511030186697	9.098	-1.063	-0.498
1511030186710	9.002	-1.043	-0.555
1511030186717	8.925	-1.072	-0.555
1511030186727	8.925	-1.12	-0.574
1511030186740	8.945	-1.197	-0.612
1511030186767	9.079	-1.254	-0.66
1511030186768	9.213	-1.273	-0.612
1511030186768	9.318	-1.225	-0.507
1511030186777	9.308	-1.12	-0.363
1511030186787	9.174	-1.043	-0.306
1511030186798	8.983	-0.948	-0.296
1511030186807	8.763	-0.871	-0.373
1511030186817	8.561	-0.852	-0.469
1511030186830	8.389	-0.909	-0.708
1511030186837	8.36	-1.043	-0.67
1511030186847	8.523	-1.177	-0.727
1511030186858	8.897	-1.264	-0.526
1511030186867	9.385	-1.273	-0.354
1511030186877	9.912	-1.245	-0.258
1511030186889	10.324	-1.235	-0.201
1511030186897	10.554	-1.225	-0.162
1511030186907	10.64	-1.264	-0.019
1511030186920	10.343	-1.283	0.067
1511030186927	9.883	-1.331	0.028
1511030186949	9.816	-1.35	-0.009
1511030186949	10.084	-1.446	-0.162
1511030186957	11.071	-1.637	-0.239
1511030186967	12.929	-1.992	-0.373
1511030187009	15.256	-2.451	-0.498
1511030187010	16.702	-2.729	-0.354
1511030187010	16.204	-1.11	0.201
1511030187011	14.404	-0.124	0.986
1511030187017	12.574	0.737	1.561
1511030187027	11.272	0.67	1.513
1511030187039	10.391	0.105	0.814
1511030187047	9.663	-0.641	-0.306
1511030187057	8.868	-1.302	-1.407
1511030187069	8.169	-1.704	-2.126
1511030187077	7.594	-1.752	-2.25
1511030187087	7.316	-1.522	-1.867
1511030187099	7.403	-1.139	-1.235
1511030187107	7.949	-0.785	-0.469
1511030187117	8.772	-0.574	0.258
1511030187132	9.672	-0.478	0.756
1511030187137	10.525	-0.383	0.928
1511030187147	11.109	-0.354	0.871
1511030187162	11.348	-0.335	0.622
1511030187167	11.205	-0.287	0.335
1511030187177	10.812	-0.277	0.057
1511030187192	10.343	-0.392	-0.172
1511030187197	10.008	-0.66	-0.383
1511030187207	9.807	-0.957	-0.555
1511030187242	9.672	-1.264	-0.641
1511030187251	9.644	-1.417	-0.612
1511030187253	9.644	-1.388	-0.545
1511030187255	9.653	-1.283	-0.488
1511030187258	9.644	-1.091	-0.411
1511030187272	9.625	-0.928	-0.344
1511030187279	9.672	-0.727	-0.229
1511030187287	9.749	-0.584	-0.172
1511030187311	10.036	-0.344	-0.181
1511030187317	10.19	-0.316	-0.181
1511030187327	10.285	-0.296	-0.249
1511030187342	10.362	-0.325	-0.325
1511030187352	10.352	-0.373	-0.392
1511030187360	10.343	-0.402	-0.402
1511030187369	10.305	-0.411	-0.354
1511030187383	10.247	-0.421	-0.344
1511030187388	10.142	-0.421	-0.296
1511030187403	10.046	-0.383	-0.277
1511030187407	9.931	-0.344	-0.306
1511030187428	9.835	-0.287	-0.373
1511030187430	9.768	-0.239	-0.411
1511030187443	9.787	-0.191	-0.383
1511030187450	9.835	-0.172	-0.354
1511030187459	9.883	-0.239	-0.335
1511030187467	9.941	-0.325	-0.249
1511030187477	10.027	-0.402	-0.181
1511030187513	10.084	-0.488	-0.21
1511030187513	9.998	-0.651	-0.268
1511030187514	9.883	-0.747	-0.344
1511030187517	9.874	-0.814	-0.268
1511030187527	9.931	-0.775	-0.153
1511030187540	10.103	-0.747	-0.095
1511030187551	10.151	-0.737	-0.201
1511030187557	10.065	-0.737	-0.201
1511030187569	9.931	-0.699	-0.316
1511030187583	9.874	-0.699	-0.373
1511030187593	9.912	-0.718	-0.373
1511030187601	9.969	-0.775	-0.316
1511030187612	9.95	-0.842	-0.296
1511030187619	9.941	-0.842	-0.239
1511030187631	9.931	-0.861	-0.191
1511030187640	9.96	-0.881	-0.21
1511030187649	9.96	-0.89	-0.22
1511030187658	9.96	-0.89	-0.239
1511030187668	9.96	-0.89	-0.229
1511030187677	9.96	-0.871	-0.239
1511030187784	9.931	-0.881	-0.277
1511030187802	9.941	-0.881	-0.277
1511030187803	9.988	-0.9	-0.277
1511030187804	10.008	-0.928	-0.239
1511030187805	10.017	-0.948	-0.21
1511030187806	10.017	-0.938	-0.191
1511030187806	10.027	-0.785	-0.124
1511030187807	10.017	-0.9	-0.153
1511030187808	9.988	-0.881	-0.201
1511030187809	9.96	-0.871	-0.172
1511030187810	9.96	-0.861	-0.105
1511030187810	9.95	-0.852	-0.086
1511030187811	9.95	-0.842	-0.067
1511030187821	9.931	-0.833	-0.057
1511030187829	9.96	-0.852	-0.019
1511030187840	9.998	-0.842	-0.038
1511030187851	10.065	-0.852	-0.047
1511030187857	10.084	-0.852	-0.067
1511030187867	10.075	-0.871	-0.057
1511030187880	10.065	-0.842	-0.028
1511030187887	10.123	-0.833	-0.009
1511030187897	10.151	-0.794	-0.009
1511030187910	10.17	-0.756	-0.019
1511030187917	10.18	-0.727	-0.009
1511030187927	10.218	-0.718	0.0
1511030187941	10.247	-0.718	0.0
1511030187947	10.228	-0.775	0.0
1511030187957	10.209	-0.852	-0.019
1511030187970	10.151	-0.919	-0.086
1511030187977	10.161	-0.976	-0.114
1511030187987	10.161	-1.043	-0.172
1511030188005	10.161	-1.13	-0.153
1511030188023	10.161	-1.158	-0.124
1511030188024	10.17	-1.206	-0.124
1511030188037	10.18	-1.216	-0.086
1511030188037	10.199	-1.254	-0.067
1511030188049	10.18	-1.312	-0.134
1511030188065	10.161	-1.379	-0.201
1511030188070	10.218	-1.455	-0.22
1511030188078	10.295	-1.58	-0.143
1511030188092	10.448	-1.618	-0.076
1511030188097	10.63	-1.637	-0.153
1511030188108	10.688	-1.704	-0.277
1511030188121	10.716	-1.79	-0.373
1511030188127	10.85	-1.896	-0.402
1511030188138	11.109	-1.963	-0.325
1511030188151	11.415	-2.049	-0.201
1511030188157	11.578	-2.164	-0.201
1511030188167	11.55	-2.174	-0.277
1511030188181	11.406	-2.183	-0.316
1511030188187	11.291	-2.231	-0.268
1511030188197	11.233	-2.288	-0.239
1511030188211	11.176	-2.279	-0.268
1511030188217	11.099	-2.308	-0.344
1511030188227	10.908	-2.269	-0.43
1511030188242	10.601	-2.241	-0.517
1511030188251	10.305	-2.174	-0.507
1511030188257	10.046	-2.087	-0.536
1511030188272	9.759	-2.011	-0.679
1511030188277	9.5	-1.953	-0.747
1511030188289	9.174	-1.905	-0.66
1511030188304	9.165	-1.838	-0.66
1511030188307	8.992	-1.752	-0.469
1511030188318	8.878	-1.743	-0.565
1511030188334	8.772	-1.752	-0.718
1511030188337	8.619	-1.838	-0.727
1511030188349	8.389	-1.877	-0.718
1511030188363	8.427	-1.886	-0.622
1511030188367	8.437	-1.838	-0.555
1511030188378	8.648	-1.771	-0.555
1511030188395	8.494	-1.752	-0.545
1511030188397	8.782	-1.762	-0.526
1511030188408	8.772	-1.762	-0.555
1511030188424	8.925	-1.714	-0.593
1511030188427	8.992	-1.676	-0.612
1511030188439	9.069	-1.647	-0.689
1511030188453	9.213	-1.637	-0.584
1511030188457	9.395	-1.676	-0.555
1511030188468	9.538	-1.714	-0.593
1511030188485	9.625	-1.781	-0.641
1511030188488	9.692	-1.829	-0.699
1511030188499	9.787	-1.781	-0.641
1511030188515	9.845	-1.743	-0.555
1511030188517	9.874	-1.714	-0.507
1511030188529	9.864	-1.695	-0.459
1511030188544	9.864	-1.656	-0.488
1511030188547	9.778	-1.628	-0.584
1511030188559	9.759	-1.628	-0.622
1511030188574	9.826	-1.608	-0.593
1511030188577	9.979	-1.599	-0.555
1511030188589	10.027	-1.618	-0.545
1511030188605	9.998	-1.656	-0.574
1511030188607	9.912	-1.656	-0.555
1511030188619	9.816	-1.628	-0.498
1511030188635	9.787	-1.561	-0.478
1511030188637	9.759	-1.503	-0.478
1511030188649	9.739	-1.455	-0.545
1511030188665	9.682	-1.455	-0.641
1511030188668	9.615	-1.474	-0.641
1511030188679	9.605	-1.503	-0.708
1511030188695	9.605	-1.561	-0.67
1511030188697	9.644	-1.589	-0.632
1511030188709	9.701	-1.58	-0.67
1511030188725	9.663	-1.618	-0.699
1511030188727	9.596	-1.656	-0.794
1511030188739	9.5	-1.685	-0.804
1511030188755	9.471	-1.714	-0.708
1511030188757	9.529	-1.733	-0.603
1511030188789	9.615	-1.771	-0.593
1511030188793	9.538	-1.781	-0.67
1511030188796	9.414	-1.79	-0.727
1511030188798	9.356	-1.752	-0.737
1511030188808	9.366	-1.714	-0.67
1511030188818	9.395	-1.637	-0.612
1511030188831	9.385	-1.58	-0.555
1511030188837	9.27	-1.551	-0.574
1511030188847	9.146	-1.541	-0.565
1511030188859	9.05	-1.541	-0.545
1511030188867	8.964	-1.541	-0.507
1511030188877	8.935	-1.532	-0.478
1511030188888	8.945	-1.532	-0.44
1511030188897	8.983	-1.561	-0.44
1511030188907	9.012	-1.561	-0.469
1511030188919	9.136	-1.57	-0.498
1511030188927	9.261	-1.589	-0.478
1511030188937	9.347	-1.618	-0.498
1511030188948	9.423	-1.618	-0.498
1511030188957	9.471	-1.628	-0.488
1511030188967	9.605	-1.608	-0.45
1511030188977	9.72	-1.541	-0.383
1511030188987	9.807	-1.503	-0.411
1511030188997	9.787	-1.522	-0.469
1511030189007	9.644	-1.561	-0.478
1511030189017	9.404	-1.599	-0.43
1511030189027	9.27	-1.666	-0.363
1511030189038	9.27	-1.695	-0.488
1511030189047	9.423	-1.762	-0.488
1511030189057	9.692	-1.829	-0.507
1511030189069	10.237	-1.848	-0.383
1511030189077	10.237	-1.81	-0.191
1511030189087	10.362	-1.752	-0.076
1511030189099	10.218	-1.704	0.038
1511030189107	10.218	-1.666	0.134
1511030189117	10.448	-1.733	0.162
1511030189129	10.946	-2.423	-0.076
1511030189137	11.866	-2.327	-0.45
1511030189147	13.513	-2.748	-0.526
1511030189159	14.509	-2.164	0.009
1511030189167	14.394	-2.241	0.689
1511030189177	13.13	-1.513	0.718
1511030189189	11.425	-0.928	0.249
1511030189197	10.161	-0.804	-0.172
1511030189207	9.414	-1.417	-0.574
1511030189219	9.012	-1.963	-0.996
1511030189227	8.772	-2.011	-1.235
1511030189237	8.59	-2.011	-1.245
1511030189250	8.485	-1.733	-1.063
1511030189257	8.494	-1.312	-0.794
1511030189267	8.667	-0.861	-0.507
1511030189285	9.012	-0.545	-0.258
1511030189294	9.49	-0.383	-0.047
1511030189301	10.017	-0.383	0.086
1511030189308	10.477	-0.392	0.086
1511030189317	10.755	-0.411	-0.028
1511030189327	10.774	-0.43	-0.258
1511030189338	10.573	-0.507	-0.478
1511030189347	10.295	-0.641	-0.622
1511030189357	10.046	-0.823	-0.555
1511030189369	10.027	-1.043	-0.526
1511030189377	10.065	-1.292	-0.555
1511030189387	9.979	-1.513	-0.622
1511030189400	9.854	-1.58	-0.679
1511030189407	9.787	-1.541	-0.622
1511030189418	9.864	-1.426	-0.536
1511030189430	9.998	-1.302	-0.45
1511030189437	10.084	-1.158	-0.392
1511030189447	10.103	-1.072	-0.411
1511030189459	10.065	-1.034	-0.392
1511030189467	10.017	-1.043	-0.383
1511030189477	9.95	-1.053	-0.402
1511030189490	9.941	-1.053	-0.392
1511030189497	9.941	-1.063	-0.402
1511030189507	9.95	-1.053	-0.411
1511030189520	9.969	-1.101	-0.421
1511030189554	9.979	-1.149	-0.45
1511030189555	9.96	-1.168	-0.45
1511030189557	9.941	-1.187	-0.44
1511030189561	9.96	-1.225	-0.43
1511030189574	9.969	-1.245	-0.459
1511030189581	10.017	-1.273	-0.43
1511030189587	10.065	-1.273	-0.43
1511030189597	10.094	-1.321	-0.469
1511030189609	10.065	-1.35	-0.526
1511030189621	10.027	-1.426	-0.565
1511030189627	9.998	-1.474	-0.536
1511030189638	10.017	-1.532	-0.536
1511030189647	10.056	-1.608	-0.498
1511030189657	10.065	-1.628	-0.507
1511030189669	10.056	-1.637	-0.488
1511030189677	10.075	-1.656	-0.507
1511030189687	10.056	-1.666	-0.488
1511030189697	10.056	-1.647	-0.498
1511030189709	10.056	-1.656	-0.43
1511030189717	10.056	-1.656	-0.411
1511030189730	10.046	-1.618	-0.354
1511030189737	10.065	-1.608	-0.325
1511030189758	10.056	-1.589	-0.363
1511030189767	10.027	-1.599	-0.363
1511030189777	10.008	-1.58	-0.421
1511030189788	10.008	-1.561	-0.392
1511030189798	10.008	-1.551	-0.392
1511030189807	10.017	-1.541	-0.392
1511030189819	9.969	-1.532	-0.459
1511030189827	9.969	-1.57	-0.459
1511030189837	9.969	-1.57	-0.392
1511030189847	9.998	-1.561	-0.306
1511030189857	10.027	-1.522	-0.277
1511030189867	10.046	-1.455	-0.277
1511030189878	9.883	-1.407	-0.296
1511030189887	10.008	-1.388	-0.316
1511030189897	9.998	-1.379	-0.316
1511030189908	10.017	-1.359	-0.287
1511030189917	10.065	-1.321	-0.239
1511030189927	10.084	-1.292	-0.249
1511030189938	9.969	-1.254	-0.383
1511030189947	9.845	-1.264	-0.469
1511030189957	9.807	-1.302	-0.354
1511030189970	9.883	-1.292	-0.181
1511030189977	10.094	-1.312	-0.047
1511030189987	10.151	-1.35	-0.019
1511030190000	10.103	-1.331	-0.095
1511030190007	10.017	-1.34	-0.162
1511030190017	9.988	-1.398	-0.287
1511030190030	9.988	-1.465	-0.335
1511030190037	9.998	-1.532	-0.277
1511030190047	9.979	-1.57	-0.249
1511030190061	9.921	-1.57	-0.21
1511030190067	9.902	-1.58	-0.153
1511030190077	9.921	-1.618	-0.162
1511030190090	9.95	-1.685	-0.191
1511030190097	9.96	-1.771	-0.22
1511030190107	9.931	-1.867	-0.239
1511030190120	9.921	-1.925	-0.21
1511030190127	9.912	-1.972	-0.22
1511030190137	9.95	-2.001	-0.201
1511030190150	9.979	-2.039	-0.21
1511030190157	9.979	-2.097	-0.191
1511030190167	9.988	-2.154	-0.162
1511030190180	10.008	-2.164	-0.124
1511030190187	10.113	-2.145	-0.057
1511030190197	10.18	-2.154	-0.134
1511030190211	10.237	-2.193	-0.229
1511030190217	10.285	-2.241	-0.287
1511030190227	10.324	-2.308	-0.316
1511030190241	10.352	-2.365	-0.325
1511030190250	10.381	-2.413	-0.411
1511030190273	10.439	-2.451	-0.517
1511030190274	10.601	-2.499	-0.593
1511030190277	10.764	-2.528	-0.66
1511030190287	10.831	-2.537	-0.708
1511030190301	10.803	-2.547	-0.679
1511030190333	10.707	-2.604	-0.632
1511030190334	10.621	-2.672	-0.66
1511030190338	10.621	-2.672	-0.689
1511030190342	10.592	-2.624	-0.651
1511030190353	10.534	-2.528	-0.651
1511030190368	10.506	-2.442	-0.565
1511030190369	10.448	-2.413	-0.565
1511030190377	10.41	-2.403	-0.622
1511030190391	10.314	-2.355	-0.66
1511030190397	10.228	-2.269	-0.632
1511030190407	10.161	-2.154	-0.545
1511030190420	10.046	-2.039	-0.622
1511030190427	10.046	-1.953	-0.622
1511030190437	10.017	-1.877	-0.689
1511030190449	9.941	-1.781	-0.699
1511030190458	9.864	-1.733	-0.833
1511030190467	9.73	-1.79	-0.833
1511030190479	9.586	-1.867	-1.101
1511030190487	9.481	-1.963	-1.101
1511030190498	9.5	-2.049	-0.957
1511030190509	9.701	-2.116	-0.708
1511030190517	9.567	-2.164	-0.708
1511030190527	9.644	-2.116	-0.689
1511030190539	9.797	-2.097	-0.67
1511030190547	9.807	-2.145	-0.881
1511030190557	9.605	-2.193	-0.842
1511030190569	9.251	-2.221	-0.794
1511030190577	9.222	-2.221	-0.756
1511030190587	9.05	-2.221	-0.737
1511030190602	8.83	-2.221	-0.814
1511030190607	8.715	-2.221	-0.852
1511030190617	8.552	-2.212	-0.861
1511030190631	8.523	-2.193	-0.842
1511030190637	8.504	-2.078	-0.794
1511030190648	8.485	-2.03	-0.756
1511030190662	8.408	-2.011	-0.747
1511030190667	8.37	-2.03	-0.718
1511030190677	8.322	-1.877	-0.67
1511030190694	8.341	-1.963	-0.622
1511030190697	8.427	-1.723	-0.66
1511030190707	8.552	-1.81	-0.861
1511030190720	8.667	-1.848	-1.024
1511030190728	8.81	-1.905	-1.053
1511030190737	8.935	-1.963	-0.986
1511030190750	9.079	-1.953	-0.823
1511030190757	9.289	-1.915	-0.689
1511030190767	9.538	-1.8	-0.517
1511030190780	9.749	-1.781	-0.421
1511030190787	9.893	-1.762	-0.555
1511030190797	9.979	-1.79	-0.766
1511030190812	10.065	-1.79	-0.909
1511030190817	10.17	-1.752	-0.967
1511030190828	10.209	-1.723	-0.919
1511030190843	10.247	-1.666	-0.871
1511030190847	10.305	-1.637	-0.9
1511030190858	10.372	-1.628	-0.9
1511030190873	10.41	-1.608	-0.823
1511030190877	10.448	-1.541	-0.766
1511030190888	10.486	-1.455	-0.727
1511030190902	10.506	-1.417	-0.756
1511030190907	10.381	-1.436	-0.814
1511030190917	10.228	-1.417	-0.804
1511030190932	10.161	-1.426	-0.756
1511030190937	10.065	-1.455	-0.785
1511030190947	9.912	-1.522	-0.89
1511030190962	9.759	-1.58	-0.948
1511030190967	9.644	-1.608	-0.9
1511030190977	9.615	-1.618	-0.852
1511030190992	9.586	-1.618	-0.833
1511030190997	9.557	-1.589	-0.756
1511030191007	9.577	-1.58	-0.766
1511030191022	9.557	-1.561	-0.814
1511030191027	9.529	-1.522	-0.823
1511030191037	9.557	-1.494	-0.775
1511030191052	9.538	-1.484	-0.737
1511030191057	9.538	-1.503	-0.727
1511030191068	9.567	-1.532	-0.747
1511030191105	9.596	-1.551	-0.747
1511030191109	9.625	-1.58	-0.747
1511030191118	9.672	-1.57	-0.775
1511030191122	9.663	-1.532	-0.794
1511030191129	9.625	-1.503	-0.775
1511030191131	9.625	-1.455	-0.747
1511030191141	9.625	-1.417	-0.756
1511030191149	9.634	-1.398	-0.794
1511030191164	9.557	-1.379	-0.842
1511030191171	9.021	-1.388	-0.814
1511030191177	9.079	-1.388	-0.814
1511030191187	8.858	-1.426	-0.689
1511030191201	8.849	-1.446	-0.689
1511030191207	8.897	-1.494	-0.689
1511030191217	8.897	-1.541	-0.804
1511030191230	8.935	-1.551	-1.015
1511030191237	9.05	-1.551	-1.015
1511030191247	9.28	-1.532	-0.842
1511030191261	9.672	-1.494	-0.756
1511030191267	9.653	-1.436	-0.603
1511030191283	9.605	-1.369	-0.459
1511030191288	9.481	-1.302	-0.689
1511030191297	9.376	-1.34	-0.833
1511030191393	9.347	-1.426	-1.005
1511030191413	9.557	-1.561	-1.101
1511030191414	9.519	-1.618	-1.168
1511030191414	10.017	-1.685	-1.149
1511030191415	9.874	-1.704	-1.043
1511030191416	9.96	-1.723	-0.871
1511030191416	9.768	-1.752	-0.814
1511030191417	9.586	-1.752	-0.804
1511030191418	9.385	-1.771	-0.794
1511030191419	9.241	-1.819	-0.823
1511030191419	9.165	-1.857	-0.89
1511030191420	9.165	-1.848	-0.842
1511030191427	9.337	-1.877	-0.622
1511030191441	9.912	-2.279	-0.498
1511030191447	11.186	-2.71	-0.756
1511030191457	13.111	-3.323	-1.465
1511030191471	15.026	-3.419	-1.455
1511030191477	15.649	-2.672	-0.258
1511030191487	14.566	-1.465	0.804
1511030191500	12.718	-0.517	0.871
1511030191507	11.243	-0.258	0.498
1511030191517	10.391	-0.641	-0.009
1511030191530	9.96	-1.197	-0.651
1511030191537	9.586	-1.695	-1.321
1511030191547	9.136	-1.953	-1.819
1511030191563	8.629	-1.953	-2.039
1511030191567	8.236	-1.704	-1.963
1511030191578	8.035	-1.369	-1.685
1511030191593	8.073	-0.976	-1.302
1511030191597	8.504	-0.679	-0.928
1511030191609	9.203	-0.574	-0.536
1511030191623	9.988	-0.584	-0.181
1511030191627	10.726	-0.651	0.067
1511030191639	11.243	-0.737	0.124
1511030191653	11.463	-0.794	0.019
1511030191657	11.406	-0.852	-0.22
1511030191669	11.109	-0.938	-0.421
1511030191683	10.745	-1.063	-0.555
1511030191687	10.496	-1.273	-0.651
1511030191698	10.324	-1.484	-0.67
1511030191713	10.209	-1.647	-0.756
1511030191717	10.132	-1.79	-0.747
1511030191728	10.075	-1.877	-0.775
1511030191743	10.008	-1.905	-0.756
1511030191747	10.027	-1.81	-0.747
1511030191758	10.027	-1.676	-0.718
1511030191774	9.864	-1.561	-0.708
1511030191777	9.672	-1.455	-0.612
1511030191788	9.567	-1.34	-0.469
1511030191804	9.586	-1.254	-0.316
1511030191807	9.759	-1.206	-0.249
1511030191819	9.921	-1.197	-0.344
1511030191833	9.941	-1.245	-0.469
1511030191837	9.883	-1.254	-0.593
1511030191873	9.854	-1.331	-0.67
1511030191878	9.854	-1.369	-0.689
1511030191881	9.902	-1.398	-0.593
1511030191884	9.902	-1.407	-0.507
1511030191901	9.883	-1.407	-0.469
1511030191902	9.864	-1.369	-0.45
1511030191912	9.864	-1.321	-0.517
1511030191919	9.883	-1.264	-0.574
1511030191929	9.893	-1.235	-0.565
1511030191938	9.95	-1.245	-0.545
1511030191948	9.988	-1.283	-0.526
1511030191957	9.988	-1.312	-0.545
1511030191968	9.921	-1.379	-0.584
1511030191978	9.854	-1.417	-0.545
1511030191987	9.854	-1.446	-0.488
1511030191997	9.854	-1.474	-0.488
1511030192012	9.883	-1.484	-0.488
1511030192017	9.893	-1.465	-0.526
1511030192028	9.921	-1.436	-0.545
1511030192044	9.912	-1.436	-0.498
1511030192047	9.864	-1.446	-0.421
1511030192057	9.845	-1.465	-0.363
1511030192071	9.835	-1.465	-0.344
1511030192077	9.988	-1.494	-0.325
1511030192087	9.902	-1.484	-0.306
1511030192101	9.95	-1.503	-0.296
1511030192107	9.96	-1.513	-0.277
1511030192117	9.912	-1.513	-0.287
1511030192130	9.902	-1.484	-0.287
1511030192137	9.941	-1.484	-0.268
1511030192147	9.921	-1.484	-0.258
1511030192164	9.921	-1.513	-0.201
1511030192167	9.902	-1.503	-0.201
1511030192179	9.864	-1.503	-0.22
1511030192193	9.787	-1.551	-0.268
1511030192197	9.72	-1.58	-0.344
1511030192208	9.692	-1.637	-0.344
1511030192224	9.663	-1.656	-0.335
1511030192227	9.692	-1.666	-0.287
1511030192239	9.701	-1.666	-0.277
1511030192247	9.682	-1.676	-0.249
1511030192265	9.672	-1.714	-0.258
1511030192271	9.701	-1.743	-0.268
1511030192290	9.739	-1.752	-0.22
1511030192292	9.787	-1.762	-0.181
1511030192302	9.787	-1.79	-0.201
1511030192314	9.797	-1.829	-0.22
1511030192317	9.826	-1.848	-0.239
1511030192330	9.864	-1.877	-0.181
1511030192337	9.902	-1.848	-0.114
1511030192347	9.979	-1.829	-0.047
1511030192359	10.046	-1.838	-0.067
1511030192375	9.969	-1.886	-0.172
1511030192378	9.893	-1.905	-0.239
1511030192389	9.874	-1.934	-0.172
1511030192404	9.979	-1.905	-0.114
1511030192407	10.18	-1.905	-0.086
1511030192420	10.352	-1.896	-0.105
1511030192434	10.41	-1.867	-0.134
1511030192437	10.391	-1.877	-0.162
1511030192450	10.419	-1.877	-0.172
1511030192464	10.515	-1.915	-0.162
1511030192467	10.659	-1.886	-0.076
1511030192479	10.764	-1.877	-0.114
1511030192493	10.879	-1.857	-0.162
1511030192497	10.994	-1.877	-0.191
1511030192509	11.138	-1.896	-0.21
1511030192524	11.31	-1.905	-0.201
1511030192527	11.425	-1.934	-0.22
1511030192540	11.521	-1.953	-0.287
1511030192547	11.636	-2.001	-0.21
1511030192558	11.732	-2.049	-0.191
1511030192570	11.712	-2.126	-0.21
1511030192584	11.588	-2.145	-0.153
1511030192587	11.435	-2.068	-0.095
1511030192599	11.262	-2.049	-0.229
1511030192636	11.032	-2.068	-0.153
1511030192637	10.812	-2.078	-0.325
1511030192648	10.525	-2.011	-0.459
1511030192650	10.228	-1.915	-0.507
1511030192652	9.998	-1.81	-0.574
1511030192661	9.739	-1.81	-0.632
1511030192667	9.462	-1.867	-0.67
1511030192677	9.27	-1.915	-0.612
1511030192688	9.098	-1.992	-0.478
1511030192697	9.012	-2.001	-0.373
1511030192707	8.916	-1.963	-0.335
1511030192718	8.82	-1.934	-0.469
1511030192727	8.638	-1.915	-0.469
1511030192737	8.427	-1.925	-0.747
1511030192748	8.265	-1.915	-0.593
1511030192757	8.13	-1.905	-0.593
1511030192767	8.102	-1.877	-0.459
1511030192779	8.322	-1.81	-0.383
1511030192787	8.322	-1.733	-0.411
1511030192797	8.466	-1.714	-0.488
1511030192807	8.839	-1.733	-0.517
1511030192817	8.992	-1.723	-0.459
1511030192827	9.194	-1.723	-0.402
1511030192838	9.27	-1.714	-0.363
1511030192847	9.308	-1.704	-0.363
1511030192857	9.356	-1.676	-0.325
1511030192869	9.452	-1.618	-0.296
1511030192877	9.596	-1.388	-0.296
1511030192887	9.682	-1.513	-0.421
1511030192900	9.739	-1.484	-0.574
1511030192907	9.797	-1.676	-0.699
1511030192917	9.807	-1.58	-0.679
1511030192930	9.864	-1.57	-0.584
1511030192937	9.921	-1.57	-0.478
1511030192947	9.95	-1.541	-0.402
1511030192960	10.008	-1.513	-0.344
1511030192967	10.132	-1.522	-0.43
1511030192977	10.161	-1.57	-0.507
1511030192990	10.103	-1.58	-0.545
1511030192997	10.075	-1.503	-0.43
1511030193007	9.988	-1.417	-0.306
1511030193027	9.988	-1.369	-0.229
1511030193037	9.969	-1.388	-0.306
1511030193050	9.883	-1.379	-0.392
1511030193057	9.826	-1.35	-0.43
1511030193067	9.759	-1.273	-0.411
1511030193080	9.749	-1.264	-0.402
1511030193087	9.749	-1.292	-0.373
1511030193097	9.739	-1.359	-0.383
1511030193117	9.692	-1.426	-0.239
1511030193127	9.634	-1.426	-0.201
1511030193140	9.567	-1.398	-0.191
1511030193147	9.5	-1.407	-0.268
1511030193157	9.443	-1.398	-0.325
1511030193170	9.414	-1.35	-0.411
1511030193177	9.404	-1.321	-0.469
1511030193187	9.452	-1.292	-0.517
1511030193201	9.577	-1.312	-0.517
1511030193207	9.663	-1.369	-0.507
1511030193217	9.787	-1.417	-0.43
1511030193230	9.988	-1.407	-0.392
1511030193237	10.132	-1.388	-0.325
1511030193247	10.237	-1.331	-0.21
1511030193260	10.285	-1.254	-0.229
1511030193267	10.257	-1.225	-0.335
1511030193277	10.103	-1.235	-0.363
1511030193291	9.931	-1.235	-0.335
1511030193297	9.749	-1.216	-0.344
1511030193307	9.605	-1.245	-0.363
1511030193320	9.5	-1.273	-0.478
1511030193327	9.433	-1.273	-0.478
1511030193337	9.366	-1.312	-0.43
1511030193351	9.366	-1.302	-0.373
1511030193357	9.366	-1.292	-0.354
1511030193367	9.347	-1.302	-0.335
1511030193380	9.261	-1.302	-0.469
1511030193387	9.261	-1.359	-0.469
1511030193423	9.136	-1.388	-0.478
1511030193426	8.983	-1.398	-0.469
1511030193428	8.858	-1.398	-0.44
1511030193431	8.743	-1.359	-0.363
1511030193438	8.705	-1.359	-0.316
1511030193455	8.657	-1.359	-0.316
1511030193460	8.686	-1.35	-0.344
1511030193469	8.791	-1.388	-0.325
1511030193477	8.791	-1.426	-0.229
1511030193487	8.925	-1.446	-0.086
1511030193500	9.069	-1.436	-0.038
1511030193507	9.308	-1.407	-0.095
1511030193517	9.692	-1.426	-0.162
1511030193530	10.017	-1.474	-0.143
1511030193537	9.893	-1.465	-0.134
1511030193547	9.979	-1.465	0.0
1511030193560	9.912	-1.513	0.114
1511030193567	9.902	-1.513	0.191
1511030193577	9.969	-1.561	0.201
1511030193588	10.17	-1.771	0.181
1511030193597	10.41	-1.695	0.143
1511030193607	10.774	-2.193	0.172
1511030193618	11.54	-2.595	0.277
1511030193627	12.622	-3.208	0.316
1511030193637	13.838	-3.064	0.45
1511030193651	14.49	-2.633	0.861
1511030193657	13.973	-1.714	1.417
1511030193667	12.546	-0.814	1.561
1511030193681	11.119	-0.383	1.177
1511030193687	10.18	-0.517	0.459
1511030193697	9.519	-1.043	-0.526
1511030193711	9.04	-1.628	-1.513
1511030193717	8.715	-2.059	-1.992
1511030193727	8.59	-2.135	-1.781
1511030193741	8.743	-1.896	-1.158
1511030193747	9.05	-1.484	-0.45
1511030193757	9.423	-1.005	0.143
1511030193771	9.874	-0.574	0.526
1511030193777	10.257	-0.268	0.632
1511030193787	10.448	-0.124	0.517
1511030193801	10.496	-0.067	0.258
1511030193807	10.4	-0.114	0.019
1511030193817	10.151	-0.162	-0.229
1511030193831	9.912	-0.229	-0.411
1511030193837	9.749	-0.287	-0.459
1511030193847	9.749	-0.383	-0.411
1511030193861	9.874	-0.536	-0.325
1511030193867	10.017	-0.699	-0.268
1511030193877	10.017	-0.996	-0.354
1511030193891	9.96	-1.283	-0.536
1511030193897	9.988	-1.474	-0.536
1511030193907	10.132	-1.513	-0.392
1511030193922	10.237	-1.474	-0.249
1511030193927	10.237	-1.369	-0.124
1511030193937	10.161	-1.225	-0.105
1511030193952	10.103	-1.11	-0.114
1511030193957	10.065	-0.967	-0.201
1511030193967	10.056	-0.881	-0.306
1511030193981	10.027	-0.823	-0.421
1511030193987	9.96	-0.756	-0.488
1511030193998	9.893	-0.747	-0.517
1511030194011	9.768	-0.747	-0.469
1511030194017	9.711	-0.785	-0.469
1511030194027	9.711	-0.814	-0.411
1511030194041	9.73	-0.823	-0.268
1511030194047	9.787	-0.852	-0.268
1511030194057	9.826	-0.852	-0.229
1511030194071	9.864	-0.881	-0.277
1511030194077	9.912	-0.919	-0.277
1511030194087	9.95	-0.919	-0.325
1511030194101	10.151	-0.938	-0.478
1511030194107	10.056	-0.996	-0.478
1511030194117	10.103	-1.043	-0.526
1511030194131	10.065	-1.13	-0.498
1511030194137	10.065	-1.177	-0.498
1511030194147	10.075	-1.187	-0.498
1511030194169	10.056	-1.197	-0.459
1511030194190	10.056	-1.187	-0.459
1511030194193	10.017	-1.216	-0.44
1511030194198	9.969	-1.273	-0.411
1511030194203	9.979	-1.292	-0.383
1511030194212	10.046	-1.302	-0.421
1511030194227	10.046	-1.321	-0.498
1511030194232	10.046	-1.34	-0.565
1511030194245	9.941	-1.407	-0.507
1511030194247	9.893	-1.465	-0.383
1511030194274	9.874	-1.503	-0.258
1511030194278	10.161	-1.494	-0.258
1511030194279	10.017	-1.484	-0.287
1511030194297	10.017	-1.465	-0.373
1511030194333	9.902	-1.436	-0.421
1511030194334	9.96	-1.407	-0.459
1511030194338	10.056	-1.407	-0.43
1511030194340	10.094	-1.388	-0.421
1511030194342	10.123	-1.513	-0.43
1511030194352	10.084	-1.225	-0.44
1511030194360	10.065	-1.35	-0.459
1511030194368	10.084	-1.359	-0.44
1511030194377	10.123	-1.369	-0.421
1511030194387	10.151	-1.426	-0.43
1511030194401	10.113	-1.484	-0.459
1511030194407	10.094	-1.513	-0.478
1511030194417	10.036	-1.541	-0.526
1511030194429	10.008	-1.561	-0.507
1511030194437	9.95	-1.58	-0.507
1511030194447	9.912	-1.599	-0.459
1511030194459	9.874	-1.57	-0.402
1511030194467	9.883	-1.541	-0.383
1511030194477	9.941	-1.522	-0.402
1511030194491	9.921	-1.541	-0.392
1511030194506	9.854	-1.561	-0.402
1511030194523	9.778	-1.541	-0.335
1511030194527	9.787	-1.522	-0.344
1511030194537	9.826	-1.541	-0.325
1511030194552	9.883	-1.589	-0.296
1511030194557	9.883	-1.647	-0.325
1511030194567	9.883	-1.685	-0.344
1511030194582	9.835	-1.695	-0.316
1511030194597	9.826	-1.676	-0.296
1511030194599	9.845	-1.695	-0.268
1511030194611	9.912	-1.714	-0.258
1511030194617	10.036	-1.743	-0.268
1511030194627	10.142	-1.771	-0.249
1511030194642	10.161	-1.781	-0.44
1511030194647	10.151	-1.781	-0.316
1511030194657	10.132	-1.781	-0.316
1511030194672	10.113	-1.79	-0.363
1511030194677	10.056	-1.743	-0.383
1511030194688	10.008	-1.695	-0.373
1511030194702	10.017	-1.647	-0.363
1511030194707	10.017	-1.628	-0.373
1511030194717	9.921	-1.647	-0.45
1511030194733	9.874	-1.666	-0.498
1511030194737	9.854	-1.647	-0.459
1511030194748	9.874	-1.647	-0.459
1511030194762	9.902	-1.647	-0.45
1511030194767	9.96	-1.666	-0.459
1511030194778	10.036	-1.676	-0.421
1511030194792	10.123	-1.723	-0.373
1511030194807	10.295	-1.743	-0.258
1511030194809	10.199	-1.752	-0.258
1511030194822	10.314	-1.733	-0.191
1511030194827	10.458	-1.714	-0.258
1511030194838	10.582	-1.685	-0.373
1511030194852	10.611	-1.704	-0.469
1511030194857	10.611	-1.752	-0.469
1511030194868	10.601	-1.848	-0.172
1511030194882	10.726	-1.925	-0.325
1511030194887	10.917	-2.068	-0.325
1511030194898	11.013	-2.174	-0.526
1511030194912	10.994	-2.212	-0.526
1511030194917	10.965	-2.193	-0.526
1511030194928	10.994	-2.183	-0.641
1511030194961	11.109	-2.183	-0.66
1511030194963	11.224	-2.174	-0.622
1511030194968	11.09	-2.26	-0.632
1511030194970	10.908	-2.336	-0.651
1511030194985	10.688	-2.403	-0.641
1511030195004	10.525	-2.47	-0.565
1511030195005	10.601	-2.442	-0.593
1511030195014	10.362	-2.423	-0.622
1511030195020	10.305	-2.403	-0.727
1511030195031	10.132	-2.384	-0.785
1511030195037	9.912	-2.336	-0.852
1511030195047	9.749	-2.298	-0.823
1511030195060	9.596	-2.25	-0.756
1511030195067	9.414	-2.011	-0.632
1511030195077	9.232	-1.877	-0.593
1511030195090	8.983	-1.934	-0.66
1511030195097	8.696	-1.886	-0.842
1511030195107	8.504	-1.944	-0.957
1511030195120	8.37	-2.011	-0.957
1511030195127	8.236	-2.078	-0.957
1511030195137	8.188	-2.097	-0.957
1511030195150	8.217	-2.059	-0.986
1511030195157	8.293	-2.039	-1.024
1511030195169	8.37	-1.963	-1.091
1511030195180	8.475	-1.877	-1.11
1511030195187	8.542	-1.79	-1.177
1511030195197	8.59	-1.695	-1.12
1511030195211	8.676	-1.628	-1.043
1511030195217	8.782	-1.57	-0.957
1511030195227	8.868	-1.561	-0.909
1511030195240	8.973	-1.561	-0.928
1511030195258	9.04	-1.551	-1.005
1511030195259	9.059	-1.57	-1.034
1511030195270	9.107	-1.589	-1.072
1511030195277	9.184	-1.637	-1.091
1511030195287	9.318	-1.685	-1.101
1511030195301	9.462	-1.695	-1.034
1511030195307	9.644	-1.637	-0.976
1511030195317	9.787	-1.532	-0.948
1511030195330	9.874	-1.465	-0.938
1511030195337	9.96	-1.436	-0.938
1511030195360	10.161	-1.503	-0.948
1511030195381	10.19	-1.608	-0.919
1511030195382	10.18	-1.695	-0.967
1511030195392	10.17	-1.723	-0.996
1511030195397	10.18	-1.695	-0.967
1511030195407	10.19	-1.647	-0.9
1511030195420	10.228	-1.608	-0.842
1511030195427	10.257	-1.637	-0.861
1511030195437	10.209	-1.628	-0.919
1511030195450	10.132	-1.618	-1.015
1511030195457	9.912	-1.589	-1.043
1511030195467	9.73	-1.532	-0.957
1511030195480	9.682	-1.522	-0.881
1511030195487	9.692	-1.484	-0.842
1511030195500	9.739	-1.484	-0.89
1511030195512	9.682	-1.436	-0.909
1511030195521	9.596	-1.407	-0.957
1511030195533	9.538	-1.369	-0.948
1511030195543	9.529	-1.398	-0.967
1511030195547	9.548	-1.446	-0.928
1511030195558	9.634	-1.446	-0.919
1511030195573	9.672	-1.426	-0.89
1511030195577	9.605	-1.379	-0.852
1511030195587	9.615	-1.34	-0.833
1511030195600	9.615	-1.34	-0.842
1511030195607	9.653	-1.34	-0.842
1511030195617	9.672	-1.359	-0.823
1511030195630	9.682	-1.359	-0.804
1511030195637	9.701	-1.369	-0.814
1511030195648	9.73	-1.369	-0.785
1511030195663	9.807	-1.369	-0.632
1511030195667	9.854	-1.34	-0.737
1511030195678	9.854	-1.388	-0.718
1511030195693	9.759	-1.436	-0.737
1511030195697	9.682	-1.494	-0.718
1511030195708	9.615	-1.494	-0.737
1511030195741	9.423	-1.484	-0.727
1511030195746	9.538	-1.484	-0.737
1511030195748	9.548	-1.484	-0.718
1511030195752	9.538	-1.513	-0.67
1511030195761	9.5	-1.541	-0.708
1511030195774	9.462	-1.532	-0.66
1511030195783	9.414	-1.541	-0.574
1511030195787	9.423	-1.503	-0.593
1511030195797	9.443	-1.494	-0.708
1511030195811	9.452	-1.656	-0.823
1511030195847	9.452	-1.541	-0.871
1511030195848	9.452	-1.388	-0.814
1511030195849	9.471	-1.522	-0.708
1511030195850	9.471	-1.436	-0.622
1511030195857	9.452	-1.388	-0.574
1511030195871	9.49	-1.379	-0.555
1511030195877	9.519	-1.407	-0.593
1511030195887	9.596	-1.474	-0.718
1511030195901	9.653	-1.532	-0.852
1511030195907	9.634	-1.57	-0.919
1511030195917	9.557	-1.58	-0.852
1511030195931	9.433	-1.599	-0.727
1511030195937	9.289	-1.656	-0.632
1511030195947	9.107	-1.723	-0.612
1511030195962	8.916	-1.762	-0.641
1511030195967	8.801	-1.771	-0.718
1511030195977	8.753	-1.752	-0.823
1511030195987	8.734	-1.762	-0.9
1511030195997	8.715	-1.8	-0.785
1511030196007	8.801	-1.857	-0.43
1511030196017	9.356	-1.982	0.095
1511030196027	10.649	-2.384	0.43
1511030196037	12.814	-3.112	-0.296
1511030196047	15.064	-3.332	-1.589
1511030196058	16.616	-2.355	-0.9
1511030196068	16.587	-1.005	1.063
1511030196077	14.614	-0.105	1.599
1511030196087	12.344	0.095	1.513
1511030196098	10.86	-0.296	1.082
1511030196107	10.027	-0.871	0.124
1511030196117	9.337	-1.436	-1.187
1511030196128	8.657	-1.829	-2.183
1511030196137	8.111	-1.905	-2.518
1511030196147	7.814	-1.637	-2.26
1511030196157	7.767	-1.177	-1.704
1511030196167	8.025	-0.632	-1.063
1511030196177	8.648	-0.249	-0.498
1511030196187	9.404	-0.153	-0.134
1511030196197	10.237	-0.201	0.181
1511030196207	10.86	-0.287	0.373
1511030196219	11.253	-0.383	0.392
1511030196227	11.358	-0.421	0.249
1511030196237	11.128	-0.44	-0.028
1511030196249	10.668	-0.507	-0.316
1511030196257	10.285	-0.622	-0.498
1511030196267	10.075	-0.785	-0.555
1511030196279	10.008	-0.976	-0.536
1511030196287	9.941	-1.139	-0.545
1511030196297	9.854	-1.254	-0.526
1511030196324	9.807	-1.264	-0.517
1511030196325	9.835	-1.216	-0.526
1511030196327	9.835	-1.158	-0.507
1511030196339	9.807	-1.072	-0.43
1511030196347	9.759	-1.015	-0.373
1511030196357	9.778	-0.967	-0.344
1511030196371	9.787	-0.967	-0.229
1511030196385	9.912	-0.976	-0.229
1511030196399	9.96	-1.053	-0.249
1511030196407	9.96	-1.082	-0.402
1511030196419	9.96	-1.12	-0.354
1511030196430	9.912	-1.168	-0.402
1511030196437	9.912	-1.187	-0.44
1511030196447	9.835	-1.206	-0.459
1511030196463	9.778	-1.216	-0.469
1511030196467	9.778	-1.216	-0.478
1511030196477	9.797	-1.187	-0.498
1511030196489	9.826	-1.158	-0.545
1511030196522	9.835	-1.091	-0.574
1511030196525	9.883	-1.015	-0.641
1511030196526	9.941	-1.015	-0.622
1511030196529	9.998	-1.024	-0.641
1511030196541	10.036	-1.043	-0.67
1511030196560	10.056	-1.206	-0.622
1511030196562	10.046	-1.072	-0.66
1511030196572	10.036	-1.091	-0.632
1511030196579	10.027	-1.063	-0.622
1511030196587	10.008	-1.043	-0.622
1511030196600	10.008	-1.034	-0.632
1511030196612	9.998	-1.024	-0.603
1511030196617	9.979	-1.024	-0.545
1511030196627	9.969	-1.063	-0.478
1511030196653	9.979	-1.024	-0.383
1511030196657	10.008	-1.024	-0.421
1511030196668	9.912	-1.015	-0.526
1511030196677	9.787	-1.034	-0.574
1511030196692	9.711	-1.005	-0.498
1511030196698	9.768	-0.976	-0.392
1511030196707	9.95	-0.9	-0.373
1511030196717	10.017	-0.909	-0.411
1511030196728	9.979	-0.89	-0.469
1511030196742	9.931	-0.861	-0.517
1511030196747	9.931	-0.823	-0.536
1511030196758	9.979	-0.794	-0.517
1511030196767	10.056	-0.756	-0.43
1511030196777	10.103	-0.747	-0.383
1511030196788	10.075	-0.756	-0.392
1511030196797	10.027	-0.775	-0.383
1511030196811	10.008	-0.794	-0.402
1511030196821	9.988	-0.814	-0.373
1511030196827	10.027	-0.852	-0.335
1511030196837	10.008	-0.928	-0.277
1511030196850	9.979	-0.957	-0.268
1511030196857	9.969	-1.024	-0.306
1511030196867	9.998	-1.072	-0.344
1511030196880	9.998	-1.139	-0.335
1511030196887	10.036	-1.158	-0.287
1511030196897	10.084	-1.206	-0.306
1511030196910	10.161	-1.206	-0.296
1511030196917	10.199	-1.206	-0.268
1511030196927	10.228	-1.177	-0.249
1511030196938	10.151	-1.216	-0.277
1511030196947	10.027	-1.264	-0.296
1511030196957	9.912	-1.292	-0.325
1511030196968	9.826	-1.283	-0.335
1511030196977	9.816	-1.283	-0.296
1511030196989	9.826	-1.283	-0.325
1511030196998	9.835	-1.312	-0.373
1511030197007	9.883	-1.292	-0.411
1511030197017	9.96	-1.302	-0.402
1511030197028	10.027	-1.321	-0.392
1511030197037	10.017	-1.35	-0.421
1511030197047	10.027	-1.398	-0.459
1511030197058	10.027	-1.465	-0.44
1511030197067	10.017	-1.494	-0.43
1511030197090	10.123	-1.541	-0.421
1511030197097	10.123	-1.551	-0.421
1511030197107	10.209	-1.561	-0.402
1511030197120	10.209	-1.608	-0.459
1511030197127	10.209	-1.637	-0.459
1511030197137	10.18	-1.695	-0.526
1511030197150	10.218	-1.714	-0.612
1511030197157	10.218	-1.752	-0.612
1511030197167	10.333	-1.867	-0.622
1511030197187	10.563	-2.068	-0.622
1511030197197	10.889	-2.097	-0.699
1511030197210	11.147	-2.145	-0.804
1511030197217	11.301	-2.145	-0.9
1511030197227	11.483	-2.212	-0.928
1511030197240	11.655	-2.231	-0.861
1511030197247	11.712	-2.202	-0.861
1511030197257	11.664	-2.126	-0.938
1511030197270	11.578	-2.279	-1.177
1511030197277	11.444	-2.375	-1.407
1511030197287	11.329	-2.518	-1.398
1511030197319	11.272	-2.681	-1.158
1511030197323	11.301	-2.624	-1.015
1511030197329	11.166	-2.652	-1.005
1511030197332	10.793	-2.537	-1.034
1511030197347	10.324	-2.365	-0.986
1511030197348	10.065	-2.164	-0.996
1511030197360	9.893	-1.944	-1.005
1511030197403	9.739	-1.819	-1.024
1511030197404	9.605	-1.723	-1.005
1511030197405	9.337	-1.714	-0.986
1511030197406	9.021	-1.733	-0.957
1511030197410	8.676	-1.752	-0.938
1511030197418	8.36	-1.762	-0.919
1511030197427	8.092	-1.781	-0.919
1511030197437	7.862	-1.771	-0.9
1511030197449	7.623	-1.771	-0.967
1511030197457	7.479	-1.829	-1.063
1511030197467	7.431	-1.848	-1.177
1511030197480	7.431	-1.915	-1.273
1511030197489	7.498	-1.972	-1.331
1511030197497	7.604	-2.078	-1.321
1511030197510	7.747	-2.145	-1.225
1511030197517	7.996	-2.212	-1.053
1511030197527	8.37	-2.26	-0.948
1511030197539	8.763	-2.327	-0.89
1511030197547	9.021	-2.423	-0.871
1511030197557	9.136	-2.432	-0.833
1511030197570	9.213	-2.336	-0.909
1511030197577	9.289	-2.231	-1.015
1511030197587	9.414	-2.087	-1.082
1511030197598	9.596	-2.03	-1.149
1511030197607	9.759	-2.059	-1.235
1511030197617	9.854	-2.126	-1.245
1511030197628	10.008	-2.202	-1.12
1511030197637	10.17	-2.221	-0.871
1511030197647	10.295	-2.212	-0.612
1511030197661	10.4	-2.097	-0.411
1511030197667	10.467	-2.02	-0.363
1511030197677	10.496	-1.972	-0.45
1511030197691	10.439	-1.953	-0.612
1511030197697	10.333	-1.953	-0.737
1511030197707	10.199	-1.925	-0.794
1511030197721	10.075	-1.915	-0.766
1511030197727	9.931	-1.867	-0.766
1511030197737	9.854	-1.752	-0.785
1511030197752	9.826	-1.656	-0.775
1511030197757	9.807	-1.589	-0.785
1511030197767	9.778	-1.58	-0.766
1511030197781	9.596	-1.647	-0.842
1511030197787	9.672	-1.695	-0.842
1511030197797	9.634	-1.762	-0.861
1511030197812	9.615	-1.79	-0.804
1511030197817	9.605	-1.771	-0.737
1511030197828	9.548	-1.781	-0.679
1511030197842	9.519	-1.79	-0.632
1511030197847	9.51	-1.829	-0.632
1511030197857	9.596	-1.8	-0.622
1511030197872	9.854	-1.781	-0.766
1511030197877	9.749	-1.723	-0.766
1511030197887	9.672	-1.733	-0.823
1511030197902	9.538	-1.762	-0.708
1511030197907	9.49	-1.829	-0.565
1511030197917	9.768	-1.829	-0.478
1511030197931	9.826	-1.771	-0.459
1511030197937	9.826	-1.704	-0.488
1511030197947	9.596	-1.618	-0.555
1511030197962	9.72	-1.551	-0.632
1511030197967	9.797	-1.532	-0.622
1511030197977	9.921	-1.484	-0.584
1511030197991	9.96	-1.436	-0.507
1511030197997	9.969	-1.34	-0.421
1511030198007	9.902	-1.149	-0.421
1511030198022	9.807	-1.206	-0.469
1511030198027	9.711	-1.149	-0.507
1511030198037	9.625	-1.053	-0.565
1511030198052	9.462	-1.034	-0.66
1511030198057	9.308	-1.053	-0.718
1511030198090	9.203	-1.072	-0.67
1511030198097	9.146	-1.091	-0.612
1511030198102	9.127	-1.12	-0.536
1511030198105	9.059	-1.168	-0.517
1511030198118	9.031	-1.168	-0.526
1511030198124	9.04	-1.168	-0.536
1511030198135	9.059	-1.197	-0.488
1511030198137	9.05	-1.206	-0.469
1511030198150	9.04	-1.197	-0.459
1511030198159	9.079	-1.206	-0.325
1511030198174	9.241	-1.273	-0.296
1511030198177	9.462	-1.35	-0.411
1511030198187	9.538	-1.436	-0.507
1511030198198	9.586	-1.474	-0.526
1511030198207	9.682	-1.455	-0.421
1511030198218	9.826	-1.446	-0.277
1511030198231	9.941	-1.426	-0.191
1511030198237	9.998	-1.465	-0.21
1511030198247	10.065	-1.503	-0.268
1511030198260	10.065	-1.541	-0.373
1511030198267	10.036	-1.589	-0.344
1511030198277	10.132	-1.656	-0.095
1511030198290	10.525	-1.781	0.22
1511030198297	11.396	-2.001	0.258
1511030198312	12.488	-2.231	-0.095
1511030198324	13.599	-2.193	-0.565
1511030198327	14.279	-1.819	-0.325
1511030198337	14.078	-1.283	0.45
1511030198350	13.13	-0.852	1.101
1511030198357	11.99	-0.66	1.254
1511030198367	10.793	-0.842	0.948
1511030198384	9.04	-1.101	-0.766
1511030198398	8.341	-1.513	-1.494
1511030198412	7.949	-1.532	-1.857
1511030198417	7.776	-1.369	-1.781
1511030198429	7.881	-1.11	-1.417
1511030198442	8.274	-0.9	-0.344
1511030198447	8.906	-0.794	-0.392
1511030198458	9.663	-0.775	0.172
1511030198474	10.372	-0.737	0.708
1511030198477	10.86	-0.747	0.689
1511030198488	10.946	-0.785	0.469
1511030198502	10.774	-0.833	-0.019
1511030198507	10.563	-0.852	-0.019
1511030198520	10.4	-0.842	-0.296
1511030198533	10.333	-0.871	-0.296
1511030198537	10.257	-0.948	-0.316
1511030198548	10.056	-0.909	-0.344
1511030198564	9.893	-0.9	-0.421
1511030198568	9.826	-0.909	-0.488
1511030198578	9.835	-0.9	-0.44
1511030198593	9.807	-0.919	-0.373
1511030198597	9.807	-0.928	-0.373
1511030198609	9.778	-0.9	-0.201
1511030198623	9.797	-0.9	-0.143
1511030198627	9.874	-0.928	-0.086
1511030198638	10.18	-0.967	0.038
1511030198653	10.199	-0.986	0.134
1511030198668	10.4	-0.976	0.134
1511030198670	10.4	-0.919	0.086
1511030198683	10.63	-0.89	0.047
1511030198687	10.333	-0.852	-0.019
1511030198698	10.381	-0.842	-0.095
1511030198712	10.218	-0.89	-0.172
1511030198717	10.046	-0.938	-0.191
1511030198728	9.883	-0.996	-0.201
1511030198743	9.816	-1.005	-0.191
1511030198759	9.759	-1.015	-0.22
1511030198760	9.672	-1.024	-0.268
1511030198773	9.586	-1.015	-0.306
1511030198777	9.548	-0.957	-0.344
1511030198788	9.548	-0.938	-0.306
1511030198803	9.586	-0.89	-0.277
1511030198807	9.634	-0.89	-0.21
1511030198821	9.701	-0.9	-0.153
1511030198833	9.778	-0.89	-0.143
1511030198870	9.816	-0.919	-0.162
1511030198872	9.845	-0.948	-0.22
1511030198881	9.864	-0.976	-0.239
1511030198882	9.902	-0.986	-0.201
1511030198884	9.912	-0.976	-0.162
1511030198898	9.902	-0.976	-0.105
1511030198899	9.921	-0.957	-0.057
1511030198908	9.998	-0.976	-0.028
1511030198922	10.065	-0.948	-0.019
1511030198927	10.094	-0.938	-0.019
1511030198938	10.065	-0.938	-0.076
1511030198953	10.075	-0.938	-0.105
1511030198957	10.065	-0.928	-0.105
1511030198967	10.075	-0.948	-0.105
1511030198982	10.113	-0.938	-0.086
1511030198987	10.094	-0.957	-0.047
1511030198997	10.056	-0.976	-0.028
1511030199011	10.027	-0.967	-0.047
1511030199017	9.988	-0.996	-0.124
1511030199027	9.931	-1.005	-0.143
1511030199042	9.921	-1.015	-0.172
1511030199047	9.941	-1.043	-0.153
1511030199057	9.988	-1.053	-0.114
1511030199070	10.046	-1.043	-0.076
1511030199077	10.123	-1.053	-0.114
1511030199087	10.065	-1.082	-0.191
1511030199100	10.017	-1.11	-0.249
1511030199107	9.95	-1.149	-0.258
1511030199117	9.912	-1.149	-0.201
1511030199133	9.998	-1.12	-0.162
1511030199137	10.027	-1.139	-0.172
1511030199149	9.96	-1.216	-0.21
1511030199163	9.845	-1.225	-0.296
1511030199167	9.759	-1.264	-0.344
1511030199178	9.759	-1.292	-0.335
1511030199193	9.816	-1.321	-0.287
1511030199197	9.902	-1.292	-0.296
1511030199208	9.921	-1.273	-0.287
1511030199223	9.941	-1.302	-0.44
1511030199227	10.209	-1.245	-1.034
1511030199243	10.151	-1.695	-0.191
1511030199253	10.151	-1.436	-0.191
1511030199258	10.151	-1.446	-0.086
1511030199270	9.969	-1.426	-0.134
1511030199282	9.969	-1.494	-0.134
1511030199291	9.941	-1.599	-0.114
1511030199300	9.95	-1.695	-0.095
1511030199312	10.161	-1.676	-0.383
1511030199317	10.18	-1.561	-0.383
