timestamp	x	y	z
1515959392132	-7.441	-4.529	4.079
1515959392137	-7.412	-4.52	4.051
1515959392213	-7.441	-4.491	4.079
1515959392219	-7.46	-4.501	4.089
1515959392223	-7.441	-4.491	4.127
1515959392227	-7.441	-4.51	4.185
1515959392228	-7.431	-4.549	4.194
1515959392253	-7.412	-4.558	4.223
1515959392259	-7.412	-4.549	4.223
1515959392260	-7.431	-4.549	4.223
1515959392261	-7.441	-4.549	4.213
1515959392261	-7.431	-4.597	4.194
1515959392262	-7.431	-4.692	4.185
1515959392262	-7.451	-4.807	4.185
1515959392266	-7.527	-4.893	4.204
1515959392289	-7.642	-4.893	4.204
1515959392298	-7.757	-4.855	4.242
1515959392302	-7.814	-4.817	4.242
1515959392303	-7.795	-4.798	4.223
1515959392345	-7.709	-4.731	4.213
1515959392347	-7.575	-4.616	4.204
1515959392349	-7.46	-4.491	4.223
1515959392351	-7.345	-4.338	4.146
1515959392362	-7.345	-4.233	4.108
1515959392370	-7.403	-4.166	4.07
1515959392382	-7.47	-4.108	4.012
1515959392392	-7.527	-4.07	3.945
1515959392400	-7.575	-4.051	3.926
1515959392410	-7.565	-4.041	3.936
1515959392459	-7.479	-4.07	3.964
1515959392462	-7.383	-4.099	4.012
1515959392464	-7.288	-4.146	4.079
1515959392465	-7.192	-4.166	4.204
1515959392465	-7.134	-4.175	4.29
1515959392477	-7.163	-4.185	4.348
1515959392481	-7.249	-4.28	4.415
1515959392490	-7.383	-4.395	4.52
1515959392500	-7.508	-4.577	4.539
1515959392514	-7.498	-4.673	4.328
1515959392520	-7.47	-4.692	4.328
1515959392532	-7.498	-4.635	4.175
1515959392544	-7.613	-4.577	3.936
1515959392550	-7.843	-4.529	3.936
1515959392560	-8.217	-4.491	3.878
1515959392573	-8.571	-4.405	3.811
1515959392580	-8.686	-4.271	3.782
1515959392590	-8.504	-4.156	3.907
1515959392602	-8.111	-4.031	4.012
1515959392610	-7.853	-3.955	4.156
1515959392620	-7.68	-3.936	4.405
1515959392633	-7.546	-3.974	4.357
1515959392640	-7.47	-4.099	4.395
1515959392650	-7.451	-4.242	4.386
1515959392665	-7.518	-4.405	4.194
1515959392670	-7.623	-4.529	4.271
1515959392680	-7.709	-4.654	4.223
1515959392692	-7.728	-4.778	4.242
1515959392700	-7.671	-4.846	4.261
1515959392711	-7.546	-4.826	4.3
1515959392723	-7.498	-4.75	4.386
1515959392730	-7.68	-4.683	4.443
1515959392753	-7.709	-4.74	4.52
1515959392760	-7.642	-4.769	4.491
1515959392773	-7.623	-4.759	4.462
1515959392789	-7.613	-4.731	4.424
1515959392791	-7.604	-4.692	4.376
1515959392801	-7.604	-4.625	4.328
1515959392816	-7.604	-4.549	4.3
1515959392820	-7.613	-4.348	4.261
1515959392833	-7.623	-4.424	4.261
1515959392846	-7.594	-4.357	4.233
1515959392850	-7.556	-4.242	4.223
1515959392884	-7.498	-4.166	4.175
1515959392910	-7.498	-4.06	4.156
1515959392913	-7.575	-3.974	4.127
1515959392915	-7.69	-3.897	4.127
1515959392917	-7.834	-3.907	4.194
1515959392919	-7.939	-3.964	4.271
1515959392921	-7.987	-3.984	4.328
1515959392931	-8.044	-4.022	4.405
1515959392951	-8.159	-4.041	4.443
1515959392955	-8.293	-4.099	4.529
1515959392965	-8.399	-4.07	4.587
1515959392973	-8.466	-3.984	4.635
1515959392983	-8.514	-3.897	4.673
1515959393005	-8.619	-3.85	4.769
1515959393006	-8.715	-3.936	4.922
1515959393014	-8.734	-4.051	4.999
1515959393026	-8.763	-4.089	5.047
1515959393030	-8.887	-4.031	5.056
1515959393040	-9.069	-3.936	5.018
1515959393054	-9.184	-3.821	5.037
1515959393060	-9.203	-3.754	5.171
1515959393070	-9.136	-3.744	5.324
1515959393083	-9.165	-3.802	5.516
1515959393090	-9.241	-3.926	5.765
1515959393100	-9.289	-4.07	5.956
1515959393114	-9.261	-4.156	5.985
1515959393120	-9.165	-4.127	5.803
1515959393130	-9.04	-3.936	5.497
1515959393146	-8.82	-3.61	5.267
1515959393150	-8.552	-3.179	5.085
1515959393161	-8.293	-2.758	4.855
1515959393177	-8.063	-2.384	4.625
1515959393180	-7.834	-2.097	4.367
1515959393191	-7.565	-1.857	4.089
1515959393207	-7.326	-1.647	3.84
1515959393210	-7.144	-1.532	3.677
1515959393221	-6.924	-1.484	3.476
1515959393237	-6.608	-1.465	3.313
1515959393240	-6.244	-1.446	3.227
1515959393251	-5.899	-1.465	3.294
1515959393267	-5.621	-1.551	3.39
1515959393270	-5.372	-1.618	3.447
1515959393281	-5.2	-1.714	3.419
1515959393311	-5.123	-1.752	3.409
1515959393315	-5.133	-1.771	3.371
1515959393316	-5.267	-1.714	3.409
1515959393329	-5.497	-1.541	3.332
1515959393332	-5.727	-1.398	3.246
1515959393344	-5.822	-1.273	3.189
1515959393368	-5.899	-1.206	3.313
1515959393372	-5.956	-1.12	3.313
1515959393373	-6.11	-1.091	3.419
1515959393382	-6.32	-1.11	3.668
1515959393395	-6.522	-1.197	3.917
1515959393406	-6.771	-1.225	3.945
1515959393412	-7.087	-1.13	3.859
1515959393423	-7.632	-1.043	3.744
1515959393436	-8.15	-0.948	3.533
1515959393447	-8.504	-0.948	3.572
1515959393456	-8.581	-1.005	3.572
1515959393470	-8.178	-1.321	4.529
1515959393480	-8.15	-1.541	5.018
1515959393490	-8.36	-1.771	5.095
1515959393505	-8.724	-1.982	5.2
1515959393510	-9.088	-2.174	5.2
1515959393520	-9.404	-2.336	5.334
1515959393535	-9.577	-2.423	5.42
1515959393540	-9.615	-2.499	5.497
1515959393551	-9.452	-2.509	5.506
1515959393565	-9.069	-2.518	5.506
1515959393570	-8.619	-2.49	5.545
1515959393581	-8.312	-2.681	5.554
1515959393594	-8.466	-2.624	5.478
1515959393599	-8.82	-2.71	5.334
1515959393610	-9.021	-2.806	5.2
1515959393622	-9.222	-2.853	5.104
1515959393629	-9.299	-2.892	5.047
1515959393640	-9.251	-2.93	5.037
1515959393654	-9.098	-2.94	5.104
1515959393660	-9.002	-2.93	5.248
1515959393680	-9.059	-2.911	5.439
1515959393690	-9.117	-2.94	5.497
1515959393716	-8.839	-3.055	5.583
1515959393720	-8.581	-3.026	5.573
1515959393731	-8.37	-2.978	5.468
1515959393746	-8.169	-2.94	5.334
1515959393750	-7.949	-2.882	5.104
1515959393761	-7.795	-2.844	4.836
1515959393776	-7.719	-2.748	4.577
1515959393780	-7.671	-2.624	4.376
1515959393791	-7.7	-2.509	4.242
1515959393806	-7.757	-2.394	4.137
1515959393810	-7.862	-2.241	4.012
1515959393822	-7.939	-2.145	3.974
1515959393836	-7.987	-2.078	3.936
1515959393840	-8.006	-2.087	3.974
1515959393851	-7.977	-2.164	4.012
1515959393866	-7.977	-2.298	4.166
1515959393898	-7.92	-2.509	4.357
1515959393899	-7.958	-2.71	4.415
1515959393903	-8.217	-2.825	4.52
1515959393906	-8.427	-2.834	4.616
1515959393918	-8.514	-2.777	4.74
1515959393921	-8.514	-2.758	4.788
1515959393930	-8.447	-2.739	4.769
1515959393941	-8.427	-2.652	4.74
1515959393954	-8.37	-2.547	4.702
1515959393960	-8.312	-2.442	4.692
1515959393970	-8.217	-2.394	4.731
1515959393988	-8.169	-2.375	4.721
1515959393990	-8.121	-2.432	4.654
1515959394000	-8.121	-2.49	4.52
1515959394016	-8.217	-2.595	4.434
1515959394020	-8.399	-2.672	4.367
1515959394033	-8.542	-2.7	4.28
1515959394044	-8.542	-2.729	4.261
1515959394050	-8.418	-2.719	4.223
1515959394060	-8.293	-2.672	4.146
1515959394073	-8.217	-2.633	4.079
1515959394080	-8.178	-2.576	4.051
1515959394090	-8.178	-2.47	4.146
1515959394103	-8.245	-2.394	4.242
1515959394110	-8.274	-2.346	4.252
1515959394120	-8.274	-2.327	4.271
1515959394133	-8.312	-2.432	4.28
1515959394139	-8.408	-2.547	4.348
1515959394150	-8.581	-2.633	4.376
1515959394164	-8.667	-2.643	4.424
1515959394169	-8.609	-2.624	4.501
1515959394180	-8.466	-2.518	4.434
1515959394193	-8.37	-2.394	4.443
1515959394199	-8.36	-2.269	4.453
1515959394210	-8.427	-2.25	4.491
1515959394223	-8.523	-2.26	4.549
1515959394229	-8.705	-2.317	4.664
1515959394240	-8.81	-2.432	4.75
1515959394249	-8.81	-2.528	4.893
1515959394260	-8.782	-2.537	5.008
1515959394272	-8.734	-2.48	5.095
1515959394286	-8.696	-2.375	5.181
1515959394307	-8.724	-2.346	5.324
1515959394311	-8.734	-2.375	5.449
1515959394313	-8.782	-2.355	5.449
1515959394331	-9.002	-2.241	5.526
1515959394332	-9.28	-2.193	5.526
1515959394341	-9.404	-2.221	5.497
1515959394350	-9.404	-2.174	5.478
1515959394382	-9.337	-2.135	5.478
1515959394392	-9.261	-1.934	5.42
1515959394397	-9.261	-1.934	5.171
1515959394401	-9.232	-1.714	4.903
1515959394416	-9.222	-1.513	4.769
1515959394417	-9.098	-1.369	4.769
1515959394425	-8.897	-1.283	4.798
1515959394430	-8.763	-1.245	4.798
1515959394440	-9.127	-1.197	4.654
1515959394454	-9.174	-1.12	4.472
1515959394460	-9.414	-0.986	4.28
1515959394470	-9.165	-0.804	4.213
1515959394484	-8.983	-0.612	4.213
1515959394490	-8.724	-0.45	4.204
1515959394500	-8.514	-0.392	4.194
1515959394510	-8.389	-0.459	4.146
1515959394520	-8.312	-0.545	4.089
1515959394530	-8.198	-0.469	3.907
1515959394540	-8.016	-0.593	3.802
1515959394550	-7.795	-0.354	3.735
1515959394561	-7.546	-0.21	3.735
1515959394570	-7.345	-0.22	3.802
1515959394580	-7.192	-0.134	3.869
1515959394600	-6.885	-0.162	3.802
1515959394610	-6.761	-0.143	3.591
1515959394620	-6.713	-0.067	3.457
1515959394630	-6.818	0.047	3.323
1515959394642	-7.039	0.239	3.237
1515959394650	-7.269	0.363	3.189
1515959394660	-7.412	0.411	3.284
1515959394669	-7.412	0.383	3.476
1515959394680	-7.403	0.258	3.687
1515959394690	-7.489	0.114	3.792
1515959394700	-7.537	0.047	3.821
1515959394710	-7.537	0.095	3.744
1515959394720	-7.451	0.268	3.658
1515959394730	-7.326	0.43	3.639
1515959394742	-7.173	0.536	3.61
1515959394750	-7.154	0.574	3.658
1515959394759	-7.24	0.536	3.763
1515959394770	-7.412	0.459	3.773
1515959394780	-7.632	0.392	3.744
1515959394789	-7.862	0.344	3.696
1515959394800	-8.083	0.316	3.735
1515959394810	-8.14	0.268	3.859
1515959394819	-8.063	0.201	4.012
1515959394830	-7.891	0.134	4.146
1515959394842	-7.747	0.143	4.223
1515959394850	-7.719	0.21	4.242
1515959394881	-7.853	0.325	4.223
1515959394892	-8.063	0.421	4.146
1515959394904	-8.245	0.469	4.041
1515959394908	-8.284	0.478	3.907
1515959394912	-8.13	0.45	3.84
1515959394914	-7.881	0.363	3.792
1515959394920	-7.575	0.268	3.85
1515959394935	-7.316	0.172	3.955
1515959394940	-7.106	0.057	4.108
1515959394950	-6.991	-0.095	4.213
1515959394963	-7.115	-0.22	4.309
1515959394970	-7.374	-0.411	4.348
1515959394980	-7.805	-0.507	4.319
1515959394991	-8.303	-0.565	4.338
1515959395007	-8.782	-0.584	4.367
1515959395011	-9.155	-0.622	4.443
1515959395020	-9.385	-0.641	4.558
1515959395029	-9.5	-0.718	4.644
1515959395040	-9.51	-0.833	4.759
1515959395052	-9.471	-1.024	4.941
1515959395060	-9.347	-1.302	5.095
1515959395070	-9.213	-1.532	5.248
1515959395080	-9.117	-1.723	5.372
1515959395089	-9.107	-1.819	5.43
1515959395101	-9.194	-1.8	5.43
1515959395110	-9.328	-1.733	5.353
1515959395119	-9.481	-1.656	5.344
1515959395130	-9.625	-1.551	5.296
1515959395142	-9.797	-1.503	5.267
1515959395150	-9.969	-1.532	5.2
1515959395160	-10.036	-1.647	5.095
1515959395170	-10.046	-1.857	5.008
1515959395179	-9.931	-2.02	4.951
1515959395190	-9.663	-2.126	4.893
1515959395203	-9.356	-2.241	4.826
1515959395210	-8.992	-2.327	4.788
1515959395220	-8.59	-2.423	4.759
1515959395230	-8.236	-2.49	4.692
1515959395239	-7.977	-2.537	4.491
1515959395250	-7.814	-2.528	4.606
1515959395260	-7.795	-2.461	4.386
1515959395270	-7.929	-2.365	4.223
1515959395280	-8.15	-2.26	4.07
1515959395290	-8.447	-2.164	3.974
1515959395300	-8.724	-2.087	3.917
1515959395310	-8.916	-2.011	3.964
1515959395320	-9.012	-1.963	3.964
1515959395330	-8.83	-1.934	3.984
1515959395340	-8.772	-1.953	4.003
1515959395360	-8.81	-1.982	4.079
1515959395367	-8.657	-2.02	4.166
1515959395381	-8.59	-2.154	4.166
1515959395387	-8.581	-2.317	4.156
1515959395399	-8.581	-2.48	4.204
1515959395402	-8.6	-2.624	4.261
1515959395418	-8.609	-2.882	4.29
1515959395420	-8.561	-2.604	4.213
1515959395431	-8.561	-2.748	4.108
1515959395444	-8.609	-2.317	4.031
1515959395450	-8.638	-2.25	3.964
1515959395460	-8.629	-2.116	3.907
1515959395474	-8.571	-2.011	3.878
1515959395480	-8.466	-2.001	3.897
1515959395490	-8.389	-1.982	3.926
1515959395505	-8.332	-2.02	3.964
1515959395510	-8.341	-2.078	3.936
1515959395524	-8.38	-2.154	3.878
1515959395537	-8.427	-2.241	3.83
1515959395540	-8.456	-2.308	3.811
1515959395550	-8.456	-2.355	3.821
1515959395561	-8.494	-2.394	3.869
1515959395570	-8.494	-2.442	3.945
1515959395580	-8.475	-2.49	4.012
1515959395591	-8.485	-2.585	4.079
1515959395600	-8.494	-2.643	4.166
1515959395610	-8.523	-2.672	4.233
1515959395624	-8.542	-2.652	4.261
1515959395630	-8.581	-2.624	4.252
1515959395640	-8.6	-2.595	4.213
1515959395654	-8.629	-2.566	4.185
1515959395660	-8.648	-2.576	4.213
1515959395670	-8.648	-2.576	4.156
1515959395684	-8.6	-2.547	4.07
1515959395690	-8.571	-2.499	4.012
1515959395700	-8.523	-2.423	4.031
1515959395714	-8.399	-2.365	4.041
1515959395720	-8.303	-2.375	4.041
1515959395730	-8.265	-2.394	4.022
1515959395744	-8.245	-2.423	3.993
1515959395750	-8.255	-2.48	4.041
1515959395760	-8.226	-2.537	4.099
1515959395774	-8.207	-2.614	4.099
1515959395780	-8.226	-2.614	4.051
1515959395790	-8.293	-2.604	3.974
1515959395804	-8.312	-2.547	3.917
1515959395810	-8.332	-2.47	3.888
1515959395834	-8.322	-2.346	3.926
1515959395840	-8.332	-2.336	3.936
1515959395872	-8.37	-2.327	3.917
1515959395879	-8.447	-2.375	3.936
1515959395882	-8.552	-2.442	3.955
1515959395889	-8.667	-2.49	4.031
1515959395893	-8.667	-2.576	4.118
1515959395907	-8.571	-2.585	4.185
1515959395914	-8.475	-2.547	4.242
1515959395924	-8.427	-2.461	4.194
1515959395930	-8.427	-2.394	4.118
1515959395940	-8.475	-2.327	3.993
1515959395954	-8.533	-2.26	3.926
1515959395960	-8.571	-2.26	3.859
1515959395970	-8.533	-2.269	3.84
1515959395985	-8.255	-2.25	3.945
1515959395990	-8.274	-2.202	3.945
1515959396003	-8.15	-2.106	4.041
1515959396014	-8.15	-2.03	4.185
1515959396020	-8.284	-1.953	4.261
1515959396030	-8.514	-1.963	4.252
1515959396042	-8.763	-2.001	4.223
1515959396050	-8.954	-2.03	4.223
1515959396060	-9.031	-2.059	4.223
1515959396071	-9.021	-2.059	4.261
1515959396079	-8.945	-2.039	4.261
1515959396090	-8.782	-2.059	4.319
1515959396101	-8.638	-2.059	4.405
1515959396109	-8.523	-2.068	4.405
1515959396120	-8.504	-2.02	4.367
1515959396134	-8.542	-1.953	4.386
1515959396140	-8.571	-1.886	4.386
1515959396150	-8.542	-1.79	4.348
1515959396164	-8.542	-1.676	4.328
1515959396170	-8.791	-1.532	4.328
1515959396180	-8.954	-1.388	4.338
1515959396194	-9.069	-1.264	4.338
1515959396200	-8.839	-1.187	4.338
1515959396210	-8.897	-1.149	4.386
1515959396225	-8.906	-1.12	4.52
1515959396230	-9.059	-1.149	4.654
1515959396240	-9.328	-1.197	4.798
1515959396255	-9.634	-1.321	4.913
1515959396260	-9.854	-1.417	5.028
1515959396270	-9.979	-1.503	5.114
1515959396285	-9.941	-1.494	5.2
1515959396290	-9.778	-1.264	5.277
1515959396300	-9.529	-1.225	5.353
1515959396319	-9.337	-1.216	5.535
1515959396321	-9.251	-1.369	5.928
1515959396333	-9.107	-1.599	6.1
1515959396366	-8.945	-1.608	5.976
1515959396380	-9.05	-1.331	5.717
1515959396383	-9.443	-0.938	5.43
1515959396384	-9.701	-0.584	5.123
1515959396384	-9.759	-0.287	4.903
1515959396396	-9.663	-0.057	4.807
1515959396407	-9.471	0.105	4.817
1515959396414	-9.184	0.181	4.913
1515959396420	-8.916	0.201	4.999
1515959396433	-8.676	0.114	5.037
1515959396440	-8.312	0.028	4.989
1515959396452	-7.977	0.0	4.817
1515959396463	-7.776	0.076	4.759
1515959396470	-7.776	0.191	4.769
1515959396480	-7.757	0.363	4.549
1515959396494	-7.642	0.488	4.309
1515959396499	-7.451	0.603	4.07
1515959396510	-7.173	0.747	3.763
1515959396521	-6.953	0.948	3.428
1515959396529	-6.895	1.149	3.15
1515959396540	-6.981	1.407	2.959
1515959396553	-7.144	1.57	2.882
1515959396560	-7.249	1.608	2.911
1515959396570	-7.211	1.465	2.978
1515959396587	-7.067	1.245	3.093
1515959396590	-6.876	0.957	3.237
1515959396602	-6.675	0.679	3.428
1515959396616	-6.56	0.488	3.562
1515959396620	-6.55	0.344	3.715
1515959396635	-6.656	0.249	3.811
1515959396646	-6.79	0.181	3.821
1515959396650	-6.895	0.201	3.821
1515959396660	-6.981	0.325	3.782
1515959396675	-7.048	0.565	3.821
1515959396680	-7.067	0.718	3.821
1515959396690	-7.211	0.718	3.792
1515959396705	-7.393	0.632	3.821
1515959396710	-7.403	0.526	3.85
1515959396720	-7.202	0.536	3.955
1515959396735	-7.02	0.603	4.099
1515959396740	-6.991	0.718	4.213
1515959396750	-7.221	0.766	4.213
1515959396765	-7.632	0.785	4.185
1515959396770	-8.054	0.804	4.127
1515959396781	-8.322	0.785	4.079
1515959396795	-8.408	0.766	4.338
1515959396800	-8.36	0.708	4.328
1515959396810	-8.14	0.574	4.568
1515959396825	-7.872	0.421	5.123
1515959396859	-7.623	0.296	5.075
1515959396865	-7.498	0.22	5.152
1515959396868	-7.47	0.143	5.028
1515959396885	-7.508	0.134	5.028
1515959396889	-7.632	0.181	4.731
1515959396891	-7.69	0.249	4.664
1515959396896	-7.661	0.354	4.405
1515959396904	-7.632	0.459	4.166
1515959396910	-7.661	0.603	3.964
1515959396920	-7.795	0.737	3.83
1515959396930	-8.083	0.861	3.773
1515959396947	-8.523	0.861	3.744
1515959396954	-9.088	0.708	3.907
1515959396962	-9.548	0.421	4.194
1515959396975	-9.778	-0.019	4.482
1515959396980	-9.759	-0.478	4.932
1515959396990	-9.433	-0.948	5.334
1515959397003	-8.973	-1.302	5.669
1515959397010	-8.619	-1.599	5.794
1515959397020	-8.514	-1.723	5.717
1515959397033	-8.973	-1.647	5.516
1515959397040	-8.83	-1.522	5.296
1515959397050	-9.079	-1.359	5.133
1515959397063	-8.983	-1.245	5.066
1515959397069	-8.992	-1.139	5.008
1515959397080	-9.021	-1.072	4.951
1515959397093	-9.012	-1.063	4.96
1515959397099	-9.021	-1.12	4.941
1515959397110	-8.973	-1.283	4.989
1515959397126	-8.954	-1.494	5.037
1515959397130	-9.012	-1.857	5.056
1515959397141	-9.117	-2.059	5.066
1515959397157	-9.194	-2.231	5.056
1515959397160	-9.232	-2.375	5.104
1515959397170	-9.136	-2.355	5.123
1515959397183	-8.935	-2.298	5.085
1515959397189	-8.715	-2.193	4.97
1515959397200	-8.6	-2.068	4.817
1515959397213	-8.485	-2.039	4.644
1515959397220	-8.466	-2.059	4.52
1515959397230	-8.504	-2.078	4.415
1515959397246	-8.552	-2.106	4.242
1515959397250	-8.561	-2.087	4.118
1515959397261	-8.542	-2.049	4.012
1515959397274	-8.504	-2.02	3.907
1515959397282	-8.475	-2.001	3.84
1515959397292	-8.456	-2.02	3.802
1515959397310	-8.504	-2.078	3.869
1515959397354	-8.552	-2.126	3.869
1515959397356	-8.648	-2.164	3.85
1515959397357	-8.772	-2.202	3.85
1515959397361	-8.906	-2.26	3.821
1515959397366	-8.973	-2.26	3.763
1515959397372	-8.983	-2.269	3.735
1515959397382	-8.954	-2.202	3.706
1515959397398	-8.935	-2.097	3.754
1515959397400	-8.849	-2.011	3.878
1515959397413	-8.686	-2.001	4.031
1515959397425	-8.59	-2.049	4.146
1515959397430	-8.571	-2.135	4.213
1515959397441	-8.638	-2.202	4.242
1515959397455	-8.724	-2.288	4.204
1515959397460	-8.743	-2.346	4.204
1515959397470	-8.715	-2.375	4.166
1515959397484	-8.638	-2.451	4.127
1515959397489	-8.514	-2.518	4.079
1515959397500	-8.456	-2.547	4.051
1515959397513	-8.408	-2.566	4.012
1515959397519	-8.399	-2.547	3.936
1515959397530	-8.408	-2.547	3.878
1515959397543	-8.447	-2.518	3.821
1515959397549	-8.494	-2.49	3.792
1515959397560	-8.523	-2.423	3.763
1515959397576	-8.561	-2.346	3.744
1515959397592	-8.609	-2.279	3.725
1515959397606	-8.629	-2.269	3.696
1515959397610	-8.609	-2.288	3.639
1515959397622	-8.581	-2.327	3.61
1515959397636	-8.571	-2.442	3.639
1515959397640	-8.629	-2.595	3.601
1515959397651	-8.696	-2.7	3.629
1515959397667	-8.763	-2.739	3.639
1515959397670	-8.715	-2.719	3.696
1515959397682	-8.571	-2.604	3.677
1515959397696	-8.37	-2.499	3.668
1515959397700	-8.245	-2.432	3.639
1515959397712	-8.284	-2.413	3.591
1515959397727	-8.427	-2.384	3.514
1515959397730	-8.609	-2.355	3.419
1515959397742	-8.705	-2.327	3.304
1515959397756	-8.705	-2.288	3.198
1515959397760	-8.619	-2.288	3.131
1515959397772	-8.514	-2.279	2.94
1515959397787	-8.418	-2.346	3.055
1515959397790	-8.38	-2.413	3.083
1515959397802	-8.36	-2.499	3.131
1515959397832	-8.351	-2.547	3.371
1515959397834	-8.37	-2.624	3.265
1515959397838	-8.427	-2.643	3.313
1515959397842	-8.485	-2.624	3.457
1515959397861	-8.571	-2.614	3.505
1515959397862	-8.59	-2.643	3.62
1515959397870	-8.638	-2.643	3.725
1515959397880	-8.676	-2.633	3.811
1515959397891	-8.763	-2.614	3.878
1515959397900	-8.868	-2.566	3.936
1515959397913	-8.954	-2.547	3.993
1515959397921	-9.222	-2.528	4.012
1515959397934	-9.136	-2.557	4.041
1515959397940	-9.194	-2.547	4.089
1515959397951	-9.203	-2.576	4.118
1515959397964	-9.203	-2.528	4.089
1515959397969	-9.194	-2.47	4.051
1515959397980	-9.194	-2.413	3.984
1515959397994	-9.174	-2.346	3.897
1515959397999	-9.184	-2.308	3.878
1515959398010	-9.213	-2.432	3.859
1515959398020	-9.194	-2.308	3.84
1515959398030	-9.136	-2.327	3.85
1515959398041	-9.012	-2.413	3.85
1515959398050	-8.868	-2.595	3.869
1515959398061	-8.753	-2.413	3.869
1515959398071	-8.715	-2.355	3.888
1515959398079	-8.676	-2.288	3.869
1515959398090	-8.734	-2.174	3.888
1515959398101	-8.839	-2.097	3.945
1515959398110	-8.945	-2.097	4.012
1515959398119	-8.973	-2.097	3.926
1515959398130	-8.935	-1.982	3.85
1515959398139	-9.031	-1.819	3.735
1515959398150	-9.213	-1.666	3.61
1515959398175	-9.366	-1.57	3.466
1515959398176	-9.51	-1.465	3.323
1515959398180	-9.663	-1.379	3.256
1515959398190	-9.816	-1.177	3.352
1515959398199	-9.931	-0.967	3.495
1515959398210	-10.065	-0.823	3.725
1515959398229	-10.151	-0.909	4.146
1515959398239	-10.065	-1.063	4.328
1515959398250	-9.95	-1.245	4.462
1515959398260	-9.749	-1.369	4.549
1515959398270	-9.567	-1.417	4.625
1515959398282	-9.414	-1.388	4.683
1515959398290	-9.356	-1.264	4.683
1515959398324	-9.328	-1.12	4.644
1515959398327	-9.337	-0.948	4.539
1515959398341	-9.337	-0.794	4.415
1515959398346	-9.299	-0.632	4.185
1515959398348	-9.194	-0.469	3.897
1515959398363	-9.136	-0.239	3.61
1515959398364	-9.04	-0.114	3.409
1515959398385	-8.935	-0.019	3.313
1515959398387	-8.839	-0.009	3.284
1515959398392	-8.782	0.0	3.323
1515959398402	-8.763	-0.028	3.323
1515959398410	-8.715	-0.086	3.294
1515959398434	-8.6	-0.153	3.284
1515959398435	-8.399	-0.258	3.352
1515959398440	-8.274	-0.354	3.438
1515959398450	-8.207	-0.411	3.505
1515959398460	-8.226	-0.459	3.505
1515959398470	-8.198	-0.488	3.505
1515959398480	-8.121	-0.459	3.457
1515959398490	-7.987	-0.383	3.39
1515959398499	-7.776	-0.277	3.313
1515959398510	-7.537	-0.201	3.237
1515959398520	-7.288	-0.057	3.17
1515959398532	-7.115	0.134	3.102
1515959398540	-7.0	0.277	2.997
1515959398550	-6.933	0.354	2.873
1515959398560	-6.924	0.45	2.796
1515959398570	-6.972	0.517	2.691
1515959398582	-7.087	0.593	2.662
1515959398590	-7.24	0.622	2.614
1515959398600	-7.383	0.632	2.604
1515959398610	-7.518	0.67	2.595
1515959398631	-7.537	0.632	2.633
1515959398632	-7.479	0.603	2.7
1515959398640	-7.47	0.584	2.748
1515959398650	-7.489	0.555	2.834
1515959398660	-7.556	0.526	2.978
1515959398672	-7.747	0.498	3.102
1515959398680	-8.063	0.498	3.227
1515959398690	-8.399	0.498	3.265
1515959398702	-8.743	0.478	3.332
1515959398709	-8.964	0.45	3.486
1515959398720	-9.059	0.325	3.802
1515959398740	-9.012	-0.067	4.099
1515959398750	-8.935	-0.229	4.242
1515959398760	-8.82	-0.392	4.3
1515959398769	-8.734	-0.459	4.28
1515959398780	-8.667	-0.488	4.204
1515959398798	-8.696	-0.459	4.012
1515959398802	-8.542	-0.411	3.802
1515959398819	-8.466	-0.335	3.648
1515959398821	-8.121	-0.306	3.62
1515959398833	-7.632	-0.373	3.696
1515959398848	-7.297	-0.45	3.859
1515959398850	-7.096	-0.584	3.917
1515959398861	-7.154	-0.708	3.888
1515959398870	-7.518	-0.699	3.821
1515959398881	-8.035	-0.488	3.715
1515959398908	-8.561	-0.545	3.581
1515959398909	-8.992	-0.536	3.572
1515959398915	-9.337	-0.679	3.658
1515959398920	-9.577	-0.833	3.802
1515959398930	-9.73	-1.101	4.003
1515959398941	-9.797	-1.426	4.175
1515959398950	-9.854	-1.704	4.357
1515959398960	-9.931	-1.963	4.491
1515959398970	-9.979	-2.183	4.558
1515959398980	-10.027	-2.384	4.606
1515959398990	-10.008	-2.518	4.635
1515959399000	-9.931	-2.576	4.673
1515959399010	-9.797	-2.528	4.683
1515959399020	-9.701	-2.375	4.664
1515959399031	-9.634	-2.231	4.587
1515959399040	-9.644	-2.068	4.501
1515959399050	-9.73	-1.963	4.357
1515959399061	-9.874	-1.857	4.233
1515959399070	-10.017	-1.8	4.118
1515959399081	-10.065	-1.8	4.012
1515959399091	-10.008	-1.8	3.917
1515959399099	-9.845	-1.829	3.878
1515959399110	-9.557	-1.915	3.83
1515959399120	-9.213	-2.02	3.763
1515959399130	-8.897	-2.154	3.754
1515959399140	-8.59	-2.26	3.687
1515959399152	-8.37	-2.336	3.601
1515959399160	-8.207	-2.461	3.476
1515959399170	-8.15	-2.518	3.342
1515959399184	-8.13	-2.585	3.246
1515959399190	-8.188	-2.576	3.198
1515959399200	-8.284	-2.528	3.15
1515959399220	-8.523	-2.327	3.122
1515959399230	-8.696	-2.231	3.112
1515959399243	-8.878	-2.183	3.112
1515959399250	-9.059	-2.145	3.16
1515959399260	-9.174	-2.145	3.208
1515959399274	-9.213	-2.193	3.284
1515959399304	-9.165	-2.279	3.342
1515959399312	-9.107	-2.403	3.428
1515959399316	-9.04	-2.537	3.476
1515959399319	-8.964	-2.672	3.524
1515959399327	-8.945	-2.758	3.581
1515959399332	-8.916	-2.834	3.591
1515959399344	-8.897	-2.892	3.591
1515959399354	-8.878	-2.921	3.591
1515959399365	-8.878	-2.94	3.61
1515959399370	-8.878	-2.921	3.629
1515959399380	-8.878	-2.911	3.62
1515959399393	-8.839	-2.873	3.62
1515959399411	-8.81	-2.796	3.581
1515959399412	-8.791	-2.739	3.524
1515959399421	-8.734	-2.662	3.476
1515959399429	-8.686	-2.643	3.419
1515959399440	-8.629	-2.652	3.361
1515959399454	-8.609	-2.672	3.352
1515959399459	-8.6	-2.691	3.323
1515959399470	-8.571	-2.719	3.342
1515959399482	-8.571	-2.71	3.352
1515959399490	-8.571	-2.739	3.332
1515959399500	-8.59	-2.739	3.342
1515959399511	-8.619	-2.767	3.361
1515959399519	-8.638	-2.806	3.342
1515959399551	-8.629	-2.853	3.342
1515959399552	-8.59	-2.921	3.265
1515959399553	-8.581	-2.892	3.265
1515959399560	-8.6	-2.834	3.237
1515959399571	-8.676	-2.739	3.256
1515959399579	-8.696	-2.729	3.256
1515959399590	-8.609	-2.719	3.237
1515959399602	-8.638	-2.49	3.227
1515959399610	-8.638	-2.595	3.217
1515959399620	-8.724	-2.576	3.208
1515959399631	-8.715	-2.624	3.246
1515959399639	-8.715	-2.691	3.304
1515959399650	-8.705	-2.7	3.323
1515959399661	-8.648	-2.729	3.323
1515959399670	-8.648	-2.7	3.313
1515959399680	-8.619	-2.719	3.294
1515959399692	-8.648	-2.681	3.265
1515959399700	-8.657	-2.691	3.256
1515959399710	-8.686	-2.691	3.246
1515959399721	-8.696	-2.691	3.284
1515959399729	-8.724	-2.7	3.304
1515959399740	-8.782	-2.672	3.304
1515959399754	-8.868	-2.48	3.237
1515959399785	-8.945	-2.566	3.179
1515959399794	-8.992	-2.499	3.17
1515959399799	-8.983	-2.528	3.217
1515959399802	-9.012	-2.566	3.246
1515959399805	-9.04	-2.624	3.323
1515959399818	-9.117	-2.652	3.323
1515959399820	-9.241	-2.681	3.313
1515959399830	-9.347	-2.672	3.275
1515959399845	-9.462	-2.614	3.275
1515959399850	-9.577	-2.566	3.217
1515959399866	-9.625	-2.528	3.227
1515959399882	-9.538	-2.595	3.332
1515959399883	-9.299	-2.719	3.581
1515959399890	-9.002	-2.844	3.859
1515959399903	-8.715	-2.901	4.06
1515959399910	-8.552	-2.911	4.146
1515959399920	-8.619	-2.815	4.127
1515959399932	-8.763	-2.729	4.051
1515959399940	-8.849	-2.624	3.964
1515959399950	-8.839	-2.518	3.869
1515959399962	-8.753	-2.432	3.782
1515959399969	-8.638	-2.355	3.687
1515959399980	-8.542	-2.269	3.572
1515959399993	-8.561	-2.164	3.505
1515959400000	-8.6	-2.078	3.476
1515959400012	-8.648	-2.059	3.476
1515959400025	-8.705	-1.992	3.466
1515959400030	-8.686	-1.925	3.447
1515959400041	-8.676	-1.829	3.419
1515959400053	-8.6	-1.762	3.399
1515959400060	-8.466	-1.714	3.466
1515959400070	-8.36	-1.714	3.533
1515959400084	-8.312	-1.733	3.639
1515959400090	-8.322	-1.8	3.763
1515959400100	-8.418	-1.886	3.917
1515959400114	-8.523	-1.934	4.06
1515959400120	-8.561	-1.972	4.175
1515959400130	-8.619	-1.982	4.261
1515959400145	-8.648	-1.925	4.309
1515959400150	-8.686	-1.857	4.319
1515959400160	-8.724	-1.723	4.271
1515959400175	-8.791	-1.561	4.185
1515959400180	-8.81	-1.35	4.031
1515959400190	-8.772	-1.13	3.878
1515959400204	-8.705	-1.015	3.811
1515959400210	-8.667	-0.967	3.83
1515959400220	-8.657	-0.986	3.917
1515959400235	-8.619	-1.024	4.156
1515959400266	-8.6	-1.11	4.434
1515959400269	-8.6	-1.197	4.702
1515959400272	-8.657	-1.273	5.018
1515959400282	-8.839	-1.321	5.2
1515959400284	-9.021	-1.245	5.286
1515959400301	-9.232	-1.043	5.248
1515959400312	-9.165	-1.043	5.43
1515959400325	-8.82	-1.13	5.334
1515959400330	-8.81	-1.072	5.334
1515959400340	-8.849	-0.804	5.095
1515959400354	-9.423	-0.507	4.951
1515959400360	-9.308	-0.335	4.951
1515959400375	-9.337	-0.229	4.826
1515959400390	-9.395	-0.22	4.731
1515959400391	-9.443	-0.249	4.577
1515959400400	-9.644	-0.153	4.491
1515959400412	-9.931	0.028	4.424
1515959400420	-10.19	0.325	4.424
1515959400434	-10.103	0.622	4.357
1515959400444	-9.778	0.766	4.453
1515959400450	-9.337	0.727	4.635
1515959400460	-8.743	0.593	4.807
1515959400473	-8.15	0.488	5.037
1515959400480	-7.786	0.335	5.085
1515959400490	-7.767	0.134	4.798
1515959400505	-7.929	0.028	4.233
1515959400510	-8.207	0.181	3.696
1515959400525	-8.121	0.526	3.294
1515959400535	-8.169	0.9	2.978
1515959400540	-7.891	1.302	2.739
1515959400550	-7.527	1.589	2.739
1515959400563	-7.182	1.723	2.93
1515959400572	-6.943	1.484	3.016
1515959400580	-6.943	1.484	3.055
1515959400593	-7.087	0.871	3.102
1515959400599	-7.249	0.517	3.112
1515959400610	-7.345	0.172	3.179
1515959400623	-7.336	0.296	3.304
1515959400630	-7.221	0.44	3.361
1515959400640	-7.077	0.536	3.505
1515959400656	-7.01	0.651	3.514
1515959400660	-7.0	0.737	3.514
1515959400671	-7.077	0.785	3.486
1515959400686	-7.096	0.766	3.39
1515959400690	-7.096	0.727	3.399
1515959400701	-7.115	0.651	3.466
1515959400717	-7.211	0.536	3.505
1515959400720	-7.412	0.517	3.543
1515959400759	-7.709	0.584	3.543
1515959400763	-8.054	0.775	3.514
1515959400767	-8.341	0.986	3.419
1515959400769	-8.533	1.168	3.313
1515959400771	-8.638	1.235	3.304
1515959400782	-8.667	1.187	3.323
1515959400792	-8.686	1.091	3.505
1515959400802	-8.705	0.909	3.754
1515959400810	-8.763	0.699	4.108
1515959400821	-8.839	0.43	4.462
1515959400838	-8.906	0.239	4.616
1515959400840	-9.059	0.249	4.692
1515959400851	-9.203	0.354	4.664
1515959400864	-9.194	0.383	4.577
1515959400870	-9.05	0.335	4.501
1515959400880	-8.839	0.181	4.482
1515959400895	-8.552	0.038	4.386
1515959400900	-8.351	0.134	4.204
1515959400910	-8.293	0.363	4.012
1515959400925	-8.226	0.565	3.869
1515959400930	-8.159	0.737	3.744
1515959400940	-8.178	0.794	3.715
1515959400953	-8.293	0.727	3.773
1515959400959	-8.504	0.555	3.878
1515959400970	-8.782	0.325	4.051
1515959400986	-9.088	0.076	4.271
1515959400990	-9.337	-0.249	4.501
1515959401001	-9.471	-0.574	4.654
1515959401016	-9.5	-0.852	4.865
1515959401020	-9.376	-1.015	5.008
1515959401031	-9.165	-1.015	5.104
1515959401050	-8.839	-0.651	5.152
1515959401061	-8.772	-0.498	5.056
1515959401076	-8.801	-0.383	4.836
1515959401080	-8.82	-0.306	4.587
1515959401091	-8.791	-0.239	4.338
1515959401106	-8.734	-0.22	4.166
1515959401110	-8.667	-0.191	4.06
1515959401121	-8.619	-0.21	4.003
1515959401136	-8.581	-0.268	3.974
1515959401140	-8.59	-0.354	3.945
1515959401152	-8.629	-0.459	3.964
1515959401167	-8.743	-0.603	3.955
1515959401170	-8.858	-0.737	3.936
1515959401182	-8.983	-0.909	3.984
1515959401197	-9.107	-1.101	4.012
1515959401213	-9.165	-1.494	4.108
1515959401223	-9.127	-1.628	4.127
1515959401243	-9.059	-1.695	4.118
1515959401244	-8.992	-1.733	4.089
1515959401259	-8.935	-1.743	4.051
1515959401260	-8.897	-1.752	3.85
1515959401272	-8.897	-1.8	3.974
1515959401287	-8.906	-1.867	3.945
1515959401290	-8.945	-1.953	3.907
1515959401302	-8.935	-2.011	3.888
1515959401316	-8.935	-2.059	3.907
1515959401320	-8.868	-2.068	3.907
1515959401330	-8.763	-2.078	3.926
1515959401346	-8.676	-2.059	3.926
1515959401350	-8.609	-2.049	3.955
1515959401360	-8.782	-2.068	3.936
1515959401374	-8.696	-2.106	3.945
1515959401380	-8.973	-2.164	3.907
1515959401393	-9.098	-2.241	3.878
1515959401406	-9.079	-2.288	3.888
1515959401409	-9.059	-2.336	3.897
1515959401420	-8.954	-2.394	3.936
1515959401433	-8.82	-2.413	4.003
1515959401439	-8.696	-2.432	4.06
1515959401450	-8.6	-2.461	4.079
1515959401466	-8.552	-2.518	4.079
1515959401470	-8.523	-2.719	4.041
1515959401482	-8.542	-2.796	3.974
1515959401496	-8.59	-2.796	3.926
1515959401500	-8.648	-2.901	3.917
1515959401512	-8.686	-2.911	3.926
1515959401526	-8.686	-2.892	3.955
1515959401530	-8.696	-2.834	3.993
1515959401542	-8.657	-2.767	3.945
1515959401556	-8.552	-2.767	3.907
1515959401560	-8.466	-2.806	3.888
1515959401572	-8.418	-2.873	3.85
1515959401580	-8.437	-2.844	3.773
1515959401590	-8.389	-2.748	3.658
1515959401602	-8.207	-2.767	3.658
1515959401610	-8.035	-2.825	3.763
1515959401620	-7.92	-2.968	3.802
1515959401632	-7.843	-3.16	3.792
1515959401640	-7.853	-3.361	3.792
1515959401650	-7.92	-3.447	3.859
1515959401662	-7.901	-3.466	3.945
1515959401670	-7.843	-3.505	4.06
1515959401680	-7.738	-3.601	4.194
1515959401692	-7.613	-3.754	4.233
1515959401700	-7.479	-3.84	4.223
1515959401730	-7.489	-3.917	4.28
1515959401739	-7.546	-3.936	4.338
1515959401742	-7.632	-3.936	4.348
1515959401749	-7.7	-3.926	4.328
1515959401754	-7.738	-3.859	4.319
1515959401765	-7.747	-3.754	4.28
1515959401771	-7.757	-3.61	4.29
1515959401782	-7.795	-3.447	4.223
1515959401790	-7.843	-3.294	4.118
1515959401800	-7.91	-3.189	4.012
1515959401812	-7.939	-3.17	3.964
1515959401820	-7.939	-3.17	3.907
1515959401830	-7.901	-3.227	3.907
1515959401841	-7.881	-3.313	3.926
1515959401850	-7.891	-3.332	3.917
1515959401860	-7.91	-3.371	3.888
1515959401870	-7.977	-3.438	3.888
1515959401880	-8.006	-3.533	3.869
1515959401890	-8.044	-3.639	3.869
1515959401900	-8.044	-3.744	3.897
1515959401910	-8.016	-3.821	3.897
1515959401920	-7.929	-3.878	3.888
1515959401931	-7.805	-3.945	3.811
1515959401940	-7.728	-3.974	3.744
1515959401950	-7.7	-4.003	3.696
1515959401962	-7.728	-4.012	3.773
1515959401970	-7.881	-3.993	3.84
1515959401980	-8.092	-3.984	3.926
1515959401992	-8.293	-3.917	3.984
1515959402000	-8.38	-3.869	4.012
1515959402010	-8.36	-3.84	3.984
1515959402022	-8.284	-3.84	3.926
1515959402030	-8.217	-3.792	3.869
1515959402040	-8.169	-3.763	3.821
1515959402052	-8.159	-3.706	3.782
1515959402060	-8.14	-3.639	3.735
1515959402070	-8.14	-3.581	3.668
1515959402082	-8.13	-3.533	3.533
1515959402090	-8.073	-3.524	3.533
1515959402100	-8.054	-3.524	3.524
1515959402112	-8.207	-3.543	3.524
1515959402120	-8.083	-3.572	3.677
1515959402130	-8.14	-3.62	3.581
1515959402140	-8.159	-3.62	3.715
1515959402150	-8.15	-3.687	3.715
1515959402160	-8.14	-3.754	3.754
1515959402170	-8.15	-3.84	3.773
1515959402180	-8.169	-3.878	3.773
1515959402203	-8.188	-3.945	3.802
1515959402225	-8.36	-4.003	3.85
1515959402226	-8.514	-4.012	3.878
1515959402227	-8.609	-3.984	3.917
1515959402240	-8.782	-3.936	3.936
1515959402244	-8.935	-3.821	3.984
1515959402253	-9.069	-3.735	4.012
1515959402261	-9.165	-3.648	4.012
1515959402271	-9.251	-3.581	4.022
1515959402287	-9.318	-3.543	4.012
1515959402293	-9.376	-3.39	3.993
1515959402300	-9.471	-3.514	4.041
1515959402310	-9.596	-3.514	4.041
1515959402323	-9.692	-3.668	3.964
1515959402330	-9.749	-3.553	3.945
1515959402351	-9.711	-3.39	3.897
1515959402353	-9.634	-3.466	3.888
1515959402360	-9.596	-3.428	3.917
1515959402370	-9.577	-3.419	3.917
1515959402396	-9.653	-3.361	3.917
1515959402397	-9.778	-3.342	4.099
1515959402400	-9.759	-3.409	4.099
1515959402411	-9.615	-3.332	3.984
1515959402420	-9.51	-3.17	3.85
1515959402430	-9.625	-2.882	3.782
1515959402443	-9.835	-2.652	3.725
1515959402450	-9.921	-2.509	3.658
1515959402460	-9.921	-2.47	3.773
1515959402472	-9.768	-2.509	3.83
1515959402480	-9.49	-2.537	3.792
1515959402496	-9.174	-2.576	3.62
1515959402504	-8.925	-2.604	3.524
1515959402510	-8.734	-2.633	3.457
1515959402520	-8.609	-2.624	3.371
1515959402537	-8.59	-2.614	3.495
1515959402550	-8.514	-2.461	3.38
1515959402561	-8.399	-2.355	3.256
1515959402570	-8.226	-2.241	3.122
1515959402580	-7.949	-2.154	2.921
1515959402591	-7.719	-2.03	2.662
1515959402600	-7.508	-1.829	2.528
1515959402610	-7.383	-1.647	2.537
1515959402622	-7.278	-1.503	2.518
1515959402630	-7.24	-1.407	2.451
1515959402640	-7.307	-1.292	2.346
1515959402651	-7.355	-1.187	2.269
1515959402660	-7.374	-1.082	2.126
1515959402672	-7.297	-0.919	1.972
1515959402698	-7.221	-0.756	1.896
1515959402701	-7.163	-0.612	1.819
1515959402708	-7.154	-0.555	1.857
1515959402716	-7.163	-0.545	1.934
1515959402722	-7.125	-0.517	2.039
1515959402730	-7.048	-0.526	2.154
1515959402747	-7.02	-0.488	2.269
1515959402750	-7.039	-0.44	2.384
1515959402766	-7.192	-0.459	2.48
1515959402774	-7.451	-0.536	2.557
1515959402789	-7.757	-0.651	2.633
1515959402799	-8.102	-0.785	2.691
1515959402803	-8.399	-0.919	2.71
1515959402813	-8.705	-1.053	2.7
1515959402827	-8.925	-1.177	2.71
1515959402839	-9.059	-1.312	2.949
1515959402840	-9.079	-1.455	2.949
1515959402853	-9.04	-1.599	3.122
1515959402865	-9.079	-1.685	3.38
1515959402870	-9.146	-1.781	3.38
1515959402881	-9.184	-1.896	3.495
1515959402893	-9.222	-1.972	3.715
1515959402900	-9.203	-2.039	3.715
1515959402910	-9.184	-2.116	3.792
1515959402922	-9.194	-2.164	3.668
1515959402930	-9.28	-2.087	3.668
1515959402940	-9.318	-2.02	3.533
1515959402952	-9.423	-1.925	3.342
1515959402960	-9.423	-1.886	3.342
1515959402970	-9.395	-1.915	3.342
1515959402984	-9.356	-1.953	3.313
1515959402990	-9.356	-1.953	3.275
1515959403002	-9.366	-1.953	3.304
1515959403015	-9.462	-2.039	3.352
1515959403020	-9.462	-2.039	3.38
1515959403031	-9.711	-2.154	3.438
1515959403045	-9.816	-2.317	3.486
1515959403050	-9.768	-2.48	3.562
1515959403061	-9.778	-2.633	3.61
1515959403075	-9.605	-2.729	3.639
1515959403080	-9.366	-2.806	3.744
1515959403092	-9.107	-2.892	3.85
1515959403105	-8.906	-2.777	3.869
1515959403110	-8.791	-2.882	3.811
1515959403122	-8.772	-2.834	3.696
1515959403135	-8.858	-2.624	3.533
1515959403140	-8.983	-2.71	3.399
1515959403151	-9.079	-2.576	3.246
1515959403185	-9.069	-2.576	3.131
1515959403205	-8.954	-2.432	3.093
1515959403208	-8.801	-2.403	3.122
1515959403209	-8.648	-2.413	3.198
1515959403217	-8.514	-2.451	3.275
1515959403218	-8.561	-2.537	3.332
1515959403223	-8.753	-2.662	3.38
1515959403230	-9.069	-2.815	3.399
1515959403241	-9.443	-2.978	3.419
1515959403256	-9.711	-3.112	3.447
1515959403260	-9.826	-3.217	3.486
1515959403271	-9.759	-3.246	3.591
1515959403284	-9.586	-3.208	3.639
1515959403290	-9.328	-3.179	3.715
1515959403303	-9.059	-3.15	3.744
1515959403314	-8.83	-3.102	3.706
1515959403320	-8.676	-3.045	3.601
1515959403330	-8.581	-3.074	3.476
1515959403342	-8.504	-3.093	3.38
1515959403350	-8.504	-3.179	3.332
1515959403360	-8.561	-3.284	3.313
1515959403380	-8.667	-3.428	3.313
1515959403390	-8.715	-3.447	3.371
1515959403402	-8.686	-3.399	3.409
1515959403410	-8.648	-3.304	3.466
1515959403420	-8.533	-3.217	3.543
1515959403432	-8.351	-3.17	3.562
1515959403440	-8.198	-3.17	3.562
1515959403450	-8.083	-3.227	3.591
1515959403462	-8.092	-3.332	3.62
1515959403470	-8.15	-3.447	3.629
1515959403480	-8.255	-3.601	3.668
1515959403494	-8.38	-3.687	3.639
1515959403500	-8.504	-3.744	3.62
1515959403510	-8.571	-3.754	3.572
1515959403522	-8.59	-3.725	3.562
1515959403530	-8.533	-3.658	3.514
1515959403540	-8.389	-3.601	3.476
1515959403552	-8.217	-3.572	3.447
1515959403560	-8.073	-3.572	3.428
1515959403570	-7.987	-3.562	3.428
1515959403585	-7.91	-3.495	3.371
1515959403590	-7.929	-3.457	3.38
1515959403602	-8.006	-3.457	3.361
1515959403616	-8.121	-3.476	3.284
1515959403620	-8.188	-3.514	3.246
1515959403631	-8.169	-3.572	3.208
1515959403646	-8.111	-3.591	3.208
1515959403700	-8.025	-3.591	3.246
1515959403706	-7.987	-3.62	3.304
1515959403710	-8.006	-3.62	3.352
1515959403710	-8.063	-3.629	3.409
1515959403711	-8.15	-3.648	3.428
1515959403717	-8.265	-3.687	3.466
1515959403718	-8.332	-3.696	3.447
1515959403728	-8.37	-3.725	3.447
1515959403730	-8.351	-3.763	3.495
1515959403740	-8.312	-3.84	3.543
1515959403752	-8.303	-3.907	3.581
1515959403771	-8.322	-3.936	3.687
1515959403772	-8.341	-3.964	3.687
1515959403784	-8.408	-3.955	3.744
1515959403795	-8.504	-3.888	3.735
1515959403800	-8.504	-3.773	3.735
1515959403811	-8.514	-3.677	3.715
1515959403825	-8.37	-3.591	3.696
1515959403830	-8.37	-3.562	3.696
1515959403846	-8.274	-3.581	3.754
1515959403855	-8.207	-3.668	3.792
1515959403860	-8.255	-3.725	3.735
1515959403870	-8.303	-3.811	3.725
1515959403883	-8.408	-3.869	3.648
1515959403889	-8.456	-3.869	3.533
1515959403900	-8.236	-3.869	3.524
1515959403913	-8.322	-3.84	3.486
1515959403920	-8.073	-3.773	3.466
1515959403930	-8.121	-3.687	3.466
1515959403943	-8.13	-3.639	3.457
1515959403950	-8.15	-3.648	3.466
1515959403960	-8.159	-3.687	3.447
1515959403975	-8.178	-3.677	3.447
1515959403980	-8.14	-3.687	3.486
1515959403991	-8.169	-3.687	3.514
1515959404007	-8.198	-3.706	3.533
1515959404010	-8.265	-3.524	3.524
1515959404021	-8.322	-3.62	3.486
1515959404036	-8.38	-3.572	3.495
1515959404040	-8.408	-3.543	3.476
1515959404052	-8.437	-3.476	3.495
1515959404066	-8.437	-3.399	3.486
1515959404070	-8.475	-3.313	3.486
1515959404082	-8.485	-3.198	3.486
1515959404096	-8.523	-3.16	3.486
1515959404100	-8.533	-3.17	3.466
1515959404111	-8.542	-3.208	3.428
1515959404128	-8.523	-3.246	3.457
1515959404173	-8.485	-3.294	3.428
1515959404178	-8.418	-3.323	3.457
1515959404181	-8.332	-3.323	3.476
1515959404182	-8.217	-3.332	3.505
1515959404184	-8.111	-3.332	3.486
1515959404185	-8.13	-3.332	3.476
1515959404197	-8.226	-3.352	3.476
1515959404205	-8.38	-3.39	3.505
1515959404217	-8.523	-3.371	3.581
1515959404220	-8.667	-3.38	3.668
1515959404231	-8.734	-3.361	3.725
1515959404246	-8.763	-3.332	3.763
1515959404274	-8.81	-3.265	3.754
1515959404275	-8.878	-3.198	3.706
1515959404276	-9.05	-3.131	3.658
1515959404281	-9.232	-3.064	3.62
1515959404290	-9.395	-2.978	3.629
1515959404307	-9.404	-2.911	3.763
1515959404310	-9.318	-2.796	3.888
1515959404320	-9.184	-2.652	3.907
1515959404330	-9.098	-2.537	3.907
1515959404340	-9.088	-2.432	3.84
1515959404364	-9.184	-2.355	3.792
1515959404365	-9.27	-2.269	3.744
1515959404370	-9.356	-2.241	3.715
1515959404380	-9.347	-2.241	3.725
1515959404403	-9.165	-2.336	3.811
1515959404406	-9.165	-2.413	3.811
1515959404412	-9.059	-2.49	3.897
1515959404424	-8.992	-2.528	3.984
1515959404430	-9.04	-2.48	4.079
1515959404440	-9.232	-2.442	4.108
1515959404454	-9.414	-2.384	4.041
1515959404463	-9.596	-2.317	3.993
1515959404470	-9.644	-2.336	3.984
1515959404484	-9.452	-2.423	3.993
1515959404490	-9.088	-2.547	4.185
1515959404502	-8.676	-2.662	4.644
1515959404511	-8.303	-2.729	4.922
1515959404520	-8.198	-2.557	4.807
1515959404530	-8.609	-2.212	4.558
1515959404546	-9.222	-1.8	4.003
1515959404550	-9.692	-1.417	4.031
1515959404560	-9.797	-1.149	3.696
1515959404574	-9.567	-0.967	3.371
1515959404580	-9.194	-0.938	3.246
1515959404592	-8.878	-0.976	3.045
1515959404607	-8.667	-0.986	3.016
1515959404627	-8.638	-0.938	2.825
1515959404634	-8.782	-0.833	2.681
1515959404638	-8.916	-0.766	2.537
1515959404644	-8.925	-0.737	2.585
1515959404653	-8.743	-0.823	2.844
1515959404665	-8.389	-0.957	2.997
1515959404670	-7.949	-1.063	3.208
1515959404682	-7.585	-1.11	3.371
1515959404697	-7.393	-1.11	3.342
1515959404702	-7.336	-1.11	3.17
1515959404710	-7.383	-1.101	3.016
1515959404724	-7.46	-1.072	2.873
1515959404730	-7.498	-0.996	2.719
1515959404740	-7.345	-0.909	2.633
1515959404754	-7.383	-0.804	2.585
1515959404760	-7.278	-0.651	2.537
1515959404770	-7.058	-0.545	2.442
1515959404784	-7.134	-0.498	2.423
1515959404790	-6.953	-0.488	2.451
1515959404801	-6.943	-0.517	2.528
1515959404816	-7.096	-0.526	2.633
1515959404823	-7.451	-0.517	2.681
1515959404832	-7.958	-0.507	2.662
1515959404847	-8.38	-0.498	2.614
1515959404850	-8.648	-0.498	2.624
1515959404861	-8.705	-0.574	2.681
1515959404878	-8.724	-0.727	2.786
1515959404880	-8.743	-0.766	2.93
1515959404894	-8.763	-0.881	3.112
1515959404909	-8.839	-1.024	3.323
1515959404911	-8.945	-1.177	3.486
1515959404924	-9.098	-1.245	3.648
1515959404942	-9.308	-1.331	3.735
1515959404943	-9.481	-1.407	3.821
1515959404955	-9.586	-1.513	3.84
1515959404969	-9.557	-1.618	3.83
1515959404971	-9.376	-1.695	3.83
1515959404982	-9.165	-1.695	3.936
1515959404998	-8.935	-1.723	4.012
1515959405000	-8.753	-1.656	3.984
1515959405017	-8.772	-1.494	3.85
1515959405029	-8.945	-1.312	3.687
1515959405030	-9.174	-1.149	3.524
1515959405041	-9.328	-1.082	3.438
1515959405055	-9.395	-1.101	3.38
1515959405059	-9.347	-1.158	3.419
1515959405070	-9.27	-1.264	3.447
1515959405085	-9.194	-1.369	3.495
1515959405108	-9.174	-1.484	3.572
1515959405121	-9.28	-1.589	3.62
1515959405124	-9.385	-1.685	3.62
1515959405127	-9.481	-1.733	3.591
1515959405146	-9.557	-1.8	3.562
1515959405147	-9.529	-1.857	3.601
1515959405154	-9.318	-1.972	3.629
1515959405163	-9.059	-2.068	3.715
1515959405171	-8.849	-2.126	3.802
1515959405180	-8.724	-2.164	3.917
1515959405192	-8.715	-2.202	3.964
1515959405205	-8.858	-2.241	4.012
1515959405210	-9.098	-2.298	3.964
1515959405221	-9.337	-2.375	3.869
1515959405236	-9.605	-2.442	3.754
1515959405242	-9.768	-2.547	3.658
1515959405251	-9.797	-2.595	3.61
1515959405261	-9.73	-2.585	3.62
1515959405270	-9.577	-2.614	3.735
1515959405280	-9.28	-2.614	3.706
1515959405291	-8.992	-2.537	3.591
1515959405300	-8.772	-2.375	3.486
1515959405310	-8.629	-2.241	3.419
1515959405320	-8.59	-2.212	3.419
1515959405330	-8.571	-2.336	3.352
1515959405341	-8.542	-2.537	3.217
1515959405350	-8.494	-2.719	3.122
1515959405360	-8.447	-2.796	3.093
1515959405370	-8.466	-2.777	3.179
1515959405379	-8.494	-2.719	3.265
1515959405390	-8.504	-2.652	3.352
1515959405401	-8.494	-2.624	3.371
1515959405410	-8.523	-2.681	3.428
1515959405420	-8.533	-2.739	3.38
1515959405457	-8.571	-2.796	3.323
1515959405458	-8.667	-2.873	3.284
1515959405459	-8.753	-2.911	3.275
1515959405463	-8.839	-2.901	3.275
1515959405469	-8.897	-2.892	3.342
1515959405480	-8.925	-2.873	3.38
1515959405491	-8.916	-2.882	3.237
1515959405502	-8.897	-2.911	3.361
1515959405511	-8.868	-2.94	3.332
1515959405524	-8.868	-2.949	3.275
1515959405530	-8.858	-2.949	3.237
1515959405540	-8.839	-2.968	3.227
1515959405550	-8.849	-3.035	3.237
1515959405559	-8.82	-3.093	3.227
1515959405584	-8.81	-3.17	3.246
1515959405592	-8.753	-3.217	3.332
1515959405599	-8.715	-3.265	3.323
1515959405601	-8.667	-3.313	3.294
1515959405617	-8.648	-3.332	3.313
1515959405626	-8.638	-3.342	3.294
1515959405632	-8.676	-3.342	3.313
1515959405642	-8.705	-3.342	3.275
1515959405667	-8.696	-3.361	3.227
1515959405669	-8.705	-3.361	3.208
1515959405674	-8.648	-3.352	3.16
1515959405679	-8.638	-3.332	3.17
1515959405690	-8.629	-3.304	3.189
1515959405702	-8.657	-3.466	3.16
1515959405710	-8.686	-3.39	3.208
1515959405720	-8.705	-3.419	3.17
1515959405731	-8.696	-3.505	3.189
1515959405740	-8.648	-3.524	3.17
1515959405750	-8.59	-3.553	3.141
1515959405761	-8.533	-3.524	3.15
1515959405769	-8.523	-3.514	3.189
1515959405780	-8.542	-3.505	3.208
1515959405792	-8.561	-3.533	3.227
1515959405800	-8.638	-3.553	3.198
1515959405810	-8.696	-3.572	3.17
1515959405820	-8.743	-3.562	3.15
1515959405830	-8.753	-3.524	3.141
1515959405840	-8.686	-3.457	3.131
1515959405851	-8.59	-3.409	3.122
1515959405860	-8.485	-3.332	3.15
1515959405870	-8.399	-3.313	3.141
1515959405881	-8.36	-3.313	3.141
1515959405889	-8.332	-3.352	3.16
1515959405900	-8.341	-3.419	3.189
1515959405911	-8.408	-3.476	3.189
1515959405920	-8.475	-3.495	3.208
1515959405930	-8.523	-3.553	3.198
1515959405942	-8.552	-3.553	3.217
1515959405949	-8.552	-3.591	3.275
1515959405960	-8.561	-3.658	3.419
1515959405971	-8.533	-3.782	3.486
1515959405979	-8.523	-3.85	3.543
1515959405990	-8.514	-3.869	3.639
1515959406001	-8.437	-3.869	3.658
1515959406009	-8.408	-3.878	3.658
1515959406020	-8.341	-3.917	3.696
1515959406031	-8.293	-3.917	3.581
1515959406040	-8.293	-3.821	3.495
1515959406066	-8.351	-3.648	3.352
1515959406068	-8.456	-3.447	3.217
1515959406087	-8.552	-3.246	3.055
1515959406088	-8.6	-3.122	2.901
1515959406097	-8.619	-3.016	2.825
1515959406100	-8.609	-2.968	2.786
1515959406110	-8.571	-2.978	2.806
1515959406121	-8.552	-2.978	2.863
1515959406129	-8.571	-3.007	2.94
1515959406140	-8.59	-3.035	2.997
1515959406152	-8.6	-3.074	3.064
1515959406159	-8.609	-3.131	3.17
1515959406170	-8.629	-3.217	3.275
1515959406182	-8.686	-3.256	3.352
1515959406190	-8.743	-3.332	3.447
1515959406200	-8.82	-3.371	3.524
1515959406214	-8.868	-3.371	3.591
1515959406220	-8.887	-3.352	3.629
1515959406231	-8.897	-3.313	3.629
1515959406242	-8.916	-3.275	3.572
1515959406250	-8.878	-3.189	3.486
1515959406260	-8.878	-3.093	3.419
1515959406271	-8.945	-2.968	3.38
1515959406279	-9.069	-2.892	3.361
1515959406290	-9.184	-2.863	3.39
1515959406301	-9.328	-2.834	3.409
1515959406309	-9.519	-2.786	3.409
1515959406332	-9.749	-2.652	3.62
1515959406340	-9.787	-2.576	3.62
1515959406350	-9.73	-2.509	3.706
1515959406364	-9.586	-2.413	3.84
1515959406370	-9.586	-2.413	3.993
1515959406380	-9.577	-2.384	3.993
1515959406394	-9.711	-2.423	4.07
1515959406405	-9.711	-2.423	4.108
1515959406413	-9.988	-2.47	4.156
1515959406437	-9.921	-2.48	4.185
1515959406438	-9.768	-2.48	4.213
1515959406442	-9.864	-2.413	4.175
1515959406452	-9.807	-2.355	4.07
1515959406459	-9.596	-2.269	3.964
1515959406473	-9.692	-2.145	3.888
1515959406482	-9.605	-2.049	3.85
1515959406489	-9.481	-1.925	3.773
1515959406500	-9.404	-1.781	3.687
1515959406512	-9.337	-1.541	3.601
1515959406520	-9.289	-1.388	3.505
1515959406530	-9.241	-1.455	3.428
1515959406565	-9.165	-1.417	3.304
1515959406567	-9.059	-1.225	3.294
1515959406573	-8.83	-1.35	3.265
1515959406578	-8.6	-1.273	3.237
1515959406589	-8.399	-1.158	3.246
1515959406591	-8.303	-1.034	3.141
1515959406618	-8.226	-0.881	3.007
1515959406619	-8.13	-0.766	2.863
1515959406627	-8.121	-0.718	2.834
1515959406636	-8.13	-0.727	2.729
1515959406640	-8.044	-0.727	2.614
1515959406651	-7.929	-0.699	2.585
1515959406663	-7.786	-0.641	2.576
1515959406677	-7.642	-0.584	2.585
1515959406686	-7.498	-0.488	2.614
1515959406699	-7.393	-0.411	2.633
1515959406703	-7.345	-0.383	2.7
1515959406723	-7.336	-0.392	2.672
1515959406724	-7.355	-0.45	2.643
1515959406730	-7.383	-0.526	2.604
1515959406740	-7.383	-0.593	2.633
1515959406752	-7.364	-0.612	2.691
1515959406759	-7.355	-0.555	2.748
1515959406770	-7.364	-0.44	2.7
1515959406783	-7.374	-0.287	2.624
1515959406790	-7.336	-0.143	2.557
1515959406800	-7.278	-0.057	2.557
1515959406813	-7.23	-0.038	2.518
1515959406820	-7.221	-0.047	2.509
1515959406830	-7.288	-0.105	2.509
1515959406845	-7.738	-0.143	2.566
1515959406849	-7.738	-0.191	2.566
1515959406860	-8.083	-0.249	2.624
1515959406871	-8.447	-0.325	2.71
1515959406880	-8.715	-0.478	2.767
1515959406890	-8.801	-0.574	2.786
1515959406903	-8.81	-0.689	2.911
1515959406919	-8.82	-0.718	3.064
1515959406920	-8.791	-0.775	3.189
1515959406933	-8.772	-0.861	3.39
1515959406940	-8.763	-0.976	3.543
1515959406950	-8.791	-1.158	3.677
1515959406964	-8.916	-1.34	3.725
1515959406976	-9.107	-1.494	3.687
1515959406982	-9.299	-1.561	3.524
1515959406992	-9.414	-1.57	3.371
1515959406999	-9.404	-1.561	3.217
1515959407010	-9.213	-1.541	3.131
1515959407049	-8.945	-1.465	3.064
1515959407051	-8.753	-1.417	3.074
1515959407057	-8.667	-1.388	3.055
1515959407058	-8.715	-1.35	2.988
1515959407068	-8.973	-1.35	2.94
1515959407075	-9.27	-1.426	2.853
1515959407087	-9.481	-1.541	2.815
1515959407090	-9.625	-1.695	2.844
1515959407107	-9.634	-1.896	3.007
1515959407115	-9.481	-2.049	3.419
1515959407120	-9.299	-2.135	3.419
1515959407131	-9.241	-2.126	3.524
1515959407143	-9.299	-2.097	3.553
1515959407150	-9.414	-2.068	3.514
1515959407160	-9.567	-2.154	3.495
1515959407174	-9.692	-2.298	3.505
1515959407180	-9.807	-2.47	3.687
1515959407190	-9.864	-2.576	3.591
1515959407203	-9.988	-2.604	3.553
1515959407210	-9.988	-2.604	3.399
1515959407220	-9.998	-2.537	3.409
1515959407234	-9.912	-2.499	3.39
1515959407240	-9.912	-2.48	3.371
1515959407251	-9.625	-2.499	3.419
1515959407265	-9.49	-2.576	3.419
1515959407270	-9.337	-2.576	3.428
1515959407281	-9.194	-2.633	3.438
1515959407296	-9.222	-2.7	3.438
1515959407300	-9.088	-2.767	3.447
1515959407311	-9.088	-2.834	3.438
1515959407326	-9.117	-2.892	3.419
1515959407330	-9.184	-2.911	3.409
1515959407341	-9.251	-2.911	3.361
1515959407356	-9.289	-2.94	3.361
1515959407360	-9.289	-2.949	3.399
1515959407373	-9.289	-3.16	3.419
1515959407386	-9.261	-3.074	3.409
1515959407390	-9.203	-3.208	3.323
1515959407401	-9.146	-3.227	3.304
1515959407416	-9.059	-3.265	3.265
1515959407420	-8.983	-3.265	3.208
1515959407431	-8.868	-3.294	3.208
1515959407452	-8.763	-3.284	3.208
1515959407454	-8.629	-3.304	3.237
1515959407460	-8.552	-3.275	3.217
1515959407473	-8.475	-3.237	3.189
1515959407479	-8.466	-3.17	3.131
1515959407490	-8.514	-3.112	3.074
1515959407511	-8.59	-3.064	3.045
1515959407523	-8.686	-3.045	3.035
1515959407527	-8.743	-3.045	3.055
1515959407542	-8.82	-3.093	3.055
1515959407547	-8.878	-3.122	3.074
1515959407553	-8.925	-3.141	3.093
1515959407565	-8.992	-3.208	3.093
1515959407570	-9.012	-3.246	3.083
1515959407580	-8.983	-3.256	3.064
1515959407595	-8.887	-3.227	3.055
1515959407600	-8.686	-3.208	3.122
1515959407610	-8.447	-3.265	3.208
1515959407625	-8.188	-3.371	3.294
1515959407630	-8.035	-3.524	3.419
1515959407641	-7.91	-3.677	3.505
1515959407653	-7.843	-3.763	3.533
1515959407659	-7.872	-3.754	3.533
1515959407670	-8.016	-3.706	3.486
1515959407683	-8.188	-3.62	3.438
1515959407689	-8.341	-3.61	3.409
1515959407700	-8.36	-3.62	3.399
1515959407714	-8.284	-3.687	3.457
1515959407719	-8.207	-3.763	3.533
1515959407730	-8.159	-3.763	3.601
1515959407744	-8.14	-3.754	3.62
1515959407750	-8.102	-3.706	3.658
1515959407760	-8.102	-3.648	3.601
1515959407775	-8.111	-3.562	3.553
1515959407780	-8.121	-3.476	3.457
1515959407791	-8.178	-3.399	3.342
1515959407806	-8.284	-3.304	3.237
1515959407810	-8.408	-3.246	3.198
1515959407821	-8.523	-3.198	3.189
1515959407836	-8.59	-3.179	3.237
1515959407840	-8.609	-3.179	3.217
1515959407852	-8.59	-3.179	3.189
1515959407867	-8.533	-3.17	3.16
1515959407870	-8.542	-3.17	3.122
1515959407882	-8.571	-3.198	3.064
1515959407896	-8.6	-3.198	3.122
1515959407900	-8.619	-3.198	3.16
1515959407912	-8.648	-3.198	3.179
1515959407926	-8.648	-3.217	3.227
1515959407930	-8.619	-3.265	3.332
1515959407942	-8.6	-3.304	3.419
1515959407957	-8.571	-3.38	3.524
1515959407960	-8.533	-3.476	3.601
1515959407972	-8.552	-3.562	3.629
1515959408006	-8.533	-3.601	3.658
1515959408027	-8.485	-3.591	3.629
1515959408028	-8.408	-3.591	3.438
1515959408035	-8.341	-3.572	3.495
1515959408037	-8.303	-3.562	3.447
1515959408039	-8.303	-3.543	3.237
1515959408040	-8.322	-3.476	3.342
1515959408054	-8.36	-3.371	3.304
1515959408062	-8.399	-3.265	3.208
1515959408076	-8.408	-3.17	3.15
1515959408080	-8.389	-3.093	3.179
1515959408095	-8.332	-3.064	3.189
1515959408101	-8.284	-3.045	3.217
1515959408115	-8.265	-3.055	3.208
1515959408127	-8.265	-3.093	3.122
1515959408131	-8.466	-3.122	3.035
1515959408141	-8.38	-3.16	3.026
1515959408153	-8.466	-3.16	3.064
1515959408164	-8.437	-3.17	3.093
1515959408170	-8.427	-3.17	3.122
1515959408191	-8.389	-3.112	3.131
1515959408192	-8.351	-3.016	3.15
1515959408200	-8.312	-2.959	3.208
1515959408212	-8.332	-2.93	3.284
1515959408225	-8.408	-2.949	3.361
1515959408229	-8.523	-2.997	3.409
1515959408240	-8.705	-3.035	3.428
1515959408255	-8.858	-3.016	3.419
1515959408260	-9.059	-3.026	3.438
1515959408270	-9.232	-3.045	3.428
1515959408285	-9.328	-3.122	3.514
1515959408290	-9.308	-3.16	3.677
1515959408300	-9.232	-3.227	3.811
1515959408311	-9.117	-3.294	3.859
1515959408320	-9.079	-3.342	3.945
1515959408332	-9.031	-3.361	3.888
1515959408348	-9.059	-3.323	3.85
1515959408350	-9.241	-3.227	3.85
1515959408362	-9.51	-3.17	3.897
1515959408377	-9.787	-3.17	3.917
1515959408380	-10.027	-3.15	3.955
1515959408392	-10.257	-3.17	4.079
1515959408408	-10.266	-3.179	4.127
1515959408427	-10.142	-3.083	3.964
1515959408434	-10.151	-2.853	3.782
1515959408436	-10.285	-2.585	3.562
1515959408451	-10.391	-2.384	3.332
1515959408452	-10.439	-2.212	3.179
1515959408477	-10.439	-2.174	3.122
1515959408484	-10.4	-2.212	3.122
1515959408485	-10.4	-2.26	3.16
1515959408491	-10.324	-2.298	3.227
1515959408499	-10.161	-2.308	3.342
1515959408510	-9.912	-2.26	3.524
1515959408527	-9.692	-2.154	3.62
1515959408530	-9.615	-2.039	3.735
1515959408540	-9.653	-1.953	3.84
1515959408555	-9.663	-1.905	3.754
1515959408559	-9.644	-1.819	3.533
1515959408571	-9.548	-1.704	3.284
1515959408586	-9.356	-1.589	3.17
1515959408600	-8.782	-1.426	3.074
1515959408615	-8.475	-1.417	3.074
1515959408620	-8.198	-1.446	3.217
1515959408630	-7.891	-1.503	3.208
1515959408646	-7.537	-1.522	3.016
1515959408650	-7.259	-1.436	2.853
1515959408661	-7.048	-1.283	2.71
1515959408677	-6.981	-1.101	2.719
1515959408681	-6.953	-1.034	2.748
1515959408693	-6.905	-1.101	2.758
1515959408707	-6.79	-1.197	2.786
1515959408714	-6.713	-1.168	2.815
1515959408721	-6.656	-1.091	2.911
1515959408731	-6.694	-0.938	2.988
1515959408740	-6.838	-0.747	2.988
1515959408750	-7.058	-0.498	2.825
1515959408765	-7.221	-0.191	2.355
1515959408769	-7.221	0.114	2.355
1515959408780	-7.125	0.402	2.174
1515959408792	-7.039	0.622	2.02
1515959408800	-7.039	0.794	1.953
1515959408811	-7.182	0.919	1.829
1515959408820	-7.412	0.996	1.743
1515959408829	-7.728	1.034	1.685
1515959408840	-8.054	0.928	1.829
1515959408851	-8.303	0.766	1.944
1515959408860	-8.437	0.43	2.25
1515959408871	-8.475	0.095	2.614
1515959408880	-8.475	-0.239	3.074
1515959408890	-8.475	-0.478	3.208
1515959408902	-8.657	-0.67	3.409
1515959408910	-8.571	-0.852	3.601
1515959408922	-8.772	-1.034	3.792
1515959408931	-8.686	-1.225	3.802
1515959408940	-8.552	-1.474	3.735
1515959408972	-8.657	-1.618	3.648
1515959408976	-8.494	-1.656	3.629
1515959408980	-8.341	-1.647	3.639
1515959408981	-8.169	-1.58	3.658
1515959408991	-8.38	-1.446	3.62
1515959409000	-8.887	-1.292	3.419
1515959409011	-9.443	-1.091	3.112
1515959409029	-9.912	-0.727	2.844
1515959409030	-10.142	-0.909	2.815
1515959409040	-10.151	-0.766	2.997
1515959409052	-10.036	-1.11	3.284
1515959409060	-9.921	-1.264	3.495
1515959409070	-9.854	-1.369	3.706
1515959409082	-9.854	-1.513	3.888
1515959409090	-9.864	-1.714	4.06
1515959409100	-9.912	-1.944	4.146
1515959409110	-9.969	-2.183	4.213
1515959409119	-10.065	-2.413	4.29
1515959409130	-10.142	-2.614	4.395
1515959409140	-10.17	-2.834	4.549
1515959409149	-10.151	-2.997	4.558
1515959409160	-10.036	-3.131	4.616
1515959409171	-9.778	-3.217	4.664
1515959409180	-9.471	-3.323	4.75
1515959409190	-9.184	-3.39	4.731
1515959409200	-8.983	-3.39	4.577
1515959409209	-8.897	-3.342	4.424
1515959409220	-8.858	-3.227	4.271
1515959409231	-8.887	-3.102	4.194
1515959409240	-8.906	-3.035	4.137
1515959409250	-8.887	-2.94	4.051
1515959409263	-8.858	-2.873	3.984
1515959409270	-8.83	-2.806	3.878
1515959409280	-8.81	-2.786	3.754
1515959409293	-8.772	-2.815	3.601
1515959409300	-8.705	-2.825	3.447
1515959409311	-8.629	-2.777	3.352
1515959409324	-8.59	-2.767	3.38
1515959409330	-8.523	-2.7	3.419
1515959409341	-8.408	-2.719	3.38
1515959409354	-8.332	-2.748	3.399
1515959409360	-8.284	-2.796	3.342
1515959409371	-8.255	-2.825	3.371
1515959409384	-8.265	-2.873	3.361
1515959409390	-8.303	-2.968	3.38
1515959409401	-8.341	-3.074	3.38
1515959409413	-8.37	-3.141	3.39
1515959409420	-8.389	-3.16	3.39
1515959409446	-8.399	-3.15	3.39
1515959409448	-8.38	-3.093	3.361
1515959409459	-8.37	-3.026	3.323
1515959409462	-8.38	-2.959	3.294
1515959409477	-8.437	-2.921	3.275
1515959409480	-8.494	-2.921	3.256
1515959409490	-8.552	-2.949	3.17
1515959409504	-8.581	-2.988	3.17
1515959409510	-8.648	-3.016	3.141
1515959409520	-8.686	-3.074	3.208
1515959409533	-8.657	-3.141	3.294
1515959409539	-8.619	-3.246	3.38
1515959409550	-8.59	-3.332	3.457
1515959409561	-8.581	-3.39	3.514
1515959409570	-8.609	-3.399	3.562
1515959409580	-8.629	-3.399	3.601
1515959409592	-8.657	-3.399	3.591
1515959409600	-8.676	-3.361	3.543
1515959409610	-8.705	-3.352	3.486
1515959409622	-8.715	-3.304	3.352
1515959409630	-8.696	-3.304	3.352
1515959409640	-8.648	-3.342	3.256
1515959409654	-8.581	-3.371	3.198
1515959409660	-8.485	-3.399	3.189
1515959409671	-8.37	-3.457	3.265
1515959409685	-8.255	-3.572	3.332
1515959409690	-8.13	-3.687	3.313
1515959409701	-8.054	-3.763	3.313
1515959409714	-8.044	-3.763	3.332
1515959409720	-8.092	-3.725	3.332
1515959409731	-8.207	-3.677	3.122
1515959409744	-8.322	-3.591	3.074
1515959409750	-8.466	-3.486	3.064
1515959409761	-8.523	-3.38	3.045
1515959409774	-8.581	-3.237	3.064
1515959409780	-8.581	-3.237	3.093
1515959409791	-8.38	-3.256	3.122
1515959409804	-8.389	-3.428	3.17
1515959409810	-8.236	-3.428	3.198
1515959409821	-8.284	-3.591	3.265
1515959409834	-8.265	-3.782	3.294
1515959409840	-8.293	-3.936	3.323
1515959409850	-8.351	-4.031	3.352
1515959409864	-8.447	-3.984	3.371
1515959409870	-8.504	-3.83	3.352
1515959409880	-8.552	-3.706	3.323
1515959409894	-8.6	-3.601	3.275
1515959409900	-8.657	-3.447	3.198
1515959409945	-8.724	-3.419	3.122
1515959409951	-8.801	-3.39	3.035
1515959409955	-8.83	-3.409	2.988
1515959409958	-8.83	-3.466	3.016
1515959409959	-8.743	-3.533	3.045
1515959409970	-8.638	-3.639	3.102
1515959409971	-8.523	-3.715	3.179
1515959409984	-8.475	-3.782	3.275
1515959409990	-8.466	-3.811	3.323
1515959410000	-8.494	-3.811	3.38
1515959410013	-8.533	-3.773	3.361
1515959410020	-8.609	-3.706	3.361
1515959410030	-8.696	-3.572	3.323
1515959410043	-8.82	-3.466	3.256
1515959410050	-9.031	-3.399	3.189
1515959410060	-9.289	-3.342	3.016
1515959410072	-9.49	-3.237	2.892
1515959410080	-9.538	-3.064	2.892
1515959410090	-9.395	-2.901	3.045
1515959410102	-9.203	-2.786	3.284
1515959410109	-9.021	-2.796	3.524
1515959410120	-8.897	-2.815	3.706
1515959410133	-8.868	-2.93	3.763
1515959410140	-8.868	-3.035	3.773
1515959410150	-8.887	-3.15	3.754
1515959410162	-8.973	-3.237	3.677
1515959410170	-9.04	-3.313	3.581
1515959410180	-9.098	-3.304	3.495
1515959410191	-9.069	-3.265	3.38
1515959410199	-9.021	-3.189	3.342
1515959410210	-9.002	-3.102	3.284
1515959410223	-9.012	-3.055	3.275
1515959410230	-9.04	-3.026	3.256
1515959410240	-9.069	-3.045	3.284
1515959410254	-9.031	-3.035	3.342
1515959410260	-9.021	-3.007	3.409
1515959410272	-9.069	-2.94	3.476
1515959410284	-9.213	-2.882	3.304
1515959410290	-9.356	-2.729	3.304
1515959410301	-9.548	-2.604	3.208
1515959410315	-9.692	-2.442	3.112
1515959410320	-9.759	-2.327	3.064
1515959410331	-9.778	-2.26	3.083
1515959410345	-9.749	-2.231	3.102
1515959410350	-9.72	-2.145	3.064
1515959410362	-9.759	-2.03	2.997
1515959410377	-9.835	-1.886	2.873
1515959410380	-9.902	-1.723	2.748
1515959410406	-9.921	-1.656	2.719
1515959410409	-9.864	-1.666	2.681
1515959410411	-9.72	-1.752	2.834
1515959410429	-9.577	-1.944	3.064
1515959410439	-9.423	-2.164	3.313
1515959410440	-9.289	-2.423	3.572
1515959410463	-9.079	-2.547	3.371
1515959410464	-8.887	-2.461	3.275
1515959410470	-8.82	-2.288	3.141
1515959410481	-8.743	-2.078	2.997
1515959410494	-8.59	-1.915	2.49
1515959410502	-8.389	-1.733	2.595
1515959410510	-8.255	-1.628	2.499
1515959410523	-8.15	-1.522	2.432
1515959410530	-8.016	-1.436	2.423
1515959410540	-7.872	-1.465	2.413
1515959410552	-7.824	-1.561	2.288
1515959410560	-7.68	-1.723	2.135
1515959410570	-7.422	-1.8	1.992
1515959410582	-7.144	-1.695	1.992
1515959410590	-7.029	-1.417	2.087
1515959410600	-7.336	-1.149	2.193
1515959410613	-7.556	-1.063	2.269
1515959410620	-7.518	-1.053	2.221
1515959410630	-7.307	-1.034	2.135
1515959410645	-7.106	-0.737	2.068
1515959410649	-7.106	-0.737	2.087
1515959410660	-7.125	-0.545	2.174
1515959410672	-7.403	-0.43	2.241
1515959410679	-7.757	-0.421	2.327
1515959410690	-8.092	-0.488	2.317
1515959410703	-8.332	-0.737	2.221
1515959410710	-8.6	-0.66	2.174
1515959410720	-8.887	-0.699	2.193
1515959410736	-9.155	-0.842	2.279
1515959410740	-9.356	-0.967	2.451
1515959410750	-9.538	-1.158	2.691
1515959410762	-9.586	-1.398	2.911
1515959410769	-9.49	-1.58	3.122
1515959410781	-9.356	-1.733	3.217
1515959410794	-9.241	-1.771	3.227
1515959410800	-9.174	-1.771	3.275
1515959410810	-9.165	-1.762	3.16
1515959410826	-9.184	-1.762	3.083
1515959410830	-9.194	-1.704	2.988
1515959410840	-9.27	-1.589	2.844
1515959410852	-9.414	-1.455	2.662
1515959410859	-9.644	-1.331	2.451
1515959410885	-9.768	-1.283	2.327
1515959410886	-9.797	-1.264	2.317
1515959410896	-9.73	-1.302	2.355
1515959410907	-9.663	-1.302	2.413
1515959410916	-9.605	-1.321	2.518
1515959410920	-9.577	-1.417	2.662
1515959410932	-9.615	-1.599	2.882
1515959410944	-9.682	-1.905	3.131
1515959410950	-9.797	-2.212	3.332
1515959410961	-9.883	-2.461	3.476
1515959410973	-9.921	-2.604	3.581
1515959410979	-9.95	-2.672	3.677
1515959410990	-9.845	-2.681	3.763
1515959411004	-9.672	-2.662	3.773
1515959411010	-9.471	-2.624	3.773
1515959411020	-9.27	-2.557	3.744
1515959411034	-9.136	-2.451	3.668
1515959411040	-9.079	-2.384	3.553
1515959411050	-9.059	-2.288	3.371
1515959411065	-9.059	-2.25	3.189
1515959411070	-9.021	-2.202	2.988
1515959411080	-8.954	-2.241	2.844
1515959411096	-8.801	-2.269	2.767
1515959411100	-8.561	-2.355	2.758
1515959411111	-8.38	-2.442	2.796
1515959411126	-8.332	-2.557	2.844
1515959411130	-8.427	-2.633	2.853
1515959411141	-8.667	-2.767	2.873
1515959411156	-9.059	-2.882	2.863
1515959411160	-9.519	-3.016	2.806
1515959411171	-9.96	-3.122	2.748
1515959411186	-10.218	-3.217	2.739
1515959411190	-10.314	-3.256	2.786
1515959411201	-10.17	-3.227	2.901
1515959411216	-9.893	-3.198	3.035
1515959411220	-9.51	-3.17	3.179
1515959411231	-9.127	-3.189	3.256
1515959411246	-8.82	-3.237	3.294
1515959411250	-8.581	-3.275	3.284
1515959411261	-8.418	-3.332	3.256
1515959411276	-8.312	-3.342	3.15
1515959411280	-8.265	-3.361	3.045
1515959411291	-8.265	-3.323	2.978
1515959411306	-8.255	-3.275	2.949
1515959411310	-8.351	-3.246	2.882
1515959411321	-8.408	-3.217	2.863
1515959411336	-8.533	-3.256	2.834
1515959411340	-8.581	-3.284	2.624
1515959411376	-8.638	-3.294	2.796
1515959411381	-8.705	-3.313	2.853
1515959411384	-8.753	-3.342	2.853
1515959411387	-8.782	-3.371	2.911
1515959411392	-8.801	-3.399	2.978
1515959411405	-8.839	-3.428	3.016
1515959411412	-8.887	-3.457	3.093
1515959411427	-8.954	-3.533	3.17
1515959411430	-9.002	-3.639	3.16
1515959411440	-8.83	-3.754	3.189
1515959411454	-8.763	-3.802	3.189
1515959411460	-8.791	-3.744	3.217
1515959411470	-8.533	-3.601	3.179
1515959411484	-8.648	-3.466	3.16
1515959411490	-8.59	-3.352	3.074
1515959411500	-8.542	-3.284	2.959
1515959411514	-8.523	-3.256	2.892
1515959411520	-8.514	-3.208	2.834
1515959411530	-8.533	-3.237	2.806
1515959411546	-8.533	-3.237	2.786
1515959411550	-8.475	-3.313	2.815
1515959411561	-8.466	-3.505	2.834
1515959411574	-8.437	-3.409	2.825
1515959411579	-8.389	-3.419	2.786
1515959411590	-8.427	-3.438	2.796
1515959411603	-8.485	-3.457	2.834
1515959411610	-8.542	-3.505	2.853
1515959411620	-8.609	-3.533	2.901
1515959411635	-8.667	-3.533	2.911
1515959411640	-8.667	-3.486	2.901
1515959411650	-8.696	-3.428	2.873
1515959411667	-8.667	-3.399	2.853
1515959411670	-8.657	-3.361	2.834
1515959411681	-8.676	-3.38	2.825
1515959411699	-8.667	-3.361	2.815
1515959411701	-8.686	-3.361	2.834
1515959411712	-8.676	-3.342	2.825
1515959411727	-8.676	-3.284	2.777
1515959411730	-8.657	-3.246	2.767
1515959411742	-8.676	-3.198	2.767
1515959411757	-8.676	-3.189	2.777
1515959411760	-8.667	-3.227	2.767
1515959411772	-8.667	-3.284	2.777
1515959411788	-8.648	-3.304	2.748
1515959411790	-8.657	-3.323	2.767
1515959411802	-8.667	-3.323	2.786
1515959411817	-8.724	-3.323	2.834
1515959411820	-8.782	-3.371	2.949
1515959411855	-8.791	-3.399	3.141
1515959411870	-8.82	-3.352	3.294
1515959411874	-8.858	-3.294	3.428
1515959411877	-8.935	-3.179	3.486
1515959411886	-8.954	-3.112	3.419
1515959411888	-8.925	-3.093	3.323
1515959411904	-8.906	-3.122	3.17
1515959411910	-8.868	-3.141	3.045
1515959411911	-8.791	-3.15	2.911
1515959411926	-8.715	-3.131	2.853
1515959411932	-8.6	-3.102	2.786
1515959411949	-8.504	-3.055	2.777
1515959411951	-8.408	-3.045	2.777
1515959411965	-8.322	-3.055	2.767
1515959411975	-8.312	-3.035	2.767
1515959411985	-8.351	-3.007	2.739
1515959411991	-8.418	-3.007	2.719
1515959412002	-8.466	-3.026	2.71
1515959412011	-8.542	-3.045	2.739
1515959412021	-8.638	-3.055	2.844
1515959412030	-8.753	-3.083	2.901
1515959412041	-8.878	-3.141	2.978
1515959412055	-8.973	-3.179	3.055
1515959412060	-9.021	-3.16	3.15
1515959412070	-9.031	-3.16	3.246
1515959412085	-9.059	-3.131	3.371
1515959412090	-9.088	-3.102	3.476
1515959412100	-9.136	-3.093	3.629
1515959412117	-9.184	-3.064	3.706
1515959412120	-9.251	-3.035	3.715
1515959412131	-9.328	-3.016	3.744
1515959412149	-9.404	-2.949	3.763
1515959412151	-9.452	-2.911	3.821
1515959412163	-9.481	-2.93	3.878
1515959412179	-9.462	-2.959	3.878
1515959412181	-9.395	-2.988	3.955
1515959412193	-9.328	-3.007	3.964
1515959412209	-9.289	-2.978	3.964
1515959412211	-9.261	-2.949	3.964
1515959412223	-9.28	-2.901	3.993
1515959412231	-9.376	-2.863	3.993
1515959412240	-9.577	-2.815	4.003
1515959412253	-10.123	-2.786	4.012
1515959412262	-10.276	-2.748	4.003
1515959412271	-10.429	-2.662	3.984
1515959412282	-10.621	-2.633	3.984
1515959412299	-10.381	-2.547	4.003
1515959412301	-10.4	-2.461	4.089
1515959412348	-10.237	-2.298	4.099
1515959412352	-10.113	-2.298	4.099
1515959412355	-9.96	-2.25	4.108
1515959412359	-9.768	-2.221	4.108
1515959412361	-9.596	-1.992	4.185
1515959412362	-9.404	-1.857	4.175
1515959412371	-9.28	-1.771	4.223
1515959412382	-9.232	-1.781	4.156
1515959412390	-9.203	-1.532	4.108
1515959412405	-9.05	-1.541	3.821
1515959412410	-8.897	-1.34	3.533
1515959412422	-8.715	-1.12	3.304
1515959412436	-8.312	-0.861	3.083
1515959412451	-7.891	-0.66	2.892
1515959412459	-7.652	-0.517	2.93
1515959412471	-7.604	-0.45	2.978
1515959412474	-7.556	-0.383	2.863
1515959412480	-7.479	-0.344	2.643
1515959412492	-7.297	-0.325	2.451
1515959412500	-7.02	-0.268	2.375
1515959412514	-6.723	-0.258	2.461
1515959412521	-6.426	-0.258	2.585
1515959412530	-6.263	-0.296	2.739
1515959412540	-6.225	-0.325	2.796
1515959412550	-6.301	-0.316	2.777
1515959412561	-6.502	-0.306	2.739
1515959412570	-6.751	-0.229	2.7
1515959412580	-6.905	-0.229	2.739
1515959412590	-6.953	-0.153	2.729
1515959412600	-6.933	-0.019	2.796
1515959412611	-6.876	0.124	2.825
1515959412620	-6.838	0.239	2.863
1515959412630	-6.885	0.249	2.968
1515959412640	-6.972	0.22	3.112
1515959412655	-7.182	0.114	3.179
1515959412660	-7.498	0.0	3.15
1515959412670	-7.834	-0.095	3.055
1515959412680	-8.169	-0.191	2.997
1515959412690	-8.494	-0.258	2.94
1515959412702	-8.743	-0.363	3.007
1515959412710	-8.83	-0.478	3.122
1515959412720	-8.839	-0.641	3.38
1515959412730	-8.772	-0.871	3.744
1515959412747	-8.705	-1.149	4.166
1515959412750	-8.705	-1.436	4.453
1515959412760	-8.782	-1.637	4.654
1515959412770	-8.935	-1.733	4.74
1515959412780	-9.136	-1.733	4.788
1515959412807	-9.28	-1.647	4.673
1515959412814	-9.49	-1.455	4.529
1515959412818	-9.692	-1.273	4.386
1515959412827	-9.787	-1.13	4.252
1515959412835	-9.72	-1.043	4.146
1515959412842	-9.462	-1.091	4.156
1515959412851	-9.05	-1.245	4.166
1515959412860	-8.715	-1.426	4.213
1515959412870	-8.533	-1.58	4.261
1515959412885	-8.542	-1.752	4.29
1515959412890	-8.657	-1.877	4.28
1515959412900	-8.801	-1.925	4.204
1515959412910	-8.916	-1.848	4.089
1515959412919	-8.954	-1.771	4.003
1515959412930	-8.935	-1.676	3.984
1515959412941	-8.906	-1.628	3.945
1515959412960	-8.887	-1.628	3.936
1515959412961	-8.849	-1.704	3.955
1515959412974	-8.763	-1.79	4.022
1515959412980	-8.686	-1.915	4.089
1515959412990	-8.629	-2.001	4.185
1515959413004	-8.571	-2.068	4.233
1515959413010	-8.533	-2.106	4.261
1515959413020	-8.437	-2.116	4.28
1515959413031	-8.332	-2.068	4.271
1515959413040	-8.274	-2.049	4.271
1515959413050	-8.265	-2.02	4.06
1515959413061	-8.293	-2.049	3.984
1515959413070	-8.399	-2.049	3.869
1515959413080	-8.494	-2.097	3.802
1515959413093	-8.782	-2.097	3.773
1515959413100	-8.887	-2.126	3.763
1515959413111	-8.676	-2.231	3.687
1515959413124	-8.81	-2.384	3.677
1515959413130	-8.734	-2.499	3.735
1515959413141	-8.753	-2.547	3.802
1515959413154	-8.782	-2.604	3.888
1515959413160	-8.849	-2.71	3.936
1515959413172	-8.945	-2.806	3.974
1515959413184	-9.05	-3.045	4.022
1515959413190	-9.088	-3.15	4.06
1515959413201	-9.04	-3.284	4.089
1515959413214	-8.925	-3.246	4.051
1515959413220	-8.82	-3.38	4.012
1515959413232	-8.753	-3.39	4.022
1515959413244	-8.763	-3.419	3.993
1515959413250	-8.791	-3.457	3.945
1515959413262	-8.81	-3.495	3.907
1515959413299	-8.839	-3.562	3.85
1515959413303	-8.83	-3.61	3.821
1515959413318	-8.81	-3.61	3.811
1515959413320	-8.753	-3.62	3.763
1515959413324	-8.676	-3.581	3.687
1515959413325	-8.6	-3.533	3.62
1515959413331	-8.514	-3.466	3.572
1515959413340	-8.437	-3.399	3.553
1515959413350	-8.341	-3.342	3.476
1515959413361	-8.274	-3.246	3.476
1515959413370	-8.274	-3.131	3.466
1515959413380	-8.36	-3.026	3.466
1515959413392	-8.504	-3.016	3.428
1515959413400	-8.581	-3.083	3.352
1515959413410	-8.571	-3.093	3.361
1515959413421	-8.648	-2.94	3.505
1515959413430	-8.81	-2.853	3.581
1515959413440	-8.83	-2.988	3.533
1515959413453	-8.743	-3.256	3.495
1515959413460	-8.629	-3.476	3.562
1515959413470	-8.475	-3.601	3.591
1515959413499	-8.322	-3.668	3.601
1515959413500	-8.226	-3.687	3.591
1515959413501	-8.226	-3.677	3.562
1515959413512	-8.293	-3.687	3.572
1515959413519	-8.351	-3.715	3.514
1515959413530	-8.322	-3.715	3.409
1515959413541	-8.293	-3.658	3.352
1515959413550	-8.245	-3.601	3.323
1515959413560	-8.265	-3.601	3.256
1515959413574	-8.255	-3.601	3.227
1515959413580	-8.274	-3.601	3.189
1515959413591	-8.265	-3.629	3.093
1515959413605	-8.245	-3.591	3.016
1515959413610	-8.265	-3.476	2.94
1515959413622	-8.332	-3.352	2.911
1515959413635	-8.447	-3.246	2.844
1515959413640	-8.523	-3.17	2.844
1515959413651	-8.581	-3.17	2.853
1515959413665	-8.504	-3.189	2.997
1515959413670	-8.389	-3.294	2.997
1515959413681	-8.322	-3.419	3.102
1515959413695	-8.312	-3.581	3.208
1515959413700	-8.303	-3.744	3.284
1515959413711	-8.322	-3.802	3.304
1515959413725	-8.389	-3.763	3.323
1515959413730	-8.504	-3.677	3.323
1515959413741	-8.648	-3.591	3.294
1515959413774	-8.782	-3.514	3.294
1515959413781	-8.83	-3.476	3.275
1515959413790	-8.791	-3.486	3.332
1515959413793	-8.715	-3.553	3.352
1515959413795	-8.629	-3.581	3.371
1515959413804	-8.571	-3.61	3.38
1515959413819	-8.772	-3.601	3.198
1515959413821	-8.676	-3.553	3.198
1515959413835	-8.753	-3.524	2.959
1515959413844	-8.782	-3.476	3.045
1515959413850	-8.753	-3.495	2.853
1515959413860	-8.638	-3.486	3.064
1515959413885	-8.581	-3.265	2.978
1515959413886	-8.657	-3.007	3.026
1515959413891	-8.686	-3.035	2.959
1515959413903	-8.724	-3.217	3.055
1515959413910	-8.724	-3.294	3.198
1515959413920	-8.801	-3.304	3.246
1515959413934	-8.6	-3.399	3.265
1515959413940	-8.619	-3.553	3.246
1515959413950	-8.552	-3.677	3.246
1515959413962	-8.561	-3.735	3.227
1515959413970	-8.59	-3.725	3.112
1515959413985	-8.552	-3.677	3.016
1515959413990	-8.533	-3.581	2.901
1515959414000	-8.561	-3.457	2.806
1515959414010	-8.619	-3.323	2.729
1515959414024	-8.648	-3.083	2.672
1515959414030	-8.667	-2.93	2.624
1515959414040	-8.657	-2.978	2.595
1515959414052	-8.657	-2.949	2.633
1515959414060	-8.696	-2.949	2.672
1515959414072	-8.763	-2.949	2.719
1515959414083	-8.83	-2.978	2.796
1515959414090	-8.945	-3.007	2.863
1515959414100	-9.098	-3.035	2.921
1515959414112	-9.241	-3.064	2.968
1515959414119	-9.395	-3.074	3.007
1515959414130	-9.49	-3.083	3.055
1515959414142	-9.481	-3.102	3.15
1515959414150	-9.452	-3.122	3.332
1515959414160	-9.366	-3.15	3.419
1515959414173	-9.27	-3.131	3.457
1515959414180	-9.261	-3.055	3.438
1515959414190	-9.28	-2.997	3.419
1515959414204	-9.328	-2.921	3.409
1515959414210	-9.385	-2.873	3.399
1515959414220	-9.51	-2.901	3.323
1515959414247	-9.692	-2.959	3.294
1515959414251	-9.854	-3.026	3.284
1515959414258	-9.941	-3.035	3.284
1515959414263	-9.95	-3.016	3.352
1515959414270	-9.874	-3.026	3.409
1515959414285	-9.826	-3.055	3.476
1515959414293	-9.749	-3.064	3.601
1515959414300	-9.644	-3.045	3.62
1515959414310	-9.586	-2.94	3.648
1515959414322	-9.49	-2.815	3.61
1515959414333	-9.385	-2.739	3.514
1515959414340	-9.174	-2.633	3.409
1515959414352	-9.012	-2.442	3.332
1515959414360	-9.069	-2.288	3.371
1515959414370	-9.127	-2.164	3.227
1515959414383	-9.203	-1.925	2.959
1515959414390	-9.471	-1.503	2.633
1515959414400	-9.826	-1.158	2.298
1515959414411	-10.008	-0.9	1.992
1515959414420	-9.969	-0.794	1.819
1515959414430	-9.682	-0.861	1.743
1515959414443	-9.328	-1.024	1.972
1515959414450	-9.136	-1.235	2.221
1515959414470	-9.079	-1.407	2.643
1515959414471	-9.031	-1.532	2.643
1515959414480	-8.983	-1.666	2.739
1515959414490	-8.878	-1.723	2.873
1515959414502	-8.705	-1.79	3.093
1515959414510	-8.552	-1.877	3.284
1515959414521	-8.389	-1.963	3.457
1515959414535	-8.322	-2.039	3.648
1515959414540	-8.38	-2.068	3.811
1515959414550	-8.399	-2.03	3.754
1515959414565	-8.322	-1.8	3.562
1515959414571	-8.121	-1.436	3.323
1515959414580	-7.92	-0.957	2.968
1515959414593	-7.594	-0.517	2.547
1515959414600	-7.316	-0.162	2.097
1515959414610	-7.134	0.162	1.743
1515959414623	-7.067	0.363	1.455
1515959414630	-7.125	0.507	1.292
1515959414640	-7.269	0.574	1.273
1515959414653	-7.451	0.574	1.34
1515959414660	-7.565	0.498	1.446
1515959414671	-7.623	0.316	1.561
1515959414685	-7.671	0.086	1.79
1515959414690	-7.767	-0.124	2.068
1515959414700	-7.92	-0.306	2.423
1515959414720	-8.035	-0.43	2.585
1515959414725	-8.15	-0.469	2.49
1515959414736	-8.265	-0.459	2.547
1515959414743	-8.332	-0.488	2.643
1515959414753	-8.399	-0.565	2.815
1515959414761	-8.38	-0.689	2.921
1515959414773	-8.341	-0.775	2.988
1515959414779	-8.399	-0.794	2.997
1515959414790	-8.906	-0.747	2.968
1515959414803	-9.194	-0.622	2.94
1515959414810	-9.318	-0.555	2.873
1515959414820	-9.538	-0.517	2.892
1515959414833	-9.49	-0.536	2.93
1515959414840	-9.289	-0.67	3.007
1515959414854	-9.107	-0.814	3.17
1515959414867	-9.031	-0.948	3.39
1515959414870	-9.012	-1.101	3.572
1515959414880	-9.107	-1.225	3.658
1515959414894	-9.318	-1.283	3.668
1515959414900	-9.49	-1.321	3.658
1515959414910	-9.625	-1.331	3.62
1515959414924	-9.682	-1.513	3.61
1515959414930	-9.701	-1.522	3.639
1515959414941	-9.663	-1.628	3.696
1515959414955	-9.625	-1.743	3.811
1515959414961	-9.586	-1.877	3.897
1515959414970	-9.557	-1.982	3.974
1515959414985	-9.577	-2.049	3.984
1515959414989	-9.653	-2.087	3.964
1515959415000	-9.759	-2.106	3.936
1515959415013	-9.883	-2.135	3.802
1515959415020	-10.008	-2.154	3.658
1515959415030	-10.008	-2.154	3.524
1515959415045	-9.941	-2.135	3.419
1515959415050	-9.807	-2.078	3.361
1515959415060	-9.653	-1.992	3.323
1515959415075	-9.557	-1.934	3.284
1515959415080	-9.529	-1.867	3.265
1515959415092	-9.596	-1.925	3.284
1515959415109	-9.596	-2.068	3.419
1515959415110	-9.538	-2.317	3.629
1515959415122	-9.376	-2.604	3.869
1515959415137	-9.146	-2.892	4.089
1515959415140	-8.906	-3.15	4.213
1515959415152	-8.734	-3.275	4.252
1515959415166	-8.571	-3.284	4.194
1515959415170	-8.523	-3.17	4.022
1515959415182	-8.552	-2.959	3.811
1515959415223	-8.638	-2.719	3.601
1515959415236	-8.715	-2.47	3.399
1515959415237	-8.801	-2.212	3.208
1515959415240	-8.925	-2.02	3.026
1515959415242	-9.04	-1.877	2.882
1515959415247	-9.117	-1.752	2.796
1515959415253	-9.127	-1.752	2.796
1515959415260	-9.059	-1.896	2.825
1515959415270	-9.05	-2.049	2.806
1515959415280	-9.174	-2.116	2.767
1515959415290	-9.27	-2.116	2.806
1515959415300	-9.213	-2.001	2.921
1515959415312	-8.973	-1.905	3.055
1515959415320	-8.609	-1.972	3.131
1515959415330	-8.226	-2.231	3.17
1515959415346	-7.968	-2.566	3.17
1515959415350	-7.929	-2.873	3.198
1515959415361	-8.016	-3.045	3.237
1515959415370	-8.083	-3.227	3.304
1515959415380	-8.207	-3.371	3.342
1515959415390	-8.332	-3.524	3.38
1515959415405	-8.542	-3.677	3.38
1515959415412	-8.763	-3.735	3.38
1515959415420	-8.81	-3.744	3.399
1515959415435	-8.772	-3.735	3.514
1515959415440	-8.705	-3.696	3.601
1515959415451	-8.609	-3.601	3.553
1515959415466	-8.504	-3.438	3.457
1515959415470	-8.437	-3.265	3.39
1515959415480	-8.408	-3.179	3.38
1515959415495	-8.351	-3.217	3.39
1515959415500	-8.293	-3.323	3.419
1515959415510	-8.207	-3.476	3.476
1515959415524	-8.178	-3.61	3.543
1515959415551	-8.14	-3.744	3.543
1515959415552	-8.178	-3.802	3.514
1515959415552	-8.226	-3.84	3.466
1515959415560	-8.293	-3.821	3.419
1515959415570	-8.38	-3.744	3.419
1515959415585	-8.389	-3.629	3.419
1515959415590	-8.389	-3.533	3.428
1515959415600	-8.399	-3.447	3.514
1515959415613	-8.38	-3.428	3.524
1515959415621	-8.399	-3.438	3.562
1515959415631	-8.427	-3.457	3.581
1515959415645	-8.399	-3.495	3.591
1515959415679	-8.38	-3.572	3.61
1515959415679	-8.37	-3.648	3.591
1515959415706	-8.418	-3.715	3.562
1515959415714	-8.609	-3.658	3.591
1515959415716	-8.897	-3.447	3.495
1515959415718	-9.05	-3.131	3.361
1515959415719	-9.136	-2.892	3.208
1515959415722	-8.973	-2.758	3.141
1515959415732	-8.696	-2.786	3.284
1515959415742	-8.504	-3.016	3.428
1515959415759	-8.475	-3.131	3.553
1515959415762	-8.629	-3.141	3.601
1515959415770	-8.772	-3.208	3.543
1515959415782	-8.858	-3.141	3.562
1515959415793	-8.868	-3.131	3.562
1515959415801	-8.81	-3.141	3.572
1515959415811	-8.657	-3.189	3.553
1515959415825	-8.552	-3.227	3.553
1515959415829	-8.475	-3.275	3.562
1515959415841	-8.456	-3.313	3.553
1515959415855	-8.485	-3.342	3.581
1515959415860	-8.533	-3.304	3.581
1515959415871	-8.523	-3.256	3.639
1515959415885	-8.494	-3.265	3.696
1515959415889	-8.475	-3.313	3.735
1515959415900	-8.494	-3.39	3.725
1515959415913	-8.523	-3.399	3.696
1515959415920	-8.59	-3.39	3.61
1515959415930	-8.705	-3.323	3.476
1515959415949	-8.858	-3.16	3.409
1515959415950	-8.916	-2.959	3.361
1515959415960	-8.81	-2.825	3.371
1515959415975	-8.705	-2.767	3.428
1515959415980	-8.561	-2.796	3.428
1515959415994	-8.485	-2.863	3.399
1515959416005	-8.418	-2.94	3.409
1515959416010	-8.36	-3.016	3.447
1515959416020	-8.265	-3.045	3.495
1515959416036	-8.188	-3.064	3.601
1515959416040	-8.121	-3.035	3.706
1515959416050	-8.15	-3.026	3.792
1515959416065	-8.265	-2.959	3.84
1515959416070	-8.447	-2.901	3.84
1515959416080	-8.638	-2.834	3.85
1515959416091	-8.849	-2.758	3.869
1515959416100	-9.031	-2.662	3.811
1515959416110	-9.174	-2.576	3.773
1515959416120	-9.213	-2.499	3.744
1515959416130	-9.184	-2.451	3.811
1515959416141	-9.146	-2.394	3.926
1515959416179	-9.127	-2.346	4.012
1515959416189	-9.136	-2.269	4.031
1515959416192	-9.213	-2.231	4.079
1515959416193	-9.299	-2.183	4.051
1515959416194	-9.404	-2.097	4.003
1515959416200	-9.548	-2.02	3.984
1515959416210	-9.672	-1.982	4.012
1515959416220	-9.711	-1.963	4.041
1515959416230	-9.682	-1.925	4.031
1515959416240	-9.567	-1.877	4.003
1515959416250	-9.443	-1.838	3.917
1515959416265	-9.414	-1.781	3.744
1515959416270	-9.462	-1.762	3.505
1515959416280	-9.51	-1.762	3.323
1515959416291	-9.538	-1.723	3.208
1515959416299	-9.577	-1.637	3.093
1515959416310	-9.596	-1.532	3.074
1515959416321	-9.615	-1.398	3.265
1515959416329	-9.605	-1.187	3.629
1515959416340	-9.538	-1.005	4.06
1515959416351	-9.443	-0.842	4.472
1515959416359	-9.443	-0.679	4.731
1515959416370	-9.51	-0.526	4.826
1515959416382	-9.692	-0.44	4.788
1515959416390	-9.941	-0.344	4.635
1515959416400	-10.19	-0.316	4.07
1515959416410	-10.333	-0.335	3.917
1515959416419	-10.199	-0.411	3.878
1515959416430	-9.807	-0.469	3.782
1515959416440	-9.165	-0.459	3.964
1515959416449	-8.533	-0.43	3.897
1515959416473	-8.054	-0.411	3.907
1515959416478	-7.738	-0.392	3.696
1515959416483	-7.479	-0.43	3.486
1515959416494	-7.585	-0.45	3.237
1515959416502	-7.355	-0.459	2.978
1515959416509	-7.393	-0.316	2.825
1515959416520	-6.905	-0.095	2.796
1515959416535	-6.704	0.067	2.873
1515959416540	-6.55	0.067	2.806
1515959416550	-6.636	0.028	2.748
1515959416561	-6.636	0.047	2.7
1515959416570	-6.55	0.114	2.633
1515959416584	-6.426	0.306	2.499
1515959416590	-6.387	0.612	2.375
1515959416599	-6.464	0.66	2.288
1515959416610	-6.598	1.072	2.231
1515959416621	-6.78	1.043	2.135
1515959416653	-6.885	1.043	2.03
1515959416659	-6.953	1.034	2.059
1515959416661	-7.039	0.996	2.221
1515959416662	-7.163	0.9	2.432
1515959416670	-7.259	0.727	2.557
1515959416686	-7.345	0.459	2.71
1515959416690	-7.498	0.191	2.997
1515959416700	-7.757	-0.105	3.304
1515959416721	-7.958	-0.296	3.342
1515959416722	-8.226	-0.383	3.342
1515959416730	-8.619	-0.421	3.332
1515959416742	-9.031	-0.507	3.409
1515959416750	-9.28	-0.632	3.505
1515959416763	-9.395	-0.756	3.648
1515959416773	-9.433	-0.785	3.792
1515959416780	-9.471	-0.622	3.821
1515959416790	-9.519	-0.306	3.744
1515959416801	-9.557	0.076	3.581
1515959416816	-9.567	0.316	3.352
1515959416820	-9.548	0.421	3.237
1515959416832	-9.471	0.354	3.246
1515959416840	-9.404	0.153	3.352
1515959416850	-9.404	-0.086	3.514
1515959416865	-9.471	-0.402	3.83
1515959416870	-9.567	-0.689	3.821
1515959416881	-9.625	-0.986	3.917
1515959416894	-9.615	-1.206	3.974
1515959416911	-9.5	-1.379	4.022
1515959416912	-9.395	-1.426	4.003
1515959416924	-9.299	-1.407	4.003
1515959416930	-9.289	-1.369	3.993
1515959416942	-9.318	-1.369	4.07
1515959416957	-9.423	-1.407	4.012
1515959416960	-9.625	-1.388	4.031
1515959416971	-9.807	-1.34	4.118
1515959416984	-9.912	-1.34	4.146
1515959416990	-9.969	-1.34	4.06
1515959417000	-10.056	-1.292	3.984
1515959417014	-9.979	-1.273	3.926
1515959417020	-9.778	-1.312	3.945
1515959417032	-9.615	-1.474	3.993
1515959417045	-9.538	-1.723	4.022
1515959417050	-9.519	-1.982	3.993
1515959417062	-9.529	-2.145	3.974
1515959417074	-9.548	-2.25	3.907
1515959417080	-9.548	-2.317	3.907
1515959417090	-9.471	-2.298	3.84
1515959417105	-9.385	-2.298	3.735
1515959417146	-9.222	-2.212	3.735
1515959417151	-9.05	-2.174	3.744
1515959417158	-8.887	-2.145	3.802
1515959417161	-8.839	-2.135	3.802
1515959417165	-8.839	-2.106	3.792
1515959417166	-8.858	-2.068	3.744
1515959417172	-8.82	-2.03	3.687
1515959417185	-8.743	-2.049	3.629
1515959417193	-8.667	-2.097	3.591
1515959417205	-8.619	-2.183	3.591
1515959417211	-8.619	-2.241	3.562
1515959417223	-8.629	-2.279	3.533
1515959417230	-8.609	-2.279	3.533
1515959417240	-8.581	-2.336	3.543
1515959417253	-8.494	-2.403	3.553
1515959417260	-8.399	-2.48	3.562
1515959417270	-8.303	-2.557	3.792
1515959417282	-8.217	-2.662	3.821
1515959417290	-8.217	-2.71	3.974
1515959417300	-8.265	-2.796	3.936
1515959417311	-8.475	-2.806	3.955
1515959417319	-8.475	-2.796	3.945
1515959417330	-8.581	-2.815	3.945
1515959417343	-8.782	-2.748	3.955
1515959417350	-8.782	-2.748	3.926
1515959417361	-8.6	-2.672	3.888
1515959417374	-8.514	-2.748	3.936
1515959417380	-8.514	-2.748	3.964
1515959417391	-8.427	-2.873	3.974
1515959417405	-8.447	-3.102	4.012
1515959417410	-8.523	-3.102	4.051
1515959417420	-8.609	-3.17	4.051
1515959417435	-8.648	-3.198	4.06
1515959417440	-8.561	-3.16	4.041
1515959417451	-8.456	-3.102	4.041
1515959417465	-8.332	-3.131	4.06
1515959417470	-8.217	-3.16	4.07
1515959417481	-8.15	-3.208	4.051
1515959417492	-8.13	-3.237	4.003
1515959417500	-8.102	-3.256	3.993
1515959417510	-8.111	-3.237	3.917
1515959417522	-8.102	-3.17	3.83
1515959417529	-8.083	-3.15	3.773
1515959417540	-8.063	-3.179	3.782
1515959417553	-8.073	-3.227	3.782
1515959417560	-8.102	-3.284	3.792
1515959417570	-8.111	-3.342	3.811
1515959417582	-8.073	-3.39	3.869
1515959417605	-8.006	-3.428	3.869
1515959417607	-7.968	-3.438	3.888
1515959417626	-7.968	-3.38	3.878
1515959417628	-7.958	-3.323	3.869
1515959417630	-7.996	-3.284	3.85
1515959417650	-8.054	-3.284	3.85
1515959417652	-8.102	-3.332	3.878
1515959417660	-8.092	-3.361	3.907
1515959417674	-8.035	-3.361	3.955
1515959417680	-8.006	-3.361	3.945
1515959417690	-7.996	-3.294	3.917
1515959417702	-8.044	-3.256	3.888
1515959417710	-8.092	-3.217	3.869
1515959417720	-8.14	-3.15	3.84
1515959417733	-8.159	-3.112	3.85
1515959417740	-8.15	-3.112	3.85
1515959417750	-8.178	-3.064	3.869
1515959417762	-8.169	-3.035	3.859
1515959417769	-8.14	-2.997	3.878
1515959417780	-8.15	-2.93	3.869
1515959417793	-8.178	-2.911	3.878
1515959417800	-8.217	-2.901	3.85
1515959417810	-8.274	-2.93	3.802
1515959417823	-8.322	-2.997	3.869
1515959417830	-8.36	-3.102	3.897
1515959417840	-8.389	-3.208	3.926
1515959417854	-8.408	-3.294	3.945
1515959417860	-8.36	-3.399	3.955
1515959417871	-8.303	-3.457	3.945
1515959417885	-8.255	-3.505	3.936
1515959417890	-8.245	-3.543	3.936
1515959417916	-8.245	-3.543	3.984
1515959417920	-8.274	-3.495	3.993
1515959417932	-8.303	-3.447	4.031
1515959417946	-8.332	-3.409	4.022
1515959417950	-8.418	-3.352	3.974
1515959417962	-8.485	-3.237	3.897
1515959417976	-8.514	-3.189	3.84
1515959417980	-8.475	-3.16	3.897
1515959417992	-8.437	-3.179	3.926
1515959418006	-8.418	-3.198	3.993
1515959418010	-8.494	-3.246	4.041
1515959418022	-8.667	-3.265	4.089
1515959418035	-8.82	-3.237	4.127
1515959418040	-8.868	-3.179	4.223
1515959418052	-8.964	-3.131	4.328
1515959418065	-9.05	-3.102	4.443
1515959418070	-9.117	-3.064	4.529
1515959418107	-9.174	-3.083	4.635
1515959418112	-9.194	-3.141	4.903
1515959418138	-9.194	-3.189	4.855
1515959418140	-9.174	-3.198	4.884
1515959418142	-9.146	-3.198	4.893
1515959418143	-9.127	-3.16	4.893
1515959418148	-9.184	-3.102	4.874
1515959418157	-9.241	-3.064	4.855
1515959418160	-9.308	-2.978	4.884
1515959418170	-9.27	-2.873	4.97
1515959418184	-9.146	-2.777	5.047
1515959418194	-8.83	-2.681	5.114
1515959418203	-8.676	-2.595	5.133
1515959418211	-8.552	-2.528	5.152
1515959418220	-8.638	-2.451	5.142
1515959418230	-8.734	-2.365	5.123
1515959418245	-8.81	-2.279	5.095
1515959418250	-8.839	-2.202	5.056
1515959418260	-8.763	-2.126	5.037
1515959418273	-8.609	-2.02	5.018
1515959418279	-8.427	-1.905	4.98
1515959418290	-8.226	-1.599	4.874
1515959418303	-8.035	-1.455	4.759
1515959418309	-7.843	-1.513	4.654
1515959418320	-7.68	-1.484	4.539
1515959418335	-7.575	-1.503	4.462
1515959418340	-7.604	-1.589	4.434
1515959418351	-7.709	-1.685	4.395
1515959418366	-7.834	-1.743	4.405
1515959418370	-7.958	-1.79	4.482
1515959418381	-7.968	-1.819	4.587
1515959418396	-7.747	-1.771	4.635
1515959418400	-7.498	-1.647	4.759
1515959418411	-7.269	-1.474	4.855
1515959418426	-7.182	-1.302	4.989
1515959418430	-7.336	-1.177	5.372
1515959418441	-7.46	-1.13	5.439
1515959418457	-7.479	-1.053	4.97
1515959418460	-7.518	-0.823	4.386
1515959418472	-7.719	-0.507	4.108
1515959418492	-7.968	-0.191	3.936
1515959418495	-8.169	-0.105	3.85
1515959418514	-8.226	-0.191	3.964
1515959418515	-8.188	-0.306	4.137
1515959418520	-8.073	-0.344	3.993
1515959418531	-8.073	-0.162	3.859
1515959418549	-8.13	0.057	3.773
1515959418551	-8.025	0.296	3.706
1515959418598	-7.805	0.363	3.763
1515959418600	-7.556	0.268	3.955
1515959418604	-7.307	0.009	4.204
1515959418607	-7.087	-0.268	4.405
1515959418618	-6.895	-0.498	4.462
1515959418619	-6.78	-0.651	4.472
1515959418620	-6.636	-0.747	4.491
1515959418634	-6.512	-0.814	4.51
1515959418640	-6.464	-0.823	4.501
1515959418651	-6.522	-0.842	4.261
1515959418666	-6.713	-0.766	3.993
1515959418673	-7.039	-0.603	3.754
1515959418681	-7.374	-0.316	3.457
1515959418696	-8.044	0.038	3.055
1515959418700	-8.044	0.392	3.055
1515959418710	-8.303	0.679	2.978
1515959418725	-8.389	0.833	2.988
1515959418730	-8.36	0.852	3.189
1515959418742	-8.312	0.737	3.428
1515959418750	-8.351	0.555	3.61
1515959418760	-8.494	0.316	3.85
1515959418770	-8.686	0.086	4.022
1515959418783	-8.916	-0.076	4.386
1515959418790	-9.059	-0.306	4.625
1515959418800	-9.012	-0.565	4.865
1515959418814	-8.925	-0.785	4.96
1515959418820	-8.878	-0.871	5.028
1515959418831	-8.858	-0.928	5.037
1515959418845	-8.763	-0.948	4.846
1515959418850	-8.696	-0.928	4.846
1515959418861	-8.686	-0.909	4.731
1515959418880	-8.667	-0.9	4.328
1515959418881	-8.667	-0.833	4.328
1515959418893	-8.648	-0.823	4.194
1515959418907	-8.6	-0.794	4.003
1515959418910	-8.6	-0.833	4.003
1515959418926	-8.619	-0.89	4.012
1515959418937	-8.571	-0.948	4.166
1515959418940	-8.437	-0.986	4.166
1515959418952	-8.284	-0.976	4.194
1515959418968	-8.169	-0.938	4.242
1515959418970	-8.092	-0.852	4.242
1515959418982	-8.102	-0.814	4.252
1515959418992	-8.188	-0.814	4.271
1515959419001	-8.341	-0.842	4.338
1515959419015	-8.609	-0.9	4.415
1515959419022	-8.887	-0.986	4.453
1515959419030	-9.04	-1.158	4.568
1515959419071	-9.232	-1.34	4.721
1515959419077	-9.232	-1.484	4.817
1515959419094	-9.232	-1.637	4.865
1515959419099	-9.04	-1.771	4.951
1515959419100	-9.127	-1.848	5.095
1515959419107	-8.992	-1.877	5.305
1515959419108	-8.897	-1.953	5.545
1515959419113	-8.791	-2.049	5.679
1515959419120	-8.705	-2.202	5.746
1515959419141	-8.696	-2.317	5.803
1515959419142	-8.734	-2.557	5.813
1515959419151	-8.743	-2.49	5.813
1515959419166	-8.753	-2.719	5.784
1515959419179	-8.686	-2.624	5.707
1515959419180	-8.6	-2.633	5.688
1515959419191	-8.494	-2.557	5.64
1515959419201	-8.37	-2.48	5.669
1515959419210	-8.332	-2.442	5.65
1515959419221	-8.274	-2.413	5.535
1515959419231	-8.265	-2.403	5.315
1515959419240	-8.284	-2.403	5.2
1515959419250	-8.332	-2.47	5.018
1515959419265	-8.265	-2.461	4.788
1515959419269	-8.13	-2.403	4.625
1515959419280	-8.054	-2.231	4.625
1515959419295	-8.006	-1.963	4.558
1515959419300	-7.757	-1.8	4.501
1515959419310	-7.46	-1.733	4.472
1515959419326	-7.211	-1.857	4.51
1515959419330	-7.039	-2.03	4.52
1515959419341	-7.067	-2.154	4.731
1515959419358	-7.202	-2.355	4.96
1515959419360	-7.383	-2.537	5.162
1515959419372	-7.47	-2.748	5.238
1515959419383	-7.403	-2.892	5.209
1515959419397	-7.269	-3.016	5.324
1515959419405	-7.087	-3.179	5.458
1515959419415	-6.924	-3.342	5.573
1515959419419	-6.876	-3.466	5.612
1515959419430	-6.962	-3.505	5.621
1515959419444	-7.106	-3.447	5.554
1515959419449	-7.326	-3.361	5.535
1515959419460	-7.585	-3.217	5.468
1515959419475	-7.977	-3.055	5.478
1515959419480	-8.217	-2.978	5.324
1515959419491	-8.274	-2.94	5.277
1515959419506	-8.14	-2.921	5.19
1515959419510	-7.795	-2.873	5.047
1515959419543	-7.451	-2.633	4.98
1515959419545	-7.221	-2.327	5.008
1515959419546	-7.087	-2.116	5.19
1515959419552	-7.048	-2.202	5.372
1515959419569	-7.077	-2.537	5.353
1515959419576	-7.134	-2.988	5.449
1515959419591	-7.24	-3.419	5.727
1515959419596	-7.345	-3.763	5.995
1515959419602	-7.403	-3.993	6.177
1515959419610	-7.403	-4.051	6.253
1515959419623	-7.383	-4.051	6.359
1515959419634	-7.403	-4.07	6.426
1515959419643	-7.383	-4.127	6.407
1515959419655	-7.412	-4.204	6.445
1515959419660	-7.441	-4.185	6.397
1515959419670	-7.451	-4.223	6.263
1515959419685	-7.489	-4.108	6.205
1515959419690	-7.556	-3.974	6.091
1515959419700	-7.594	-3.811	6.081
1515959419714	-7.623	-3.677	6.177
1515959419719	-7.642	-3.601	6.167
1515959419731	-7.556	-3.562	6.215
1515959419748	-7.422	-3.505	6.263
1515959419750	-7.269	-3.438	6.349
1515959419762	-7.173	-3.457	6.483
1515959419779	-7.154	-3.553	6.483
1515959419781	-7.202	-3.648	7.0
1515959419793	-7.297	-3.763	7.288
1515959419802	-7.307	-3.83	7.623
1515959419811	-7.211	-3.926	7.68
1515959419823	-7.106	-4.051	7.891
1515959419833	-6.914	-4.204	8.044
1515959419841	-6.742	-4.424	8.198
1515959419853	-6.646	-4.549	8.293
1515959419863	-6.569	-4.616	8.293
1515959419871	-6.522	-4.539	8.265
1515959419883	-6.665	-4.233	8.236
1515959419890	-6.541	-3.83	8.063
1515959419901	-6.608	-3.371	7.728
1515959419913	-6.617	-2.892	7.422
1515959419920	-6.656	-2.432	7.173
1515959419931	-6.579	-2.078	6.78
1515959419943	-6.454	-1.771	6.387
1515959419950	-6.32	-1.484	6.081
1515959419961	-6.138	-1.149	5.976
1515959419973	-5.794	-0.842	5.995
1515959419980	-5.439	-0.411	6.119
1515959419991	-5.037	-0.181	6.091
1515959420027	-4.692	-0.114	6.081
1515959420034	-4.395	-0.268	6.196
1515959420047	-4.099	-0.306	6.292
1515959420048	-3.821	-0.545	6.522
1515959420049	-3.543	-0.785	6.857
1515959420060	-3.304	-1.034	7.154
1515959420063	-3.112	-1.292	7.374
1515959420070	-2.949	-1.532	7.575
1515959420080	-2.796	-1.704	7.757
1515959420093	-2.643	-1.848	8.044
1515959420100	-2.566	-2.001	8.312
1515959420110	-2.518	-2.106	8.466
1515959420126	-2.48	-2.241	8.571
1515959420130	-2.432	-2.365	8.772
1515959420140	-2.317	-2.423	8.878
1515959420150	-2.116	-2.442	8.945
1515959420159	-1.982	-2.413	9.05
1515959420170	-1.963	-2.432	9.184
1515959420181	-2.049	-2.403	9.241
1515959420189	-2.164	-2.308	9.203
1515959420200	-2.279	-2.116	9.059
1515959420211	-2.308	-1.896	9.012
1515959420220	-2.279	-1.714	8.935
1515959420230	-2.221	-1.541	8.868
1515959420243	-2.25	-1.494	8.916
1515959420250	-2.231	-1.474	8.973
1515959420260	-2.106	-1.426	9.069
1515959420271	-2.001	-1.398	9.184
1515959420279	-1.963	-1.398	9.213
1515959420290	-1.953	-1.388	9.222
1515959420301	-1.915	-1.35	9.241
1515959420309	-1.848	-1.273	9.232
1515959420320	-1.819	-1.149	9.337
1515959420332	-1.886	-1.082	9.462
1515959420340	-1.944	-1.043	9.471
1515959420350	-1.925	-1.034	9.423
1515959420363	-1.857	-1.024	9.433
1515959420370	-1.743	-0.976	9.395
1515959420390	-1.628	-0.881	9.414
1515959420392	-1.503	-0.775	9.5
1515959420405	-1.407	-0.632	9.615
1515959420415	-1.417	-0.526	9.797
1515959420424	-1.369	-0.45	9.835
1515959420430	-1.187	-0.469	9.711
1515959420440	-0.89	-0.641	9.749
1515959420451	-0.651	-0.881	9.893
1515959420459	-0.584	-1.13	10.103
1515959420470	-0.727	-1.321	10.458
1515959420495	-0.823	-1.35	10.544
1515959420518	-0.794	-1.197	10.563
1515959420520	-0.814	-0.976	10.621
1515959420522	-0.881	-0.689	10.716
1515959420523	-0.852	-0.478	10.467
1515959420539	-0.794	-0.392	10.199
1515959420542	-0.948	-0.44	9.988
1515959420560	-1.082	-0.45	9.653
1515959420564	-1.177	-0.392	9.261
1515959420575	-1.273	-0.239	9.107
1515959420580	-1.34	0.028	8.954
1515959420603	-1.426	0.545	8.715
1515959420610	-1.647	0.622	8.638
1515959420633	-2.116	0.296	8.035
1515959420637	-2.116	0.296	8.035
1515959420640	-2.078	0.191	7.968
1515959420650	-1.963	0.239	7.958
1515959420662	-1.915	0.44	7.891
1515959420670	-1.992	0.794	7.843
1515959420680	-2.269	1.187	7.795
1515959420695	-2.595	1.522	7.489
1515959420700	-2.739	1.819	7.096
1515959420710	-2.729	2.011	6.761
1515959420721	-2.691	2.145	6.474
1515959420737	-2.624	2.336	6.311
1515959420740	-2.624	2.336	6.263
1515959420752	-2.662	2.691	6.263
1515959420760	-2.662	2.691	6.138
1515959420771	-2.652	2.93	6.081
1515959420785	-2.633	3.045	6.138
1515959420790	-2.624	3.045	6.311
1515959420802	-2.48	2.892	6.512
1515959420812	-2.384	2.739	6.818
1515959420826	-2.346	2.633	7.058
1515959420830	-2.355	2.557	7.249
1515959420842	-2.355	2.49	7.508
1515959420849	-2.327	2.49	7.728
1515959420860	-2.269	2.461	7.929
1515959420874	-2.039	2.557	8.245
1515959420880	-1.752	2.633	8.514
1515959420890	-1.608	2.7	8.59
1515959420904	-1.743	2.729	8.485
1515959420910	-2.001	2.748	8.514
1515959420921	-2.193	2.7	8.676
1515959420934	-2.346	2.624	8.801
1515959420940	-2.432	2.499	8.878
1515959420950	-2.48	2.355	9.012
1515959420965	-2.442	2.269	9.098
1515959421015	-2.432	2.241	9.27
1515959421021	-2.461	2.241	9.356
1515959421027	-2.585	2.231	9.366
1515959421048	-2.71	2.135	9.28
1515959421049	-2.806	1.992	9.28
1515959421051	-2.796	1.829	9.251
1515959421052	-2.719	1.695	9.232
1515959421053	-2.547	1.676	9.261
1515959421054	-2.355	1.762	9.27
1515959421067	-2.269	1.829	9.203
1515959421078	-2.145	1.886	9.174
1515959421087	-1.992	1.896	9.136
1515959421095	-1.81	1.848	9.155
1515959421109	-1.608	1.781	9.194
1515959421118	-1.417	1.695	9.28
1515959421124	-1.312	1.618	9.366
1515959421132	-1.225	1.513	9.481
1515959421147	-1.187	1.426	9.538
1515959421150	-1.139	1.331	9.625
1515959421160	-1.158	1.245	9.692
1515959421177	-1.158	1.206	9.701
1515959421180	-1.158	1.197	9.653
1515959421190	-1.235	1.216	9.605
1515959421205	-1.359	1.254	9.548
1515959421209	-1.436	1.302	9.5
1515959421220	-1.494	1.388	9.49
1515959421232	-1.522	1.494	9.5
1515959421239	-1.484	1.637	9.615
1515959421250	-1.426	1.733	9.701
1515959421264	-1.474	1.589	9.787
1515959421270	-1.359	1.34	9.95
1515959421280	-1.235	1.101	10.18
1515959421295	-1.225	0.986	10.525
1515959421300	-1.321	0.909	10.525
1515959421325	-1.57	0.957	10.218
1515959421330	-1.618	1.072	9.95
1515959421342	-1.656	1.216	9.615
1515959421355	-1.695	1.398	9.299
1515959421360	-1.771	1.599	9.002
1515959421371	-1.857	1.723	8.734
1515959421385	-2.02	1.838	8.418
1515959421390	-2.02	1.877	8.418
1515959421400	-1.972	1.905	8.389
1515959421415	-1.848	1.905	8.408
1515959421420	-1.733	1.838	8.494
1515959421431	-1.637	1.743	8.59
1515959421445	-1.57	1.666	8.753
1515959421450	-1.541	1.58	8.954
1515959421498	-1.513	1.494	9.289
1515959421500	-1.417	1.436	9.241
1515959421507	-1.34	1.436	9.289
1515959421508	-1.331	1.484	9.308
1515959421509	-1.359	1.503	9.337
1515959421510	-1.379	1.561	9.337
1515959421520	-1.321	1.628	9.241
1515959421540	-1.398	1.608	9.174
1515959421545	-1.398	1.57	9.127
1515959421555	-1.465	1.484	9.059
1515959421563	-1.532	1.426	9.002
1515959421570	-1.541	1.407	8.945
1515959421580	-1.494	1.465	8.897
1515959421592	-1.704	1.57	8.81
1515959421599	-1.637	1.647	8.763
1515959421610	-1.704	1.676	8.791
1515959421623	-1.666	1.637	8.858
1515959421630	-1.58	1.628	9.012
1515959421640	-1.589	1.714	8.945
1515959421653	-1.551	1.628	8.571
1515959421660	-1.857	1.685	7.518
1515959421670	-1.781	1.867	8.609
1515959421685	-1.743	1.656	8.312
1515959421694	-1.149	1.618	8.83
1515959421704	-0.919	1.379	9.423
1515959421718	-1.024	1.11	9.567
1515959421720	-1.426	1.216	9.625
1515959421732	-1.838	1.484	9.672
1515959421743	-2.02	1.714	9.615
1515959421752	-2.02	1.762	9.586
1515959421760	-1.953	1.656	9.682
1515959421773	-1.857	1.503	9.787
1515959421790	-1.781	1.206	9.979
1515959421804	-1.407	1.331	9.538
1515959421810	-1.216	1.206	9.098
1515959421821	-1.838	1.264	8.715
