timestamp	x	y	z
1515360757590	9.155	-3.907	2.978
1515360757656	8.849	-3.993	3.16
1515360757657	8.38	-4.127	3.371
1515360757658	7.958	-4.271	3.687
1515360757658	7.719	-4.386	4.031
1515360757659	7.719	-4.309	4.348
1515360757660	7.853	-3.974	4.309
1515360757661	8.063	-3.486	4.118
1515360757684	8.418	-3.045	4.07
1515360757685	8.59	-2.576	3.984
1515360757698	8.83	-1.944	3.792
1515360757750	8.906	-1.925	3.792
1515360757752	8.906	-1.915	3.792
1515360757754	8.906	-1.752	3.792
1515360757756	9.165	-1.647	3.514
1515360757758	9.117	-2.02	3.524
1515360757759	8.992	-2.02	3.61
1515360757772	8.992	-2.403	3.61
1515360757790	8.629	-2.786	3.696
1515360757794	8.561	-3.428	3.744
1515360757810	8.667	-3.533	3.735
1515360757814	8.667	-3.505	3.735
1515360757827	8.734	-3.399	3.735
1515360757834	8.734	-3.237	3.735
1515360757847	8.705	-2.94	3.706
1515360757855	8.705	-2.949	3.706
1515360757869	8.571	-2.882	3.802
1515360757874	8.571	-2.901	3.802
1515360757888	8.399	-3.093	4.051
1515360757906	8.341	-2.949	4.28
1515360757916	8.38	-2.949	4.29
1515360757935	8.629	-2.413	4.175
1515360757936	8.686	-2.413	4.079
1515360757947	8.533	-2.241	4.051
1515360757963	8.494	-2.193	4.041
1515360757965	8.188	-2.25	4.108
1515360757981	8.236	-2.241	4.099
1515360757992	8.236	-2.221	4.137
1515360757995	8.312	-2.221	4.242
1515360758010	8.447	-2.221	4.367
1515360758014	8.648	-2.221	4.424
1515360758029	8.734	-2.059	4.367
1515360758038	8.753	-2.059	4.319
1515360758053	8.715	-2.193	4.395
1515360758055	8.657	-2.193	4.501
1515360758071	8.686	-2.26	4.664
1515360758074	8.782	-2.26	4.702
1515360758087	8.868	-2.001	4.635
1515360758097	8.839	-1.867	4.587
1515360758113	8.676	-1.829	4.597
1515360758115	8.447	-1.819	4.606
1515360758129	8.332	-1.886	4.683
1515360758134	8.265	-1.905	4.731
1515360758145	8.169	-1.896	4.807
1515360758176	8.15	-1.867	4.769
1515360758193	8.178	-1.905	4.702
1515360758196	8.188	-1.963	4.711
1515360758198	8.083	-2.049	4.798
1515360758206	7.929	-2.068	4.97
1515360758208	7.795	-2.001	5.162
1515360758220	7.805	-1.934	5.229
1515360758225	7.92	-1.848	5.277
1515360758239	8.035	-1.79	5.277
1515360758253	8.006	-1.762	5.315
1515360758254	7.853	-1.714	5.363
1515360758264	7.68	-1.656	5.449
1515360758281	7.613	-1.57	5.593
1515360758285	7.69	-1.446	5.679
1515360758295	7.824	-1.302	5.688
1515360758305	7.92	-1.13	5.593
1515360758314	7.939	-0.948	5.42
1515360758325	7.881	-0.794	5.296
1515360758337	7.891	-0.632	5.257
1515360758355	7.901	-0.402	5.085
1515360758357	7.977	-0.181	5.2
1515360758368	8.092	0.076	5.171
1515360758374	8.188	0.277	5.008
1515360758387	8.255	0.411	4.846
1515360758400	8.293	0.43	4.692
1515360758410	8.265	0.411	4.577
1515360758414	8.217	0.325	4.558
1515360758428	8.274	0.229	4.846
1515360758434	8.542	0.249	4.826
1515360758447	8.992	0.392	4.903
1515360758455	9.337	0.612	4.788
1515360758470	9.414	0.699	4.664
1515360758474	9.079	0.536	4.625
1515360758488	8.303	0.162	4.884
1515360758494	8.332	-0.306	4.884
1515360758507	8.198	-0.737	5.267
1515360758517	8.169	-1.091	5.305
1515360758531	8.207	-1.264	5.526
1515360758535	8.36	-1.206	5.612
1515360758547	8.552	-1.005	5.363
1515360758566	8.676	-0.756	5.008
1515360758578	8.629	-0.794	5.018
1515360758593	8.724	-0.268	4.807
1515360758595	8.954	-0.258	4.817
1515360758627	9.902	1.264	4.587
1515360758633	9.902	1.312	4.587
1515360758642	10.678	2.298	3.83
1515360758644	10.841	2.212	3.83
1515360758648	10.199	1.168	4.012
1515360758668	9.577	1.168	4.012
1515360758670	9.452	0.545	4.846
1515360758677	9.998	-0.258	4.846
1515360758687	11.042	-2.049	4.999
1515360758702	11.703	-2.049	5.133
1515360758706	11.31	-2.806	5.133
1515360758714	10.199	-3.122	4.673
1515360758728	9.241	-3.16	4.118
1515360758734	9.241	-3.16	3.505
1515360758745	9.308	-3.102	2.988
1515360758755	9.404	-2.988	2.557
1515360758780	9.194	-2.94	2.355
1515360758782	9.213	-2.968	2.193
1515360758788	8.858	-2.777	2.001
1515360758794	8.858	-2.901	1.781
1515360758805	8.293	-2.988	1.474
1515360758816	7.862	-3.055	1.331
1515360758825	7.403	-3.189	1.158
1515360758834	6.943	-3.122	1.13
1515360758849	6.483	-3.735	1.12
1515360758854	6.234	-3.735	1.302
1515360758865	6.33	-5.104	1.733
1515360758875	6.704	-5.075	2.154
1515360758885	7.192	-6.129	2.423
1515360758932	7.623	-6.129	2.49
1515360758933	7.7	-6.56	2.308
1515360758933	7.671	-6.684	2.068
1515360758934	7.68	-6.828	1.934
1515360758935	7.786	-6.876	1.848
1515360758945	7.901	-6.723	1.676
1515360758954	7.949	-6.493	1.647
1515360758967	7.949	-6.129	1.81
1515360758974	8.035	-5.564	2.231
1515360758985	8.418	-4.664	2.681
1515360758996	8.925	-3.591	2.882
1515360759005	9.127	-2.662	2.988
1515360759016	8.916	-2.078	3.102
1515360759026	8.475	-1.905	3.227
1515360759034	8.274	-1.704	3.447
1515360759052	8.389	-1.149	3.026
1515360759055	9.021	-0.383	2.394
1515360759071	10.132	0.172	1.905
1515360759079	11.042	0.402	1.714
1515360759089	10.975	0.172	1.666
1515360759094	9.979	-0.44	2.212
1515360759105	8.983	-0.909	2.997
1515360759117	8.638	-1.034	3.332
1515360759129	9.203	-1.34	3.15
1515360759134	10.19	-2.135	3.083
1515360759146	10.975	-3.112	3.361
1515360759154	11.368	-4.041	3.907
1515360759165	11.415	-4.462	4.731
1515360759177	11.262	-4.3	5.449
1515360759185	10.984	-3.792	5.813
1515360759194	10.372	-3.457	5.832
1515360759206	9.146	-3.284	5.775
1515360759214	7.824	-3.294	5.66
1515360759225	6.962	-3.361	5.439
1515360759236	6.838	-3.505	5.123
1515360759245	7.393	-3.553	4.52
1515360759255	8.102	-3.495	3.744
1515360759266	8.581	-3.332	3.112
1515360759281	8.523	-3.102	2.662
1515360759292	8.054	-2.949	2.298
1515360759300	7.862	-2.968	2.145
1515360759304	7.814	-3.055	2.145
1515360759317	8.159	-3.141	2.461
1515360759328	8.466	-3.217	2.403
1515360759343	8.753	-3.294	3.131
1515360759345	8.657	-3.371	3.217
1515360759360	8.581	-3.466	3.974
1515360759364	8.581	-3.447	3.974
1515360759375	8.341	-3.304	4.376
1515360759390	8.245	-3.131	4.702
1515360759395	8.245	-3.093	4.702
1515360759408	8.648	-3.093	4.96
1515360759419	8.648	-3.093	4.807
1515360759429	8.791	-3.035	4.817
1515360759437	8.705	-2.959	4.817
1515360759450	8.073	-2.681	4.664
1515360759455	8.073	-2.71	4.664
1515360759467	7.881	-2.7	4.778
1515360759479	7.795	-2.604	4.702
1515360759524	7.767	-2.231	4.558
1515360759531	7.862	-2.174	4.558
1515360759537	8.494	-1.8	4.319
1515360759544	8.983	-1.139	3.773
1515360759545	8.983	-0.536	3.16
1515360759546	10.113	-0.459	2.978
1515360759547	10.113	-0.794	2.978
1515360759558	10.046	-1.733	3.265
1515360759569	9.653	-1.733	3.39
1515360759578	9.194	-2.298	3.514
1515360759585	9.194	-2.442	3.62
1515360759600	8.207	-2.959	3.715
1515360759604	8.207	-2.921	3.907
1515360759618	7.709	-3.62	4.194
1515360759628	7.709	-3.62	4.462
1515360759637	7.805	-4.089	4.664
1515360759645	7.958	-4.089	4.721
1515360759658	8.198	-3.658	4.673
1515360759664	8.351	-3.658	4.549
1515360759677	8.437	-3.055	4.424
1515360759686	8.59	-3.055	4.28
1515360759707	8.839	-2.614	4.089
1515360759708	9.002	-2.614	3.964
1515360759718	9.107	-2.308	3.936
1515360759724	9.251	-2.308	3.821
1515360759737	9.404	-2.059	3.706
1515360759749	9.538	-1.905	3.763
1515360759757	9.577	-1.886	3.821
1515360759769	9.471	-1.8	3.83
1515360759780	9.261	-1.743	3.907
1515360759796	9.107	-1.819	3.993
1515360759798	8.992	-1.963	4.041
1515360759811	8.906	-2.135	4.099
1515360759815	8.801	-2.288	4.089
1515360759828	8.705	-2.403	4.012
1515360759840	8.734	-2.547	4.041
1515360759847	8.983	-2.7	4.099
1515360759857	9.366	-2.758	4.099
1515360759870	9.577	-2.71	4.099
1515360759885	9.529	-2.672	4.06
1515360759887	9.27	-2.576	4.012
1515360759901	9.059	-2.365	3.869
1515360759915	8.906	-2.049	3.763
1515360759917	8.964	-1.647	3.514
1515360759949	9.241	-1.379	3.131
1515360759957	9.682	-1.206	2.892
1515360759961	10.63	-1.982	2.624
1515360759982	10.496	-2.624	2.815
1515360759983	9.998	-2.978	3.581
1515360759992	9.318	-2.968	4.376
1515360759994	8.839	-3.035	4.376
1515360760005	8.638	-3.265	4.501
1515360760021	8.389	-3.38	4.415
1515360760024	8.255	-3.409	3.821
1515360760036	8.399	-3.524	3.16
1515360760049	8.763	-3.696	2.231
1515360760056	9.241	-4.175	1.283
1515360760064	9.404	-4.549	0.976
1515360760079	9.107	-4.577	1.187
1515360760084	8.648	-4.328	1.426
1515360760095	8.36	-3.984	1.522
1515360760108	8.341	-3.821	1.417
1515360760115	8.341	-3.888	1.321
1515360760124	8.178	-4.108	1.388
1515360760137	7.795	-4.616	1.503
1515360760144	7.269	-5.372	1.714
1515360760155	6.713	-6.196	1.972
1515360760169	6.253	-6.809	2.269
1515360760175	6.273	-6.828	2.231
1515360760185	6.828	-6.349	1.733
1515360760203	7.949	-5.229	0.938
1515360760216	8.36	-4.597	1.043
1515360760231	9.002	-4.07	1.79
1515360760235	9.002	-3.754	1.79
1515360760249	9.136	-3.476	2.317
1515360760261	9.232	-3.265	2.47
1515360760269	8.973	-3.17	2.566
1515360760278	9.05	-3.112	2.566
1515360760292	8.494	-3.035	2.719
1515360760309	8.169	-2.576	2.624
1515360760320	8.169	-2.126	2.164
1515360760328	10.372	-2.049	2.02
1515360760340	10.372	-2.106	2.02
1515360760354	11.339	-1.857	2.183
1515360760356	11.339	-1.896	2.298
1515360760368	10.812	-1.58	2.499
1515360760382	9.059	-2.116	2.882
1515360760396	8.619	-2.585	3.553
1515360760429	8.332	-3.102	3.773
1515360760440	8.332	-3.17	4.079
1515360760450	8.667	-3.198	3.926
1515360760452	10.199	-2.7	3.658
1515360760455	10.199	-2.7	3.572
1515360760459	10.735	-2.643	3.62
1515360760466	10.735	-2.643	3.85
1515360760477	9.807	-2.317	4.185
1515360760486	9.194	-2.317	4.577
1515360760500	8.964	-2.25	4.846
1515360760509	8.81	-2.25	4.989
1515360760522	8.456	-2.126	4.951
1515360760531	7.7	-2.126	5.104
1515360760537	7.221	-2.202	5.209
1515360760546	7.144	-2.202	5.066
1515360760561	7.288	-2.394	4.807
1515360760564	7.719	-2.394	4.51
1515360760580	8.265	-2.26	3.917
1515360760589	8.782	-2.413	3.284
1515360760596	9.069	-2.595	2.815
1515360760604	9.088	-2.748	2.557
1515360760618	8.897	-2.7	2.423
1515360760624	8.667	-2.681	2.375
1515360760636	8.772	-2.614	2.518
1515360760650	9.232	-2.576	2.624
1515360760657	9.625	-2.604	2.748
1515360760667	9.625	-2.633	3.093
1515360760681	9.261	-2.672	3.533
1515360760699	8.772	-2.767	4.022
1515360760700	8.418	-2.825	4.51
1515360760712	8.322	-2.786	4.903
1515360760723	8.427	-2.604	5.085
1515360760731	8.676	-2.298	5.095
1515360760737	8.887	-1.944	4.941
1515360760747	8.973	-1.695	4.721
1515360760754	8.897	-1.503	4.568
1515360760768	8.82	-1.388	4.482
1515360760774	8.782	-1.245	4.405
1515360760787	8.763	-1.015	4.415
1515360760801	8.715	-0.651	4.309
1515360760808	8.763	-0.344	4.108
1515360760816	8.868	-0.181	3.945
1515360760831	8.925	-0.22	3.706
1515360760835	8.935	-0.44	3.792
1515360760868	9.021	-0.756	3.888
1515360760877	9.146	-1.072	4.252
1515360760880	9.146	-1.35	4.252
1515360760883	9.031	-1.513	4.386
1515360760898	8.81	-1.676	4.491
1515360760900	8.581	-1.886	4.568
1515360760913	8.437	-2.145	4.625
1515360760921	8.312	-2.375	4.644
1515360760928	8.236	-2.537	4.654
1515360760938	8.207	-2.595	4.654
1515360760953	8.284	-2.509	4.597
1515360760954	8.38	-2.365	4.616
1515360760967	8.475	-2.164	4.577
1515360760974	8.561	-1.992	4.549
1515360760987	8.6	-1.886	4.529
1515360760996	8.609	-1.819	4.558
1515360761009	8.629	-1.465	4.798
1515360761014	8.782	-1.522	4.798
1515360761027	8.906	-1.091	4.242
1515360761034	8.916	-0.737	4.29
1515360761046	8.801	-0.612	4.223
1515360761054	8.475	-0.756	4.175
1515360761069	8.159	-1.005	4.376
1515360761074	8.054	-1.216	4.405
1515360761086	8.236	-1.245	4.501
1515360761095	8.552	-1.158	4.462
1515360761107	8.734	-1.513	4.606
1515360761117	8.791	-1.407	4.51
1515360761129	8.667	-2.02	4.692
1515360761134	8.437	-2.039	4.692
1515360761146	8.265	-2.212	4.807
1515360761154	8.217	-2.212	4.807
1515360761166	8.245	-2.154	4.558
1515360761175	8.265	-2.059	4.606
1515360761191	8.226	-2.001	4.185
1515360761195	8.207	-1.982	4.29
1515360761207	8.293	-1.714	4.166
1515360761215	8.523	-1.714	4.166
1515360761226	9.174	-1.608	4.003
1515360761237	9.165	-1.599	3.945
1515360761252	9.069	-1.704	3.945
1515360761255	9.04	-1.848	4.099
1515360761267	8.504	-1.982	4.118
1515360761282	8.571	-1.925	4.089
1515360761313	8.743	-1.838	4.06
1515360761325	8.83	-1.79	4.051
1515360761329	8.83	-1.733	4.012
1515360761334	8.83	-1.723	4.012
1515360761336	8.763	-1.982	4.003
1515360761346	8.734	-1.982	3.926
1515360761361	8.753	-2.049	3.936
1515360761362	8.801	-2.049	3.993
1515360761372	8.839	-1.972	3.85
1515360761380	8.791	-1.972	3.802
1515360761388	8.791	-2.097	3.706
1515360761394	8.782	-2.097	3.629
1515360761408	8.849	-2.039	3.639
1515360761417	9.031	-1.886	3.648
1515360761431	9.222	-1.953	3.715
1515360761434	9.27	-1.953	3.84
1515360761447	9.194	-2.011	3.974
1515360761454	9.002	-2.011	4.07
1515360761467	8.897	-1.877	4.118
1515360761475	8.897	-1.656	4.06
1515360761490	9.107	-1.446	3.936
1515360761494	9.443	-1.455	3.869
1515360761507	9.692	-1.599	3.955
1515360761514	9.672	-1.618	4.051
1515360761526	9.481	-1.417	4.118
1515360761535	9.462	-1.177	3.888
1515360761553	9.625	-1.043	3.533
1515360761555	9.883	-1.053	3.332
1515360761568	10.084	-1.245	3.352
1515360761574	10.4	-1.599	3.524
1515360761584	10.611	-1.982	3.591
1515360761595	10.486	-2.174	3.715
1515360761604	10.199	-2.183	3.639
1515360761614	9.921	-2.174	3.524
1515360761625	9.672	-2.241	3.524
1515360761634	9.395	-2.375	3.581
1515360761645	9.165	-2.461	3.543
1515360761655	9.117	-2.537	3.486
1515360761664	9.098	-2.547	3.265
1515360761674	9.117	-2.49	3.189
1515360761685	9.28	-2.365	3.102
1515360761694	9.462	-2.317	2.94
1515360761707	9.433	-2.288	2.911
1515360761720	9.318	-2.298	2.786
1515360761738	9.012	-2.432	2.633
1515360761747	8.485	-2.547	2.442
1515360761749	7.977	-2.633	2.365
1515360761755	7.738	-2.758	2.068
1515360761778	7.767	-2.94	1.532
1515360761784	7.805	-3.648	1.264
1515360761797	7.738	-4.031	1.235
1515360761805	7.719	-4.309	1.225
1515360761817	7.805	-4.597	1.168
1515360761824	7.92	-4.951	1.158
1515360761838	8.006	-5.353	1.34
1515360761844	7.92	-5.66	1.331
1515360761857	7.709	-5.861	1.934
1515360761867	7.537	-5.995	1.963
1515360761880	7.489	-6.004	2.432
1515360761884	7.565	-5.88	2.432
1515360761897	8.322	-5.506	2.911
1515360761904	8.293	-4.692	2.911
1515360761917	8.82	-3.342	2.47
1515360761925	9.529	-2.001	2.518
1515360761941	10.305	-1.292	1.637
1515360761944	10.573	-1.063	1.561
1515360761957	10.295	-1.369	1.35
1515360761964	9.941	-1.934	1.35
1515360761977	9.73	-2.336	2.365
1515360761985	9.634	-2.279	2.365
1515360762002	9.481	-0.871	2.557
1515360762004	9.471	-0.871	2.557
1515360762017	9.864	-1.455	2.576
1515360762024	9.73	-1.455	2.576
1515360762036	9.366	-2.461	3.323
1515360762047	8.81	-2.509	3.869
1515360762060	8.82	-2.825	4.252
1515360762064	9.155	-2.767	4.252
1515360762078	9.95	-2.212	3.581
1515360762096	9.174	-2.288	3.313
1515360762105	9.155	-2.288	3.447
1515360762120	9.519	-2.7	3.601
1515360762124	9.462	-2.7	3.658
1515360762136	10.056	-2.844	3.677
1515360762144	10.056	-2.978	3.677
1515360762155	9.529	-3.102	3.725
1515360762165	9.376	-3.179	3.897
1515360762175	9.127	-3.227	4.146
1515360762194	8.973	-3.179	4.271
1515360762198	8.945	-2.633	4.434
1515360762211	8.945	-2.633	4.625
1515360762218	8.561	-1.944	4.702
1515360762228	8.217	-1.925	4.587
1515360762236	8.006	-1.407	4.395
1515360762245	7.891	-1.407	4.271
1515360762258	7.958	-1.474	4.252
1515360762273	8.102	-1.608	4.233
1515360762275	8.274	-1.455	3.974
1515360762288	8.485	-1.561	3.735
1515360762294	8.753	-1.561	3.562
1515360762307	8.925	-1.848	3.457
1515360762318	8.887	-1.915	3.514
1515360762333	8.801	-1.81	3.457
1515360762335	8.724	-1.714	3.447
1515360762349	8.657	-1.723	3.438
1515360762354	8.629	-2.011	3.533
1515360762367	8.533	-2.47	3.773
1515360762378	8.37	-2.892	4.118
1515360762386	8.121	-3.275	4.443
1515360762394	7.958	-3.553	4.702
1515360762407	7.929	-3.744	4.913
1515360762414	7.939	-3.687	5.018
1515360762426	8.016	-3.399	5.008
1515360762437	8.284	-3.035	4.826
1515360762446	8.571	-2.595	4.587
1515360762454	8.791	-1.992	4.367
1515360762471	8.925	-1.446	4.118
1515360762474	9.088	-1.072	3.964
1515360762486	9.146	-0.881	3.945
1515360762496	9.107	-0.766	3.984
1515360762506	9.059	-0.737	4.022
1515360762514	9.021	-0.756	4.175
1515360762527	8.992	-0.861	4.338
1515360762534	8.954	-0.967	4.472
1515360762546	8.868	-1.053	4.597
1515360762556	8.763	-1.187	4.711
1515360762566	8.59	-1.331	4.788
1515360762575	8.485	-1.503	4.846
1515360762587	8.456	-1.599	4.893
1515360762594	8.504	-1.589	4.903
1515360762606	8.6	-1.541	4.874
1515360762615	8.686	-1.388	4.731
1515360762635	8.801	-1.254	4.558
1515360762635	8.81	-1.168	4.453
1515360762651	8.686	-1.101	4.319
1515360762656	8.514	-1.149	4.261
1515360762668	8.37	-1.245	4.261
1515360762679	8.293	-1.34	4.319
1515360762685	8.293	-1.417	4.462
1515360762695	8.332	-1.379	4.52
1515360762707	8.408	-1.245	4.52
1515360762714	8.475	-1.024	4.539
1515360762770	8.533	-0.766	4.51
1515360762771	8.686	-0.603	4.52
1515360762772	8.992	-0.641	4.462
1515360762773	9.174	-0.928	4.491
1515360762774	9.136	-1.273	4.616
1515360762775	8.935	-1.465	4.759
1515360762785	8.743	-1.522	4.932
1515360762796	8.59	-1.455	4.884
1515360762805	8.561	-1.379	4.759
1515360762814	8.523	-1.264	4.625
1515360762828	8.561	-1.589	4.424
1515360762845	8.523	-1.877	4.395
1515360762856	8.456	-2.078	4.386
1515360762900	8.427	-2.116	4.405
1515360762901	8.466	-1.953	4.395
1515360762901	8.59	-1.695	4.185
1515360762902	8.59	-1.484	4.185
1515360762907	8.514	-1.426	3.945
1515360762917	8.619	-1.561	4.099
1515360762925	8.37	-1.714	4.185
1515360762934	8.466	-1.886	4.338
1515360762947	8.456	-2.011	4.501
1515360762954	8.456	-2.02	4.529
1515360762965	8.475	-1.982	4.549
1515360762977	8.456	-1.992	4.558
1515360762985	8.408	-2.059	4.568
1515360762994	8.255	-2.174	4.577
1515360763006	8.226	-2.241	4.587
1515360763014	8.226	-2.241	4.539
1515360763025	8.207	-2.221	4.529
1515360763036	8.207	-2.231	4.568
1515360763045	8.188	-2.403	4.673
1515360763054	8.207	-2.403	4.798
1515360763066	8.274	-2.413	4.884
1515360763085	8.399	-2.25	4.884
1515360763089	8.485	-2.059	4.788
1515360763095	8.561	-1.905	4.731
1515360763106	8.619	-1.733	4.654
1515360763114	8.734	-1.58	4.549
1515360763130	8.82	-1.292	4.376
1515360763134	8.83	-0.996	4.261
1515360763146	8.801	-0.756	4.079
1515360763157	8.782	-0.67	3.974
1515360763165	8.753	-0.66	3.945
1515360763175	8.638	-0.766	4.022
1515360763188	8.533	-0.89	4.185
1515360763194	8.475	-0.938	4.309
1515360763205	8.494	-0.996	4.357
1515360763216	8.523	-1.12	4.443
1515360763225	8.571	-1.302	4.549
1515360763236	8.561	-1.513	4.616
1515360763247	8.523	-1.685	4.731
1515360763257	8.504	-1.877	4.836
1515360763264	8.523	-2.02	4.865
1515360763279	8.504	-2.087	4.874
1515360763285	8.475	-2.087	4.903
1515360763297	8.494	-2.03	4.874
1515360763306	8.533	-1.857	4.75
1515360763324	8.59	-1.676	4.472
1515360763338	8.581	-1.666	4.328
1515360763344	8.619	-1.695	4.357
1515360763358	8.743	-1.685	4.405
1515360763368	8.906	-1.541	4.357
1515360763377	9.146	-1.379	4.28
1515360763384	9.366	-1.216	4.204
1515360763399	9.481	-1.043	4.156
1515360763404	9.538	-0.967	4.156
1515360763417	9.538	-0.938	4.127
1515360763428	9.538	-0.967	4.07
1515360763436	9.567	-1.015	4.099
1515360763444	9.634	-1.063	4.309
1515360763458	9.768	-0.957	4.673
1515360763464	9.826	-0.67	4.644
1515360763476	9.845	-0.325	4.644
1515360763487	9.988	-0.134	4.587
1515360763496	10.084	-0.172	4.558
1515360763504	9.979	-0.383	4.616
1515360763517	9.615	-0.632	4.501
1515360763537	9.203	-0.641	4.568
1515360763541	8.897	-0.536	4.3
1515360763554	8.897	-0.517	3.926
1515360763556	9.107	-0.517	3.227
1515360763568	9.376	-0.651	3.093
1515360763581	9.902	-1.494	2.758
1515360763597	10.017	-1.781	2.997
1515360763610	9.759	-1.857	3.227
1515360763614	9.759	-1.886	3.227
1515360763638	9.165	-2.039	3.601
1515360763644	8.657	-2.25	3.715
1515360763658	7.824	-2.49	3.39
1515360763667	7.824	-2.882	2.93
1515360763677	7.202	-3.294	2.652
1515360763684	7.202	-3.687	2.652
1515360763698	6.675	-4.558	2.106
1515360763704	6.675	-4.52	2.106
1515360763722	6.857	-5.152	1.637
1515360763728	6.799	-5.133	1.484
1515360763737	7.661	-5.554	1.388
1515360763744	7.652	-5.593	1.235
1515360763757	8.207	-5.554	1.053
1515360763764	8.274	-5.554	1.158
1515360763775	8.38	-5.65	1.388
1515360763788	8.217	-5.822	1.676
1515360763794	8.217	-5.928	1.896
1515360763808	8.15	-5.554	2.126
1515360763817	8.15	-5.631	2.288
1515360763827	8.025	-4.913	2.71
1515360763834	8.178	-4.913	2.815
1515360763848	8.514	-3.763	2.786
1515360763854	9.127	-3.763	2.863
1515360763867	10.046	-2.288	2.288
1515360763879	10.783	-2.288	1.455
1515360763887	11.08	-1.599	1.187
1515360763894	10.573	-1.599	1.398
1515360763908	9.653	-0.842	1.771
1515360763914	9.136	-0.536	1.79
1515360763928	9.337	-0.976	1.829
1515360763939	9.883	-1.589	1.982
1515360763948	10.103	-2.145	2.116
1515360763957	9.778	-2.624	2.614
1515360763972	9.289	-2.834	3.361
1515360763975	9.079	-2.873	3.744
1515360764008	9.366	-2.968	3.907
1515360764013	9.778	-2.997	3.926
1515360764020	9.644	-2.911	3.897
1515360764021	9.021	-2.786	3.773
1515360764037	8.667	-2.825	3.725
1515360764038	9.031	-3.083	3.668
1515360764047	9.787	-3.304	3.677
1515360764063	10.343	-3.256	3.782
1515360764066	10.391	-3.083	3.984
1515360764076	10.103	-2.882	4.319
1515360764091	9.701	-2.739	4.644
1515360764094	9.318	-2.547	4.846
1515360764108	8.916	-2.221	4.903
1515360764121	8.475	-1.857	4.798
1515360764128	8.14	-1.676	4.587
1515360764138	7.996	-1.628	4.28
1515360764151	7.872	-1.589	3.495
1515360764154	7.891	-1.57	3.495
1515360764165	8.121	-1.618	3.122
1515360764178	8.418	-1.695	2.853
1515360764184	8.523	-1.733	2.719
1515360764197	8.629	-1.771	2.691
1515360764208	8.724	-1.934	2.7
1515360764217	8.753	-2.059	2.997
1515360764225	8.715	-2.193	3.265
1515360764239	8.676	-2.327	3.821
1515360764244	8.581	-2.442	3.744
1515360764257	8.494	-2.576	4.07
1515360764269	8.504	-2.729	4.3
1515360764277	8.456	-2.959	4.558
1515360764286	8.399	-3.102	4.96
1515360764300	8.341	-3.112	5.458
1515360764304	8.399	-2.777	5.449
1515360764318	8.878	-2.25	4.884
1515360764331	8.81	-1.819	4.769
1515360764337	8.973	-1.455	4.108
1515360764348	9.002	-1.139	4.137
1515360764366	8.801	-0.756	3.897
1515360764368	8.906	-0.737	3.897
1515360764378	8.906	-0.526	3.897
1515360764396	9.194	-0.45	3.897
1515360764398	9.184	-0.507	3.897
1515360764409	9.136	-0.66	4.051
1515360764422	9.136	-0.89	4.051
1515360764458	8.983	-1.101	4.213
1515360764465	8.983	-1.273	4.213
1515360764474	8.973	-1.398	4.367
1515360764476	8.992	-1.436	4.367
1515360764480	9.021	-1.436	4.434
1515360764481	8.964	-1.455	4.434
1515360764488	8.868	-1.446	4.51
1515360764497	8.801	-1.398	4.51
1515360764511	8.715	-1.321	4.424
1515360764515	8.609	-1.245	4.424
1515360764532	8.466	-1.216	4.405
1515360764540	8.38	-1.101	4.405
1515360764546	8.37	-0.833	4.357
1515360764556	8.437	-0.833	4.357
1515360764569	8.533	-0.852	4.51
1515360764574	8.552	-0.852	4.664
1515360764587	8.561	-0.996	4.692
1515360764598	8.561	-0.996	4.846
1515360764606	8.609	-1.015	4.826
1515360764614	8.638	-1.015	4.798
1515360764629	8.561	-0.852	4.731
1515360764634	8.561	-0.852	4.692
1515360764647	8.485	-1.043	4.683
1515360764662	8.485	-1.043	4.731
1515360764667	8.485	-1.177	4.759
1515360764677	8.609	-1.177	4.74
1515360764692	8.676	-1.168	4.683
1515360764695	8.686	-1.11	4.635
1515360764707	8.638	-1.082	4.635
1515360764715	8.629	-1.082	4.654
1515360764726	8.676	-1.043	4.587
1515360764737	8.676	-1.197	4.568
1515360764752	8.581	-1.177	4.635
1515360764754	8.485	-1.331	4.664
1515360764765	8.437	-1.264	4.683
1515360764779	8.427	-1.312	4.664
1515360764784	8.408	-1.312	4.625
1515360764798	8.427	-1.168	4.587
1515360764804	8.504	-1.168	4.529
1515360764818	8.523	-1.235	4.51
1515360764827	8.494	-1.359	4.577
1515360764842	8.408	-1.455	4.644
1515360764845	8.36	-1.513	4.654
1515360764859	8.351	-1.532	4.664
1515360764890	8.427	-1.407	4.654
1515360764895	8.466	-1.225	4.558
1515360764900	8.581	-1.101	4.52
1515360764903	8.715	-1.034	4.443
1515360764906	8.772	-1.091	4.434
1515360764930	8.686	-1.245	4.501
1515360764932	8.561	-1.407	4.587
1515360764937	8.504	-1.561	4.654
1515360764946	8.504	-1.628	4.654
1515360764955	8.494	-1.618	4.664
1515360764964	8.485	-1.561	4.635
1515360764977	8.504	-1.494	4.577
1515360764984	8.514	-1.513	4.549
1515360764994	8.456	-1.561	4.52
1515360765005	8.38	-1.589	4.52
1515360765015	8.427	-1.57	4.558
1515360765024	8.504	-1.541	4.539
1515360765035	8.533	-1.541	4.501
1515360765044	8.552	-1.561	4.453
1515360765055	8.542	-1.618	4.376
1515360765065	8.542	-1.676	4.357
1515360765079	8.552	-1.723	4.376
1515360765095	8.561	-1.781	4.443
1515360765099	8.561	-1.79	4.424
1515360765104	8.542	-1.819	4.395
1515360765118	8.485	-1.848	4.223
1515360765126	8.437	-1.867	4.28
1515360765140	8.447	-1.934	4.319
1515360765144	8.485	-1.972	4.319
1515360765157	8.533	-2.039	4.348
1515360765164	8.552	-2.049	4.348
1515360765178	8.533	-2.068	4.348
1515360765187	8.485	-2.049	4.328
1515360765203	8.418	-2.03	4.328
1515360765205	8.418	-2.001	4.328
1515360765217	8.561	-1.963	4.328
1515360765232	8.916	-1.867	4.166
1515360765235	8.906	-1.733	4.166
1515360765249	8.954	-1.58	4.022
1515360765254	8.954	-1.407	4.022
1515360765268	8.897	-1.34	3.945
1515360765277	8.858	-1.302	3.945
1515360765292	8.973	-1.331	4.003
1515360765295	8.973	-1.312	4.003
1515360765336	8.906	-1.235	3.964
1515360765340	8.906	-1.245	3.964
1515360765343	8.992	-1.407	4.089
1515360765348	8.992	-1.551	4.089
1515360765351	9.098	-1.091	4.233
1515360765368	9.471	-0.718	3.993
1515360765374	9.471	-0.622	3.993
1515360765388	10.132	-0.804	3.581
1515360765396	10.132	-0.766	3.581
1515360765410	10.707	-1.398	3.888
1515360765416	10.64	-1.455	4.041
1515360765427	10.649	-1.867	4.127
1515360765434	10.668	-1.867	4.28
1515360765447	9.759	-1.905	4.108
1515360765455	9.826	-1.905	3.85
1515360765471	9.404	-2.116	3.601
1515360765474	9.404	-2.116	3.342
1515360765487	9.069	-2.202	3.122
1515360765494	9.069	-2.202	2.94
1515360765506	8.868	-2.269	2.921
1515360765517	8.916	-2.269	2.94
1515360765530	9.127	-2.145	2.949
1515360765534	9.28	-2.145	2.968
1515360765548	9.385	-1.953	2.93
1515360765554	9.385	-1.953	2.921
1515360765566	9.27	-2.106	2.978
1515360765575	8.973	-2.26	3.045
1515360765590	8.734	-2.288	2.892
1515360765594	8.494	-2.442	2.614
1515360765606	8.312	-2.499	2.346
1515360765614	8.083	-2.652	2.164
1515360765627	7.91	-2.691	1.857
1515360765638	7.91	-2.93	1.628
1515360765653	8.073	-3.198	1.465
1515360765655	8.351	-3.438	1.206
1515360765668	8.494	-3.706	1.034
1515360765674	8.466	-4.051	1.043
1515360765687	8.351	-4.52	1.264
1515360765698	8.178	-4.893	1.465
1515360765713	8.169	-5.018	1.608
1515360765715	8.341	-4.932	1.723
1515360765747	8.878	-4.635	1.829
1515360765749	9.088	-3.572	1.8
1515360765759	9.299	-3.007	1.81
1515360765791	9.529	-2.576	1.752
1515360765797	9.692	-2.423	1.781
1515360765803	9.548	-2.346	2.049
1515360765810	8.992	-1.838	2.834
1515360765818	9.548	-1.359	2.557
1515360765834	10.247	-1.206	1.934
1515360765846	9.232	-0.814	1.838
1515360765862	8.667	-1.101	2.135
1515360765864	8.992	-1.321	2.221
1515360765877	9.749	-1.829	1.953
1515360765884	10.4	-2.25	1.848
1515360765897	10.601	-2.432	1.934
1515360765906	10.123	-2.528	2.106
1515360765921	9.289	-2.624	3.074
1515360765925	8.734	-2.509	3.026
1515360765938	8.858	-2.604	3.045
1515360765948	9.155	-2.719	3.112
1515360765957	9.423	-2.71	3.198
1515360765965	9.5	-2.643	3.17
1515360765982	9.567	-2.566	3.189
1515360765985	9.644	-2.461	3.064
1515360765999	9.404	-2.288	3.246
1515360766004	9.404	-2.011	3.246
1515360766016	9.088	-1.771	3.38
1515360766026	8.945	-1.57	3.409
1515360766035	9.184	-1.695	3.371
1515360766045	9.634	-2.03	3.419
1515360766056	10.008	-2.221	3.543
1515360766064	10.036	-2.231	3.744
1515360766075	9.768	-2.164	3.955
1515360766086	9.251	-2.049	4.204
1515360766095	8.686	-1.829	4.558
1515360766104	8.399	-1.57	4.826
1515360766117	8.389	-1.369	4.903
1515360766124	8.456	-1.302	4.903
1515360766135	8.418	-1.273	4.778
1515360766147	8.265	-1.283	4.606
1515360766155	8.178	-1.264	4.51
1515360766165	8.226	-1.254	4.319
1515360766179	8.514	-1.245	3.964
1515360766184	8.504	-1.245	3.964
1515360766196	8.686	-1.254	3.696
1515360766208	8.801	-1.254	3.591
1515360766215	8.868	-1.273	3.648
1515360766247	8.945	-1.359	3.648
1515360766255	9.012	-1.312	3.658
1515360766257	8.935	-1.35	3.859
1515360766260	8.935	-1.522	4.166
1515360766280	8.552	-1.81	4.462
1515360766283	8.552	-1.752	4.702
1515360766288	8.408	-1.781	4.836
1515360766298	8.408	-1.79	4.913
1515360766314	8.312	-1.666	4.884
1515360766315	8.312	-1.666	4.836
1515360766328	8.494	-1.398	4.778
1515360766334	8.494	-1.398	4.664
1515360766347	8.887	-1.091	4.558
1515360766361	9.059	-1.091	4.424
1515360766369	9.127	-0.861	4.309
1515360766375	9.127	-0.861	4.156
1515360766389	9.079	-0.526	4.099
1515360766394	9.069	-0.526	3.926
1515360766406	9.127	-0.383	3.888
1515360766416	9.251	-0.325	3.974
1515360766425	9.241	-0.459	4.012
1515360766434	9.088	-0.612	4.07
1515360766447	8.935	-0.794	4.099
1515360766454	8.858	-1.168	4.127
1515360766465	8.81	-1.273	4.166
1515360766476	8.772	-1.446	4.204
1515360766485	8.743	-1.484	4.233
1515360766494	8.743	-1.513	4.194
1515360766507	8.686	-1.58	4.146
1515360766514	8.561	-1.628	4.156
1515360766525	8.514	-1.628	4.137
1515360766539	8.552	-1.666	4.137
1515360766545	8.609	-1.647	4.185
1515360766555	8.609	-1.647	4.194
1515360766569	8.609	-1.637	4.223
1515360766574	8.6	-1.656	4.28
1515360766590	8.609	-1.618	4.348
1515360766599	8.696	-1.417	4.328
1515360766605	8.83	-1.225	4.271
1515360766615	8.858	-1.13	4.213
1515360766629	8.724	-1.072	4.213
1515360766634	8.6	-1.12	4.194
1515360766646	8.571	-1.235	4.29
1515360766659	8.6	-1.321	4.424
1515360766691	8.715	-1.369	4.539
1515360766699	8.753	-1.35	4.587
1515360766702	8.772	-1.254	4.587
1515360766704	8.743	-1.024	4.491
1515360766711	8.763	-0.747	4.434
1515360766718	8.887	-0.469	4.338
1515360766725	8.945	-0.306	4.261
1515360766735	8.858	-0.306	4.28
1515360766748	8.696	-0.459	4.338
1515360766759	8.629	-0.67	4.405
1515360766764	8.667	-0.708	4.587
1515360766778	8.724	-0.584	4.654
1515360766805	8.753	-0.498	4.664
1515360766806	8.734	-0.574	4.673
1515360766807	8.657	-0.785	4.654
1515360766821	8.552	-0.967	4.692
1515360766824	8.475	-1.043	4.702
1515360766837	8.475	-1.053	4.673
1515360766844	8.542	-1.082	4.692
1515360766857	8.657	-1.072	4.491
1515360766867	8.753	-1.024	4.606
1515360766877	8.82	-1.015	4.529
1515360766884	8.81	-1.063	4.491
1515360766898	8.705	-1.168	4.529
1515360766906	8.494	-1.34	4.549
1515360766917	8.303	-1.484	4.644
1515360766929	8.188	-1.628	4.673
1515360766936	8.15	-1.743	4.683
1515360766944	8.15	-1.79	4.721
1515360766958	8.217	-1.733	4.913
1515360766964	8.332	-1.647	4.817
1515360766976	8.466	-1.312	4.654
1515360766988	8.581	-1.254	4.74
1515360766996	8.638	-1.005	4.482
1515360767004	8.648	-0.833	4.558
1515360767019	8.59	-0.689	4.52
1515360767024	8.581	-0.411	4.549
1515360767036	8.59	-0.086	4.252
1515360767049	8.676	0.172	4.252
1515360767055	8.782	0.373	4.146
1515360767066	8.83	0.45	4.146
1515360767080	8.772	0.344	4.127
1515360767084	8.609	0.067	4.28
1515360767096	8.351	-0.344	4.443
1515360767128	8.466	-0.699	4.597
1515360767131	8.715	-0.852	4.549
1515360767138	8.753	-0.852	4.549
1515360767140	8.916	-0.861	4.549
1515360767146	8.916	-0.938	4.587
1515360767158	8.485	-1.187	4.702
1515360767168	8.485	-1.513	4.826
1515360767175	8.447	-1.762	4.807
1515360767185	8.753	-1.857	4.683
1515360767201	8.878	-1.58	4.568
1515360767204	9.184	-1.532	4.319
1515360767217	9.308	-1.503	4.07
1515360767229	9.155	-1.474	4.022
1515360767235	8.992	-1.685	4.012
1515360767249	8.791	-1.781	4.06
1515360767259	8.772	-1.426	3.984
1515360767264	8.983	-1.426	3.85
1515360767275	9.213	-0.967	3.696
1515360767289	9.299	-0.814	3.668
1515360767295	9.414	-0.67	3.687
1515360767304	9.625	-0.909	3.936
1515360767317	9.883	-1.015	4.185
1515360767324	10.151	-0.967	4.424
1515360767335	10.372	-0.9	4.654
1515360767347	10.4	-0.737	4.587
1515360767355	10.247	-0.689	4.462
1515360767365	10.056	-0.699	4.338
1515360767381	9.96	-0.842	4.051
1515360767384	9.893	-1.139	3.821
1515360767396	9.759	-1.321	3.658
1515360767410	9.596	-1.446	3.409
1515360767415	9.452	-1.58	3.208
1515360767426	9.28	-1.695	3.007
1515360767440	9.127	-1.762	2.796
1515360767448	9.222	-1.838	2.585
1515360767457	9.49	-1.896	2.413
1515360767470	9.73	-1.886	2.317
1515360767486	9.998	-1.829	2.308
1515360767488	10.017	-1.829	2.202
1515360767501	9.826	-2.039	2.078
1515360767505	9.529	-2.423	2.039
1515360767515	9.194	-2.997	1.8
1515360767531	8.609	-3.419	1.465
1515360767534	8.063	-3.706	1.474
1515360767561	7.786	-3.993	1.465
1515360767576	7.68	-4.338	1.283
1515360767577	7.556	-4.711	1.197
1515360767578	7.431	-4.865	1.206
1515360767594	7.422	-4.96	1.283
1515360767595	7.556	-5.085	1.57
1515360767608	7.843	-5.267	1.666
1515360767616	8.025	-5.564	1.589
1515360767634	8.006	-5.966	1.608
1515360767635	7.747	-6.081	1.963
1515360767654	7.46	-5.736	2.365
1515360767655	7.565	-5.162	2.365
1515360767668	8.054	-4.405	1.972
1515360767675	8.734	-3.668	1.896
1515360767689	9.213	-3.17	1.618
1515360767697	9.308	-2.968	1.656
1515360767711	8.801	-2.853	2.442
1515360767714	8.801	-2.509	2.442
1515360767727	9.615	-1.963	1.771
1515360767748	9.577	-1.637	0.986
1515360767751	10.726	-1.723	0.727
1515360767757	10.755	-1.925	0.756
1515360767769	8.839	-2.078	1.752
1515360767774	8.849	-2.03	1.752
1515360767787	8.561	-1.762	1.57
1515360767797	9.251	-2.106	1.58
1515360767807	10.075	-2.499	1.857
1515360767817	10.419	-2.739	1.857
1515360767831	8.973	-2.901	2.432
1515360767834	9.088	-2.815	2.432
1515360767848	8.581	-2.633	2.681
1515360767859	8.581	-2.729	2.681
1515360767866	9.012	-2.777	2.988
1515360767875	9.519	-2.873	2.988
1515360767892	9.759	-2.882	2.921
1515360767894	9.605	-2.882	2.921
1515360767906	9.404	-3.055	3.15
1515360767916	9.797	-3.055	3.15
1515360767926	10.85	-2.901	3.237
1515360767939	11.674	-2.901	3.514
1515360767952	10.745	-2.174	3.907
1515360767955	10.697	-2.174	4.194
1515360767965	9.816	-1.752	4.711
1515360767983	8.791	-1.206	4.941
1515360768005	8.533	-1.245	5.028
1515360768014	7.652	-1.264	4.798
1515360768018	7.652	-1.235	4.616
1515360768031	7.881	-1.302	4.395
1515360768042	8.351	-1.302	4.022
1515360768045	8.657	-1.216	3.591
1515360768060	8.964	-1.053	3.112
1515360768071	8.887	-1.053	2.834
1515360768078	8.791	-0.881	2.786
1515360768088	8.925	-0.881	2.806
1515360768105	9.241	-0.833	2.882
1515360768106	9.548	-0.986	3.016
1515360768119	9.548	-1.082	3.189
1515360768124	9.385	-1.235	3.543
1515360768134	9.232	-1.628	4.06
1515360768148	9.136	-1.666	4.462
1515360768159	9.136	-1.695	4.673
1515360768176	9.002	-1.656	5.056
1515360768177	8.782	-1.522	5.286
1515360768186	8.6	-1.455	5.363
1515360768198	8.312	-1.34	5.315
1515360768206	8.121	-1.158	5.104
1515360768219	8.063	-0.957	4.807
1515360768224	8.198	-0.718	4.577
1515360768237	8.408	-0.536	4.367
1515360768244	8.571	-0.411	4.223
1515360768255	8.724	-0.363	4.146
1515360768266	8.839	-0.44	4.07
1515360768283	8.964	-0.555	4.051
1515360768285	9.002	-0.727	4.06
1515360768295	9.002	-0.919	4.194
1515360768304	9.031	-1.053	4.233
1515360768314	9.127	-1.101	4.319
1515360768326	9.165	-1.034	4.3
1515360768334	9.146	-0.852	4.213
1515360768344	9.155	-0.775	4.041
1515360768359	9.069	-0.833	3.945
1515360768368	8.925	-0.938	3.897
1515360768378	8.782	-1.024	3.945
1515360768389	8.782	-1.034	4.06
1515360768395	8.81	-0.967	4.041
1515360768407	8.801	-0.9	4.07
1515360768418	8.763	-0.881	4.051
1515360768424	8.715	-0.986	4.041
1515360768450	8.657	-1.063	4.099
1515360768452	8.59	-1.082	4.261
1515360768459	8.619	-0.967	4.3
1515360768472	8.724	-0.861	4.309
1515360768484	8.801	-0.785	4.405
1515360768487	8.849	-0.708	4.443
1515360768500	8.839	-0.689	4.472
1515360768509	8.839	-0.737	4.482
1515360768528	8.791	-0.833	4.52
1515360768529	8.734	-0.928	4.52
1515360768538	8.667	-0.967	4.587
1515360768544	8.657	-0.957	4.587
1515360768557	8.648	-0.919	4.568
1515360768567	8.657	-0.948	4.539
1515360768582	8.686	-0.996	4.529
1515360768584	8.667	-1.034	4.529
1515360768597	8.667	-1.034	4.577
1515360768604	8.715	-0.967	4.597
1515360768616	8.763	-0.804	4.51
1515360768626	8.724	-0.612	4.482
1515360768641	8.686	-0.517	4.443
1515360768644	8.6	-0.517	4.443
1515360768656	8.456	-0.603	4.635
1515360768664	8.399	-0.565	4.635
1515360768676	8.504	-0.44	4.587
1515360768685	8.581	-0.191	4.51
1515360768701	8.724	0.105	4.166
1515360768704	8.868	0.114	4.204
1515360768719	8.523	-0.469	4.577
1515360768724	8.561	-0.469	4.577
1515360768736	8.38	-0.794	4.855
1515360768747	8.322	-1.024	4.855
1515360768760	8.542	-1.015	4.597
1515360768776	8.523	-0.9	4.597
1515360768777	8.839	-0.804	4.386
1515360768784	8.839	-0.766	4.233
1515360768795	8.887	-0.823	4.271
1515360768805	8.858	-0.928	4.328
1515360768821	8.858	-1.043	4.223
1515360768824	9.012	-1.043	4.079
1515360768837	8.992	-0.996	3.964
1515360768844	8.992	-0.996	3.888
1515360768855	8.906	-0.996	3.878
1515360768868	8.81	-1.063	3.917
1515360768913	8.724	-1.312	3.955
1515360768914	8.715	-1.264	3.984
1515360768915	8.753	-1.34	4.003
1515360768916	8.82	-1.398	4.089
1515360768917	8.83	-1.245	4.041
1515360768928	8.83	-1.264	4.012
1515360768934	8.878	-1.264	4.089
1515360768947	8.849	-1.197	4.089
1515360768961	8.82	-1.197	4.06
1515360768974	8.791	-1.264	4.089
1515360768978	8.753	-1.369	4.079
1515360768989	8.782	-1.388	4.118
1515360768994	8.887	-1.34	4.079
1515360769008	8.992	-1.264	4.079
1515360769018	9.012	-1.158	4.012
1515360769033	8.916	-1.149	3.964
1515360769037	8.772	-1.254	3.907
1515360769048	8.629	-1.407	3.888
1515360769054	8.59	-1.474	3.85
1515360769070	8.724	-1.474	3.83
1515360769076	8.992	-1.398	3.725
1515360769089	9.155	-1.312	3.744
1515360769094	9.136	-1.292	3.735
1515360769107	9.021	-1.292	3.869
1515360769114	8.906	-1.235	3.974
1515360769127	8.935	-1.11	3.936
1515360769157	9.117	-1.091	3.735
1515360769158	9.328	-1.149	3.524
1515360769159	9.356	-1.177	3.419
1515360769167	9.337	-1.149	3.39
1515360769174	9.366	-1.13	3.466
1515360769186	9.548	-1.12	3.476
1515360769194	9.672	-1.082	3.495
1515360769209	9.672	-0.957	3.486
1515360769214	9.672	-0.814	3.505
1515360769226	9.749	-0.794	3.39
1515360769234	9.816	-0.89	3.265
1515360769246	9.864	-0.986	3.371
1515360769257	9.874	-1.12	3.533
1515360769272	9.72	-1.245	3.639
1515360769275	9.395	-1.283	3.648
1515360769288	8.983	-1.149	3.696
1515360769294	8.964	-0.948	3.84
1515360769307	9.596	-0.785	3.735
1515360769337	10.429	-0.842	3.438
1515360769341	10.879	-1.235	3.122
1515360769345	10.783	-1.714	2.949
1515360769348	10.419	-2.097	2.882
1515360769366	10.467	-2.231	2.576
1515360769368	10.372	-2.097	2.576
1515360769379	10.113	-1.695	2.432
1515360769384	10.084	-1.35	2.432
1515360769398	9.998	-1.331	2.394
1515360769407	9.96	-1.58	2.394
1515360769421	9.739	-1.819	2.566
1515360769424	9.864	-2.087	2.566
1515360769439	9.644	-2.26	2.892
1515360769463	9.644	-2.327	2.892
1515360769464	8.897	-2.394	2.672
1515360769465	8.897	-2.423	2.672
1515360769480	8.609	-2.604	1.867
1515360769484	8.293	-2.921	1.867
1515360769500	7.642	-3.313	1.57
1515360769505	7.642	-3.332	1.57
1515360769518	7.393	-3.591	1.225
1515360769525	7.393	-3.533	1.225
1515360769540	7.632	-4.338	1.082
1515360769563	7.594	-4.386	1.082
1515360769564	7.556	-5.162	1.79
1515360769564	7.556	-5.171	2.097
1515360769577	8.169	-4.74	2.212
1515360769586	8.198	-4.74	2.059
1515360769642	8.284	-4.654	2.02
1515360769643	8.293	-4.654	2.049
1515360769644	8.054	-4.711	2.154
1515360769644	8.054	-4.711	2.461
1515360769645	8.427	-4.204	2.815
1515360769646	9.04	-4.204	2.786
1515360769656	9.51	-2.691	2.537
1515360769664	9.816	-2.691	2.355
1515360769685	9.529	-1.676	2.26
1515360769686	9.337	-1.676	2.212
1515360769696	9.49	-1.101	1.982
1515360769705	10.056	-1.101	1.695
1515360769716	10.496	-1.522	1.388
1515360769724	10.573	-1.829	1.35
1515360769737	10.372	-1.877	1.589
1515360769756	10.084	-2.03	1.81
1515360769773	9.835	-2.308	2.154
1515360769775	9.557	-2.461	2.537
1515360769777	9.146	-2.643	2.844
1515360769788	8.734	-2.719	3.083
1515360769800	8.561	-2.921	3.284
1515360769804	8.705	-3.102	3.438
1515360769814	9.031	-3.227	3.428
1515360769828	9.318	-3.323	3.419
1515360769840	9.443	-3.265	3.466
1515360769848	9.51	-3.074	3.447
1515360769856	9.538	-2.825	3.352
1515360769871	9.404	-2.652	3.275
1515360769874	9.146	-2.48	3.217
1515360769888	8.887	-2.384	3.15
1515360769894	8.801	-2.451	3.055
1515360769908	8.686	-2.566	3.083
1515360769916	8.533	-2.49	3.189
1515360769931	8.427	-2.375	3.093
1515360769937	8.466	-2.384	2.988
1515360769948	8.6	-2.518	2.93
1515360769954	8.724	-2.681	2.921
1515360769967	8.791	-2.853	2.978
1515360769976	8.83	-2.988	3.208
1515360769993	8.849	-3.007	3.438
1515360769995	8.81	-2.921	3.62
1515360770008	8.878	-2.758	3.888
1515360770015	9.213	-2.547	3.878
1515360770027	9.845	-2.499	3.821
1515360770051	10.841	-2.317	4.223
1515360770054	10.841	-1.982	4.625
1515360770070	9.902	-1.599	5.171
1515360770074	9.931	-1.225	5.171
1515360770087	9.318	-0.976	5.152
1515360770098	8.715	-0.852	4.96
1515360770107	8.198	-0.775	4.597
1515360770115	7.929	-0.823	4.261
1515360770130	8.006	-1.072	3.811
1515360770134	8.006	-1.379	3.811
1515360770147	7.891	-1.551	3.744
1515360770158	7.757	-1.608	3.725
1515360770167	7.824	-1.618	3.648
1515360770175	8.312	-1.628	3.447
1515360770189	8.724	-1.819	3.15
1515360770194	8.724	-2.049	3.15
1515360770224	8.542	-2.231	3.102
1515360770227	8.533	-2.547	3.17
1515360770233	8.705	-2.796	3.687
1515360770243	8.81	-3.016	3.668
1515360770250	8.849	-3.102	4.261
1515360770254	8.897	-3.15	4.252
1515360770266	8.897	-3.179	4.348
1515360770277	8.83	-3.102	4.539
1515360770285	8.667	-2.863	4.539
1515360770294	8.533	-2.461	4.597
1515360770306	8.447	-2.059	4.529
1515360770314	8.418	-1.676	4.529
1515360770325	8.466	-1.331	4.309
1515360770336	8.581	-1.072	4.348
1515360770345	8.715	-0.861	4.022
1515360770354	8.81	-0.708	4.089
1515360770367	9.069	-0.545	3.888
1515360770374	9.079	-0.459	3.888
1515360770387	9.184	-0.421	3.926
1515360770396	9.232	-0.488	3.936
1515360770405	9.194	-0.67	3.945
1515360770414	9.155	-0.861	4.099
1515360770427	9.079	-1.225	4.079
1515360770434	9.079	-1.254	4.108
1515360770445	9.04	-1.398	4.099
1515360770456	8.887	-1.541	4.108
1515360770467	8.772	-1.685	4.127
1515360770474	8.619	-1.819	4.194
1515360770486	8.437	-2.078	4.405
1515360770494	8.284	-2.011	4.625
1515360770505	8.312	-1.685	4.664
1515360770516	8.466	-1.752	4.587
1515360770525	8.743	-0.871	4.348
1515360770534	8.916	-0.89	4.089
1515360770549	8.973	-0.344	4.041
1515360770555	8.925	-0.344	4.06
1515360770566	8.887	-0.354	4.079
1515360770579	8.916	-0.507	4.156
1515360770585	8.954	-0.651	4.242
1515360770595	8.992	-0.747	4.309
1515360770609	8.954	-0.775	4.472
1515360770624	8.973	-0.718	4.415
1515360770626	9.098	-0.861	4.252
1515360770640	9.031	-1.043	4.328
1515360770671	8.734	-1.292	4.405
1515360770676	8.552	-1.561	4.501
1515360770679	8.552	-1.925	4.721
1515360770680	8.619	-2.202	4.999
1515360770696	8.542	-2.298	5.085
1515360770711	8.466	-2.183	4.903
1515360770712	8.456	-1.934	4.491
1515360770718	8.552	-1.532	4.07
1515360770728	8.715	-1.149	3.668
1515360770737	8.734	-1.005	3.495
1515360770745	8.619	-1.091	3.562
1515360770758	8.494	-1.283	3.696
1515360770764	8.514	-1.455	3.907
1515360770777	8.676	-1.446	4.051
1515360770817	8.858	-1.369	4.041
1515360770818	9.002	-1.35	4.041
1515360770825	9.012	-1.388	4.022
1515360770826	8.925	-1.465	4.07
1515360770827	8.753	-1.561	4.166
1515360770837	8.581	-1.704	4.319
1515360770847	8.485	-1.704	4.453
1515360770857	8.552	-1.608	4.415
1515360770865	8.734	-1.494	4.204
1515360770878	8.82	-1.494	4.137
1515360770884	8.81	-1.589	4.022
1515360770897	8.782	-1.704	3.955
1515360770939	8.715	-1.867	3.974
1515360770940	8.629	-1.963	4.051
1515360770940	8.6	-1.972	4.146
1515360770941	8.686	-1.915	4.175
1515360770945	8.801	-1.838	4.204
1515360770956	8.81	-1.656	4.166
1515360770967	8.839	-1.474	3.984
1515360770976	8.925	-1.494	3.792
1515360770984	8.983	-1.637	3.715
1515360770997	8.964	-1.781	3.945
1515360771004	8.906	-1.896	3.878
1515360771016	8.849	-1.944	3.974
1515360771027	8.81	-1.982	4.022
1515360771036	8.734	-2.001	4.099
1515360771044	8.667	-2.059	4.166
1515360771060	8.341	-1.867	4.108
1515360771064	8.36	-1.838	4.108
1515360771076	8.494	-1.8	3.658
1515360771106	8.657	-1.934	3.83
1515360771108	8.763	-2.039	3.715
1515360771112	8.772	-2.087	3.84
1515360771127	8.763	-2.068	4.137
1515360771132	8.858	-1.934	4.089
1515360771145	9.088	-1.819	3.792
1515360771147	9.289	-1.838	3.782
1515360771155	9.28	-1.877	3.83
1515360771165	9.05	-1.819	3.696
1515360771178	8.657	-1.676	3.371
1515360771188	8.38	-1.676	3.371
1515360771195	8.351	-1.905	3.294
1515360771207	8.59	-2.241	3.294
1515360771215	8.906	-2.557	3.562
1515360771224	9.146	-2.7	3.562
1515360771237	9.787	-2.777	3.505
1515360771244	9.787	-2.815	3.505
1515360771255	10.008	-2.633	3.275
1515360771270	9.998	-2.212	3.007
1515360771276	10.065	-1.915	2.93
1515360771287	9.912	-1.905	3.102
1515360771301	9.672	-2.317	3.265
1515360771305	9.672	-2.317	3.39
1515360771316	9.663	-2.509	3.371
1515360771331	9.816	-2.547	3.198
1515360771336	9.73	-2.518	3.093
1515360771346	9.577	-2.47	3.064
1515360771361	9.337	-2.451	3.026
1515360771365	9.289	-2.451	3.045
1515360771378	9.529	-2.557	2.959
1515360771388	9.864	-2.557	2.94
1515360771395	9.96	-2.557	2.949
1515360771404	9.826	-2.557	2.988
1515360771418	9.471	-2.748	3.112
1515360771424	9.098	-2.49	3.16
1515360771435	9.04	-2.643	3.15
1515360771450	9.232	-2.643	3.093
1515360771455	9.376	-2.729	2.93
1515360771466	9.299	-2.729	2.767
1515360771480	9.155	-2.633	2.691
1515360771485	9.289	-2.528	2.537
1515360771496	9.605	-2.432	2.317
1515360771510	9.845	-2.432	2.03
1515360771514	9.931	-2.604	1.771
1515360771545	9.72	-2.921	1.685
1515360771549	9.49	-3.256	1.561
1515360771552	9.174	-3.543	1.494
1515360771557	8.83	-3.639	1.407
1515360771567	8.561	-3.754	1.34
1515360771574	8.475	-3.936	1.292
1515360771585	8.351	-3.974	1.254
1515360771600	8.159	-4.146	1.254
1515360771604	7.968	-4.51	1.379
1515360771614	7.709	-4.884	1.608
1515360771628	7.479	-5.19	1.762
1515360771634	7.383	-5.487	1.982
1515360771645	7.288	-5.64	2.231
1515360771658	7.441	-5.564	2.327
1515360771664	7.767	-5.391	2.269
1515360771674	7.901	-5.114	2.068
1515360771691	7.92	-4.798	1.972
1515360771695	7.958	-4.491	1.972
1515360771709	8.092	-4.06	1.723
1515360771721	8.389	-3.581	1.79
1515360771728	8.83	-2.978	1.426
1515360771736	9.356	-2.547	1.436
1515360771769	9.902	-2.355	1.072
1515360771771	9.596	-2.672	1.264
1515360771780	8.83	-2.863	2.26
1515360771785	8.906	-2.892	2.212
1515360771798	9.127	-2.844	2.681
1515360771808	9.586	-2.576	2.729
1515360771817	9.768	-2.174	2.327
1515360771824	9.404	-2.02	2.442
1515360771839	8.533	-2.106	2.853
1515360771844	8.619	-2.394	2.853
1515360771857	8.772	-2.643	3.715
1515360771871	8.734	-2.346	3.773
1515360771878	9.95	-1.896	2.739
1515360771887	9.902	-2.039	2.739
1515360771901	10.391	-2.365	2.384
1515360771905	10.084	-2.298	2.384
1515360771918	8.696	-2.336	2.7
1515360771931	8.696	-2.461	2.7
1515360771937	8.676	-2.547	3.112
1515360771946	9.117	-2.47	3.112
1515360771963	9.519	-2.451	3.045
1515360771965	9.768	-2.528	3.045
1515360771996	9.404	-2.566	3.543
1515360772001	9.404	-2.585	3.543
1515360772007	9.098	-2.614	4.031
1515360772010	9.069	-2.7	4.031
1515360772018	9.251	-2.739	4.079
1515360772024	9.414	-2.739	4.079
1515360772037	9.452	-2.183	3.984
1515360772047	9.385	-2.183	3.83
1515360772056	9.49	-1.953	3.83
1515360772067	9.778	-1.953	3.84
1515360772080	9.902	-1.934	3.955
1515360772084	9.969	-1.934	4.089
1515360772099	10.075	-1.704	4.146
1515360772104	10.075	-1.704	4.242
1515360772115	9.356	-1.561	4.348
1515360772125	9.356	-1.474	4.357
1515360772140	8.6	-1.484	4.309
1515360772144	8.447	-1.541	4.146
1515360772155	8.188	-1.829	4.041
1515360772164	8.035	-1.829	3.897
1515360772175	8.083	-2.154	3.744
1515360772186	8.092	-2.154	3.668
1515360772202	8.102	-2.355	3.62
1515360772205	8.083	-2.355	3.639
1515360772217	8.083	-2.47	3.706
1515360772224	8.198	-2.47	3.792
1515360772236	8.341	-2.451	3.83
1515360772247	8.437	-2.298	3.878
1515360772264	8.485	-2.03	3.955
1515360772266	8.504	-1.79	3.897
1515360772278	8.494	-1.762	3.984
1515360772293	8.466	-1.934	4.118
1515360772295	8.437	-2.126	4.395
1515360772308	8.37	-2.241	4.75
1515360772322	8.37	-2.221	5.095
1515360772325	8.427	-2.03	5.324
1515360772337	8.456	-1.752	5.286
1515360772352	8.466	-1.503	5.133
1515360772355	8.523	-1.292	4.989
1515360772369	8.571	-1.063	4.826
1515360772374	8.629	-0.938	4.721
1515360772388	8.59	-0.861	4.731
1515360772397	8.533	-0.804	4.74
1515360772413	8.571	-0.632	4.798
1515360772445	8.705	-0.335	4.692
1515360772449	8.868	-0.019	4.462
1515360772458	8.878	0.191	4.597
1515360772459	8.878	0.201	4.549
1515360772464	8.849	-0.009	4.568
1515360772474	8.801	-0.249	4.625
1515360772477	8.772	-0.478	4.683
1515360772490	8.935	-0.679	4.692
1515360772495	8.83	-0.871	4.692
1515360772506	8.82	-1.091	4.673
1515360772521	8.705	-1.302	4.644
1515360772524	8.561	-1.484	4.577
1515360772538	8.437	-1.685	4.529
1515360772546	8.351	-1.838	4.472
1515360772563	8.322	-1.963	4.424
1515360772564	8.341	-2.039	4.386
1515360772578	8.408	-1.972	4.386
1515360772585	8.561	-1.733	4.271
1515360772596	8.676	-1.484	4.06
1515360772608	8.734	-1.35	4.003
1515360772619	8.753	-1.245	4.012
1515360772624	8.791	-1.149	4.031
1515360772637	8.839	-1.063	3.993
1515360772644	8.878	-1.091	4.031
1515360772656	8.849	-1.225	4.137
1515360772665	8.763	-1.426	4.29
1515360772683	8.638	-1.599	4.635
1515360772685	8.571	-1.733	4.664
1515360772699	8.609	-1.762	4.692
1515360772704	8.609	-1.695	4.692
1515360772716	8.619	-1.503	4.443
1515360772728	8.715	-1.34	4.233
1515360772743	8.753	-1.321	4.261
1515360772745	8.667	-1.331	4.271
1515360772761	8.581	-1.273	4.386
1515360772765	8.648	-1.024	4.367
1515360772776	8.82	-0.775	4.041
1515360772799	8.935	-0.641	3.974
1515360772800	8.925	-0.632	4.127
1515360772804	8.858	-0.794	4.07
1515360772816	8.791	-1.072	4.472
1515360772824	8.715	-1.359	4.472
1515360772835	8.619	-1.58	4.769
1515360772845	8.533	-1.733	4.769
1515360772866	8.466	-1.848	4.778
1515360772870	8.399	-1.934	4.625
1515360772886	8.188	-2.001	4.558
1515360772891	8.303	-2.001	4.558
1515360772901	8.37	-1.982	4.424
1515360772909	8.37	-1.829	4.223
1515360772915	8.657	-1.551	4.099
1515360772926	8.657	-1.273	4.079
1515360772938	8.916	-1.072	3.936
1515360772944	9.069	-0.919	3.83
1515360772955	8.945	-1.11	3.888
1515360772965	8.897	-1.091	3.964
1515360772975	8.935	-1.407	4.07
1515360772984	8.887	-1.388	4.185
1515360772996	8.686	-1.561	4.29
1515360773004	8.533	-1.561	4.357
1515360773015	8.504	-1.637	4.376
1515360773027	8.485	-1.79	4.319
1515360773035	8.523	-1.857	4.328
1515360773045	8.6	-1.704	4.28
1515360773058	8.772	-1.714	4.108
1515360773064	8.925	-1.561	3.984
1515360773076	8.992	-1.58	3.917
1515360773088	8.973	-1.618	3.917
1515360773095	8.82	-1.733	3.936
1515360773105	8.753	-1.79	3.964
1515360773118	8.791	-1.819	3.878
1515360773124	8.945	-1.819	3.83
1515360773136	9.136	-1.695	3.888
1515360773149	9.241	-1.58	3.907
1515360773155	9.232	-1.532	3.955
1515360773166	9.136	-1.503	3.984
1515360773179	9.04	-1.455	3.869
1515360773190	8.925	-1.407	3.85
1515360773197	8.906	-1.264	3.802
1515360773209	8.983	-1.187	3.706
1515360773214	9.021	-1.245	3.648
1515360773227	9.031	-1.379	3.677
1515360773238	9.002	-1.446	3.639
1515360773253	8.973	-1.513	3.562
1515360773255	9.021	-1.628	3.562
1515360773270	9.098	-1.733	3.543
1515360773274	9.146	-1.886	3.601
1515360773285	9.203	-2.001	3.62
1515360773318	9.385	-2.068	3.409
1515360773320	9.289	-2.174	3.495
1515360773330	9.395	-2.154	3.399
1515360773332	9.433	-2.049	3.313
1515360773335	9.366	-1.896	3.313
1515360773348	9.232	-1.647	3.294
1515360773358	9.184	-1.474	3.198
1515360773373	9.289	-1.455	3.17
1515360773379	9.538	-1.484	3.198
1515360773390	9.998	-1.446	3.064
1515360773394	9.998	-1.331	3.064
1515360773404	10.247	-1.168	2.949
1515360773420	10.305	-1.206	2.748
1515360773424	10.305	-1.312	2.748
1515360773435	9.797	-1.436	3.035
1515360773447	9.366	-1.532	3.371
1515360773455	9.404	-1.714	3.562
1515360773464	9.605	-1.953	3.629
1515360773476	9.768	-2.154	3.754
1515360773484	9.874	-2.355	3.859
1515360773495	9.816	-2.346	3.945
1515360773506	9.768	-2.126	3.869
1515360773515	9.893	-1.992	3.524
1515360773525	10.113	-2.049	3.083
1515360773539	10.19	-2.25	2.26
1515360773544	10.142	-2.25	2.26
1515360773556	10.056	-2.269	1.819
1515360773569	9.969	-2.154	1.522
1515360773576	9.883	-2.106	1.369
1515360773586	9.701	-2.212	1.13
1515360773600	9.222	-2.384	1.206
1515360773614	8.025	-2.614	1.292
1515360773616	8.025	-2.901	1.292
1515360773629	7.422	-3.284	1.522
1515360773644	7.518	-3.687	1.58
1515360773646	7.518	-4.079	1.618
1515360773659	7.786	-4.491	1.676
1515360773674	7.891	-4.788	1.647
1515360773676	7.891	-4.98	1.647
1515360773690	7.613	-5.64	1.762
1515360773695	7.613	-5.64	2.068
1515360773705	7.173	-5.995	2.423
1515360773720	7.087	-5.564	2.557
1515360773724	7.087	-5.564	2.26
1515360773755	7.929	-4.711	1.771
1515360773758	10.113	-3.093	1.273
1515360773763	10.419	-3.141	0.967
1515360773771	9.969	-2.432	1.015
1515360773776	9.356	-2.432	1.685
1515360773798	9.222	-1.886	1.915
1515360773802	9.883	-1.886	1.57
1515360773820	10.573	-1.695	1.407
1515360773821	10.64	-1.695	1.398
1515360773830	9.921	-1.848	1.58
1515360773839	9.079	-1.848	1.972
1515360773847	8.868	-1.944	1.963
1515360773859	8.897	-2.25	1.896
1515360773875	8.945	-2.566	1.829
1515360773875	9.021	-3.026	1.781
1515360773887	9.146	-3.466	1.79
1515360773897	9.213	-3.572	1.963
1515360773907	9.356	-3.323	2.106
1515360773916	9.672	-3.131	2.298
1515360773929	9.902	-2.853	2.461
1515360773934	9.921	-2.557	2.537
1515360773946	9.692	-2.336	2.537
1515360773957	9.261	-2.116	2.604
1515360773966	8.992	-2.097	2.566
1515360773974	9.04	-2.375	2.528
1515360773988	9.155	-2.691	2.624
1515360773994	9.146	-2.844	2.767
1515360774007	9.261	-2.767	2.834
1515360774018	9.605	-2.662	2.643
1515360774027	9.969	-2.652	2.413
1515360774036	10.046	-2.681	2.442
1515360774052	9.787	-2.681	2.614
1515360774056	9.51	-2.853	2.786
1515360774065	9.337	-3.179	3.256
1515360774080	9.222	-3.466	4.213
1515360774085	9.04	-3.687	4.252
1515360774095	8.839	-3.715	4.75
1515360774111	8.743	-3.447	5.085
1515360774115	8.868	-3.007	5.085
1515360774125	8.964	-2.49	4.846
1515360774141	8.552	-2.03	4.156
1515360774145	8.533	-1.676	4.156
1515360774155	8.178	-1.541	3.85
1515360774171	8.14	-1.503	3.409
1515360774204	8.044	-1.426	3.409
1515360774208	8.265	-1.245	3.15
1515360774221	8.945	-1.225	2.748
1515360774223	8.945	-1.398	2.748
1515360774227	9.031	-1.723	2.758
1515360774235	8.686	-2.394	3.17
1515360774248	8.552	-2.461	3.371
1515360774260	8.523	-2.48	3.955
1515360774265	8.6	-2.47	3.936
1515360774278	8.686	-2.576	4.443
1515360774288	8.705	-2.786	4.367
1515360774303	8.427	-2.949	4.664
1515360774304	8.447	-3.016	4.664
1515360774319	8.293	-2.94	4.75
1515360774324	8.293	-2.729	4.75
1515360774337	8.351	-2.432	4.539
1515360774347	8.466	-2.145	4.539
1515360774357	8.667	-1.867	4.233
1515360774366	8.916	-1.637	4.233
1515360774381	9.098	-1.312	3.974
1515360774384	9.127	-1.273	3.974
1515360774396	9.088	-1.139	3.955
1515360774410	9.04	-1.072	3.974
1515360774416	9.012	-1.015	4.118
1515360774427	9.05	-0.996	4.022
1515360774440	9.107	-0.9	4.022
1515360774444	9.184	-0.9	4.022
1515360774456	9.241	-0.785	4.3
1515360774470	9.347	-0.641	4.376
1515360774476	9.423	-0.45	4.348
1515360774486	9.462	-0.316	4.194
1515360774502	9.356	-0.354	4.146
1515360774505	9.356	-0.354	4.041
1515360774516	9.289	-0.44	3.993
1515360774530	9.165	-0.526	4.003
1515360774535	9.165	-0.574	4.223
1515360774548	9.222	-0.45	4.482
1515360774560	9.222	-0.45	4.539
1515360774568	9.337	-0.191	4.357
1515360774578	9.031	-0.191	4.166
1515360774590	8.753	-0.306	4.051
1515360774606	8.59	-0.948	4.031
1515360774607	8.552	-1.101	4.146
1515360774620	8.571	-1.206	4.309
1515360774652	8.696	-1.398	4.348
1515360774656	8.753	-1.398	4.271
1515360774669	8.753	-1.455	4.108
1515360774675	8.686	-1.8	4.012
1515360774679	8.542	-2.106	4.089
1515360774683	8.437	-2.068	4.118
1515360774685	8.514	-2.03	4.041
1515360774700	8.667	-1.963	3.964
1515360774709	8.81	-1.963	3.926
1515360774718	8.849	-1.666	3.964
1515360774725	8.791	-1.264	3.907
1515360774742	8.868	-0.794	3.572
1515360774744	9.021	-0.593	3.15
1515360774759	9.031	-0.823	3.007
1515360774770	8.906	-1.091	3.227
1515360774777	8.763	-1.273	3.668
1515360774785	8.705	-1.292	3.859
1515360774800	8.849	-1.446	3.792
1515360774804	9.002	-1.829	3.792
1515360774818	8.964	-2.269	3.955
1515360774829	8.763	-2.681	4.261
1515360774837	8.552	-3.007	4.405
1515360774844	8.418	-3.342	4.443
1515360774858	8.38	-3.476	4.501
1515360774864	8.437	-3.409	4.386
1515360774878	8.59	-3.246	4.223
1515360774890	8.676	-2.959	4.166
1515360774897	8.724	-2.509	3.83
1515360774906	8.763	-2.03	3.466
1515360774921	8.945	-1.618	3.332
1515360774925	9.117	-1.321	3.246
1515360774936	9.184	-1.168	3.246
1515360774950	9.222	-1.216	3.352
1515360774954	9.347	-1.331	3.505
1515360774966	9.653	-1.254	3.505
1515360774980	9.864	-1.168	3.371
1515360774985	9.72	-1.13	3.38
1515360774996	9.376	-1.168	3.476
1515360775011	9.05	-1.369	3.715
1515360775015	8.878	-1.599	3.917
1515360775026	8.83	-1.752	4.031
1515360775041	8.82	-1.848	4.06
1515360775044	8.686	-1.896	4.079
1515360775054	8.542	-2.087	4.099
1515360775075	8.351	-2.413	4.319
1515360775086	8.073	-2.624	4.376
1515360775089	8.006	-2.47	4.625
1515360775105	8.284	-2.068	4.405
1515360775111	8.676	-1.666	4.051
1515360775119	8.945	-1.283	3.773
1515360775127	8.992	-1.034	3.486
1515360775138	8.925	-0.986	3.438
1515360775153	8.791	-0.967	3.447
1515360775164	8.791	-0.9	3.447
1515360775168	9.251	-1.015	3.524
1515360775177	9.117	-1.197	3.524
1515360775201	9.27	-1.666	3.888
1515360775202	9.27	-1.541	3.888
1515360775214	9.031	-1.685	3.984
1515360775215	9.031	-1.79	3.984
1515360775228	8.743	-1.896	3.85
1515360775237	8.743	-1.944	3.85
1515360775250	8.638	-1.79	3.85
1515360775254	8.638	-1.771	3.85
1515360775268	8.906	-1.819	3.486
1515360775281	8.906	-1.723	3.486
1515360775289	8.887	-1.57	3.495
1515360775298	8.887	-1.656	3.648
1515360775310	9.05	-1.245	3.524
1515360775317	9.069	-1.369	3.524
1515360775327	9.739	-1.292	3.438
1515360775340	9.73	-1.292	3.438
1515360775347	9.893	-0.909	3.476
1515360775355	9.902	-0.909	3.399
1515360775370	9.807	-0.632	3.294
1515360775374	9.807	-0.632	3.198
1515360775387	9.902	-0.45	3.237
1515360775403	9.902	-0.45	3.39
1515360775406	9.988	-0.249	3.419
1515360775416	10.142	-0.249	3.409
1515360775431	10.094	-0.498	3.332
1515360775434	9.941	-0.498	3.323
1515360775446	9.586	-1.197	3.591
1515360775456	9.222	-1.197	3.926
1515360775466	8.954	-1.838	4.156
1515360775475	9.308	-1.838	4.07
1515360775490	9.979	-2.068	3.754
1515360775494	10.343	-2.068	3.419
1515360775519	10.123	-1.838	3.141
1515360775525	9.625	-1.608	3.045
1515360775530	9.471	-1.474	2.892
1515360775538	9.577	-1.551	2.681
1515360775552	9.625	-1.819	2.662
1515360775554	9.567	-2.135	2.796
1515360775566	9.328	-2.375	2.853
1515360775574	9.174	-2.585	2.892
1515360775586	9.069	-2.7	2.863
1515360775595	9.031	-2.71	2.624
1515360775604	8.964	-2.786	2.375
1515360775618	8.858	-2.968	1.982
1515360775626	8.609	-3.227	1.743
1515360775640	8.207	-3.457	1.541
1515360775667	7.891	-3.735	1.455
1515360775668	7.776	-3.984	1.359
1515360775668	7.728	-4.185	1.398
1515360775677	7.728	-4.415	1.417
1515360775685	7.757	-4.635	1.474
1515360775703	7.767	-4.855	1.541
1515360775708	7.805	-5.085	1.522
1515360775718	7.939	-5.19	1.704
1515360775724	8.226	-4.989	1.762
1515360775737	8.523	-4.702	1.637
1515360775746	8.772	-4.386	1.57
1515360775761	8.887	-4.012	1.465
1515360775764	8.868	-3.62	1.369
1515360775777	9.079	-3.179	1.235
1515360775784	9.452	-2.825	1.015
1515360775797	9.672	-2.691	0.852
1515360775810	9.625	-2.758	1.024
1515360775822	9.423	-2.882	1.292
1515360775824	9.28	-3.131	1.417
1515360775837	9.184	-3.447	1.685
1515360775844	9.184	-3.447	2.068
1515360775857	9.376	-3.093	2.327
1515360775870	10.209	-2.432	2.413
1515360775882	10.209	-2.432	2.346
1515360775884	10.285	-2.241	2.346
1515360775897	10.103	-2.279	2.336
1515360775904	9.807	-2.432	2.442
1515360775917	9.481	-2.604	2.672
1515360775927	9.155	-2.633	2.643
1515360775943	9.021	-2.298	2.528
1515360775963	9.136	-2.336	2.576
1515360775966	9.356	-2.375	2.279
1515360775967	9.366	-2.375	2.279
1515360775991	8.992	-2.423	2.375
1515360775993	8.245	-2.384	2.767
1515360775994	8.332	-2.375	2.767
1515360776008	8.561	-2.221	2.796
1515360776019	8.561	-1.944	2.796
1515360776032	9.155	-1.944	2.614
1515360776034	9.155	-2.183	2.614
1515360776056	10.285	-2.461	3.131
1515360776057	10.285	-2.585	3.217
1515360776064	11.195	-2.662	3.217
1515360776078	11.195	-2.604	3.265
1515360776084	11.195	-2.423	3.265
1515360776107	9.299	-2.039	4.146
1515360776114	8.705	-1.896	4.51
1515360776127	8.648	-1.925	4.855
1515360776138	8.648	-1.934	4.846
1515360776152	8.6	-1.599	4.587
1515360776154	8.504	-1.599	4.175
1515360776167	8.427	-1.35	3.869
1515360776174	8.427	-1.35	3.61
1515360776190	8.514	-1.426	3.399
1515360776197	8.696	-1.58	3.16
1515360776204	8.696	-1.541	2.825
1515360776217	9.194	-1.771	2.691
1515360776242	9.021	-1.848	2.719
1515360776246	8.925	-1.848	2.853
1515360776257	8.945	-1.925	2.93
1515360776273	9.012	-1.944	3.064
1515360776274	9.079	-1.944	3.313
1515360776287	9.021	-2.078	3.572
1515360776294	8.887	-2.078	3.888
1515360776306	8.763	-2.087	4.175
1515360776316	8.753	-2.087	4.367
1515360776332	8.753	-2.03	4.395
1515360776334	8.686	-1.982	4.405
1515360776347	8.581	-1.915	4.348
1515360776354	8.571	-1.819	4.261
1515360776366	8.657	-1.685	4.233
1515360776376	8.849	-1.494	4.166
1515360776393	9.088	-1.245	4.185
1515360776395	9.308	-0.89	4.06
1515360776418	9.481	-0.632	3.993
1515360776427	9.481	-0.488	3.984
1515360776431	9.414	-0.45	3.84
1515360776437	9.404	-0.526	3.763
1515360776445	9.471	-0.593	3.83
1515360776459	9.5	-0.66	3.802
1515360776467	9.423	-0.766	3.782
1515360776474	9.194	-0.852	3.869
1515360776485	8.983	-0.976	3.878
1515360776495	8.734	-1.082	3.897
1515360776505	8.552	-1.177	3.993
1515360776514	8.533	-1.206	4.022
1515360776527	8.561	-1.264	4.031
1515360776534	8.561	-1.302	4.041
1515360776545	8.542	-1.398	4.118
1515360776557	8.59	-1.446	4.3
1515360776565	8.696	-1.34	4.338
1515360776574	8.81	-1.168	4.357
1515360776587	8.801	-0.986	4.348
1515360776594	8.782	-0.852	4.309
1515360776605	8.801	-0.794	4.328
1515360776617	8.849	-0.814	4.338
1515360776625	8.858	-0.871	4.376
1515360776634	8.839	-0.852	4.424
1515360776646	8.868	-0.775	4.376
1515360776654	8.868	-0.727	4.357
1515360776665	8.849	-0.747	4.367
1515360776677	8.791	-0.823	4.348
1515360776685	8.715	-0.938	4.328
1515360776694	8.686	-0.996	4.367
1515360776707	8.696	-0.986	4.319
1515360776714	8.753	-0.852	4.309
1515360776725	8.839	-0.67	4.166
1515360776737	8.916	-0.584	4.089
1515360776745	8.906	-0.545	4.118
1515360776754	8.839	-0.593	4.099
1515360776768	8.782	-0.699	4.213
1515360776774	8.715	-0.842	4.271
1515360776785	8.676	-0.986	4.357
1515360776796	8.667	-1.043	4.376
1515360776805	8.638	-1.091	4.453
1515360776815	8.629	-1.11	4.462
1515360776826	8.676	-1.101	4.338
1515360776842	8.734	-1.091	4.415
1515360776884	8.715	-1.072	4.415
1515360776888	8.667	-0.919	4.415
1515360776889	8.667	-1.015	4.415
1515360776890	8.849	-0.814	4.233
1515360776891	8.849	-0.622	4.233
1515360776901	8.878	-0.555	4.213
1515360776904	8.849	-0.593	4.213
1515360776919	8.791	-0.89	4.309
1515360776924	8.791	-0.871	4.309
1515360776937	8.734	-0.804	4.501
1515360776956	8.878	-0.852	4.386
1515360776959	9.002	-0.593	4.319
1515360776964	8.973	-0.593	4.166
1515360776979	8.839	-0.775	4.338
1515360776984	8.839	-0.775	4.395
1515360776996	8.705	-0.794	4.395
1515360777007	8.705	-0.794	4.405
1515360777016	8.935	-0.699	4.328
1515360777024	9.241	-0.507	4.07
1515360777038	9.117	-0.517	3.907
1515360777044	8.964	-0.517	3.869
1515360777056	8.83	-1.053	3.945
1515360777068	8.657	-1.321	4.041
1515360777076	8.552	-1.436	4.204
1515360777088	8.504	-1.618	4.309
1515360777102	8.561	-1.541	4.252
1515360777116	8.59	-1.599	4.194
1515360777118	8.581	-1.666	4.137
1515360777131	8.59	-1.819	4.118
1515360777147	8.676	-1.695	4.137
1515360777149	8.791	-1.589	4.108
1515360777162	8.906	-1.484	4.089
1515360777176	8.945	-1.388	4.022
1515360777178	8.945	-1.407	3.936
1515360777190	8.925	-1.484	3.859
1515360777206	8.887	-1.589	3.83
1515360777220	8.763	-1.704	3.869
1515360777237	8.763	-1.608	3.926
1515360777239	8.878	-1.35	3.878
1515360777250	9.079	-1.187	3.639
1515360777262	9.222	-1.273	3.466
1515360777270	9.261	-1.436	3.399
1515360777282	9.136	-1.647	3.39
1515360777296	8.973	-1.81	3.524
1515360777331	8.916	-1.867	3.715
1515360777346	8.925	-1.771	3.792
1515360777352	8.945	-1.695	3.744
1515360777354	8.954	-1.781	3.658
1515360777357	8.887	-1.944	3.677
1515360777362	8.763	-2.106	3.668
1515360777364	8.657	-2.241	3.706
1515360777365	8.648	-2.26	3.792
1515360777390	8.782	-2.154	3.83
1515360777394	8.954	-1.982	3.821
1515360777409	9.146	-1.762	3.658
1515360777420	9.27	-1.637	3.658
1515360777421	9.27	-1.532	3.553
1515360777429	9.241	-1.561	3.553
1515360777445	9.222	-1.532	3.581
1515360777446	9.328	-1.426	3.572
1515360777460	9.644	-1.292	3.284
1515360777464	9.701	-1.139	3.284
1515360777478	9.854	-1.12	3.093
1515360777491	9.845	-1.216	3.131
1515360777506	9.653	-1.292	3.246
1515360777511	9.471	-1.35	3.361
1515360777522	9.739	-1.321	3.687
1515360777524	9.739	-1.043	3.687
1515360777536	9.883	-0.727	3.668
1515360777549	9.969	-0.612	3.514
1515360777556	9.912	-0.67	3.514
1515360777564	9.577	-0.804	3.668
1515360777579	9.117	-0.823	3.84
1515360777584	9.117	-0.785	3.84
1515360777596	9.807	-1.005	3.648
1515360777610	10.956	-1.474	3.352
1515360777616	11.913	-1.838	3.122
1515360777624	11.971	-1.8	3.198
1515360777639	10.927	-1.359	2.384
1515360777644	10.927	-1.254	2.384
1515360777661	10.506	-1.101	1.877
1515360777666	9.941	-1.063	1.522
1515360777675	9.241	-1.245	1.321
1515360777684	8.514	-1.58	1.312
1515360777699	7.661	-2.815	1.072
1515360777715	7.546	-3.677	1.532
1515360777727	7.489	-4.415	1.532
1515360777735	7.412	-4.826	2.097
1515360777770	7.46	-5.028	2.25
1515360777774	7.518	-5.133	2.346
1515360777779	7.518	-5.133	2.193
1515360777783	7.824	-5.114	2.059
1515360777791	7.824	-5.123	2.145
1515360777795	8.159	-5.008	2.078
1515360777814	8.159	-4.817	1.953
1515360777827	8.772	-4.558	1.752
1515360777841	8.935	-3.859	1.551
1515360777842	9.05	-3.706	1.426
1515360777849	9.203	-3.677	1.35
1515360777855	9.098	-3.294	1.426
1515360777870	9.04	-3.256	1.695
1515360777879	8.973	-2.509	1.992
1515360777889	9.117	-2.183	2.183
1515360777895	9.481	-1.8	2.327
1515360777909	10.056	-1.8	2.106
1515360777915	10.544	-1.312	1.771
1515360777924	10.697	-1.331	1.723
1515360777939	10.295	-1.417	1.752
1515360777952	9.538	-1.417	1.982
1515360777957	9.059	-1.388	2.049
1515360777965	9.155	-1.551	1.81
1515360777984	9.356	-1.81	1.752
1515360777985	9.519	-2.068	1.829
1515360777996	9.481	-2.25	1.896
1515360778006	9.069	-2.355	2.049
1515360778015	8.696	-2.595	2.097
1515360778029	8.753	-2.968	2.221
1515360778035	8.992	-3.284	2.375
1515360778045	9.318	-3.16	2.681
1515360778058	9.672	-2.825	2.614
1515360778064	9.739	-2.384	2.518
1515360778075	9.366	-2.059	2.403
1515360778089	8.964	-1.982	2.499
1515360778095	8.791	-1.925	2.7
1515360778104	8.743	-1.857	2.882
1515360778120	9.107	-1.925	3.045
1515360778124	9.826	-2.145	3.083
1515360778135	10.573	-2.327	3.16
1515360778150	11.09	-2.403	3.332
1515360778155	11.052	-2.327	3.562
1515360778168	10.592	-2.078	3.936
1515360778178	10.132	-1.762	4.175
1515360778201	9.605	-1.417	4.472
1515360778202	9.203	-1.11	4.711
1515360778215	8.897	-0.909	4.692
1515360778222	8.667	-0.833	4.539
1515360778226	8.514	-0.871	4.319
1515360778240	8.418	-0.881	4.099
1515360778244	8.408	-0.794	3.668
1515360778264	8.399	-0.766	3.342
1515360778265	8.533	-0.737	3.074
1515360778275	8.734	-0.756	2.71
1515360778286	8.916	-0.814	2.624
1515360778299	9.088	-0.814	2.557
1515360778304	9.213	-0.938	2.566
1515360778319	9.203	-1.13	2.7
1515360778328	9.012	-1.254	2.921
1515360778334	8.782	-1.436	3.16
1515360778345	8.667	-1.599	3.514
1515360778355	8.686	-1.762	3.84
1515360778365	8.791	-1.934	4.204
1515360778378	8.906	-1.972	4.443
1515360778390	8.964	-1.925	4.577
1515360778394	8.964	-1.771	4.635
1515360778405	8.954	-1.484	4.558
1515360778419	8.945	-1.082	4.415
1515360778424	8.964	-0.66	4.242
1515360778434	9.079	-0.316	4.041
1515360778450	9.222	-0.105	3.869
1515360778454	9.308	0.038	3.706
1515360778465	9.318	0.086	3.629
1515360778478	9.289	0.076	3.802
1515360778484	9.289	0.095	3.802
1515360778494	9.27	0.105	3.897
1515360778510	9.328	0.095	4.07
1515360778514	9.328	0.067	4.07
1515360778528	9.251	0.028	4.166
1515360778541	9.251	0.019	4.166
1515360778548	9.069	-0.038	4.204
1515360778559	9.069	-0.134	4.204
1515360778573	8.82	-0.363	4.242
1515360778588	8.763	-0.478	4.233
1515360778602	8.791	-0.517	4.271
1515360778617	8.887	-0.402	4.108
1515360778633	8.935	-0.153	4.06
1515360778635	8.935	-0.181	3.955
1515360778680	8.925	-0.172	3.984
1515360778688	8.878	-0.181	4.041
1515360778697	8.897	-0.181	4.089
1515360778704	8.954	-0.191	4.156
1515360778707	8.973	-0.191	4.233
1515360778714	8.992	-0.191	4.194
1515360778722	8.964	-0.306	4.146
1515360778723	8.849	-0.306	4.213
1515360778731	8.743	-0.498	4.29
1515360778738	8.648	-0.498	4.338
1515360778759	8.609	-0.679	4.405
1515360778762	8.571	-0.679	4.453
1515360778773	8.6	-0.833	4.491
1515360778776	8.648	-0.89	4.472
1515360778787	8.696	-0.919	4.424
1515360778796	8.753	-0.938	4.434
1515360778815	8.801	-0.938	4.415
1515360778816	8.849	-0.881	4.424
1515360778828	8.935	-0.833	4.443
1515360778841	9.04	-0.737	4.415
1515360778849	9.117	-0.593	4.328
1515360778857	9.155	-0.411	4.261
1515360778870	9.136	-0.21	4.204
1515360778874	9.021	-0.076	4.156
1515360778887	8.849	0.019	4.099
1515360778900	8.743	0.009	4.051
1515360778907	8.81	-0.057	4.079
1515360778916	8.82	-0.057	4.146
1515360778931	8.839	0.009	4.175
1515360778934	8.83	-0.067	4.233
1515360778947	8.715	-0.277	4.338
1515360778960	8.542	-0.555	4.434
1515360778966	8.38	-0.794	4.606
1515360778974	8.37	-0.957	4.711
1515360778990	8.466	-1.005	4.769
1515360778994	8.494	-0.928	4.759
1515360779006	8.475	-0.89	4.673
1515360779021	8.456	-0.938	4.568
1515360779026	8.475	-1.072	4.472
1515360779036	8.475	-1.216	4.405
1515360779050	8.475	-1.254	4.357
1515360779054	8.514	-1.13	4.338
1515360779066	8.59	-0.967	4.223
1515360779080	8.705	-0.89	4.079
1515360779100	8.753	-0.938	4.051
1515360779112	8.81	-1.024	4.089
1515360779121	8.868	-1.034	4.108
1515360779125	8.878	-0.928	4.166
1515360779126	8.964	-0.679	4.089
1515360779140	9.184	-0.402	3.974
1515360779154	9.404	-0.21	3.869
1515360779155	9.414	-0.296	3.802
1515360779166	9.079	-0.612	3.926
1515360779182	8.676	-0.948	4.175
1515360779189	8.427	-1.206	4.376
1515360779194	8.389	-1.321	4.501
1515360779205	8.485	-1.312	4.539
1515360779216	8.648	-1.283	4.462
1515360779232	8.696	-1.35	4.434
1515360779234	8.705	-1.465	4.338
1515360779246	8.667	-1.57	4.223
1515360779254	8.676	-1.58	4.127
1515360779265	8.753	-1.551	4.041
1515360779275	8.897	-1.455	4.003
1515360779290	8.945	-1.245	4.012
1515360779298	9.021	-0.996	3.648
1515360779306	9.021	-0.881	3.648
1515360779322	8.916	-0.9	3.581
1515360779325	8.916	-0.976	3.735
1515360779338	8.858	-1.13	3.85
1515360779354	8.983	-0.957	3.907
1515360779368	9.146	-0.957	3.993
1515360779385	9.021	-1.149	3.926
1515360779399	8.839	-1.225	4.06
1515360779417	8.772	-1.331	4.041
1515360779418	8.887	-1.331	3.974
1515360779430	8.887	-1.312	4.003
1515360779446	9.021	-1.034	3.974
1515360779447	9.165	-1.034	3.792
1515360779459	9.318	-0.89	3.639
1515360779476	9.337	-0.861	3.524
1515360779477	9.203	-1.015	3.495
1515360779488	8.973	-0.996	3.581
1515360779520	8.887	-1.063	3.61
1515360779521	9.328	-1.12	3.447
1515360779534	9.538	-1.225	3.361
1515360779535	9.615	-1.225	3.361
1515360779548	9.557	-1.35	3.371
1515360779568	9.471	-1.656	3.39
1515360779590	9.347	-1.762	3.361
1515360779591	9.107	-1.944	3.361
1515360779592	8.878	-1.781	3.514
1515360779597	8.83	-1.283	3.533
1515360779613	9.241	-0.909	3.371
1515360779615	10.065	-0.804	3.198
1515360779628	10.678	-0.842	3.035
1515360779642	10.64	-0.794	3.102
1515360779652	10.132	-0.66	3.16
1515360779659	9.653	-0.584	3.256
1515360779669	9.787	-0.651	3.304
1515360779674	10.266	-0.852	3.361
1515360779687	10.774	-0.996	3.294
1515360779702	11.147	-1.101	3.246
1515360779711	11.176	-1.168	3.208
1515360779714	10.984	-1.494	3.035
1515360779728	10.831	-2.03	2.729
1515360779734	10.573	-2.509	2.49
1515360779747	10.161	-2.643	2.365
1515360779755	9.835	-2.49	2.174
1515360779770	9.586	-2.126	1.944
1515360779774	9.356	-1.857	1.647
1515360779788	9.194	-2.059	1.561
1515360779794	8.83	-2.509	1.704
1515360779807	8.322	-3.131	1.8
1515360779816	7.814	-3.725	2.03
1515360779832	7.431	-4.06	2.221
1515360779844	7.374	-4.204	2.221
1515360779855	7.537	-4.376	2.135
1515360779858	7.632	-4.549	1.953
1515360779865	7.498	-4.692	1.81
1515360779876	7.288	-4.903	1.637
1515360779885	7.144	-5.171	1.503
1515360779894	7.144	-5.411	1.656
1515360779907	7.431	-5.305	1.733
1515360779914	7.901	-4.922	1.407
1515360779925	8.332	-4.558	1.13
1515360779937	8.763	-4.175	0.948
1515360779948	9.107	-3.897	0.775
1515360779956	9.299	-3.763	0.909
1515360779967	9.222	-3.447	1.465
1515360779974	9.146	-2.93	1.762
1515360779987	9.213	-2.7	1.848
1515360780025	9.194	-2.624	1.905
1515360780026	9.069	-2.662	2.164
1515360780027	9.059	-2.403	2.633
1515360780028	9.27	-1.915	2.71
1515360780035	9.634	-1.618	2.643
1515360780045	9.931	-1.12	2.547
1515360780058	10.103	-0.852	1.867
1515360780082	10.046	-0.928	1.896
1515360780083	9.921	-0.948	2.135
1515360780092	9.854	-1.034	2.336
1515360780094	9.893	-1.292	2.49
1515360780105	9.988	-1.532	2.844
1515360780117	10.027	-1.676	2.777
1515360780135	9.941	-1.886	2.968
1515360780142	9.605	-2.059	3.035
1515360780154	9.155	-2.241	3.189
1515360780156	9.213	-2.327	3.189
1515360780165	9.107	-2.241	3.17
1515360780178	8.906	-2.078	3.026
1515360780185	9.213	-2.078	3.045
1515360780194	9.146	-2.269	3.198
1515360780207	10.783	-2.403	3.016
1515360780214	10.783	-2.461	2.863
1515360780225	10.831	-2.461	2.93
1515360780238	10.831	-2.355	3.15
1515360780245	9.366	-2.183	3.466
1515360780254	9.366	-2.078	3.773
1515360780273	8.868	-2.126	4.031
1515360780284	8.561	-2.126	4.3
1515360780300	8.36	-2.039	4.319
1515360780304	8.255	-2.039	4.108
1515360780316	8.159	-1.771	3.955
1515360780327	8.188	-1.58	3.878
1515360780340	8.341	-1.455	3.706
1515360780344	8.542	-1.455	3.581
1515360780357	8.82	-1.312	3.409
1515360780364	9.002	-1.312	3.275
1515360780376	9.184	-1.312	3.208
1515360780386	9.337	-1.35	3.16
1515360780396	9.356	-1.321	3.17
1515360780404	9.232	-1.273	3.284
1515360780418	9.127	-1.235	3.457
1515360780424	9.059	-1.216	3.581
1515360780436	8.983	-1.321	3.782
1515360780454	8.887	-1.494	4.022
1515360780463	8.791	-1.647	4.28
1515360780464	8.724	-1.79	4.491
1515360780479	8.667	-1.877	4.654
1515360780484	8.629	-1.905	4.711
1515360780496	8.571	-1.819	4.664
1515360780507	8.609	-1.685	4.577
1515360780515	8.686	-1.532	4.415
1515360780528	8.734	-1.35	4.309
1515360780539	8.763	-1.187	4.338
1515360780544	8.925	-0.986	4.213
1515360780556	9.136	-0.852	4.022
1515360780567	9.28	-0.708	4.022
1515360780575	9.232	-0.584	4.022
1515360780584	9.136	-0.526	3.984
1515360780597	9.031	-0.507	4.041
1515360780604	9.021	-0.488	4.041
1515360780615	9.021	-0.478	4.041
1515360780625	9.04	-0.545	4.022
1515360780635	8.954	-0.689	4.099
1515360780644	8.82	-0.833	4.204
1515360780659	8.696	-1.015	4.357
1515360780664	8.648	-1.168	4.491
1515360780676	8.648	-1.206	4.549
1515360780689	8.638	-1.206	4.51
1515360780695	8.561	-1.197	4.434
1515360780705	8.561	-1.149	4.424
1515360780720	8.667	-0.861	4.194
1515360780724	8.763	-0.89	4.261
1515360780736	8.83	-0.785	4.28
1515360780749	8.925	-0.814	4.194
1515360780755	8.973	-0.833	4.204
1515360780765	8.935	-0.842	4.194
1515360780779	8.83	-0.861	4.156
1515360780794	8.696	-0.871	4.194
1515360780796	8.686	-0.909	4.194
1515360780809	8.705	-1.034	4.223
1515360780825	8.763	-1.206	4.28
1515360780827	8.648	-1.379	4.28
1515360780839	8.552	-1.656	4.357
1515360780844	8.552	-1.589	4.357
1515360780855	8.552	-1.608	4.367
1515360780866	8.581	-1.561	4.357
1515360780875	8.571	-1.465	4.328
1515360780895	8.514	-1.407	4.328
1515360780900	8.514	-1.245	4.28
1515360780915	8.715	-1.015	4.28
1515360780916	8.887	-0.9	4.156
1515360780932	8.868	-0.804	4.156
1515360780937	8.801	-0.766	4.261
1515360780945	8.734	-0.679	4.261
1515360780957	8.83	-0.507	4.156
1515360780964	8.992	-0.478	4.156
1515360780975	9.002	-0.498	4.204
1515360780987	8.791	-0.593	4.357
1515360780995	8.791	-0.67	4.424
1515360781009	8.791	-0.785	4.424
1515360781018	8.686	-0.957	4.357
1515360781024	8.686	-0.957	4.395
1515360781035	8.734	-1.005	4.386
1515360781047	8.734	-1.043	4.376
1515360781055	8.849	-1.043	4.386
1515360781064	8.849	-1.043	4.319
1515360781077	8.868	-1.053	4.261
1515360781084	8.868	-1.034	4.185
1515360781095	9.031	-0.833	4.041
1515360781106	9.031	-0.909	3.83
1515360781115	8.887	-0.66	3.763
1515360781124	8.696	-0.67	3.706
1515360781140	8.6	-0.785	3.792
1515360781144	8.619	-0.775	3.897
1515360781156	8.782	-1.321	4.003
1515360781169	8.954	-1.637	4.242
1515360781175	8.973	-1.771	4.462
1515360781185	8.945	-1.771	4.587
1515360781200	8.839	-1.599	4.625
1515360781214	8.782	-1.312	4.453
1515360781216	8.801	-1.187	4.185
1515360781230	8.849	-1.11	3.993
1515360781234	8.887	-1.043	3.802
1515360781248	8.983	-1.043	3.668
1515360781259	9.04	-1.082	3.629
1515360781275	9.05	-1.101	3.744
1515360781277	9.031	-0.928	3.859
1515360781289	9.069	-0.708	3.763
1515360781305	9.04	-0.632	3.658
1515360781306	8.916	-0.727	3.677
1515360781320	8.916	-0.938	3.802
1515360781352	9.059	-1.187	3.945
1515360781357	9.184	-1.369	4.07
1515360781363	9.165	-1.484	4.194
1515360781365	9.079	-1.34	4.242
1515360781367	9.069	-1.177	4.031
1515360781380	9.069	-1.206	3.897
1515360781384	9.059	-1.254	3.744
1515360781401	9.021	-1.35	3.687
1515360781407	8.992	-1.446	3.677
1515360781419	9.05	-1.532	3.629
1515360781426	9.107	-1.58	3.581
1515360781439	9.098	-1.628	3.514
1515360781444	8.973	-1.714	3.524
1515360781456	8.705	-1.877	3.62
1515360781467	8.466	-2.126	3.735
1515360781475	8.236	-2.403	3.869
1515360781484	8.035	-2.643	4.041
1515360781497	8.025	-2.873	4.348
1515360781504	8.322	-2.834	4.702
1515360781515	8.59	-2.48	4.616
1515360781527	8.734	-2.03	4.453
1515360781535	8.839	-1.723	4.309
1515360781544	8.925	-1.58	4.223
1515360781561	8.964	-1.455	4.06
1515360781565	8.964	-1.398	4.06
1515360781575	8.887	-1.359	3.993
1515360781590	8.734	-1.312	4.031
1515360781595	8.734	-1.216	4.031
1515360781608	8.916	-0.986	3.878
1515360781620	8.897	-0.66	3.878
1515360781628	9.366	-0.45	3.562
1515360781636	9.404	-0.316	3.562
1515360781650	9.289	-0.316	3.639
1515360781666	8.868	-0.402	3.562
1515360781667	8.868	-0.536	3.562
1515360781680	9.174	-0.679	3.84
1515360781684	9.174	-0.641	3.84
1515360781695	9.423	-0.517	3.763
1515360781710	9.692	-0.555	3.505
1515360781714	9.902	-0.89	3.505
1515360781725	9.826	-1.379	3.639
1515360781740	9.471	-1.704	4.3
1515360781744	9.059	-1.685	4.213
1515360781755	9.107	-1.446	4.108
1515360781788	9.443	-1.312	3.773
1515360781792	9.826	-1.388	3.62
1515360781796	9.998	-1.723	3.821
1515360781799	9.912	-2.03	3.984
1515360781817	9.653	-2.126	3.945
1515360781818	9.615	-2.087	3.744
1515360781826	9.711	-1.982	3.447
1515360781838	9.692	-1.848	3.256
1515360781846	9.51	-1.695	3.16
1515360781870	9.059	-1.57	2.959
1515360781872	8.964	-1.484	2.825
1515360781878	9.768	-1.647	2.758
1515360781885	10.688	-1.838	2.585
1515360781897	10.908	-1.992	2.614
1515360781905	10.419	-1.992	2.796
1515360781922	9.826	-1.733	2.921
1515360781934	9.222	-1.695	3.007
1515360781949	9.261	-1.925	2.921
1515360781954	9.194	-1.925	2.882
1515360781968	8.916	-2.355	2.815
1515360781979	8.6	-2.662	2.614
1515360781987	8.456	-2.968	2.384
1515360781995	8.408	-3.122	2.03
1515360782012	8.427	-3.217	1.264
1515360782025	8.284	-3.237	1.101
1515360782041	8.14	-3.39	0.938
1515360782045	8.102	-3.648	0.976
1515360782057	8.102	-3.945	0.909
1515360782071	8.083	-4.3	1.034
1515360782075	7.958	-4.721	1.197
1515360782086	7.824	-5.209	1.541
1515360782103	7.728	-5.564	2.164
1515360782116	7.92	-5.554	2.308
1515360782131	8.13	-5.19	2.221
1515360782135	8.389	-4.673	2.116
1515360782151	8.676	-4.012	1.925
1515360782160	8.887	-3.533	1.599
1515360782168	9.04	-3.237	1.647
1515360782176	9.107	-2.748	1.886
1515360782192	9.433	-1.925	0.928
1515360782195	10.237	-1.446	0.823
1515360782206	11.023	-1.513	0.335
1515360782221	10.17	-1.714	1.043
1515360782225	10.027	-1.877	0.996
1515360782257	9.194	-1.838	1.743
1515360782265	9.443	-1.886	2.097
1515360782273	9.548	-2.643	2.26
1515360782282	9.088	-2.873	2.604
1515360782285	8.686	-3.055	2.94
1515360782301	8.849	-3.217	3.045
1515360782311	9.251	-3.217	3.026
1515360782318	9.596	-2.978	3.035
1515360782326	9.711	-2.652	3.035
1515360782340	9.711	-2.403	2.844
1515360782344	9.682	-2.154	2.825
1515360782357	9.471	-2.011	2.806
1515360782369	9.241	-1.819	2.806
1515360782377	9.376	-1.714	2.758
1515360782385	9.682	-1.79	2.71
1515360782398	9.538	-1.857	2.901
1515360782404	9.557	-1.877	2.901
1515360782417	9.854	-2.001	2.949
1515360782428	9.739	-2.049	2.988
1515360782437	10.458	-2.106	3.122
1515360782445	10.439	-2.145	3.083
1515360782462	10.113	-2.106	3.706
1515360782465	10.113	-2.03	3.706
1515360782478	9.117	-1.934	4.328
1515360782492	9.117	-1.838	4.328
1515360782497	8.734	-1.723	4.625
1515360782508	8.437	-1.608	4.625
1515360782522	8.284	-1.541	4.3
1515360782525	8.198	-1.608	4.3
1515360782538	8.312	-1.896	3.802
1515360782551	8.274	-1.838	3.802
1515360782557	8.619	-1.723	3.438
1515360782566	8.609	-1.762	3.284
1515360782582	8.897	-1.35	3.313
1515360782585	8.801	-1.235	3.313
1515360782597	8.83	-0.852	3.256
1515360782611	8.897	-0.852	3.256
1515360782617	9.002	-1.254	3.38
1515360782628	9.098	-1.254	3.562
1515360782643	9.098	-1.628	3.83
1515360782645	9.04	-1.628	4.051
1515360782656	8.82	-1.714	4.166
1515360782672	8.648	-1.714	4.328
1515360782675	8.485	-1.714	4.558
1515360782706	8.389	-1.762	4.702
1515360782713	8.399	-1.733	4.788
1515360782718	8.399	-1.733	4.836
1515360782721	8.638	-1.216	4.711
1515360782734	8.81	-1.216	4.491
1515360782738	8.964	-0.574	4.376
1515360782746	9.031	-0.574	4.261
1515360782760	9.079	-0.114	4.242
1515360782764	9.107	0.191	4.223
1515360782778	9.184	0.306	4.175
1515360782791	9.261	0.459	4.213
1515360782798	9.289	0.316	4.309
1515360782807	9.289	0.316	4.357
1515360782819	9.299	0.229	4.338
1515360782824	9.213	0.076	4.309
1515360782837	9.079	-0.143	4.319
1515360782844	8.973	-0.344	4.328
1515360782857	8.925	-0.478	4.309
1515360782866	8.868	-0.584	4.328
1515360782878	8.763	-0.612	4.405
1515360782884	8.715	-0.555	4.28
1515360782897	8.629	-0.651	4.233
1515360782927	8.514	-0.775	4.233
1515360782928	8.456	-0.909	4.338
1515360782928	8.514	-0.967	4.472
1515360782941	8.609	-0.89	4.482
1515360782944	8.705	-0.756	4.415
1515360782956	8.657	-0.689	4.405
1515360782964	8.609	-0.622	4.462
1515360782976	8.59	-0.612	4.472
1515360782985	8.6	-0.66	4.462
1515360782999	8.648	-0.699	4.51
1515360783004	8.753	-0.689	4.443
1515360783016	8.82	-0.718	4.395
1515360783024	8.839	-0.699	4.424
1515360783036	8.839	-0.66	4.376
1515360783045	8.839	-0.603	4.271
1515360783062	8.791	-0.574	4.213
1515360783065	8.743	-0.565	4.29
1515360783078	8.705	-0.536	4.271
1515360783084	8.686	-0.536	4.233
1515360783096	8.696	-0.593	4.166
1515360783107	8.715	-0.66	4.166
1515360783122	8.657	-0.708	4.185
1515360783154	8.561	-0.785	4.261
1515360783160	8.494	-0.9	4.29
1515360783162	8.437	-1.101	4.348
1515360783164	8.389	-1.302	4.424
1515360783168	8.408	-1.369	4.453
1515360783179	8.6	-1.35	4.462
1515360783185	8.916	-1.235	4.357
1515360783197	9.146	-1.043	4.175
1515360783204	9.241	-0.842	4.089
1515360783215	9.213	-0.603	4.041
1515360783226	9.127	-0.421	3.945
1515360783239	9.117	-0.287	3.945
1515360783257	8.954	-0.22	3.888
1515360783258	8.552	-0.249	4.031
1515360783264	8.408	-0.44	4.156
1515360783275	8.657	-0.718	4.29
1515360783285	8.983	-0.938	4.424
1515360783299	9.213	-0.957	4.529
1515360783304	9.366	-0.699	4.443
1515360783316	9.462	-0.507	3.859
1515360783324	9.443	-0.44	3.926
1515360783335	9.194	-0.488	3.945
1515360783345	8.925	-0.612	3.869
1515360783360	8.782	-0.775	4.089
1515360783364	8.676	-0.957	4.012
1515360783375	8.648	-1.053	4.07
1515360783395	8.648	-1.13	4.137
1515360783405	8.609	-1.312	4.29
1515360783420	8.801	-1.398	4.204
1515360783424	8.83	-1.312	4.051
1515360783436	8.992	-1.149	4.031
1515360783448	9.012	-1.043	4.031
1515360783455	8.763	-1.053	4.118
1515360783465	8.763	-1.12	4.252
1515360783475	8.657	-1.245	4.482
1515360783484	8.657	-1.254	4.549
1515360783495	8.81	-0.67	4.376
1515360783504	8.964	-0.679	4.29
1515360783515	8.983	-0.526	4.166
1515360783525	8.81	-0.478	4.127
1515360783543	8.629	-0.689	4.233
1515360783545	8.561	-0.622	4.367
1515360783558	8.561	-0.526	4.549
1515360783564	8.696	-0.526	4.472
1515360783597	9.069	0.383	4.06
1515360783605	9.366	0.44	3.802
1515360783607	9.347	0.287	3.706
1515360783611	9.107	0.153	3.754
1515360783622	8.868	-0.134	3.993
1515360783625	8.753	-0.249	4.252
1515360783635	8.81	-0.22	4.252
1515360783646	9.002	-0.296	4.204
1515360783655	9.107	-0.507	4.166
1515360783664	9.012	-0.814	4.194
1515360783675	8.801	-1.12	4.242
1515360783684	8.523	-1.369	4.328
1515360783695	8.475	-1.426	4.328
1515360783705	8.686	-1.407	4.137
1515360783715	8.973	-1.407	3.974
1515360783724	9.069	-1.388	3.83
1515360783737	8.992	-1.398	3.715
1515360783744	8.849	-1.465	3.706
1515360783755	8.734	-1.522	3.668
1515360783765	8.696	-1.57	3.591
1515360783775	8.763	-1.561	3.61
1515360783786	8.935	-1.398	3.514
1515360783796	9.213	-1.321	3.38
1515360783804	9.385	-1.273	3.332
1515360783815	9.347	-1.283	3.352
1515360783825	9.174	-1.35	3.495
1515360783834	9.098	-1.35	3.61
1515360783847	9.213	-1.312	3.562
1515360783855	9.337	-1.302	3.533
1515360783877	9.318	-1.302	3.409
1515360783886	9.222	-1.388	3.39
1515360783900	9.155	-1.379	3.275
1515360783904	9.194	-1.35	3.38
1515360783918	9.289	-1.35	3.332
1515360783924	9.356	-1.369	3.294
1515360783937	9.328	-1.369	3.371
1515360783945	9.251	-1.254	3.399
1515360783963	9.241	-1.149	3.313
1515360783965	9.27	-1.11	3.342
1515360783979	9.299	-1.015	3.275
1515360783994	9.443	-1.082	3.198
1515360783995	9.663	-1.292	3.198
1515360784009	9.682	-1.407	3.102
1515360784015	9.682	-1.522	3.102
1515360784044	9.596	-1.723	3.112
1515360784049	9.414	-1.915	3.112
1515360784052	9.012	-1.972	3.371
1515360784057	8.763	-1.972	3.256
1515360784076	9.031	-2.03	3.39
1515360784081	8.973	-1.905	3.39
1515360784092	9.337	-1.695	3.246
1515360784097	9.692	-1.608	3.361
1515360784123	9.921	-1.781	3.399
1515360784125	10.084	-1.743	3.428
1515360784127	10.18	-1.762	3.581
1515360784141	10.123	-1.647	3.38
1515360784149	10.123	-1.637	3.38
1515360784163	10.257	-1.541	2.997
1515360784175	10.439	-1.57	2.604
1515360784189	10.19	-1.608	2.336
1515360784194	10.19	-1.551	2.336
1515360784209	9.998	-1.656	2.231
1515360784218	9.998	-1.599	2.231
1515360784239	9.864	-1.819	2.212
1515360784240	9.864	-2.145	2.059
1515360784252	9.213	-2.844	1.972
1515360784264	8.858	-3.102	1.494
1515360784281	8.14	-3.802	1.379
1515360784289	8.14	-3.802	1.312
1515360784298	7.613	-4.501	1.455
1515360784307	7.69	-4.501	1.532
1515360784318	8.073	-4.529	1.532
1515360784327	8.38	-4.529	1.379
1515360784340	8.418	-4.51	1.34
1515360784344	7.958	-4.51	1.369
1515360784355	7.297	-5.315	1.714
1515360784369	6.972	-5.621	1.992
1515360784375	6.972	-5.583	1.925
1515360784384	7.422	-5.573	1.532
1515360784402	8.178	-4.75	0.957
1515360784404	8.858	-4.137	0.459
1515360784417	9.194	-3.945	0.239
1515360784430	9.261	-3.581	0.507
1515360784435	9.261	-3.284	0.842
1515360784444	9.404	-2.796	1.321
1515360784458	9.749	-2.039	1.561
1515360784464	10.209	-1.647	1.369
1515360784475	10.439	-1.8	1.264
1515360784505	10.075	-2.212	1.522
1515360784512	9.155	-2.643	1.963
1515360784516	8.427	-2.911	2.691
1515360784520	8.571	-3.016	3.237
1515360784530	9.49	-2.786	3.265
1515360784538	10.678	-2.403	2.825
1515360784548	11.099	-2.135	2.413
1515360784555	10.554	-1.992	2.365
1515360784564	9.462	-1.992	2.652
1515360784577	8.801	-2.183	3.064
1515360784584	8.696	-2.442	3.514
1515360784595	8.782	-2.423	3.888
1515360784644	9.117	-2.288	3.715
1515360784644	9.692	-2.241	3.399
1515360784645	10.094	-2.049	3.15
1515360784646	10.008	-1.752	3.064
1515360784646	9.653	-1.369	3.035
1515360784655	9.347	-1.063	3.026
1515360784667	9.079	-0.986	3.17
1515360784675	8.772	-0.986	3.361
1515360784684	8.523	-1.063	3.562
1515360784697	8.552	-1.12	3.725
1515360784715	9.462	-1.388	3.706
1515360784716	9.548	-1.733	3.735
1515360784730	9.998	-1.963	3.792
1515360784743	10.151	-2.087	4.242
1515360784744	9.998	-1.963	4.194
1515360784758	9.682	-1.647	4.462
1515360784764	9.347	-1.206	4.539
1515360784777	9.107	-0.871	4.635
1515360784788	8.954	-0.66	4.616
1515360784804	8.571	-0.651	4.348
1515360784805	8.102	-0.708	4.424
1515360784818	7.872	-0.814	4.348
1515360784824	7.939	-0.909	4.204
1515360784836	8.111	-0.957	4.137
1515360784847	8.38	-0.957	4.099
1515360784856	8.638	-1.005	3.955
1515360784865	8.791	-1.264	3.811
1515360784879	8.897	-1.532	3.802
1515360784884	9.002	-1.695	3.782
1515360784896	8.983	-1.704	3.744
1515360784948	8.772	-1.541	3.802
1515360784949	8.686	-1.331	3.763
1515360784966	8.878	-1.273	3.725
1515360784969	9.146	-1.292	3.735
1515360784970	9.308	-1.369	3.792
1515360784971	9.366	-1.426	3.782
1515360784980	9.222	-1.446	3.773
1515360784981	9.117	-1.426	3.974
1515360784987	9.059	-1.388	3.926
1515360785000	9.031	-1.13	4.022
1515360785016	8.734	-1.101	3.907
1515360785025	8.763	-1.12	3.907
1515360785070	8.715	-1.245	3.85
1515360785071	8.696	-1.398	3.85
1515360785072	8.629	-1.522	4.108
1515360785072	8.552	-1.656	4.261
1515360785077	8.523	-1.685	4.185
1515360785088	8.609	-1.656	4.089
1515360785094	8.696	-1.608	4.003
1515360785104	8.676	-1.608	4.031
1515360785117	8.648	-1.618	4.328
1515360785124	8.648	-1.446	4.252
1515360785135	9.519	-1.072	4.022
1515360785148	9.672	-0.756	3.878
1515360785155	9.519	-0.507	3.792
1515360785164	9.165	-0.478	3.744
1515360785179	8.916	-0.603	3.821
1515360785185	8.791	-0.804	3.926
1515360785196	8.83	-0.948	4.06
1515360785210	8.916	-1.024	4.118
1515360785215	8.983	-0.708	4.079
1515360785224	9.002	-0.536	4.041
1515360785239	8.935	-0.67	4.003
1515360785244	8.916	-0.823	3.964
1515360785255	8.868	-0.919	4.06
1515360785268	8.801	-0.967	4.223
1515360785286	8.743	-0.938	4.29
1515360785288	8.629	-0.881	4.367
1515360785301	8.629	-0.699	4.386
1515360785305	8.801	-0.622	4.28
1515360785316	8.964	-0.679	4.242
1515360785332	9.021	-0.689	4.204
1515360785346	8.83	-0.9	4.242
1515360785362	8.734	-0.881	4.309
1515360785376	8.887	-0.708	4.213
1515360785392	8.887	-0.727	3.936
1515360785437	8.839	-0.842	3.984
1515360785438	8.801	-1.015	3.897
1515360785439	8.791	-1.13	3.85
1515360785440	8.858	-1.187	3.84
1515360785441	8.906	-1.158	3.859
1515360785447	9.079	-1.072	3.792
1515360785457	9.194	-0.976	3.706
1515360785464	9.241	-0.986	3.581
1515360785479	9.107	-1.11	3.687
1515360785484	8.897	-1.34	3.648
1515360785497	8.648	-1.589	3.859
1515360785508	8.504	-1.637	4.099
1515360785517	8.791	-1.455	4.051
1515360785528	9.337	-1.292	3.763
1515360785541	9.28	-1.225	3.639
1515360785545	9.28	-1.216	3.639
1515360785555	8.935	-1.273	3.687
1515360785569	8.667	-1.35	3.878
1515360785574	8.581	-1.474	3.878
1515360785587	8.581	-1.513	4.031
1515360785599	8.705	-1.312	4.012
1515360785607	8.945	-1.187	3.572
1515360785617	9.059	-1.283	3.553
1515360785631	8.83	-1.369	3.533
1515360785634	8.83	-1.494	3.533
1515360785647	8.839	-1.436	3.725
1515360785658	8.849	-1.197	3.725
1515360785667	9.222	-1.024	3.409
1515360785675	9.49	-0.871	3.447
1515360785689	9.423	-0.651	3.486
1515360785694	9.27	-0.747	3.486
1515360785707	9.222	-0.766	3.61
1515360785720	9.299	-0.747	3.629
1515360785727	9.557	-0.565	3.658
1515360785737	10.056	-0.44	3.658
1515360785751	10.496	-0.526	3.524
1515360785755	10.534	-0.775	3.419
1515360785768	10.17	-1.13	3.562
1515360785783	9.692	-1.101	3.562
1515360785787	9.289	-0.938	3.62
1515360785797	8.906	-0.928	3.62
1515360785812	8.638	-0.718	3.476
1515360785815	8.772	-0.622	3.466
1515360785827	9.874	-0.67	2.949
1515360785875	9.912	-0.948	2.949
1515360785882	10.611	-1.245	2.662
1515360785888	11.099	-1.369	2.662
1515360785896	10.822	-1.407	2.729
1515360785901	10.831	-1.446	2.691
1515360785903	10.094	-1.522	2.518
1515360785904	10.075	-1.637	2.26
1515360785907	9.979	-1.637	2.059
1515360785922	10.17	-1.407	2.011
1515360785946	10.036	-1.484	2.135
1515360785948	9.893	-1.484	2.403
1515360785948	9.893	-1.503	2.585
1515360785960	9.711	-1.513	2.758
1515360785968	9.711	-1.513	2.882
1515360785977	9.404	-1.426	2.959
1515360785987	9.414	-1.426	2.911
1515360785997	9.423	-1.81	2.681
1515360786004	9.174	-1.81	2.423
1515360786029	8.571	-2.365	2.154
1515360786032	7.996	-2.365	1.838
1515360786038	7.747	-2.911	1.484
1515360786050	7.786	-3.064	1.12
1515360786057	8.063	-3.39	0.823
1515360786065	8.389	-3.543	0.593
1515360786083	8.629	-3.782	0.45
1515360786085	8.686	-4.099	0.469
1515360786095	8.485	-4.606	0.67
1515360786110	8.083	-5.047	1.072
1515360786114	7.709	-5.296	1.551
1515360786125	7.565	-5.449	1.723
1515360786136	7.728	-5.353	1.829
1515360786145	8.284	-5.066	1.723
1515360786157	8.945	-4.625	1.57
1515360786174	9.548	-4.031	1.407
1515360786175	9.979	-3.428	1.206
1515360786185	10.027	-2.959	1.139
1515360786200	9.845	-2.576	1.12
1515360786205	9.625	-2.231	1.149
1515360786218	9.596	-1.925	1.11
1515360786230	9.711	-1.771	1.235
1515360786234	9.941	-1.599	1.331
1515360786245	10.046	-1.561	1.465
1515360786261	9.749	-1.522	1.8
1515360786266	9.49	-0.823	2.231
1515360786297	9.404	-0.249	2.068
1515360786314	9.644	-0.833	1.733
1515360786317	9.567	-1.819	1.81
1515360786318	8.935	-2.528	2.451
1515360786320	8.6	-2.873	3.083
1515360786326	8.964	-2.863	3.371
1515360786341	9.462	-2.71	3.38
1515360786351	9.663	-2.557	3.265
1515360786360	9.433	-2.423	2.892
1515360786375	9.433	-2.269	2.892
1515360786376	9.203	-2.231	2.652
1515360786400	9.165	-2.174	2.384
1515360786404	9.012	-2.078	2.212
1515360786417	8.945	-2.049	2.135
1515360786426	9.213	-2.03	2.078
1515360786441	10.592	-2.068	1.896
1515360786444	10.534	-2.212	1.896
1515360786457	10.64	-2.183	2.547
1515360786464	10.391	-1.762	2.614
1515360786477	10.486	-1.752	3.294
1515360786486	10.18	-1.484	3.907
1515360786501	9.797	-1.091	4.654
1515360786518	9.136	-0.938	4.922
1515360786524	8.801	-1.149	5.066
1515360786537	8.102	-0.852	5.257
1515360786545	8.724	-1.608	5.363
1515360786563	8.619	-1.12	4.558
1515360786568	8.169	-1.091	3.754
1515360786576	8.063	-0.928	3.754
1515360786592	8.878	-1.043	3.045
1515360786595	8.878	-0.996	2.892
1515360786607	9.27	-0.833	2.777
1515360786623	9.452	-0.689	2.7
1515360786625	9.452	-0.612	2.7
1515360786636	9.385	-0.584	2.777
1515360786653	9.318	-0.833	3.141
1515360786665	9.107	-1.034	3.514
1515360786681	8.83	-1.245	4.558
1515360786687	8.83	-1.359	5.018
1515360786695	9.04	-1.225	4.922
1515360786714	9.165	-1.034	4.913
