timestamp	x	y	z
1512420012180	8.36	1.905	3.936
1512420012182	8.389	1.656	4.031
1512420012184	8.494	1.436	4.166
1512420012237	8.6	1.292	4.29
1512420012238	8.686	1.264	4.386
1512420012239	8.715	1.264	4.405
1512420012240	8.763	1.312	4.386
1512420012241	8.782	1.312	4.328
1512420012268	8.734	1.273	4.242
1512420012269	8.629	1.197	4.185
1512420012270	8.581	1.13	4.166
1512420012282	8.6	1.101	4.166
1512420012283	8.696	1.158	4.146
1512420012296	8.743	1.216	3.993
1512420012303	8.715	1.312	3.993
1512420012313	8.676	1.417	3.85
1512420012339	8.667	1.541	3.792
1512420012351	8.772	1.551	3.85
1512420012354	8.858	1.561	3.878
1512420012371	8.878	1.58	3.907
1512420012386	8.705	1.58	3.926
1512420012388	8.696	1.551	3.974
1512420012393	8.696	1.532	4.003
1512420012403	8.676	1.474	4.022
1512420012477	8.791	1.312	4.07
1512420012485	8.82	1.312	4.156
1512420012487	8.849	1.235	4.252
1512420012491	8.897	1.197	4.3
1512420012493	8.992	1.187	4.309
1512420012494	9.079	1.312	4.204
1512420012498	9.031	1.312	4.118
1512420012505	8.887	1.35	4.051
1512420012512	8.791	1.312	3.964
1512420012517	8.82	1.206	3.955
1512420012519	8.868	1.168	3.984
1512420012524	8.887	1.149	3.897
1512420012542	8.916	1.177	3.869
1512420012563	8.868	1.187	3.85
1512420012574	8.83	1.158	3.773
1512420012575	8.868	1.053	3.763
1512420012577	8.935	0.938	3.773
1512420012586	8.973	0.823	3.811
1512420012596	8.945	0.747	3.888
1512420012603	8.83	0.756	3.993
1512420012613	8.667	0.794	4.003
1512420012624	8.542	0.871	4.022
1512420012633	8.494	0.938	4.012
1512420012643	8.494	1.024	4.022
1512420012654	8.542	1.158	4.022
1512420012663	8.609	1.302	3.974
1512420012673	8.638	1.417	3.917
1512420012686	8.523	1.455	3.859
1512420012693	8.38	1.379	3.84
1512420012704	8.312	1.235	3.859
1512420012716	8.341	1.12	3.936
1512420012723	8.456	1.024	4.003
1512420012733	8.648	0.986	4.127
1512420012746	8.83	0.919	4.348
1512420012753	8.964	0.852	4.625
1512420012763	9.031	0.823	4.807
1512420012776	9.002	0.881	4.865
1512420012783	8.916	1.034	4.913
1512420012793	8.878	1.053	4.893
1512420012806	8.81	1.034	4.778
1512420012844	8.734	1.005	4.683
1512420012846	8.734	1.043	4.558
1512420012850	8.82	1.197	4.319
1512420012854	8.916	1.417	4.357
1512420012859	9.04	1.676	4.28
1512420012863	9.088	1.886	4.194
1512420012873	9.059	2.097	4.051
1512420012883	9.002	2.231	3.955
1512420012895	8.906	2.336	3.878
1512420012903	8.82	2.365	3.782
1512420012913	8.743	2.365	3.706
1512420012924	8.676	2.25	3.639
1512420012933	8.629	2.097	3.581
1512420012943	8.59	1.896	3.543
1512420012953	8.6	1.704	3.495
1512420012963	8.561	1.522	3.438
1512420012973	8.475	1.388	3.428
1512420012984	8.418	1.245	3.419
1512420012993	8.504	1.149	3.399
1512420013003	8.715	1.101	3.352
1512420013017	8.868	1.043	3.352
1512420013023	8.916	0.976	3.352
1512420013034	8.945	0.919	3.457
1512420013047	9.002	0.833	3.447
1512420013053	9.04	0.679	3.447
1512420013063	9.098	0.459	3.39
1512420013076	9.318	0.229	3.533
1512420013083	9.318	0.057	3.687
1512420013093	9.395	-0.057	3.773
1512420013106	9.51	-0.086	3.782
1512420013113	9.51	-0.067	3.763
1512420013123	9.5	-0.038	3.715
1512420013137	9.471	-0.067	3.677
1512420013143	9.471	-0.057	3.629
1512420013153	9.749	0.114	3.581
1512420013166	10.094	0.603	3.658
1512420013173	10.4	0.507	3.61
1512420013183	10.726	1.034	3.313
1512420013196	11.023	1.465	3.102
1512420013203	11.281	1.465	3.208
1512420013213	11.329	1.292	3.466
1512420013227	11.291	1.024	3.687
1512420013233	11.31	0.871	3.955
1512420013263	11.358	0.9	4.099
1512420013271	11.301	0.651	4.156
1512420013275	11.176	0.526	3.974
1512420013276	11.166	0.162	3.754
1512420013289	11.128	-0.172	3.754
1512420013293	10.937	-0.383	3.84
1512420013303	10.841	-0.565	3.83
1512420013316	10.783	-0.756	3.725
1512420013323	10.726	-0.9	3.677
1512420013333	10.707	-1.015	3.61
1512420013349	10.726	-1.053	3.447
1512420013353	10.726	-0.957	3.371
1512420013366	10.506	-0.823	3.361
1512420013376	10.084	-0.689	3.284
1512420013383	9.644	-0.718	3.17
1512420013393	9.165	-0.67	3.007
1512420013404	8.648	-0.603	2.892
1512420013413	8.236	-0.593	2.777
1512420013423	7.891	-0.574	2.681
1512420013434	7.652	-0.651	2.566
1512420013443	7.393	-0.727	2.451
1512420013453	7.125	-0.9	2.241
1512420013467	6.866	-1.101	2.212
1512420013473	6.646	-1.283	2.413
1512420013483	6.541	-1.446	2.528
1512420013497	6.445	-1.618	2.547
1512420013503	6.32	-1.838	2.547
1512420013513	6.205	-2.059	2.461
1512420013527	6.196	-2.355	2.269
1512420013533	6.177	-2.633	2.164
1512420013543	6.273	-2.662	2.221
1512420013557	6.646	-2.499	2.106
1512420013563	7.259	-2.231	1.877
1512420013573	7.776	-1.934	1.637
1512420013587	7.939	-1.762	1.446
1512420013593	7.652	-1.838	1.407
1512420013603	7.326	-2.116	1.551
1512420013617	7.23	-2.451	1.81
1512420013623	7.393	-2.767	2.154
1512420013633	7.709	-2.997	2.528
1512420013647	8.083	-3.179	2.968
1512420013653	8.485	-3.122	3.38
1512420013663	8.954	-2.911	3.543
1512420013694	9.385	-2.652	3.591
1512420013697	9.73	-2.413	3.543
1512420013704	9.874	-2.126	3.543
1512420013706	9.864	-1.829	3.543
1512420013724	9.749	-1.522	3.61
1512420013725	9.692	-1.216	3.725
1512420013737	9.711	-0.9	3.926
1512420013743	9.931	-0.536	3.926
1512420013753	10.161	-0.143	3.955
1512420013765	10.218	0.258	3.821
1512420013773	10.075	0.478	3.821
1512420013783	9.893	0.526	3.84
1512420013796	9.692	0.45	4.089
1512420013803	9.596	0.344	4.079
1512420013813	9.356	0.335	4.185
1512420013824	8.801	0.363	4.453
1512420013833	7.91	0.296	4.453
1512420013857	7.269	-0.268	5.43
1512420013863	7.326	-0.498	5.43
1512420013873	9.012	-0.593	5.344
1512420013887	12.373	-0.689	4.884
1512420013893	12.383	-0.804	4.434
1512420013903	12.651	-0.881	4.338
1512420013917	10.391	-0.804	4.434
1512420013923	9.318	-0.785	4.692
1512420013933	8.504	-0.814	4.932
1512420013948	8.083	-0.861	5.047
1512420013953	7.929	-0.909	5.085
1512420013963	8.226	-0.938	5.162
1512420013977	8.868	-0.9	5.123
1512420013983	9.605	-0.785	5.028
1512420013993	10.151	-0.603	4.913
1512420014008	10.362	-0.488	4.836
1512420014013	10.19	-0.478	4.807
1512420014023	9.797	-0.526	4.807
1512420014038	9.376	-0.756	4.836
1512420014043	9.069	-0.785	4.893
1512420014053	8.964	-0.909	4.989
1512420014068	8.925	-1.005	5.056
1512420014073	8.906	-0.948	5.133
1512420014083	8.801	-0.651	4.999
1512420014098	8.552	-0.354	4.817
1512420014103	8.255	-0.325	4.587
1512420014135	8.035	-0.565	4.443
1512420014140	7.92	-0.9	4.29
1512420014143	7.996	-1.158	4.261
1512420014152	8.198	-1.283	4.223
1512420014154	8.408	-1.321	4.223
1512420014163	8.514	-1.283	4.185
1512420014176	8.466	-1.225	4.099
1512420014188	8.351	-1.206	4.051
1512420014193	8.284	-1.264	4.07
1512420014203	8.303	-1.302	4.137
1512420014215	8.389	-1.302	4.194
1512420014223	8.485	-1.254	4.29
1512420014234	8.494	-1.216	4.261
1512420014245	8.36	-1.245	4.271
1512420014253	8.188	-1.312	4.242
1512420014263	8.102	-1.417	4.252
1512420014283	8.092	-1.513	4.309
1512420014284	8.092	-1.541	4.405
1512420014293	8.063	-1.465	4.424
1512420014306	8.016	-1.35	4.386
1512420014313	8.025	-1.254	4.357
1512420014323	8.083	-1.197	4.367
1512420014341	8.198	-1.206	4.367
1512420014343	8.293	-1.177	4.415
1512420014354	8.332	-1.12	4.453
1512420014368	8.332	-1.053	4.462
1512420014373	8.351	-1.015	4.491
1512420014385	8.427	-1.005	4.568
1512420014398	8.533	-0.967	4.664
1512420014413	8.849	-0.708	4.893
1512420014429	9.021	-0.498	4.96
1512420014434	9.146	-0.277	4.865
1512420014443	9.203	-0.076	4.798
1512420014458	9.184	0.067	4.826
1512420014463	9.174	0.153	4.865
1512420014474	9.146	0.239	4.913
1512420014488	9.088	0.287	4.616
1512420014493	8.945	0.201	4.673
1512420014503	8.772	-0.028	4.711
1512420014519	8.609	-0.296	4.711
1512420014524	8.523	-0.574	4.75
1512420014534	8.447	-0.756	4.798
1512420014548	8.427	-0.881	4.836
1512420014580	8.466	-0.909	4.932
1512420014582	8.514	-0.871	4.922
1512420014589	8.475	-0.794	4.846
1512420014597	8.36	-0.584	4.597
1512420014608	8.341	-0.555	4.558
1512420014613	8.408	-0.565	4.539
1512420014623	8.466	-0.603	4.472
1512420014638	8.447	-0.641	4.472
1512420014649	8.351	-0.747	4.635
1512420014654	8.255	-0.852	4.625
1512420014667	8.312	-0.948	4.855
1512420014673	8.542	-0.919	4.759
1512420014683	8.801	-0.842	4.683
1512420014697	8.964	-0.775	4.587
1512420014703	9.04	-0.747	4.539
1512420014713	9.05	-0.823	4.568
1512420014727	9.241	-0.9	4.654
1512420014734	9.328	-0.842	4.673
1512420014743	9.433	-0.727	4.606
1512420014755	9.586	-0.584	4.491
1512420014763	9.826	-0.536	4.415
1512420014774	10.094	-0.469	4.357
1512420014787	10.247	-0.335	4.127
1512420014793	10.266	-0.459	3.926
1512420014803	10.228	-0.622	3.744
1512420014831	10.257	-0.996	3.715
1512420014831	10.4	-1.082	3.687
1512420014836	10.534	-1.312	3.62
1512420014846	10.486	-1.503	3.658
1512420014853	10.247	-1.647	3.648
1512420014863	10.046	-1.925	3.715
1512420014877	9.912	-2.221	3.83
1512420014883	9.998	-2.47	3.936
1512420014893	10.209	-2.624	4.012
1512420014908	10.41	-2.566	4.022
1512420014913	10.305	-2.355	4.079
1512420014923	10.151	-2.001	3.974
1512420014939	9.874	-1.561	3.725
1512420014943	9.385	-1.149	3.419
1512420014954	8.801	-0.852	3.016
1512420014969	8.427	-0.66	2.624
1512420014973	8.207	-0.574	2.317
1512420014984	8.217	-0.593	2.068
1512420015014	8.37	-0.517	2.126
1512420015016	8.676	-0.622	2.786
1512420015018	8.083	-1.283	2.174
1512420015026	7.307	-2.174	2.164
1512420015046	7.441	-3.591	2.7
1512420015058	7.431	-4.118	2.758
1512420015063	7.058	-4.673	2.796
1512420015073	6.704	-5.133	2.949
1512420015086	6.627	-5.573	3.17
1512420015093	6.675	-6.033	3.438
1512420015103	6.876	-6.579	3.83
1512420015116	7.182	-6.79	4.156
1512420015123	7.498	-6.656	4.424
1512420015133	7.747	-6.311	4.434
1512420015147	7.949	-5.822	4.146
1512420015153	7.987	-5.324	3.83
1512420015163	7.92	-4.836	3.629
1512420015177	7.987	-4.395	3.62
1512420015187	8.475	-3.955	3.514
1512420015193	9.529	-3.466	3.265
1512420015206	10.544	-2.834	2.882
1512420015213	10.889	-1.992	2.384
1512420015223	10.506	-1.12	1.8
1512420015237	9.807	-0.411	1.273
1512420015243	8.945	0.038	0.852
1512420015253	8.102	0.21	0.622
1512420015267	7.661	0.181	0.641
1512420015274	7.786	0.038	0.986
1512420015283	8.341	-0.21	1.331
1512420015297	9.098	-0.574	1.608
1512420015303	9.663	-1.12	1.838
1512420015313	9.854	-1.723	2.135
1512420015327	9.778	-2.231	2.595
1512420015368	9.548	-2.624	3.179
1512420015370	9.261	-2.853	3.802
1512420015371	9.002	-2.988	4.367
1512420015375	8.743	-3.179	5.028
1512420015383	8.466	-3.419	4.999
1512420015393	8.389	-3.677	4.846
1512420015403	8.81	-3.792	5.018
1512420015413	9.692	-3.524	5.162
1512420015423	10.659	-2.834	5.162
1512420015433	11.186	-1.905	5.104
1512420015463	11.147	-0.919	4.683
1512420015470	10.601	0.0	4.453
1512420015474	9.107	0.737	4.242
1512420015477	8.437	1.359	3.936
1512420015491	8.006	1.771	3.553
1512420015496	7.814	2.03	3.505
1512420015509	7.901	2.25	3.629
1512420015513	8.6	2.413	3.715
1512420015524	9.452	2.423	3.897
1512420015534	10.123	2.298	4.185
1512420015543	10.448	2.097	4.357
1512420015572	10.343	1.752	4.52
1512420015574	9.835	0.928	4.654
1512420015575	9.174	0.727	4.788
1512420015583	8.839	0.344	4.989
1512420015748	8.686	0.249	5.095
1512420015801	8.696	0.076	5.152
1512420015802	8.734	0.038	5.171
1512420015803	8.705	0.009	5.056
1512420015803	8.686	-0.057	4.922
1512420015804	8.772	-0.143	4.807
1512420015804	8.935	-0.306	4.798
1512420015805	9.127	-0.507	4.817
1512420015806	9.241	-0.756	4.865
1512420015806	9.299	-0.967	4.999
1512420015807	9.328	-1.149	5.19
1512420015807	9.155	-1.168	5.238
1512420015808	9.289	-0.526	4.788
1512420015809	8.868	0.43	4.127
1512420015813	8.82	0.478	3.878
1512420015823	8.887	0.612	3.677
1512420015833	8.992	0.766	3.562
1512420015843	8.964	0.823	3.476
1512420015853	8.839	0.689	3.457
1512420015863	8.763	0.459	3.533
1512420015873	8.724	0.239	3.648
1512420015884	8.619	0.086	3.782
1512420015893	8.341	-0.009	3.859
1512420015903	7.92	-0.086	3.964
1512420015913	7.546	-0.239	4.108
1512420015923	7.403	-0.488	4.261
1512420015933	7.546	-0.756	4.52
1512420015943	7.872	-1.024	4.731
1512420015962	8.169	-1.12	4.874
1512420015964	8.37	-0.976	5.018
1512420015979	8.418	-0.67	5.008
1512420015986	8.332	-0.296	5.018
1512420015993	8.332	0.0	4.941
1512420016005	8.399	0.22	4.846
1512420016013	8.514	0.392	4.74
1512420016023	8.629	0.574	4.635
1512420016036	8.724	0.67	4.539
1512420016043	8.763	0.747	4.453
1512420016053	8.782	0.794	4.424
1512420016064	8.743	0.842	4.367
1512420016073	8.657	0.842	4.357
1512420016083	8.6	0.766	4.386
1512420016093	8.619	0.66	4.482
1512420016103	8.753	0.574	4.616
1512420016121	8.858	0.517	4.759
1512420016126	8.839	0.488	4.846
1512420016133	8.715	0.44	4.941
1512420016143	8.609	0.392	4.98
1512420016153	8.59	0.411	5.028
1512420016163	8.648	0.498	5.219
1512420016173	8.676	0.603	4.941
1512420016183	8.715	0.622	5.075
1512420016193	8.791	0.536	5.075
1512420016203	8.897	0.478	5.104
1512420016215	9.079	0.44	5.075
1512420016223	9.184	0.383	5.018
1512420016233	9.136	0.344	4.941
1512420016243	8.992	0.239	4.913
1512420016253	9.146	0.095	4.846
1512420016263	9.529	-0.095	4.846
1512420016273	9.854	-0.258	4.96
1512420016283	10.046	-0.488	5.047
1512420016295	10.151	-0.756	5.075
1512420016303	10.285	-1.35	5.095
1512420016313	10.4	-1.312	5.114
1512420016323	10.295	-1.618	5.142
1512420016335	9.988	-2.317	5.142
1512420016344	9.644	-2.624	5.114
1512420016353	9.423	-2.719	5.085
1512420016366	9.376	-2.576	4.98
1512420016373	9.462	-2.327	4.846
1512420016406	9.529	-2.049	4.644
1512420016408	9.5	-1.781	4.434
1512420016415	9.347	-1.561	4.194
1512420016417	9.098	-1.407	4.031
1512420016426	8.935	-1.321	3.811
1512420016433	8.801	-1.283	3.639
1512420016443	8.686	-1.283	3.581
1512420016457	8.686	-1.369	3.601
1512420016463	8.753	-1.541	3.648
1512420016473	8.82	-1.714	3.773
1512420016486	8.772	-1.905	3.802
1512420016493	8.6	-2.059	3.917
1512420016503	8.217	-2.135	3.926
1512420016513	7.728	-2.116	3.878
1512420016523	7.249	-2.078	3.878
1512420016533	6.809	-1.896	3.763
1512420016544	6.483	-1.656	3.687
1512420016553	6.234	-1.398	3.581
1512420016563	6.043	-1.149	3.361
1512420016579	5.909	-0.948	3.102
1512420016583	5.918	-0.823	2.863
1512420016593	6.043	-0.775	2.614
1512420016607	6.368	-0.785	2.499
1512420016613	6.761	-0.9	2.48
1512420016623	7.134	-1.053	2.461
1512420016637	7.364	-1.197	2.451
1512420016643	7.46	-1.321	2.48
1512420016653	7.604	-1.407	2.537
1512420016667	7.881	-1.474	2.604
1512420016673	8.312	-1.494	2.662
1512420016683	8.667	-1.484	2.729
1512420016697	8.772	-1.522	2.873
1512420016703	8.571	-1.608	3.016
1512420016713	8.178	-1.695	3.217
1512420016727	7.728	-1.771	3.447
1512420016733	7.441	-1.819	3.61
1512420016743	7.403	-1.79	3.763
1512420016757	7.575	-1.752	3.917
1512420016763	7.996	-1.656	4.06
1512420016773	8.552	-1.589	4.233
1512420016788	9.098	-1.551	4.539
1512420016793	9.538	-1.513	4.539
1512420016803	9.912	-1.494	4.654
1512420016834	10.659	-1.541	4.884
1512420016846	10.64	-1.561	4.884
1512420016848	10.621	-1.484	5.075
1512420016859	10.113	-1.091	5.324
1512420016865	10.113	-0.909	5.344
1512420016877	10.333	-0.727	5.296
1512420016883	10.573	-0.603	5.229
1512420016901	10.726	-0.584	5.104
1512420016909	10.841	-0.603	4.98
1512420016923	10.822	-0.593	4.874
1512420016938	10.554	-0.526	4.759
1512420016943	10.554	-0.459	4.759
1512420016953	10.266	-0.392	4.683
1512420016968	9.385	-0.335	4.635
1512420016983	8.916	-0.392	4.683
1512420016994	8.456	-0.459	4.731
1512420017003	8.475	-0.517	4.711
1512420017013	8.437	-0.526	4.664
1512420017025	8.341	-0.488	4.644
1512420017033	8.188	-0.45	4.568
1512420017043	8.303	-0.363	4.52
1512420017058	8.102	-0.287	4.415
1512420017063	7.901	-0.162	4.223
1512420017073	7.728	-0.009	4.041
1512420017088	7.546	0.344	3.84
1512420017093	7.259	0.545	3.62
1512420017103	7.058	0.708	3.466
1512420017117	6.972	0.67	3.38
1512420017123	7.202	0.478	3.352
1512420017133	7.728	0.363	3.294
1512420017147	8.408	0.296	3.294
1512420017153	9.002	0.258	3.294
1512420017163	9.385	0.239	3.371
1512420017177	9.567	0.229	3.514
1512420017183	9.529	0.229	3.715
1512420017194	9.318	0.239	3.964
1512420017207	9.069	0.258	4.223
1512420017213	8.858	0.229	4.434
1512420017223	8.743	0.172	4.577
1512420017238	8.791	0.181	4.558
1512420017243	8.983	0.268	4.568
1512420017253	9.261	0.392	4.539
1512420017268	9.51	0.565	4.501
1512420017297	9.548	0.747	4.482
1512420017299	9.385	0.881	4.482
1512420017303	9.146	0.909	4.577
1512420017306	8.897	0.842	4.75
1512420017313	8.964	0.804	4.731
1512420017328	9.165	0.9	4.692
1512420017333	9.289	0.909	4.597
1512420017343	9.213	0.938	4.462
1512420017355	9.012	0.928	4.309
1512420017363	8.743	0.871	4.204
1512420017373	8.504	0.861	4.118
1512420017385	8.399	0.861	4.06
1512420017393	8.38	0.861	3.907
1512420017403	8.389	0.842	3.754
1512420017418	8.418	0.833	3.648
1512420017423	8.475	0.861	3.514
1512420017433	8.571	0.9	3.399
1512420017448	8.676	1.015	3.323
1512420017453	8.782	1.12	3.294
1512420017463	8.849	1.197	3.275
1512420017478	8.839	1.235	3.294
1512420017483	8.772	1.139	3.399
1512420017494	8.782	1.005	3.639
1512420017508	8.935	0.9	3.754
1512420017513	8.992	0.775	3.888
1512420017523	9.021	0.622	4.041
1512420017538	9.107	0.603	4.185
1512420017543	9.261	0.718	4.233
1512420017553	9.404	0.948	4.194
1512420017568	9.538	1.177	4.137
1512420017573	9.538	1.369	4.051
1512420017583	9.5	1.426	3.984
1512420017600	9.5	1.455	3.907
1512420017603	9.557	1.388	3.936
1512420017614	9.605	1.312	3.974
1512420017623	9.5	1.177	4.022
1512420017633	9.299	1.053	4.099
1512420017643	9.021	0.928	4.185
1512420017658	8.782	0.852	4.357
1512420017663	8.619	0.842	4.357
1512420017673	8.561	0.852	4.348
1512420017688	8.686	0.861	4.252
1512420017693	8.935	0.842	4.252
1512420017724	9.165	0.794	4.031
1512420017736	9.299	0.708	4.099
1512420017739	9.443	0.67	4.051
1512420017742	9.577	0.708	3.974
1512420017748	9.663	0.833	4.022
1512420017756	9.548	0.976	4.099
1512420017766	9.261	1.091	4.137
1512420017777	8.389	1.168	4.156
1512420017785	8.332	1.206	4.156
1512420017795	8.245	1.216	4.06
1512420017809	8.38	1.225	3.984
1512420017813	8.542	1.216	3.945
1512420017823	8.791	1.206	4.031
1512420017836	8.916	1.197	4.223
1512420017843	9.088	1.245	4.491
1512420017853	9.261	1.379	4.798
1512420017865	9.376	1.082	4.989
1512420017873	9.471	1.206	4.98
1512420017883	9.672	1.149	4.817
1512420017898	9.95	0.928	4.597
1512420017903	10.314	0.833	4.348
1512420017913	10.63	0.565	4.127
1512420017928	10.793	0.287	3.955
1512420017933	10.764	-0.009	3.917
1512420017943	10.515	-0.296	3.907
1512420017958	10.228	-0.507	3.984
1512420017963	9.998	-0.651	4.041
1512420017974	9.893	-0.727	4.051
1512420017989	9.739	-0.727	3.821
1512420017993	9.615	-0.871	3.39
1512420018004	9.653	-1.254	3.093
1512420018019	9.807	-1.561	2.978
1512420018023	9.854	-1.752	2.853
1512420018033	9.778	-1.819	2.901
1512420018048	9.701	-1.81	2.901
1512420018053	9.787	-2.001	2.844
1512420018063	9.96	-2.355	2.834
1512420018078	10.017	-2.643	3.007
1512420018083	9.912	-2.71	3.304
1512420018093	9.672	-2.576	3.706
1512420018109	9.404	-2.346	4.079
1512420018113	9.241	-2.097	4.319
1512420018124	9.146	-1.857	4.453
1512420018157	8.992	-1.618	4.434
1512420018164	8.743	-1.331	4.357
1512420018168	8.255	-1.101	4.233
1512420018173	7.69	-0.996	3.974
1512420018176	7.163	-0.976	3.61
1512420018186	6.665	-0.976	3.189
1512420018198	6.234	-0.996	2.643
1512420018203	5.985	-1.043	2.174
1512420018213	5.956	-1.091	1.762
1512420018231	6.081	-1.101	1.398
1512420018233	6.234	-1.11	1.197
1512420018243	6.32	-1.168	1.12
1512420018257	6.34	-1.264	1.197
1512420018263	6.34	-1.34	1.35
1512420018273	6.359	-1.407	1.513
1512420018289	6.493	-1.494	1.676
1512420018298	6.799	-1.551	1.867
1512420018303	7.355	-1.618	2.001
1512420018316	8.035	-1.656	2.068
1512420018323	8.696	-1.733	2.126
1512420018333	9.146	-1.886	2.298
1512420018345	9.261	-2.02	2.499
1512420018359	9.127	-2.154	2.758
1512420018365	8.925	-2.193	3.035
1512420018374	8.849	-2.106	3.265
1512420018383	9.012	-1.963	3.495
1512420018393	9.289	-1.752	3.706
1512420018406	9.452	-1.513	3.878
1512420018413	9.395	-1.321	3.993
1512420018423	9.136	-1.168	4.079
1512420018440	8.801	-1.024	4.146
1512420018443	8.609	-0.89	4.146
1512420018454	8.648	-0.727	4.3
1512420018464	8.83	-0.536	4.156
1512420018473	9.28	-0.392	4.166
1512420018487	10.735	-0.306	4.137
1512420018494	10.735	-0.306	4.175
1512420018503	11.233	-0.296	4.28
1512420018514	11.281	-0.249	4.434
1512420018528	10.956	-0.201	4.616
1512420018533	10.64	-0.134	4.702
1512420018543	11.368	-0.134	4.759
1512420018557	12.048	-0.162	4.817
1512420018581	12.555	-0.114	4.673
1512420018586	12.498	0.047	4.884
1512420018590	11.626	0.287	5.075
1512420018604	10.534	0.498	5.219
1512420018605	9.586	0.699	5.401
1512420018617	8.763	0.804	5.573
1512420018629	8.13	0.804	5.64
1512420018645	7.69	0.622	5.602
1512420018649	7.47	0.909	5.468
1512420018654	7.489	0.775	5.401
1512420018666	7.671	0.861	5.372
1512420018679	7.862	0.928	5.267
1512420018683	7.939	0.967	4.999
1512420018694	7.853	0.967	4.721
1512420018708	7.862	1.024	4.386
1512420018713	7.987	1.12	4.156
1512420018726	8.073	1.187	3.964
1512420018737	8.178	1.254	3.782
1512420018743	8.207	1.292	3.715
1512420018754	8.226	1.283	3.715
1512420018767	8.198	1.273	3.754
1512420018773	8.236	1.245	3.773
1512420018783	8.274	1.283	3.917
1512420018794	8.36	1.321	4.031
1512420018803	8.475	1.407	4.041
1512420018813	8.485	1.503	3.974
1512420018830	8.389	1.58	3.907
1512420018833	8.293	1.628	3.792
1512420018845	8.274	1.637	3.591
1512420018855	8.198	1.541	3.438
1512420018863	7.996	1.426	3.438
1512420018873	7.891	1.35	3.61
1512420018887	7.968	1.388	3.85
1512420018893	8.207	1.589	4.051
1512420018903	8.427	1.781	4.137
1512420018919	8.466	1.829	4.146
1512420018923	8.418	1.704	4.108
1512420018933	8.36	1.455	4.079
1512420018948	8.38	1.187	4.07
1512420018953	8.475	1.005	4.156
1512420018963	8.609	0.948	4.242
1512420018977	8.753	0.957	4.395
1512420018983	8.878	1.043	4.52
1512420019001	8.983	1.168	4.577
1512420019006	9.031	1.235	4.625
1512420019017	9.088	1.312	4.577
1512420019024	9.203	1.292	4.491
1512420019035	9.308	1.206	4.357
1512420019043	9.356	1.091	4.261
1512420019054	9.328	0.909	4.175
1512420019068	9.251	0.67	4.146
1512420019073	9.194	0.459	4.194
1512420019085	9.251	0.287	4.29
1512420019093	9.395	0.201	4.415
1512420019105	9.529	0.239	4.558
1512420019113	9.567	0.344	4.597
1512420019123	9.423	0.507	4.462
1512420019133	9.213	0.727	4.309
1512420019143	9.069	0.948	4.194
1512420019154	8.992	1.187	4.137
1512420019163	8.878	1.331	4.118
1512420019173	8.743	1.35	4.127
1512420019183	8.561	1.321	4.099
1512420019193	8.466	1.197	4.099
1512420019204	8.504	1.158	4.118
1512420019213	8.696	1.187	4.175
1512420019223	8.849	1.264	4.185
1512420019233	8.925	1.35	4.166
1512420019243	8.964	1.417	4.194
1512420019253	8.954	1.417	4.424
1512420019263	8.878	1.369	4.261
1512420019273	8.705	1.312	4.051
1512420019284	8.437	1.206	3.84
1512420019296	8.198	1.216	3.687
1512420019303	8.198	1.216	3.562
1512420019316	8.389	1.235	3.419
1512420019328	8.514	1.235	3.304
1512420019335	8.782	1.206	3.217
1512420019343	8.945	1.206	3.227
1512420019356	9.05	1.177	3.265
1512420019363	9.021	1.158	3.352
1512420019374	8.973	1.13	3.466
1512420019385	8.954	1.053	3.553
1512420019393	8.839	0.794	3.62
1512420019403	8.753	0.641	3.677
1512420019415	8.82	0.507	3.658
1512420019447	8.906	0.373	3.696
1512420019449	9.021	0.249	3.687
1512420019455	9.088	0.143	3.725
1512420019458	9.136	0.124	3.763
1512420019480	9.107	0.134	3.773
1512420019483	9.059	0.172	3.725
1512420019486	9.021	0.229	3.677
1512420019493	9.098	0.268	3.572
1512420019505	9.318	0.258	3.476
1512420019513	9.548	0.229	3.419
1512420019523	9.787	0.239	3.38
1512420019534	10.075	0.258	3.399
1512420019543	10.324	0.373	3.495
1512420019553	10.486	0.488	3.706
1512420019564	10.573	0.584	3.974
1512420019573	10.678	0.632	4.146
1512420019583	10.764	0.584	4.319
1512420019595	10.793	0.402	4.386
1512420019603	10.803	0.181	4.415
1512420019613	10.86	-0.057	4.462
1512420019623	10.917	-0.258	4.52
1512420019633	11.023	-0.363	4.558
1512420019643	11.013	-0.421	4.625
1512420019653	10.975	-0.507	4.654
1512420019663	10.956	-0.641	4.616
1512420019673	10.879	-0.804	4.625
1512420019686	10.764	-0.986	4.568
1512420019693	10.716	-1.101	4.529
1512420019703	10.64	-1.177	4.491
1512420019716	10.544	-1.177	4.386
1512420019723	10.419	-1.187	4.28
1512420019734	10.419	-1.139	4.185
1512420019746	10.477	-1.12	4.051
1512420019753	10.429	-1.043	3.964
1512420019763	10.228	-0.986	3.84
1512420019776	9.845	-0.919	3.715
1512420019783	9.395	-0.861	3.524
1512420019793	8.868	-0.833	3.275
1512420019807	8.341	-0.794	3.007
1512420019813	7.891	-0.794	2.758
1512420019823	7.546	-0.804	2.576
1512420019836	7.316	-0.823	2.365
1512420019843	6.962	-0.852	2.288
1512420019874	6.656	-0.871	2.126
1512420019879	6.445	-0.9	2.135
1512420019884	6.33	-0.871	2.183
1512420019888	6.273	-0.89	2.355
1512420019897	6.292	-0.89	2.461
1512420019905	6.407	-0.89	2.566
1512420019914	6.493	-0.881	2.604
1512420019926	6.569	-0.852	2.624
1512420019933	6.675	-0.814	2.547
1512420019943	6.704	-0.823	2.403
1512420019954	6.589	-0.9	2.231
1512420019963	6.474	-1.034	2.164
1512420019973	6.397	-1.197	2.193
1512420019983	6.464	-1.359	2.432
1512420019993	6.636	-1.474	2.566
1512420020003	7.039	-1.532	2.691
1512420020013	7.613	-1.589	2.815
1512420020023	8.169	-1.637	2.997
1512420020033	8.542	-1.752	3.17
1512420020044	8.504	-1.896	3.419
1512420020053	8.638	-2.087	3.687
1512420020063	8.581	-2.202	3.878
1512420020076	8.743	-2.26	4.031
1512420020083	8.849	-2.183	4.204
1512420020093	9.002	-2.068	4.338
1512420020106	9.059	-1.867	4.434
1512420020113	8.925	-1.647	4.472
1512420020124	8.648	-1.273	4.529
1512420020137	8.332	-1.091	4.625
1512420020143	8.245	-0.766	4.711
1512420020153	8.533	-0.737	4.855
1512420020167	9.098	-0.536	5.142
1512420020173	9.72	-0.344	5.315
1512420020184	10.17	-0.172	5.468
1512420020197	10.314	0.0	5.564
1512420020203	10.247	0.22	5.526
1512420020213	10.036	0.373	5.439
1512420020228	9.577	0.478	5.315
1512420020233	9.194	0.536	5.229
1512420020243	9.203	0.526	5.229
1512420020254	9.845	0.43	5.142
1512420020263	10.87	0.277	5.056
1512420020273	11.808	0.143	4.999
1512420020295	12.23	0.057	4.98
1512420020296	11.971	0.114	5.047
1512420020315	11.214	0.239	5.114
1512420020328	10.324	0.325	5.152
1512420020329	9.5	0.316	5.171
1512420020347	8.992	0.249	5.248
1512420020348	8.657	0.124	5.305
1512420020360	8.514	0.047	5.353
1512420020372	8.399	-0.009	5.401
1512420020381	7.805	-0.038	5.42
1512420020398	7.527	-0.201	5.353
1512420020407	7.47	-0.277	5.229
1512420020413	7.642	-0.258	5.104
1512420020423	7.872	-0.143	4.884
1512420020436	8.073	0.028	4.597
1512420020443	8.178	0.153	4.367
1512420020453	8.14	0.229	4.175
1512420020465	8.006	0.268	4.003
1512420020473	7.824	0.277	3.85
1512420020483	7.652	0.277	3.782
1512420020494	7.594	0.325	3.696
1512420020503	7.652	0.363	3.687
1512420020515	7.747	0.392	3.591
1512420020526	7.901	0.402	3.696
1512420020533	8.063	0.43	3.658
1512420020543	8.236	0.421	3.706
1512420020554	8.399	0.383	3.821
1512420020563	8.59	0.325	3.811
1512420020573	8.782	0.239	3.878
1512420020584	9.05	0.114	3.917
1512420020593	9.328	0.0	3.936
1512420020605	9.49	-0.095	4.07
1512420020615	9.548	-0.143	4.194
1512420020623	9.548	-0.191	4.357
1512420020633	9.471	-0.181	4.529
1512420020645	9.366	-0.153	4.654
1512420020653	9.203	-0.095	4.769
1512420020663	9.098	-0.028	4.846
1512420020674	9.012	0.114	4.874
1512420020683	8.906	0.21	4.913
1512420020693	8.83	0.335	4.941
1512420020704	8.734	0.43	4.922
1512420020713	8.6	0.526	4.922
1512420020740	8.533	0.622	4.893
1512420020742	8.571	0.737	4.903
1512420020743	8.715	0.852	4.865
1512420020757	8.858	0.967	4.846
1512420020770	8.954	1.053	4.836
1512420020773	8.954	1.072	4.865
1512420020783	8.897	1.005	4.817
1512420020795	8.763	0.957	4.673
1512420020803	8.763	0.948	4.491
1512420020813	8.724	1.024	4.252
1512420020825	8.686	1.101	4.118
1512420020833	8.686	1.158	3.945
1512420020843	8.849	1.197	3.926
1512420020855	9.031	1.139	4.012
1512420020863	9.184	1.091	4.079
1512420020873	9.203	1.043	4.089
1512420020886	8.954	0.823	4.079
1512420020893	8.542	0.814	4.031
1512420020903	8.169	0.584	4.07
1512420020914	8.092	-0.009	4.06
1512420020923	8.198	-0.191	4.146
1512420020933	8.399	-0.392	4.242
1512420020945	8.619	-0.363	4.434
1512420020953	8.763	-0.421	4.683
1512420020963	8.897	-0.411	4.97
1512420020974	8.983	-0.373	5.229
1512420020983	8.935	-0.296	5.315
1512420020993	8.81	-0.239	5.229
1512420021005	8.657	-0.114	5.028
1512420021013	8.504	0.0	4.778
1512420021023	8.475	0.181	4.606
1512420021035	8.485	0.392	4.51
1512420021043	8.447	0.555	4.434
1512420021053	8.408	0.718	4.376
1512420021064	8.418	0.814	4.386
1512420021073	8.456	0.842	4.376
1512420021083	8.494	0.833	4.405
1512420021098	8.552	0.794	4.405
1512420021103	8.571	0.775	4.472
1512420021113	8.571	0.794	4.558
1512420021128	8.504	0.794	4.635
1512420021133	8.447	0.775	4.683
1512420021143	8.36	0.766	4.74
1512420021175	8.322	0.718	4.731
1512420021179	8.284	0.679	4.692
1512420021185	8.284	0.66	4.644
1512420021187	8.284	0.66	4.52
1512420021206	8.274	0.67	4.434
1512420021207	8.236	0.67	4.328
1512420021218	8.255	0.66	4.271
1512420021232	8.293	0.66	4.261
1512420021234	8.351	0.689	4.309
1512420021247	8.427	0.708	4.338
1512420021253	8.447	0.708	4.367
1512420021263	8.504	0.689	4.367
1512420021275	8.552	0.622	4.386
1512420021283	8.523	0.593	4.367
1512420021293	8.475	0.545	4.376
1512420021305	8.504	0.507	4.462
1512420021313	8.6	0.498	4.587
1512420021323	8.705	0.555	4.759
1512420021336	8.801	0.593	4.865
1512420021369	8.81	0.612	4.903
1512420021370	8.82	0.612	4.903
1512420021371	8.801	0.679	5.028
1512420021375	8.83	0.842	5.114
1512420021383	8.878	1.072	5.152
1512420021396	8.954	1.283	5.142
1512420021403	8.954	1.407	5.133
1512420021413	8.954	1.465	5.047
1512420021437	8.945	1.455	4.865
1512420021437	8.868	1.379	4.778
1512420021443	8.743	1.264	4.683
1512420021455	8.734	1.082	4.577
1512420021463	8.935	0.9	4.539
1512420021473	9.414	0.718	4.51
1512420021487	10.458	0.45	4.52
1512420021493	10.429	0.153	4.52
1512420021503	10.63	-0.201	4.616
1512420021515	10.668	-0.603	4.846
1512420021524	10.774	-0.986	4.999
1512420021533	11.071	-1.283	4.903
1512420021545	11.415	-1.436	4.75
1512420021553	11.492	-1.503	4.625
1512420021563	10.984	-1.513	4.577
1512420021575	9.586	-1.522	4.558
1512420021901	9.155	-1.455	4.443
1512420021946	8.858	-1.245	4.079
1512420021947	8.858	-1.235	3.85
1512420021948	9.184	-1.522	3.696
1512420021948	9.356	-1.896	3.543
1512420021949	9.395	-2.26	3.533
1512420021950	9.261	-2.557	3.687
1512420021951	9.012	-2.681	3.782
1512420021951	8.724	-2.681	3.792
1512420021952	8.226	-2.461	3.744
1512420021952	7.69	-2.557	3.658
1512420021953	7.221	-2.365	3.572
1512420021954	8.705	-2.212	2.624
1512420021954	8.035	-1.79	2.681
1512420021966	7.786	-1.704	2.796
1512420021973	7.69	-1.704	2.863
1512420021983	7.728	-1.733	2.968
1512420021998	8.016	-1.781	3.131
1512420022003	8.561	-1.695	3.332
1512420022013	9.241	-1.513	3.591
1512420022026	9.988	-1.331	3.773
1512420022033	10.515	-1.206	4.041
1512420022044	10.803	-1.101	4.328
1512420022056	10.841	-1.091	4.673
1512420022063	11.013	-1.225	4.96
1512420022073	11.511	-1.522	5.209
1512420022086	12.134	-1.8	5.43
1512420022093	12.593	-1.925	5.449
1512420022103	12.651	-1.915	5.382
1512420022116	12.526	-1.743	5.401
1512420022123	12.479	-1.379	5.516
1512420022134	12.593	-0.9	5.669
1512420022149	12.641	-0.316	5.947
1512420022153	12.143	0.287	5.928
1512420022165	11.157	0.727	5.937
1512420022179	10.008	0.9	5.439
1512420022183	9.194	0.996	5.526
1512420022194	8.791	1.063	5.363
1512420022209	8.581	1.13	4.941
1512420022213	8.437	1.082	5.066
1512420022224	8.341	0.986	4.836
1512420022239	8.332	0.89	4.721
1512420022243	8.456	0.804	4.625
1512420022272	8.571	0.708	4.338
1512420022277	8.581	0.651	4.348
1512420022280	8.475	0.565	4.309
1512420022287	8.236	0.507	4.156
1512420022293	7.949	0.392	4.041
1512420022303	7.661	0.306	3.907
1512420022313	7.556	0.191	3.782
1512420022336	7.671	0.114	3.735
1512420022337	7.671	0.095	3.725
1512420022345	7.786	0.095	3.677
1512420022358	7.843	0.153	3.601
1512420022363	7.872	0.239	3.524
1512420022373	7.862	0.344	3.514
1512420022388	7.805	0.44	3.562
1512420022393	7.92	0.545	3.696
1512420022403	8.217	0.67	3.802
1512420022417	8.6	0.766	3.955
1512420022423	8.935	0.881	4.07
1512420022434	9.05	0.938	4.166
1512420022446	8.964	0.785	4.28
1512420022453	8.81	0.861	4.376
1512420022464	8.686	0.833	4.52
1512420022481	8.676	0.833	4.654
1512420022483	8.715	0.909	4.721
1512420022494	8.801	1.015	4.836
1512420022509	8.858	1.187	4.922
1512420022513	8.858	1.417	5.008
1512420022526	8.82	1.656	4.913
1512420022539	8.715	1.857	4.913
1512420022543	8.504	2.039	4.836
1512420022554	8.255	2.154	4.702
1512420022571	8.063	2.145	4.635
1512420022574	7.949	2.049	4.501
1512420022585	7.929	1.867	4.453
1512420022599	8.016	1.666	4.415
1512420022603	8.111	1.455	4.357
1512420022615	8.217	1.235	4.405
1512420022629	8.265	1.005	4.376
1512420022633	8.265	0.756	4.367
1512420022645	8.236	0.574	4.462
1512420022661	8.121	0.43	4.597
1512420022663	8.063	0.363	4.683
1512420022675	8.063	0.316	4.702
1512420022707	8.102	0.316	4.664
1512420022719	8.217	0.373	4.673
1512420022723	8.437	0.411	4.635
1512420022725	8.6	0.507	4.529
1512420022726	8.657	0.565	4.415
1512420022733	8.696	0.679	4.252
1512420022743	8.743	0.794	4.079
1512420022755	8.849	0.948	3.897
1512420022765	8.945	1.101	3.735
1512420022773	9.031	1.197	3.62
1512420022783	9.059	1.197	3.639
1512420022794	9.04	1.072	3.763
1512420022807	8.954	0.928	4.051
1512420022813	8.849	0.775	4.357
1512420022823	8.753	0.66	4.558
1512420022833	8.743	0.641	4.721
1512420022843	8.743	0.603	4.855
1512420022854	8.791	0.593	5.037
1512420022863	8.782	0.545	5.152
1512420022873	8.763	0.459	5.238
1512420022885	8.734	0.344	5.229
1512420022893	8.676	0.258	5.181
1512420022903	8.648	0.22	5.066
1512420022915	8.629	0.268	4.941
1512420022923	8.657	0.363	4.75
1512420022933	8.715	0.45	4.597
1512420022945	8.772	0.507	4.434
1512420022953	8.772	0.545	4.309
1512420022963	8.724	0.574	4.233
1512420022976	8.686	0.593	4.146
1512420022983	8.696	0.632	4.089
1512420022993	8.782	0.632	4.051
1512420023005	8.878	0.603	4.012
1512420023013	8.935	0.545	4.012
1512420023023	8.954	0.507	4.041
1512420023035	8.935	0.459	4.204
1512420023043	8.887	0.469	4.357
1512420023053	8.849	0.517	4.395
1512420023065	9.04	0.632	4.453
1512420023073	9.012	0.756	4.491
1512420023083	9.127	0.9	4.482
1512420023095	9.012	0.976	4.462
1512420023103	9.012	1.034	4.415
1512420023144	8.753	1.053	4.367
1512420023148	8.772	1.015	4.328
1512420023152	8.705	0.948	4.309
1512420023156	8.878	0.861	4.328
1512420023157	8.83	0.794	4.386
1512420023172	8.753	0.718	4.491
1512420023177	8.667	0.689	4.568
1512420023187	8.638	0.632	4.587
1512420023193	8.657	0.632	4.597
1512420023203	8.715	0.565	4.549
1512420023213	8.772	0.325	4.52
1512420023223	8.753	0.038	4.453
1512420023233	8.676	0.0	4.415
1512420023244	8.552	-0.249	4.424
1512420023253	8.494	-0.45	4.443
1512420023263	8.475	-0.679	4.462
1512420023283	8.705	-0.89	4.702
1512420023293	8.906	-0.842	4.817
1512420023306	9.05	-0.718	4.932
1512420023313	9.059	-0.612	4.97
1512420023323	9.002	-0.545	4.941
1512420023336	8.945	-0.545	4.855
1512420023343	9.002	-0.593	4.817
1512420023357	9.222	-0.67	4.75
1512420023368	9.557	-0.679	4.692
1512420023373	9.931	-0.67	4.635
1512420023384	10.094	-0.603	4.635
1512420023397	10.046	-0.498	4.654
1512420023403	9.874	-0.45	4.625
1512420023413	9.759	-0.421	4.644
1512420023426	9.893	-0.373	4.673
1512420023433	10.209	-0.354	4.74
1512420023443	10.573	-0.373	4.817
1512420023456	10.831	-0.373	4.865
1512420023463	10.85	-0.469	4.913
1512420023473	10.611	-0.459	4.941
1512420023483	10.161	-0.44	4.711
1512420023493	9.778	-0.794	4.472
1512420023503	9.854	-1.359	4.405
1512420023514	10.151	-1.972	4.415
1512420023523	10.333	-2.442	4.558
1512420023533	10.142	-2.672	4.702
1512420023546	9.634	-2.806	4.635
1512420023588	9.079	-2.94	4.395
1512420023595	8.552	-3.055	4.137
1512420023598	8.006	-3.045	3.936
1512420023600	7.479	-2.911	3.668
1512420023601	6.943	-2.681	3.524
1512420023614	6.483	-2.423	3.352
1512420023617	6.081	-2.212	3.208
1512420023626	5.803	-2.049	2.901
1512420023640	5.506	-1.857	2.547
1512420023643	5.229	-1.695	2.221
1512420023653	4.999	-1.532	1.896
1512420023668	4.874	-1.34	1.714
1512420023673	4.874	-1.158	1.618
1512420023683	5.008	-0.948	1.513
1512420023695	5.286	-0.823	1.474
1512420023703	5.593	-0.775	1.484
1512420023713	5.899	-0.861	1.513
1512420023724	6.225	-1.053	1.771
1512420023733	6.608	-1.35	1.81
1512420023743	7.029	-1.656	2.03
1512420023754	7.546	-1.982	2.547
1512420023763	8.14	-2.269	2.528
1512420023773	8.801	-2.49	2.834
1512420023785	9.471	-2.71	3.419
1512420023793	9.529	-2.806	3.419
1512420023803	9.433	-2.796	3.993
1512420023818	8.935	-2.566	4.166
1512420023823	8.935	-2.566	4.319
1512420023833	8.763	-2.365	4.453
1512420023847	8.81	-2.059	4.539
1512420023853	8.81	-2.059	4.587
1512420023864	9.05	-1.944	4.558
1512420023878	9.701	-1.494	4.51
1512420023883	9.701	-1.494	4.462
1512420023896	10.257	-1.216	4.462
1512420023911	10.688	-0.957	4.453
1512420023913	11.128	-0.689	4.462
1512420023923	11.693	-0.536	4.539
1512420023934	11.913	-0.411	4.702
1512420023943	11.913	-0.44	4.884
1512420023953	11.751	-0.574	5.075
1512420023965	11.492	-0.794	5.324
1512420023973	11.339	-1.024	5.487
1512420024011	11.262	-1.13	5.478
1512420024030	11.128	-0.938	5.43
1512420024031	10.841	-1.024	5.401
1512420024032	10.333	-0.871	5.363
1512420024034	9.73	-0.718	5.372
1512420024037	9.184	-0.545	5.391
1512420024046	8.782	-0.268	5.372
1512420024057	8.456	0.057	5.248
1512420024063	8.198	0.316	5.114
1512420024073	7.91	0.488	4.941
1512420024086	7.642	0.555	4.769
1512420024093	7.451	0.565	4.616
1512420024103	7.374	0.507	4.501
1512420024123	7.46	0.43	4.415
1512420024133	7.623	0.402	4.338
1512420024145	7.824	0.402	4.28
1512420024153	7.968	0.43	4.233
1512420024163	8.054	0.459	4.108
1512420024176	8.083	0.526	4.079
1512420024183	8.121	0.555	3.993
1512420024193	8.14	0.526	4.012
1512420024208	8.13	0.469	4.051
1512420024213	8.188	0.411	4.031
1512420024224	8.284	0.363	4.099
1512420024239	8.38	0.335	4.127
1512420024243	8.485	0.373	4.051
1512420024255	8.581	0.421	4.022
1512420024268	8.715	0.421	4.06
1512420024273	8.878	0.392	4.108
1512420024286	9.04	0.383	4.156
1512420024299	9.127	0.43	4.261
1512420024303	8.992	0.459	4.348
1512420024316	8.782	0.459	4.453
1512420024329	8.629	0.45	4.577
1512420024343	8.485	0.488	4.664
1512420024373	8.303	0.469	4.884
1512420024374	8.284	0.469	5.028
1512420024375	8.303	0.469	5.133
1512420024386	8.293	0.545	5.181
1512420024393	8.341	0.699	5.181
1512420024406	8.447	0.871	5.114
1512420024416	8.561	1.024	5.047
1512420024423	8.6	1.13	4.932
1512420024443	8.504	1.139	4.74
1512420024455	8.447	1.091	4.568
1512420024458	8.475	1.063	4.395
1512420024471	8.638	1.053	4.319
1512420024481	8.83	1.005	4.242
1512420024483	8.992	0.938	4.252
1512420024498	9.127	0.823	4.261
1512420024509	9.174	0.718	4.175
1512420024513	9.194	0.622	4.175
1512420024525	9.203	0.536	4.156
1512420024536	9.232	0.421	3.984
1512420024543	9.251	0.287	3.984
1512420024553	9.356	0.124	3.888
1512420024566	9.49	0.009	3.964
1512420024573	9.51	-0.076	3.964
1512420024583	9.366	-0.114	4.003
1512420024596	8.964	-0.124	3.926
1512420024603	8.964	-0.134	4.079
1512420024613	8.868	-0.105	4.031
1512420024625	8.849	0.028	4.348
1512420024636	8.82	0.172	4.51
1512420024643	8.696	0.373	4.501
1512420024655	8.523	0.909	4.376
1512420024663	8.523	0.842	4.194
1512420024673	8.504	1.053	3.984
1512420024688	8.581	1.388	3.859
1512420024693	8.581	1.388	3.773
1512420024703	8.667	1.561	3.735
1512420024716	8.686	1.704	3.782
1512420024723	8.696	1.762	3.84
1512420024733	8.705	1.743	3.926
1512420024746	8.82	1.647	4.041
1512420024753	8.945	1.388	4.233
1512420024763	8.906	1.245	4.472
1512420024778	8.609	1.12	4.673
1512420024783	8.293	0.976	4.865
1512420024793	8.13	0.986	4.999
1512420024806	8.207	0.996	5.047
1512420024813	8.427	1.082	4.98
1512420024823	8.724	1.168	4.846
1512420024836	9.031	1.254	4.711
1512420024844	9.337	1.312	4.616
1512420024853	9.567	1.369	4.529
1512420024875	9.663	1.407	4.434
1512420024892	9.557	1.417	4.357
1512420024895	9.318	1.34	4.319
1512420024898	9.04	1.225	4.28
1512420024916	8.791	1.13	4.29
1512420024918	8.561	1.024	4.29
1512420024939	8.447	0.9	4.3
1512420024941	8.447	0.814	4.242
1512420024950	8.542	0.689	4.175
1512420024954	8.657	0.632	4.118
1512420024970	8.743	0.603	4.022
1512420024980	8.724	0.632	3.974
1512420024984	8.801	0.775	4.137
1512420024993	8.858	0.871	4.654
1512420025010	8.887	0.747	5.133
1512420025019	8.925	0.354	5.411
1512420025023	9.012	-0.067	5.066
1512420025033	9.155	-0.277	4.405
1512420025047	9.337	-0.181	3.687
1512420025053	9.404	0.153	3.122
1512420025063	9.308	0.593	2.844
1512420025076	9.04	1.024	2.949
1512420025083	8.782	1.273	3.227
1512420025093	8.494	1.312	3.572
1512420025106	8.322	1.149	3.907
1512420025113	8.332	0.948	4.194
1512420025123	8.485	0.785	4.443
1512420025136	8.638	0.632	4.644
1512420025143	8.743	0.536	4.798
1512420025153	8.753	0.411	4.817
1512420025168	8.629	0.306	4.74
1512420025173	8.561	0.287	4.673
1512420025183	8.648	0.373	4.635
1512420025196	8.906	0.507	4.625
1512420025203	9.203	0.632	4.52
1512420025213	9.414	0.699	4.386
1512420025226	9.5	0.555	4.233
1512420025233	9.423	0.335	4.166
1512420025244	9.27	0.105	4.137
1512420025260	9.165	-0.105	4.175
1512420025263	9.184	-0.21	4.242
1512420025273	9.213	-0.249	4.319
1512420025287	9.433	-0.325	4.462
1512420025306	9.481	-0.459	4.462
1512420025329	9.845	-0.679	4.501
1512420025341	10.218	-0.823	4.434
1512420025347	10.4	-0.814	4.367
1512420025351	10.199	-0.708	4.185
1512420025352	9.797	-0.699	4.041
1512420025353	9.529	-0.814	3.955
1512420025365	9.471	-0.938	3.964
1512420025381	9.27	-1.082	4.06
1512420025387	9.395	-1.216	4.07
1512420025400	9.328	-1.34	4.118
1512420025405	8.878	-1.388	3.964
1512420025414	8.925	-1.331	3.677
1512420025428	8.734	-1.417	3.399
1512420025439	8.935	-1.647	3.15
1512420025446	8.906	-1.896	3.016
1512420025454	8.696	-2.068	2.949
1512420025465	8.236	-2.145	2.949
1512420025473	7.824	-2.135	3.026
1512420025483	7.412	-2.011	3.122
1512420025507	7.192	-1.848	3.102
1512420025509	7.134	-1.743	2.959
1512420025515	7.134	-1.829	2.748
1512420025528	7.144	-1.714	2.604
1512420025533	7.058	-1.944	2.499
1512420025544	6.895	-1.877	2.394
1512420025557	6.751	-1.944	2.346
1512420025563	6.79	-1.944	2.279
1512420025573	6.933	-1.963	2.164
1512420025584	7.192	-2.039	2.001
1512420025593	7.431	-2.174	1.886
1512420025603	7.585	-2.279	1.857
1512420025615	7.7	-2.308	1.867
1512420025623	7.776	-2.25	1.915
1512420025633	7.901	-2.212	1.992
1512420025644	8.063	-2.221	2.106
1512420025653	8.341	-2.269	2.241
1512420025663	8.686	-2.26	2.394
1512420025674	8.925	-2.106	2.652
1512420025683	8.916	-1.857	2.921
1512420025693	8.734	-1.599	3.15
1512420025704	8.485	-1.359	3.246
1512420025713	8.456	-1.168	3.361
1512420025742	8.629	-0.967	3.505
1512420025757	8.945	-0.871	3.658
1512420025761	9.241	-0.804	3.763
1512420025765	9.462	-0.766	3.84
1512420025766	9.826	-0.794	3.964
1512420025773	10.257	-0.804	4.079
1512420025787	10.563	-0.909	4.137
1512420025799	10.879	-0.996	4.156
1512420025807	11.31	-1.034	4.137
1512420025816	11.789	-1.015	4.223
1512420025829	12.172	-0.881	4.261
1512420025833	12.191	-0.756	4.28
1512420025847	11.923	-0.66	4.29
1512420025854	11.559	-0.574	4.386
1512420025863	11.339	-0.536	4.491
1512420025873	11.243	-0.517	4.625
1512420025888	11.262	-0.517	4.778
1512420025893	11.224	-0.488	4.874
1512420025903	11.109	-0.411	4.951
1512420025917	10.917	-0.268	4.913
1512420025923	10.697	-0.019	4.826
1512420025933	10.391	0.287	4.769
1512420025950	10.046	0.641	4.692
1512420025953	9.596	0.928	4.549
1512420025965	9.194	1.158	4.462
1512420025982	8.81	1.292	4.386
1512420025984	8.504	1.302	4.376
1512420025996	8.217	1.206	4.405
1512420026012	7.91	1.091	4.472
1512420026014	7.623	0.909	4.625
1512420026027	7.431	0.689	4.721
1512420026043	7.345	0.488	4.788
1512420026045	7.316	0.363	4.711
1512420026056	7.345	0.363	4.213
1512420026072	7.479	0.45	4.213
1512420026074	7.642	0.478	3.782
1512420026086	7.91	0.536	3.639
1512420026101	8.14	0.507	3.639
1512420026103	8.332	0.392	3.591
1512420026118	8.408	0.239	3.62
1512420026126	8.456	0.124	3.773
1512420026134	8.504	0.076	3.725
1512420026147	9.012	0.143	3.763
1512420026180	9.031	0.335	3.773
1512420026185	9.308	0.498	3.773
1512420026200	9.299	0.67	3.84
1512420026201	9.241	0.785	3.897
1512420026208	9.04	0.842	3.945
1512420026209	8.81	0.823	4.031
1512420026217	8.657	0.842	4.137
1512420026224	8.925	0.909	4.261
1512420026233	8.849	1.005	4.424
1512420026245	8.839	1.177	4.654
1512420026259	8.734	1.369	4.884
1512420026272	8.533	1.541	5.085
1512420026274	8.255	1.867	5.123
1512420026283	7.958	2.039	5.123
1512420026294	7.728	2.039	4.98
1512420026309	7.498	2.298	4.846
1512420026313	7.441	2.288	4.702
1512420026323	7.604	2.317	4.577
1512420026338	7.949	2.355	4.501
1512420026351	8.341	2.413	4.443
1512420026365	8.475	2.384	4.405
1512420026366	8.351	2.308	4.443
1512420026374	8.169	2.241	4.52
1512420026385	8.13	2.231	4.587
1512420026395	8.437	2.308	4.644
1512420026406	8.83	2.375	4.702
1512420026413	9.012	2.327	4.664
1512420026425	8.916	2.174	4.549
1512420026433	8.686	1.953	4.539
1512420026444	8.494	1.8	4.692
1512420026455	8.37	1.752	4.884
1512420026463	8.312	1.819	5.056
1512420026474	8.322	1.886	5.171
1512420026483	8.485	1.963	5.296
1512420026497	8.743	2.135	5.382
1512420026504	8.925	2.269	5.324
1512420026518	8.954	2.365	5.2
1512420026523	8.801	2.403	5.028
1512420026534	8.552	2.403	4.874
1512420026549	8.274	2.327	4.826
1512420026553	8.092	2.25	4.74
1512420026564	7.996	2.106	4.74
1512420026573	7.958	1.972	4.721
1512420026599	7.987	1.848	4.702
1512420026609	8.044	1.781	4.807
1512420026615	8.102	1.752	4.865
1512420026620	8.092	1.781	4.96
1512420026623	8.006	1.781	5.085
1512420026636	7.92	1.781	5.085
1512420026646	7.824	1.762	5.162
1512420026657	7.709	1.714	5.133
1512420026665	7.652	1.628	5.123
1512420026673	7.642	1.551	5.114
1512420026695	7.7	1.494	5.315
1512420026697	7.767	1.494	5.257
1512420026703	7.776	1.522	5.296
1512420026713	7.719	1.599	5.277
1512420026723	7.642	1.666	5.257
1512420026733	7.585	1.714	5.2
1512420026743	7.546	1.743	5.152
1512420026753	7.632	1.771	5.114
1512420026763	7.757	1.81	5.114
1512420026775	7.834	1.867	5.162
1512420026783	7.805	1.963	5.181
1512420026793	7.69	2.039	5.229
1512420026804	7.585	2.068	5.267
1512420026813	7.556	2.106	5.267
1512420026823	7.565	2.106	5.219
1512420026833	7.585	2.097	5.152
1512420026844	7.527	2.059	5.104
1512420026853	7.393	2.001	5.028
1512420026864	7.259	1.915	4.778
1512420026873	7.192	1.8	4.874
1512420026883	7.163	1.676	5.066
1512420026896	7.125	1.513	4.941
1512420026903	7.077	1.359	5.181
1512420026913	7.01	1.206	5.095
1512420026925	6.943	1.101	5.104
1512420026933	6.933	1.043	5.133
1512420026943	7.02	0.986	5.2
1512420026963	7.671	0.967	5.209
1512420026973	7.776	1.053	5.095
1512420026984	8.044	1.187	4.96
1512420026993	8.044	1.398	4.788
1512420027003	7.91	1.608	4.74
1512420027015	7.757	1.972	4.75
1512420027035	7.642	1.982	4.769
1512420027048	7.594	2.126	4.683
1512420027051	7.623	2.135	4.51
1512420027057	7.728	1.934	4.367
1512420027069	7.901	1.992	4.242
1512420027076	8.063	1.896	4.252
1512420027083	8.13	1.829	4.261
1512420027093	8.14	1.848	4.348
1512420027104	8.198	1.877	4.51
1512420027113	8.236	1.905	4.644
1512420027123	8.226	1.915	4.817
1512420027135	8.226	1.829	4.96
1512420027143	8.293	1.695	4.989
1512420027153	8.418	1.541	5.018
1512420027166	8.59	1.426	5.037
1512420027173	8.705	1.34	5.018
1512420027183	8.801	1.302	5.028
1512420027197	8.887	1.254	4.999
1512420027203	8.964	1.158	4.989
1512420027213	9.059	1.091	4.913
1512420027227	9.136	0.996	4.846
1512420027233	9.222	0.919	4.826
1512420027244	9.241	0.89	4.778
1512420027258	9.213	0.823	4.731
1512420027263	9.241	0.727	4.635
1512420027274	9.337	0.574	4.51
1512420027287	9.462	0.43	4.443
1512420027293	9.663	0.229	4.415
1512420027305	9.931	0.047	4.501
1512420027318	10.266	-0.086	4.711
1512420027323	10.707	-0.009	4.865
1512420027334	11.224	0.181	4.941
1512420027349	11.741	0.43	4.865
1512420027353	12.028	0.67	4.74
1512420027367	11.875	0.842	4.635
1512420027376	11.262	0.881	4.673
1512420027383	10.496	0.823	4.625
1512420027393	9.883	0.565	4.539
1512420027405	9.615	0.153	4.482
1512420027413	9.605	-0.249	4.482
1512420027423	9.644	-0.632	4.415
1512420027435	9.73	-1.015	4.376
1512420027443	9.826	-1.34	4.367
1512420027474	9.941	-1.608	4.386
1512420027478	10.008	-1.762	4.415
1512420027482	10.056	-1.781	4.395
1512420027483	10.017	-1.589	4.386
1512420027501	9.826	-1.331	4.328
1512420027503	9.557	-1.063	4.194
1512420027513	9.146	-0.785	3.984
1512420027525	8.657	-0.612	3.735
1512420027533	8.073	-0.526	3.486
1512420027546	7.537	-0.517	3.246
1512420027556	6.991	-0.555	2.853
1512420027563	6.569	-0.67	2.853
1512420027573	6.359	-0.804	2.825
1512420027586	6.387	-0.852	2.786
1512420027593	6.512	-0.775	2.777
1512420027603	6.79	-0.603	2.758
1512420027615	6.991	-0.402	2.652
1512420027623	7.058	-0.392	2.652
1512420027633	6.962	-0.526	2.614
1512420027646	6.838	-0.89	2.557
1512420027653	6.838	-0.861	2.557
1512420027663	6.981	-0.948	2.729
1512420027678	7.144	-1.024	2.882
1512420027683	7.23	-1.12	2.978
1512420027694	7.221	-1.264	3.026
1512420027709	7.565	-1.446	2.978
1512420027713	8.111	-1.589	2.834
1512420027725	8.705	-1.704	2.633
1512420027738	9.155	-1.743	2.518
1512420027743	9.174	-1.743	2.518
1512420027755	8.868	-1.589	2.604
1512420027769	8.389	-1.455	2.643
1512420027773	8.063	-1.455	2.681
1512420027784	8.016	-1.905	2.719
1512420027798	8.265	-2.241	2.844
1512420027803	8.791	-2.547	2.968
1512420027814	9.548	-2.499	3.131
1512420027833	10.305	-2.403	3.294
1512420027838	10.879	-2.269	3.466
1512420027848	11.109	-2.106	3.648
1512420027857	11.157	-1.867	3.869
1512420027863	11.08	-1.608	4.099
1512420027873	10.994	-1.321	4.28
1512420027896	10.984	-1.063	4.52
1512420027903	11.099	-0.794	4.664
1512420027905	11.138	-0.526	4.769
1512420027915	11.08	-0.316	4.836
1512420027923	10.898	-0.181	4.951
1512420027933	10.726	-0.105	5.114
1512420027945	10.707	-0.009	5.229
1512420027953	10.755	0.105	5.315
1512420027963	10.774	0.249	5.353
1512420027975	10.64	0.469	5.353
1512420027983	10.372	0.727	5.372
1512420027993	10.036	0.881	5.353
1512420028006	9.682	1.024	5.382
1512420028013	9.347	1.168	5.411
1512420028023	8.983	1.302	5.344
1512420028037	8.571	1.35	5.238
1512420028043	8.255	1.216	5.181
1512420028053	8.073	1.053	5.133
1512420028068	7.929	0.9	5.047
1512420028073	7.881	0.804	4.951
1512420028084	7.862	0.727	4.807
1512420028099	7.929	0.67	4.673
1512420028103	8.102	0.603	4.482
1512420028115	8.332	0.507	4.338
1512420028128	8.514	0.478	4.194
1512420028133	8.571	0.459	4.127
1512420028145	8.466	0.517	4.06
1512420028159	8.265	0.584	4.031
1512420028163	8.073	0.66	4.012
1512420028175	7.977	0.747	3.945
1512420028189	7.939	0.833	3.964
1512420028193	7.939	0.89	3.936
1512420028205	7.968	0.967	3.974
1512420028219	8.063	1.101	4.041
1512420028223	8.159	1.292	4.051
1512420028237	8.178	1.465	4.041
1512420028249	8.159	1.541	4.031
1512420028253	8.169	1.513	4.079
1512420028266	8.245	1.379	4.252
1512420028279	8.389	1.245	4.443
1512420028283	8.466	1.149	4.673
1512420028295	8.447	1.082	4.865
1512420028309	8.293	1.053	5.037
1512420028337	8.159	1.053	5.142
1512420028341	8.025	0.986	5.171
1512420028342	8.016	0.9	5.219
1512420028350	8.025	0.775	5.257
1512420028354	8.15	0.727	5.324
1512420028372	8.284	0.747	5.296
1512420028374	8.332	0.804	5.2
1512420028413	8.293	0.909	5.152
1512420028457	8.073	1.053	4.855
1512420028458	8.073	1.053	4.855
1512420028459	8.092	1.091	4.788
1512420028460	8.236	1.12	4.644
1512420028460	8.341	1.254	4.52
1512420028461	8.341	1.254	4.462
1512420028461	8.265	1.264	4.415
1512420028466	8.226	1.168	4.443
1512420028473	8.245	1.053	4.491
1512420028487	8.485	0.948	4.549
1512420028493	8.408	0.9	4.625
1512420028508	8.245	0.871	4.692
1512420028516	8.207	0.871	4.74
1512420028523	8.178	0.919	4.778
1512420028533	8.188	0.957	4.798
1512420028552	8.226	1.034	4.846
1512420028553	8.312	1.12	4.836
1512420028564	8.408	1.331	4.817
1512420028576	8.485	1.235	4.817
1512420028583	8.485	1.245	4.817
1512420028593	8.475	1.35	4.913
1512420028607	8.475	1.474	4.903
1512420028613	8.494	1.541	4.903
1512420028625	8.59	1.57	4.941
1512420028636	8.667	1.608	4.884
1512420028643	8.734	1.589	4.855
1512420028653	8.753	1.58	4.807
1512420028668	8.667	1.522	4.702
1512420028673	8.59	1.407	4.731
1512420028683	8.514	1.283	4.731
1512420028696	8.475	1.187	4.74
1512420028703	8.475	1.091	4.75
1512420028713	8.475	1.043	4.769
1512420028726	8.456	0.986	4.75
1512420028733	8.399	0.9	4.711
1512420028759	8.322	0.842	4.654
1512420028762	8.274	0.775	4.606
1512420028773	8.159	0.747	4.568
1512420028786	8.15	0.766	4.558
1512420028793	8.198	0.823	4.549
1512420028805	8.274	0.842	4.52
1512420028816	8.351	0.948	4.51
1512420028823	8.427	1.015	4.482
1512420028833	8.466	1.12	4.462
1512420028846	8.456	1.216	4.443
1512420028858	8.447	1.312	4.453
1512420028864	8.427	1.398	4.491
1512420028878	8.38	1.426	4.529
1512420028883	8.36	1.369	4.577
1512420028893	8.351	1.283	4.625
1512420028907	8.351	1.168	4.711
1512420028913	8.399	1.043	4.759
1512420028923	8.561	1.024	4.798
1512420028937	8.83	1.091	4.874
1512420028943	9.04	1.187	4.893
1512420028953	9.079	1.264	4.884
1512420028966	8.983	1.264	4.874
1512420028973	8.782	1.177	4.884
1512420028983	8.657	1.11	4.913
1512420028996	8.638	1.063	4.932
1512420029003	8.743	1.12	4.922
1512420029013	8.839	1.149	4.807
1512420029027	8.839	1.197	4.683
1512420029033	8.753	1.254	4.597
1512420029044	8.581	1.302	4.577
1512420029054	8.456	1.436	4.664
1512420029063	8.447	1.599	4.759
1512420029076	8.542	1.8	4.731
1512420029087	8.638	1.992	4.606
1512420029093	8.609	2.106	4.424
1512420029103	8.38	2.049	4.252
1512420029117	8.006	1.8	4.108
1512420029123	7.728	1.379	4.003
1512420029133	7.575	0.861	4.031
1512420029150	7.642	0.335	4.338
1512420029153	7.805	-0.153	4.711
1512420029164	8.102	-0.498	4.989
1512420029182	8.552	-0.651	5.363
1512420029225	8.964	-0.632	5.516
1512420029230	9.289	-0.488	5.526
1512420029247	8.992	-0.383	5.554
1512420029251	8.992	-0.316	5.487
1512420029252	8.303	-0.335	5.315
1512420029254	8.322	-0.363	5.133
1512420029258	8.59	-0.392	4.98
1512420029259	8.839	-0.373	4.846
1512420029267	9.395	-0.363	4.778
1512420029275	9.423	-0.325	4.74
1512420029288	9.289	-0.335	4.74
1512420029294	8.858	-0.373	4.625
1512420029303	8.322	-0.411	4.386
1512420029320	8.006	-0.45	4.146
1512420029324	8.054	-0.45	3.945
1512420029333	8.274	-0.22	3.754
1512420029355	8.408	-0.258	3.668
1512420029358	8.475	-0.373	3.715
1512420029363	8.542	-0.603	3.907
1512420029380	8.696	-0.804	4.175
1512420029390	8.887	-0.938	4.424
1512420029399	9.059	-1.005	4.625
1512420029405	9.232	-1.034	4.711
1512420029414	9.385	-1.053	4.807
1512420029423	9.586	-1.043	4.903
1512420029433	9.912	-1.005	4.989
1512420029444	10.276	-0.976	5.047
1512420029453	10.601	-1.024	5.104
1512420029463	10.803	-1.072	5.171
1512420029478	10.812	-1.063	5.142
1512420029483	10.63	-1.11	5.085
1512420029493	10.352	-1.206	4.989
1512420029505	10.103	-1.312	4.846
1512420029513	9.835	-1.388	4.644
1512420029523	9.605	-1.494	4.443
1512420029534	9.452	-1.541	4.242
1512420029543	9.356	-1.503	4.031
1512420029553	9.337	-1.417	3.869
1512420029568	9.318	-1.245	3.61
1512420029573	9.251	-1.082	3.419
1512420029583	9.146	-0.861	3.256
1512420029599	8.945	-0.804	3.035
1512420029603	8.753	-0.976	2.873
1512420029625	8.571	-1.216	2.825
1512420029634	8.341	-1.503	2.806
1512420029637	8.025	-1.829	2.901
1512420029643	7.642	-2.068	3.074
1512420029659	7.23	-2.193	3.284
1512420029663	6.885	-2.25	3.409
1512420029673	6.704	-2.317	3.476
1512420029684	6.665	-2.394	3.457
1512420029693	6.704	-2.49	3.409
1512420029703	6.732	-2.595	3.294
1512420029718	6.723	-2.652	3.198
1512420029723	6.675	-2.595	3.15
1512420029733	6.684	-2.47	3.122
1512420029751	6.857	-2.269	3.045
1512420029753	7.125	-2.001	2.853
1512420029765	7.374	-1.771	2.691
1512420029774	7.47	-1.57	2.566
1512420029783	7.345	-1.465	2.413
1512420029793	7.163	-1.331	2.288
1512420029809	7.096	-1.283	2.145
1512420029813	7.24	-1.321	2.126
1512420029823	7.575	-1.398	2.231
1512420029838	7.824	-1.417	2.537
1512420029843	7.824	-1.34	2.758
1512420029853	7.546	-1.283	2.863
1512420029869	7.173	-1.158	2.901
1512420029873	7.0	-1.11	2.959
1512420029883	7.259	-1.216	3.131
1512420029901	7.968	-1.446	2.968
1512420029903	8.839	-1.647	2.853
1512420029915	9.529	-1.733	2.892
1512420029929	9.883	-1.723	2.892
1512420029933	10.151	-1.618	3.045
1512420029943	10.41	-1.455	2.978
1512420029959	10.668	-1.254	3.083
1512420029963	11.004	-1.082	3.217
1512420029973	11.492	-0.957	3.399
1512420029989	12.076	-0.852	3.572
1512420029993	13.082	-0.756	3.773
1512420030004	12.795	-0.708	4.022
1512420030021	12.44	-0.67	4.328
1512420030023	12.009	-0.545	4.549
1512420030035	11.837	-0.44	4.769
1512420030056	11.846	-0.325	4.893
1512420030065	11.77	-0.249	4.951
1512420030066	11.454	-0.009	4.893
1512420030078	10.994	0.124	4.846
1512420030089	10.429	0.306	4.788
1512420030095	9.893	0.459	4.731
1512420030104	9.481	0.584	4.635
1512420030113	9.098	0.44	4.501
1512420030126	8.772	0.316	4.405
1512420030133	8.475	0.095	4.28
1512420030143	8.284	-0.162	4.137
1512420030153	8.236	-0.402	4.022
1512420030164	8.322	-0.593	3.897
1512420030173	8.466	-0.756	3.754
1512420030183	8.6	-0.871	3.533
1512420030193	8.648	-0.948	3.294
1512420030203	8.676	-0.928	3.083
1512420030214	8.734	-0.794	2.94
1512420030223	8.839	-0.593	2.825
1512420030233	8.887	-0.459	2.748
1512420030245	8.849	-0.421	2.758
1512420030253	8.753	-0.459	2.758
1512420030263	8.715	-0.545	2.777
1512420030273	8.676	-0.651	2.739
1512420030283	8.686	-0.737	2.767
1512420030293	8.763	-0.699	2.758
1512420030303	8.935	-0.612	2.786
1512420030313	9.194	-0.478	2.892
1512420030323	9.462	-0.354	2.978
1512420030335	9.711	-0.268	3.074
1512420030343	9.816	-0.172	3.208
1512420030353	9.759	-0.076	3.39
1512420030364	9.615	-0.038	3.581
1512420030381	9.49	-0.028	3.802
1512420030392	9.423	0.009	3.964
1512420030394	9.395	0.086	4.118
1512420030403	9.337	0.114	4.386
1512420030413	9.318	0.143	4.443
1512420030424	9.308	0.268	4.472
1512420030433	9.28	0.43	4.405
1512420030446	9.194	0.526	4.338
1512420030454	9.127	0.574	4.242
1512420030463	9.069	0.632	4.204
1512420030499	9.079	0.718	4.108
1512420030513	9.107	0.766	4.031
1512420030521	9.107	0.833	3.964
1512420030522	9.059	0.89	3.907
1512420030523	8.964	0.938	3.821
1512420030524	8.849	0.996	3.725
1512420030536	8.81	0.986	3.658
1512420030549	8.83	0.967	3.629
1512420030553	8.82	0.938	3.62
1512420030563	8.849	0.89	3.706
1512420030575	8.858	0.89	3.802
1512420030589	8.868	0.871	3.763
1512420030606	8.858	0.823	3.85
1512420030608	8.849	0.823	3.878
1512420030615	8.839	0.823	3.888
1512420030623	8.897	0.9	3.907
1512420030634	8.916	0.938	3.907
1512420030643	8.858	0.957	3.984
1512420030653	8.81	0.928	4.041
1512420030664	8.83	0.842	4.099
1512420030682	8.906	0.708	4.146
1512420030683	8.916	0.565	4.079
1512420030694	8.82	0.43	4.041
1512420030703	8.638	0.354	3.984
1512420030713	8.571	0.316	3.945
1512420030729	8.638	0.335	3.936
1512420030733	8.916	0.43	3.955
1512420030743	8.878	0.488	3.955
1512420030754	8.925	0.488	3.955
1512420030763	8.686	0.44	3.974
1512420030773	8.696	0.392	3.993
1512420030784	8.81	0.421	4.031
1512420030793	8.973	0.526	4.022
1512420030803	9.05	0.727	3.984
1512420030816	9.012	0.881	3.993
1512420030823	8.906	1.139	3.964
1512420030833	8.83	1.082	3.974
1512420030844	8.82	1.302	3.955
1512420030853	8.878	1.417	3.926
1512420030863	8.973	1.608	3.907
1512420030874	9.069	1.781	3.869
1512420030885	9.059	1.905	3.897
1512420030893	8.887	1.963	3.945
1512420030926	8.629	1.944	3.984
1512420030927	8.389	1.819	4.031
1512420030932	8.274	1.618	4.07
1512420030937	8.293	1.426	4.089
1512420030948	8.399	1.216	4.127
1512420030958	8.523	0.986	4.204
1512420030966	8.629	0.814	4.28
1512420030973	8.648	0.679	4.376
1512420030983	8.715	0.622	4.472
1512420030994	8.81	0.603	4.549
1512420031003	8.954	0.641	4.539
1512420031013	9.04	0.708	4.549
1512420031024	9.088	0.737	4.491
1512420031033	9.05	0.727	4.424
1512420031044	8.925	0.67	4.338
1512420031056	8.763	0.565	4.194
1512420031063	8.676	0.459	4.079
1512420031073	8.667	0.344	4.022
1512420031085	8.753	0.277	4.041
1512420031093	8.801	0.181	4.137
1512420031103	8.782	0.172	4.213
1512420031115	8.676	0.134	4.223
1512420031123	8.571	0.134	4.261
1512420031133	8.542	0.105	4.338
1512420031144	8.552	0.076	4.348
1512420031153	8.59	0.076	4.367
1512420031163	8.686	0.095	4.348
1512420031176	8.724	0.153	4.348
1512420031183	8.743	0.229	4.261
1512420031193	8.724	0.287	4.185
1512420031205	8.657	0.296	4.118
1512420031213	8.657	0.268	4.07
1512420031223	8.686	0.21	4.07
1512420031234	8.763	0.153	4.099
1512420031243	8.897	0.143	4.175
1512420031254	8.954	0.181	4.204
1512420031267	8.906	0.239	4.338
1512420031273	8.839	0.287	4.338
1512420031283	8.743	0.363	4.328
1512420031295	8.743	0.411	4.328
1512420031303	8.839	0.421	4.28
1512420031313	9.059	0.45	4.252
1512420031325	9.423	0.488	4.213
1512420031352	9.749	0.545	4.156
1512420031355	9.988	0.641	4.175
1512420031355	9.969	0.67	4.185
1512420031371	9.778	0.603	4.252
1512420031374	9.567	0.459	4.309
1512420031386	9.28	0.181	4.367
1512420031393	9.356	-0.22	4.367
1512420031403	9.356	-0.632	4.443
1512420031415	9.414	-1.034	4.52
1512420031423	9.548	-1.34	4.606
1512420031433	9.778	-1.513	4.683
1512420031445	10.065	-1.513	4.74
1512420031453	10.065	-1.446	4.74
1512420031463	9.902	-1.369	4.75
1512420031477	9.452	-1.513	4.74
1512420031483	9.299	-1.388	4.759
1512420031493	9.366	-1.426	4.731
1512420031507	9.586	-1.446	4.74
1512420031513	9.749	-1.388	4.826
1512420031523	9.941	-1.216	4.798
1512420031536	9.845	-0.679	4.644
1512420031543	9.682	-0.679	4.434
1512420031553	9.376	-0.536	4.242
1512420031565	9.021	-0.392	4.003
1512420031573	8.638	-0.392	3.715
1512420031583	8.36	-0.392	3.486
1512420031597	8.255	-0.335	3.256
1512420031603	8.494	-0.335	3.102
1512420031613	8.763	-0.44	3.055
1512420031626	8.782	-0.411	2.997
1512420031634	8.609	-0.555	2.978
1512420031643	8.14	-0.871	3.016
1512420031656	7.556	-1.302	3.122
1512420031663	6.981	-1.733	3.294
1512420031673	6.531	-2.049	3.553
1512420031686	6.378	-2.212	3.782
1512420031693	6.397	-2.26	3.955
1512420031703	6.407	-2.269	4.07
1512420031716	6.359	-2.26	4.108
1512420031723	6.368	-2.25	3.955
1512420031733	6.311	-2.087	3.601
1512420031746	6.273	-1.829	3.284
1512420031753	6.244	-1.484	3.007
1512420031775	6.253	-1.149	2.815
1512420031781	6.359	-0.881	2.719
1512420031789	6.713	-0.679	2.624
1512420031804	7.202	-0.574	2.604
1512420031805	7.738	-0.536	2.633
1512420031815	8.236	-0.555	2.662
1512420031833	8.696	-0.622	2.691
1512420031834	9.194	-0.814	2.806
1512420031851	9.596	-1.063	3.035
1512420031859	9.72	-1.254	3.265
1512420031871	9.72	-1.388	3.543
1512420031874	9.759	-1.532	3.706
1512420031896	9.902	-1.723	3.782
1512420031898	10.103	-2.001	3.84
1512420031903	10.295	-2.336	3.897
1512420031913	10.467	-2.624	3.955
1512420031927	10.592	-2.815	4.031
1512420031933	10.621	-2.863	4.118
1512420031944	10.649	-2.739	4.156
1512420031958	10.659	-2.49	4.118
1512420031963	10.611	-2.164	4.127
1512420031987	10.506	-1.81	4.175
1512420031988	10.41	-1.417	4.261
1512420031994	10.257	-1.024	4.348
1512420032003	10.046	-0.632	4.443
1512420032015	9.807	-0.277	4.577
1512420032023	9.634	0.057	4.683
1512420032046	9.596	0.565	4.74
1512420032053	9.701	0.823	4.711
1512420032063	9.759	1.034	4.654
1512420032074	9.701	1.158	4.491
1512420032083	9.529	1.187	4.28
1512420032093	9.308	1.11	4.07
1512420032104	9.079	1.005	3.83
1512420032113	8.801	0.871	3.639
1512420032123	8.533	0.689	3.514
1512420032137	8.322	0.498	3.256
1512420032143	8.265	0.277	3.38
1512420032153	8.284	0.076	3.352
1512420032167	8.389	-0.067	3.419
1512420032173	8.523	-0.162	3.419
1512420032183	8.6	-0.21	3.658
1512420032197	8.59	-0.191	3.763
1512420032228	8.466	-0.134	3.696
1512420032230	8.293	-0.038	3.878
1512420032235	8.159	0.047	3.917
1512420032240	8.207	0.134	3.907
1512420032244	8.37	0.229	3.888
1512420032260	8.906	0.316	3.897
1512420032265	9.165	0.44	3.84
1512420032273	9.28	0.66	3.735
1512420032286	9.423	0.814	3.715
1512420032293	9.423	0.89	3.869
1512420032303	9.414	0.967	3.955
1512420032315	9.414	1.005	4.06
1512420032323	9.347	1.072	4.108
1512420032333	9.356	1.13	4.118
1512420032345	9.356	1.168	4.137
1512420032353	9.347	1.245	4.089
1512420032363	9.28	1.273	4.031
1512420032377	9.184	1.312	3.984
1512420032384	9.098	1.273	4.003
1512420032394	9.021	1.187	4.051
1512420032404	8.964	1.158	4.118
1512420032413	8.983	1.139	4.194
1512420032423	9.031	1.13	4.223
1512420032435	9.088	1.149	4.271
1512420032443	9.04	1.149	4.328
1512420032466	8.868	1.091	4.28
1512420032473	8.791	1.015	4.204
1512420032483	8.763	0.928	4.108
1512420032495	8.849	0.881	4.022
1512420032503	9.012	0.881	3.964
1512420032513	9.232	0.928	3.917
1512420032526	9.471	1.034	3.945
1512420032533	9.596	1.177	3.936
1512420032543	9.557	1.312	3.936
1512420032558	9.356	1.398	3.945
1512420032563	9.146	1.436	3.993
1512420032573	8.964	1.369	4.003
1512420032587	8.887	1.283	4.127
1512420032593	8.925	1.197	4.137
1512420032603	8.935	1.149	4.146
1512420032618	8.935	1.12	4.175
1512420032623	8.849	1.139	4.118
1512420032633	8.772	1.187	4.118
1512420032664	8.686	1.245	4.223
1512420032667	8.657	1.331	4.3
1512420032668	8.581	1.35	4.367
1512420032684	8.418	1.34	4.328
1512420032686	8.207	1.292	4.223
1512420032698	8.102	1.245	4.166
1512420032710	8.169	1.331	4.079
1512420032713	8.389	1.503	4.051
1512420032723	8.6	1.704	4.022
1512420032736	8.676	1.857	4.041
1512420032743	8.609	1.972	4.022
1512420032763	8.456	1.982	4.012
1512420032764	8.284	1.848	3.974
1512420032773	8.169	1.656	3.945
1512420032783	8.226	1.465	3.984
1512420032796	8.37	1.359	4.003
1512420032803	8.533	1.321	4.099
1512420032813	8.667	1.359	4.204
1512420032826	8.753	1.455	4.319
1512420032838	8.83	1.57	4.357
1512420032843	8.82	1.676	4.367
1512420032855	8.772	1.714	4.328
1512420032863	8.705	1.714	4.3
1512420032873	8.629	1.676	4.28
1512420032887	8.6	1.608	4.233
1512420032893	8.629	1.561	4.242
1512420032903	8.724	1.532	4.242
1512420032917	8.81	1.58	4.271
1512420032923	8.868	1.561	4.252
1512420032934	8.82	1.522	4.233
1512420032949	8.696	1.446	4.223
1512420032953	8.561	1.292	4.376
1512420032964	8.466	1.149	4.405
1512420032978	8.437	1.043	4.443
1512420032983	8.494	0.996	4.529
1512420032993	8.59	1.015	4.587
1512420033008	8.657	1.091	4.568
1512420033013	8.686	1.168	4.539
1512420033040	8.571	1.168	4.424
1512420033043	8.341	1.11	4.357
1512420033054	8.341	1.053	4.29
1512420033068	8.322	0.986	4.28
1512420033073	8.399	0.967	4.271
1512420033103	8.667	1.005	4.261
1512420033106	8.81	1.206	4.233
1512420033119	8.82	1.091	4.28
1512420033136	8.753	1.11	4.367
1512420033139	8.629	1.13	4.415
1512420033145	8.542	1.149	4.424
1512420033157	8.504	1.149	4.453
1512420033163	8.571	1.139	4.405
1512420033173	8.724	1.101	4.338
1512420033187	8.906	1.072	4.319
1512420033193	9.04	1.072	4.357
1512420033203	9.136	1.072	4.415
1512420033218	9.232	1.053	4.443
1512420033223	9.347	1.024	4.453
1512420033233	9.462	0.957	4.501
1512420033246	9.557	0.842	4.577
1512420033253	9.625	0.747	4.635
1512420033263	9.653	0.651	4.778
1512420033277	9.73	0.584	4.951
1512420033283	9.893	0.517	5.075
1512420033293	10.228	0.43	5.142
1512420033307	10.64	0.325	5.114
1512420033313	11.032	0.249	4.989
1512420033323	11.31	0.229	4.788
1512420033337	11.358	0.287	4.568
1512420033343	11.195	0.325	4.434
1512420033353	10.879	0.258	4.204
1512420033368	10.506	0.095	4.022
1512420033373	10.103	-0.268	3.888
1512420033385	9.672	-0.814	3.859
1512420033398	9.251	-1.503	3.735
1512420033404	8.945	-2.269	3.696
1512420033413	8.782	-3.016	3.696
1512420033428	8.724	-3.62	3.735
1512420033433	8.648	-3.917	3.639
1512420033443	8.485	-4.041	3.466
1512420033487	8.322	-3.782	3.313
1512420033488	7.949	-3.581	3.026
1512420033488	7.498	-3.466	2.796
1512420033493	7.125	-3.256	2.566
1512420033504	6.857	-3.217	2.193
1512420033517	6.78	-3.237	1.992
1512420033523	6.866	-2.997	2.02
1512420033541	6.953	-2.48	2.202
1512420033556	6.924	-1.79	2.518
1512420033557	6.79	-1.12	2.786
1512420033566	6.598	-0.737	2.94
1512420033578	6.464	-0.66	2.921
1512420033583	6.359	-0.794	2.853
1512420033593	6.368	-0.996	2.739
1512420033607	6.512	-1.082	2.7
1512420033613	6.78	-1.024	2.681
1512420033866	7.173	-0.9	2.614
1512420033867	7.575	-0.718	2.509
1512420033868	7.824	-0.565	2.375
1512420033868	7.949	-0.574	2.279
1512420033869	8.102	-0.814	2.221
1512420033869	8.351	-1.235	2.279
1512420033870	8.629	-1.695	2.49
1512420033870	8.83	-2.097	2.719
1512420033871	8.868	-2.394	3.227
1512420033872	8.667	-2.566	3.284
1512420033872	8.38	-2.672	3.409
1512420033873	8.226	-2.739	3.409
1512420033873	10.64	-0.785	4.127
1512420033883	10.467	-0.852	4.204
1512420033893	10.439	-0.861	4.29
1512420033903	10.458	-0.909	4.319
1512420033913	10.448	-0.928	4.338
1512420033923	10.333	-0.804	4.338
1512420033933	10.027	-0.584	4.319
1512420033943	9.538	-0.392	4.319
1512420033953	9.002	-0.268	4.309
1512420033963	8.523	-0.229	4.319
1512420033973	8.265	-0.249	4.3
1512420033983	8.217	-0.296	4.146
1512420033993	8.322	-0.344	3.974
1512420034003	8.466	-0.363	3.821
1512420034016	8.466	-0.354	3.706
1512420034023	8.332	-0.354	3.62
1512420034034	8.121	-0.373	3.648
1512420034046	7.929	-0.44	3.677
1512420034053	7.872	-0.526	3.658
1512420034063	8.006	-0.67	3.61
1512420034076	8.245	-0.785	3.543
1512420034083	8.504	-0.823	3.533
1512420034104	8.705	-0.823	3.543
1512420034108	8.945	-0.823	3.553
1512420034115	9.241	-0.794	3.591
1512420034123	9.548	-0.699	3.62
1512420034134	9.893	-0.536	3.62
1512420034143	10.065	-0.306	3.696
1512420034153	9.998	-0.067	3.792
1512420034164	9.759	0.21	3.811
1512420034173	9.414	0.392	3.917
1512420034183	9.079	0.43	4.079
1512420034194	8.868	0.373	4.252
1512420034203	8.772	0.325	4.386
1512420034213	8.743	0.325	4.491
1512420034223	8.696	0.411	4.625
1512420034233	8.629	0.498	4.673
1512420034243	8.514	0.612	4.702
1512420034255	8.399	0.622	4.721
1512420034263	8.36	0.574	4.711
1512420034273	8.447	0.498	4.721
1512420034293	8.59	0.507	4.74
1512420034303	8.638	0.603	4.759
1512420034323	8.629	0.833	4.606
1512420034333	8.581	0.986	4.51
1512420034345	8.552	1.043	4.405
1512420034353	8.533	1.082	4.3
1512420034363	8.552	1.12	4.242
1512420034375	8.533	1.216	4.185
1512420034383	8.475	1.436	4.185
1512420034393	8.475	1.561	4.137
1512420034420	8.609	1.532	4.175
1512420034421	8.743	1.417	4.175
1512420034423	8.858	1.158	4.213
1512420034437	8.753	0.957	4.376
1512420034443	8.753	0.804	4.376
1512420034453	8.542	0.708	4.491
1512420034470	8.274	0.67	4.644
1512420034474	8.102	0.651	4.635
1512420034485	8.063	0.679	4.606
1512420034496	8.207	0.67	4.587
1512420034503	8.207	0.727	4.616
1512420034513	8.322	0.823	4.597
1512420034525	8.389	0.957	4.577
1512420034533	8.389	1.12	4.529
1512420034563	8.427	1.235	4.482
1512420034566	8.447	1.35	4.443
1512420034571	8.638	1.388	4.424
1512420034575	8.638	1.426	4.462
1512420034588	8.81	1.513	4.453
1512420034596	8.935	1.647	4.415
1512420034606	8.935	1.743	4.319
1512420034614	8.868	1.608	4.29
1512420034623	8.724	1.532	4.233
1512420034633	8.648	1.379	4.29
1512420034644	8.638	1.187	4.367
1512420034653	8.696	1.187	4.434
1512420034663	8.763	1.139	4.539
1512420034675	8.83	1.158	4.539
1512420034683	8.897	1.177	4.539
1512420034693	8.954	1.216	4.577
1512420034703	8.964	1.206	4.558
1512420034713	8.878	1.13	4.549
1512420034723	8.763	1.082	4.568
1512420034734	8.705	1.005	4.587
1512420034743	8.743	1.005	4.587
1512420034753	8.83	1.024	4.52
1512420034766	8.868	1.072	4.52
1512420034773	8.887	1.12	4.529
1512420034783	8.849	1.158	4.597
1512420034796	8.686	1.149	4.549
1512420034804	8.494	1.101	4.52
1512420034813	8.389	1.053	4.491
1512420034826	8.389	0.976	4.462
1512420034833	8.408	0.89	4.443
1512420034843	8.542	0.833	4.376
1512420034856	8.657	0.842	4.367
1512420034863	8.753	0.938	4.367
1512420034873	8.81	1.063	4.376
1512420034886	8.878	1.197	4.367
1512420034893	8.878	1.264	4.443
1512420034903	8.734	1.273	4.453
1512420034916	8.552	1.273	4.395
1512420034923	8.37	1.302	4.367
1512420034933	8.293	1.35	4.328
1512420034946	8.284	1.398	4.309
1512420034953	8.351	1.417	4.271
1512420034963	8.466	1.407	4.233
1512420034994	8.533	1.379	4.223
1512420034997	8.552	1.35	4.328
1512420035000	8.523	1.292	4.443
1512420035004	8.427	1.197	4.558
1512420035016	8.255	1.091	4.616
1512420035023	8.111	1.034	4.606
1512420035036	8.016	0.948	4.635
1512420035043	7.968	0.89	4.692
1512420035053	8.044	0.814	4.721
1512420035067	8.284	0.823	4.731
1512420035073	8.561	0.881	4.654
1512420035083	8.791	0.948	4.549
1512420035094	8.83	1.005	4.482
1512420035103	8.724	0.976	4.367
1512420035113	8.523	0.909	4.348
1512420035124	8.399	0.852	4.395
1512420035133	8.389	0.823	4.405
1512420035143	8.475	0.833	4.443
1512420035154	8.676	0.814	4.491
1512420035163	8.858	0.804	4.558
1512420035173	8.945	0.718	4.52
1512420035186	8.715	0.593	4.635
1512420035193	8.696	0.488	4.635
1512420035203	8.571	0.45	4.884
1512420035218	8.906	0.43	4.999
1512420035223	8.906	0.45	5.152
1512420035234	9.241	0.507	5.133
1512420035245	9.787	0.622	5.075
1512420035253	9.787	0.689	4.922
1512420035263	9.768	0.699	4.855
1512420035276	9.644	0.565	4.769
1512420035283	9.452	0.354	4.721
1512420035293	9.28	0.038	4.74
1512420035304	9.28	-0.153	4.75
1512420035313	9.28	-0.162	4.52
1512420035323	9.146	0.057	4.099
1512420035337	9.5	-0.67	3.821
1512420035343	10.18	-0.612	3.763
1512420035354	10.611	-1.264	3.85
1512420035368	10.601	-1.743	4.031
1512420035373	10.305	-2.02	4.137
1512420035383	10.151	-1.944	4.118
1512420035403	10.237	-1.704	3.869
1512420035427	10.419	-1.8	3.591
1512420035428	10.697	-2.279	3.275
1512420035439	10.793	-2.509	3.256
1512420035445	10.64	-2.719	3.246
1512420035457	10.305	-2.767	3.275
1512420035465	9.807	-2.585	3.361
1512420035473	9.376	-2.442	3.332
1512420035486	9.098	-2.403	3.237
1512420035493	8.878	-2.461	3.275
1512420035503	8.619	-2.451	3.371
1512420035515	8.36	-2.461	3.428
1512420035523	8.035	-2.384	3.572
1512420035533	7.661	-2.26	3.601
1512420035545	7.297	-2.164	3.486
1512420035553	6.953	-2.135	3.371
1512420035563	6.694	-2.25	3.227
1512420035575	6.522	-2.336	3.131
1512420035583	6.454	-2.288	2.93
1512420035593	6.483	-2.116	2.681
1512420035606	6.493	-1.8	2.423
1512420035613	6.445	-1.455	2.145
1512420035623	6.483	-1.11	1.896
1512420035637	6.569	-0.948	1.676
1512420035643	6.684	-0.976	1.513
1512420035653	6.866	-1.245	1.359
1512420035668	7.01	-1.608	1.245
1512420035673	7.173	-1.972	1.35
1512420035685	7.364	-2.174	1.474
1512420035698	7.709	-2.241	1.57
1512420035703	8.159	-2.288	1.685
1512420035713	8.571	-2.403	1.896
1512420035727	8.83	-2.461	2.154
1512420035733	8.887	-2.595	2.346
1512420035743	8.935	-2.7	2.691
1512420035754	9.031	-2.786	2.978
1512420035763	9.203	-2.796	3.313
1512420035773	9.347	-2.643	3.572
1512420035784	9.452	-2.413	3.802
1512420035793	9.557	-2.212	4.022
1512420035803	9.787	-2.059	4.175
1512420035817	10.084	-1.848	4.271
1512420035823	10.372	-1.637	4.242
1512420035833	10.573	-1.474	4.194
1512420035866	10.554	-1.254	4.175
1512420035875	10.41	-1.053	4.166
1512420035882	10.333	-0.89	4.099
1512420035888	10.419	-0.804	4.079
1512420035890	10.668	-0.814	4.079
1512420035895	10.87	-0.919	4.07
1512420035908	11.004	-1.034	4.051
1512420035913	11.013	-1.139	4.003
1512420035924	10.889	-1.206	3.926
1512420035936	10.726	-1.254	3.907
1512420035943	10.554	-1.292	3.926
1512420035953	10.448	-1.35	4.022
1512420035966	10.391	-1.388	4.041
1512420035973	10.372	-1.407	4.099
1512420035983	10.247	-1.446	4.127
1512420035995	10.008	-1.474	4.127
1512420036003	9.692	-1.474	4.108
1512420036013	9.356	-1.398	4.079
1512420036026	8.935	-1.254	3.984
1512420036033	8.878	-1.082	3.897
1512420036043	8.763	-0.871	3.83
1512420036056	8.638	-0.641	3.773
1512420036063	8.37	-0.478	3.744
1512420036073	8.427	-0.383	3.725
1512420036086	8.198	-0.335	3.687
1512420036093	8.083	-0.344	3.696
1512420036103	8.016	-0.325	3.706
1512420036116	7.939	-0.335	3.696
1512420036123	7.92	-0.325	3.696
1512420036147	8.016	-0.306	3.715
1512420036153	8.15	-0.086	3.706
1512420036163	8.274	0.047	3.658
1512420036180	8.418	0.229	3.572
1512420036183	8.485	0.325	3.495
1512420036194	8.514	0.363	3.438
1512420036204	8.485	0.373	3.38
1512420036213	8.475	0.354	3.419
1512420036224	8.523	0.344	3.486
1512420036240	8.542	0.363	3.639
1512420036243	8.447	0.411	3.869
1512420036254	8.188	0.488	4.089
1512420036266	7.786	0.593	4.242
1512420036273	7.326	0.689	4.405
1512420036290	6.953	0.766	4.539
1512420036294	6.751	0.785	4.635
1512420036303	6.981	0.699	4.692
1512420036318	7.939	0.574	4.664
1512420036323	9.376	0.478	4.616
1512420036333	11.004	0.383	4.568
1512420036343	12.354	0.392	4.568
1512420036356	12.852	0.565	4.568
1512420036363	12.21	0.814	4.721
1512420036373	10.917	1.024	5.008
1512420036386	9.701	1.168	5.286
1512420036393	8.878	1.273	5.439
1512420036407	8.399	1.283	5.449
1512420036422	8.13	1.283	5.286
1512420036423	7.929	1.312	5.008
1512420036433	7.776	1.455	4.75
1512420036446	7.652	1.676	4.52
1512420036453	7.652	1.925	4.357
1512420036463	7.7	2.068	4.3
1512420036473	7.795	2.116	4.338
1512420036493	7.92	2.02	4.606
1512420036506	7.968	1.867	4.731
1512420036513	8.035	1.685	4.836
1512420036524	8.111	1.513	4.826
1512420036536	8.207	1.369	4.778
1512420036543	8.312	1.254	4.702
1512420036553	8.399	1.225	4.597
1512420036568	8.447	1.292	4.558
1512420036573	8.485	1.398	4.462
1512420036583	8.447	1.541	4.376
1512420036597	8.389	1.695	4.328
1512420036603	8.341	1.752	4.3
1512420036613	8.437	1.8	4.213
1512420036626	8.648	1.819	4.252
1512420036633	8.887	1.838	4.185
1512420036643	9.059	1.848	4.156
1512420036660	9.165	1.857	4.223
1512420036663	9.117	1.896	4.204
1512420036673	9.012	1.877	4.242
1512420036689	8.887	1.838	4.357
1512420036693	8.791	1.762	4.357
1512420036706	8.686	1.628	4.673
1512420036714	8.619	1.513	4.625
1512420036733	8.542	1.407	4.702
1512420036741	8.389	1.359	4.817
1512420036747	8.236	1.321	5.018
1512420036755	8.121	1.292	4.98
1512420036763	7.996	1.264	5.095
1512420036779	7.929	1.177	5.037
1512420036785	7.939	1.149	4.999
1512420036794	7.939	1.139	4.913
1512420036807	8.006	1.149	4.826
1512420036813	8.303	1.197	4.798
1512420036824	8.456	1.273	4.75
1512420036837	8.772	1.35	4.692
1512420036843	8.801	1.465	4.644
1512420036853	8.83	1.532	4.549
1512420036868	8.715	1.608	4.424
1512420036873	8.552	1.666	4.3
1512420036883	8.494	1.704	4.194
1512420036896	8.466	1.752	4.079
1512420036903	8.38	1.743	3.955
1512420036913	8.341	1.561	3.917
1512420036926	8.38	1.656	3.945
1512420036933	8.437	1.637	4.041
1512420036943	8.475	1.618	4.156
1512420036958	8.523	1.608	4.309
1512420036963	8.533	1.599	4.415
1512420036974	8.504	1.532	4.52
1512420036989	8.475	1.484	4.635
1512420036993	8.408	1.426	4.721
1512420037005	8.418	1.407	4.798
1512420037020	8.408	1.436	4.798
1512420037023	8.447	1.484	4.807
1512420037035	8.466	1.541	4.75
1512420037049	8.485	1.561	4.664
1512420037053	8.475	1.57	4.558
1512420037067	8.456	1.561	4.491
1512420037073	8.447	1.57	4.462
1512420037084	8.456	1.551	4.453
1512420037095	8.485	1.513	4.501
1512420037106	8.561	1.494	4.51
1512420037113	8.6	1.522	4.482
1512420037123	8.561	1.532	4.434
1512420037136	8.504	1.522	4.338
1512420037143	8.466	1.494	4.242
1512420037165	8.418	1.455	4.185
1512420037167	8.389	1.359	4.127
1512420037179	8.408	1.273	4.118
1512420037188	8.408	1.149	4.108
1512420037198	8.408	1.053	4.108
1512420037203	8.341	0.948	4.127
1512420037215	8.284	0.833	4.175
1512420037228	8.265	0.766	4.233
1512420037233	8.255	0.747	4.28
1512420037243	8.312	0.689	4.319
1512420037256	8.38	0.651	4.338
1512420037263	8.437	0.574	4.28
1512420037273	8.533	0.545	4.309
1512420037286	8.581	0.507	4.309
1512420037293	8.638	0.517	4.338
1512420037303	8.676	0.565	4.405
1512420037319	8.715	0.632	4.415
1512420037323	8.782	0.718	4.415
1512420037335	8.858	0.804	4.434
1512420037349	8.954	0.861	4.482
1512420037353	9.031	0.928	4.501
1512420037365	9.031	0.909	4.51
1512420037380	8.954	0.861	4.434
1512420037383	8.906	0.814	4.357
1512420037395	8.916	0.794	4.328
1512420037410	8.954	0.794	4.242
1512420037413	9.012	0.814	4.213
1512420037425	9.05	0.804	4.175
1512420037440	9.069	0.775	4.233
1512420037443	9.136	0.756	4.185
1512420037456	9.251	0.756	4.319
1512420037471	9.385	0.785	4.319
1512420037473	9.557	0.794	4.338
1512420037486	9.787	0.814	4.405
1512420037503	9.835	0.756	4.386
1512420037515	9.797	0.794	4.204
1512420037530	9.634	0.794	3.955
1512420037533	9.596	0.622	4.031
1512420037545	9.979	0.277	4.213
1512420037560	9.921	-0.067	4.357
1512420037563	10.391	-0.383	4.501
1512420037575	10.458	-0.555	4.462
1512420037590	10.305	-0.632	4.405
1512420037621	9.931	-0.699	4.29
1512420037627	9.711	-0.928	4.099
1512420037632	9.72	-0.976	3.974
1512420037634	9.845	-1.245	3.869
1512420037635	10.027	-1.513	3.735
1512420037646	10.123	-1.81	3.62
1512420037653	10.132	-1.733	3.581
1512420037664	10.027	-1.771	3.505
1512420037673	9.921	-1.771	3.438
1512420037690	9.893	-1.838	3.313
1512420037697	10.103	-1.934	3.198
1512420037703	10.276	-1.963	3.083
1512420037713	10.266	-1.925	2.882
1512420037725	9.941	-1.81	2.767
1512420037733	9.318	-1.647	2.758
1512420037743	8.571	-1.561	2.777
1512420037753	7.91	-1.436	2.873
1512420037763	7.307	-1.187	2.949
1512420037773	6.953	-1.005	2.719
1512420037783	6.905	-1.101	2.47
1512420037793	6.866	-1.187	2.355
1512420037803	6.704	-1.216	2.403
1512420037813	6.483	-1.091	2.509
1512420037823	6.311	-0.919	2.672
1512420037833	6.234	-0.852	2.729
1512420037844	6.445	-1.11	2.672
1512420037853	6.876	-1.637	2.509
1512420037863	7.202	-2.241	2.432
1512420037876	7.383	-2.662	2.461
1512420037883	7.374	-2.758	2.432
1512420037893	7.412	-2.566	2.403
1512420037906	7.575	-2.164	2.365
1512420037913	7.872	-1.733	2.231
1512420037923	8.284	-1.398	2.068
1512420037936	8.734	-1.264	1.896
1512420037943	9.069	-1.302	1.8
1512420037953	9.251	-1.446	1.944
1512420037963	9.308	-1.599	2.135
1512420037973	9.27	-1.762	2.308
1512420037983	9.213	-1.8	2.48
1512420037993	9.203	-1.695	2.652
1512420038003	9.232	-1.647	2.796
1512420038013	9.328	-1.676	2.863
1512420038032	9.414	-1.704	3.035
1512420038044	9.5	-1.733	3.17
1512420038045	9.557	-1.695	3.275
1512420038055	9.701	-1.723	3.265
1512420038063	10.027	-1.762	3.265
1512420038078	10.381	-1.762	3.275
1512420038086	10.745	-1.637	3.17
1512420038093	11.09	-1.446	3.083
1512420038103	11.301	-1.264	3.045
1512420038114	11.425	-1.12	3.112
1512420038123	11.435	-1.024	3.246
1512420038133	11.463	-0.986	3.476
1512420038143	11.569	-0.928	3.706
1512420038153	11.664	-0.881	3.964
1512420038163	11.655	-0.861	4.166
1512420038176	11.444	-0.928	4.319
1512420038183	11.071	-0.986	4.434
1512420038193	10.621	-0.986	4.549
1512420038206	10.257	-0.928	4.539
1512420038213	9.893	-0.756	4.539
1512420038223	9.596	-0.565	4.348
1512420038236	8.916	-0.344	4.376
1512420038243	8.801	-0.162	4.376
1512420038253	8.36	0.019	4.175
1512420038267	7.632	0.153	4.166
1512420038273	7.632	0.249	4.031
1512420038283	7.355	0.287	3.926
1512420038296	6.866	0.306	3.869
1512420038303	6.866	0.287	3.802
1512420038313	6.924	0.316	3.802
1512420038327	7.211	0.306	3.782
1512420038333	7.977	0.344	3.715
1512420038343	8.868	0.411	3.524
1512420038356	9.854	0.469	3.313
1512420038363	10.515	0.469	3.122
1512420038373	10.735	0.363	3.045
1512420038386	10.486	0.047	3.131
1512420038393	9.969	-0.105	3.39
1512420038405	9.443	-0.028	3.725
1512420038421	9.261	-0.067	3.888
1512420038446	9.299	0.124	4.108
1512420038447	9.433	-0.028	4.261
1512420038447	9.605	-0.114	4.405
1512420038465	9.711	-0.201	4.52
1512420038467	9.749	-0.201	4.654
1512420038474	9.672	-0.076	4.683
1512420038487	9.529	0.076	4.711
1512420038495	9.318	0.172	4.778
1512420038508	9.079	0.22	4.798
1512420038513	8.753	0.277	4.874
1512420038529	8.408	0.277	4.913
1512420038538	8.13	0.306	4.98
1512420038543	7.862	0.325	4.989
1512420038553	7.709	0.316	5.142
1512420038567	7.642	0.325	5.123
1512420038576	7.7	0.344	5.085
1512420038592	7.843	0.411	4.989
1512420038600	7.996	0.545	4.826
1512420038603	8.188	0.651	4.606
1512420038613	8.36	0.747	4.415
1512420038627	8.475	0.785	4.3
1512420038633	8.504	0.852	4.137
1512420038643	8.504	0.89	4.031
1512420038655	8.475	0.919	4.031
1512420038663	8.475	0.967	4.003
1512420038674	8.552	0.996	4.012
1512420038685	8.657	1.043	4.012
1512420038693	8.763	1.024	3.945
1512420038703	8.868	0.919	3.955
1512420038719	8.973	0.775	4.031
1512420038723	9.002	0.641	4.031
1512420038733	8.935	0.555	4.223
1512420038746	8.791	0.584	4.328
1512420038753	8.638	0.612	4.501
1512420038765	8.504	0.699	4.606
1512420038775	8.447	0.794	4.731
1512420038783	8.447	0.948	4.846
1512420038793	8.437	1.264	4.922
1512420038808	8.408	1.541	4.654
1512420038813	8.37	1.637	4.711
1512420038823	8.36	1.608	4.731
1512420038835	8.37	1.474	4.711
1512420038843	8.341	1.292	4.769
1512420038855	8.312	1.12	4.846
1512420038865	8.226	1.005	4.893
1512420038873	8.111	0.948	4.865
1512420038904	8.063	0.89	4.846
1512420038910	8.083	0.871	4.683
1512420038912	8.169	0.823	4.683
1512420038915	8.332	0.766	4.654
1512420038934	8.456	0.67	4.673
1512420038937	8.437	0.507	4.644
1512420038946	8.38	0.411	4.529
1512420038957	8.389	0.44	4.233
1512420038963	8.485	0.632	4.271
1512420038974	8.581	0.852	4.166
1512420038985	8.667	1.063	4.099
1512420038993	8.667	1.177	4.099
1512420039003	8.763	1.292	4.29
1512420039016	9.107	1.522	4.386
1512420039023	9.107	1.407	4.52
1512420039036	9.232	1.474	4.635
1512420039046	9.146	1.522	4.664
1512420039053	8.887	1.522	4.731
1512420039065	8.619	1.436	4.788
1512420039078	8.322	1.149	4.788
1512420039083	8.322	1.206	4.807
1512420039093	8.437	1.13	4.865
1512420039105	8.581	1.053	4.913
1512420039117	8.763	1.053	4.903
1512420039123	8.734	1.13	4.836
1512420039135	8.533	1.225	4.74
1512420039143	8.341	1.254	4.635
1512420039153	8.226	1.024	4.539
1512420039165	8.226	1.063	4.51
1512420039173	8.351	0.785	4.549
1512420039183	8.514	0.871	4.529
1512420039196	8.609	0.976	4.462
1512420039203	8.609	1.024	4.443
1512420039213	8.561	1.063	4.376
1512420039227	8.466	1.034	4.348
1512420039233	8.427	1.015	4.338
1512420039243	8.418	0.938	4.376
1512420039257	8.437	0.881	4.462
1512420039263	8.466	0.842	4.577
1512420039273	8.447	0.766	4.654
1512420039288	8.341	0.67	4.702
1512420039293	8.188	0.584	4.702
1512420039304	8.016	0.507	4.683
1512420039338	7.939	0.411	4.683
1512420039339	7.996	0.306	4.721
1512420039348	8.054	0.277	4.769
1512420039352	8.102	0.325	4.855
1512420039355	8.188	0.421	4.836
1512420039366	8.332	0.536	4.846
1512420039379	8.504	0.67	4.903
1512420039383	8.667	0.833	4.932
1512420039406	8.657	1.13	4.654
1512420039413	8.571	1.264	4.472
1512420039423	8.561	1.312	4.357
1512420039437	8.581	1.302	4.386
1512420039443	8.6	1.312	4.482
1512420039453	8.6	1.254	4.759
1512420039466	8.504	1.082	5.066
1512420039473	8.38	0.794	5.152
1512420039498	8.255	0.402	4.874
1512420039499	8.312	0.134	4.597
1512420039504	8.418	-0.019	4.367
1512420039513	8.514	-0.076	4.185
1512420039528	8.6	-0.105	4.07
1512420039533	8.763	-0.009	4.022
1512420039543	8.935	0.172	4.051
1512420039557	8.983	0.363	4.137
1512420039563	8.897	0.526	4.204
1512420039573	8.667	0.536	4.233
1512420039604	8.437	0.43	4.223
1512420039754	8.245	0.249	4.3
1512420039755	8.284	0.124	4.367
1512420039755	8.494	0.172	4.367
1512420039756	8.849	0.335	4.386
1512420039756	9.194	0.67	4.434
1512420039757	9.222	1.101	4.348
1512420039757	8.954	1.369	4.041
1512420039758	8.734	1.149	3.859
1512420039759	8.657	0.727	3.936
1512420039760	8.667	0.296	4.079
1512420039760	8.638	0.076	4.261
1512420039761	8.667	-0.067	4.309
1512420039765	8.887	-1.513	4.549
1512420039773	8.753	-1.57	4.482
1512420039783	8.667	-1.465	4.348
1512420039796	9.088	-1.388	4.204
1512420039816	8.992	-1.321	4.031
1512420039823	9.069	-1.254	3.945
1512420039827	9.079	-1.13	3.917
1512420039843	9.021	-0.938	3.926
1512420039850	8.81	-0.699	3.897
1512420039859	8.925	-0.469	3.811
1512420039863	9.079	-0.335	3.658
1512420039873	9.155	-0.22	3.553
1512420039886	9.27	-0.201	3.514
1512420039937	9.347	-0.239	3.514
1512420039938	9.337	-0.354	3.543
1512420039938	9.27	-0.498	3.639
1512420039939	9.184	-0.679	3.706
1512420039940	9.107	-1.005	3.763
1512420039945	9.04	-1.149	3.869
1512420039953	9.059	-1.12	3.974
1512420039963	9.098	-1.254	4.031
1512420039977	9.174	-1.245	4.089
1512420039983	9.328	-1.177	4.041
1512420039993	9.462	-1.063	4.003
1512420040007	9.548	-0.938	3.945
1512420040013	9.51	-0.766	3.945
1512420040023	9.395	-0.593	3.955
1512420040036	9.318	-0.517	3.926
1512420040043	9.241	-0.459	3.917
1512420040053	9.174	-0.45	3.936
1512420040064	9.146	-0.44	3.926
1512420040073	9.136	-0.498	3.907
1512420040088	9.146	-0.545	3.878
1512420040098	9.107	-0.565	3.869
1512420040103	9.04	-0.603	3.83
1512420040117	8.916	-0.689	3.802
1512420040124	8.801	-0.775	3.802
1512420040133	8.648	-0.881	3.811
1512420040143	8.552	-0.938	3.773
1512420040157	8.667	-0.976	3.735
1512420040163	8.763	-0.996	3.706
1512420040173	8.849	-0.948	3.658
1512420040188	8.887	-0.852	3.581
1512420040193	8.906	-0.737	3.533
1512420040203	8.925	-0.574	3.533
1512420040219	8.973	-0.45	3.543
1512420040223	8.983	-0.316	3.601
1512420040249	8.983	-0.22	3.61
1512420040250	9.012	-0.162	3.581
1512420040261	9.088	-0.134	3.639
1512420040271	9.184	-0.076	3.744
1512420040274	9.222	-0.057	3.869
1512420040292	9.241	-0.105	3.936
1512420040293	9.261	-0.162	4.051
1512420040307	9.251	-0.22	4.108
1512420040313	9.27	-0.258	4.185
1512420040329	9.27	-0.306	4.29
1512420040343	9.28	-0.258	4.29
1512420040353	9.261	-0.22	4.271
1512420040364	9.194	-0.229	4.242
1512420040373	9.117	-0.21	4.204
1512420040383	9.031	-0.22	4.156
1512420040399	9.021	-0.201	4.099
1512420040413	9.031	-0.21	3.993
1512420040414	9.059	-0.201	3.917
1512420040429	9.117	-0.162	3.821
1512420040446	9.184	-0.105	3.744
1512420040447	9.194	-0.067	3.658
1512420040458	9.117	-0.086	3.648
1512420040463	9.05	-0.095	3.658
1512420040474	9.002	-0.114	3.639
1512420040488	9.012	-0.134	3.639
1512420040518	9.079	-0.124	3.735
1512420040520	9.098	-0.134	3.782
1512420040539	9.088	-0.143	3.83
1512420040543	9.04	-0.162	3.897
1512420040550	8.964	-0.162	3.955
1512420040564	8.964	-0.162	3.984
1512420040566	8.954	-0.134	4.012
1512420040575	8.973	-0.086	4.07
1512420040590	8.973	-0.038	3.16
1512420040600	9.96	0.067	3.064
1512420040619	8.954	0.047	3.15
1512420040623	8.6	-0.105	3.457
1512420040637	8.236	0.124	3.696
1512420040639	8.37	0.392	3.696
1512420040651	8.542	0.622	3.725
1512420040665	8.581	0.727	3.763
1512420040666	8.542	0.632	4.031
1512420040673	8.523	0.45	4.367
1512420040699	8.332	0.0	4.932
1512420040702	8.169	-0.306	5.688
1512420040706	8.178	-0.153	6.148
1512420040737	8.523	-0.019	5.19
1512420040739	9.768	-0.057	4.664
1512420040740	10.065	0.047	4.453
