timestamp	x	y	z
1511105646434	8.619	5.018	-0.708
1511105646435	8.667	4.932	-0.727
1511105646436	8.705	4.932	-0.737
1511105646521	8.715	4.884	-0.756
1511105646522	8.696	4.846	-0.756
1511105646523	8.657	4.807	-0.747
1511105646527	8.609	4.798	-0.679
1511105646528	8.6	4.788	-0.632
1511105646529	8.629	4.855	-0.632
1511105646531	8.619	4.932	-0.689
1511105646532	8.619	4.922	-0.737
1511105646575	8.619	4.951	-0.766
1511105646576	8.619	4.941	-0.814
1511105646577	8.648	4.893	-0.823
1511105646578	8.629	4.807	-0.775
1511105646579	8.609	4.75	-0.737
1511105646580	8.59	4.692	-0.699
1511105646583	8.6	4.711	-0.66
1511105646636	8.609	4.75	-0.66
1511105646679	8.609	4.778	-0.679
1511105646693	8.638	4.817	-0.699
1511105646694	8.696	4.865	-0.718
1511105646695	8.782	4.893	-0.766
1511105646695	8.82	4.893	-0.804
1511105646696	8.81	4.884	-0.766
1511105646697	8.839	4.855	-0.747
1511105646698	8.801	4.846	-0.699
1511105646698	8.772	4.826	-0.679
1511105646699	8.743	4.788	-0.66
1511105646710	8.715	4.807	-0.632
1511105646714	8.705	4.855	-0.699
1511105646723	8.715	4.874	-0.699
1511105646770	8.724	4.884	-0.689
1511105646772	8.715	4.865	-0.718
1511105646773	8.696	4.874	-0.708
1511105646774	8.619	4.865	-0.766
1511105646775	8.581	4.836	-0.747
1511105646781	8.561	4.798	-0.727
1511105646796	8.542	4.807	-0.737
1511105646816	8.542	4.798	-0.718
1511105646817	8.552	4.836	-0.718
1511105646824	8.59	4.836	-0.699
1511105646833	8.648	4.807	-0.699
1511105646841	8.657	4.807	-0.67
1511105646858	8.686	4.798	-0.66
1511105646862	8.724	4.807	-0.66
1511105646873	8.715	4.798	-0.689
1511105646884	8.724	4.836	-0.679
1511105646891	8.705	4.903	-0.651
1511105646901	8.686	4.999	-0.67
1511105646913	8.696	5.018	-0.67
1511105646921	8.715	4.989	-0.66
1511105646931	8.734	4.97	-0.66
1511105646946	8.715	4.903	-0.679
1511105646951	8.696	4.874	-0.679
1511105646961	8.667	4.817	-0.689
1511105646973	8.609	4.769	-0.689
1511105646981	8.59	4.759	-0.651
1511105646992	8.6	4.75	-0.727
1511105647003	8.609	4.798	-0.756
1511105647011	8.638	4.855	-0.756
1511105647021	8.667	4.865	-0.794
1511105647034	8.696	4.874	-0.766
1511105647041	8.657	4.865	-0.747
1511105647051	8.609	4.826	-0.718
1511105647063	8.552	4.788	-0.737
1511105647071	8.533	4.798	-0.842
1511105647081	8.533	4.788	-0.976
1511105647094	8.581	4.74	-0.986
1511105647101	8.619	4.673	-0.928
1511105647111	8.609	4.577	-0.842
1511105647123	8.542	4.51	-0.737
1511105647131	8.542	4.472	-0.632
1511105647141	8.542	4.453	-0.545
1511105647154	8.561	4.501	-0.574
1511105647161	8.6	4.769	-0.67
1511105647171	8.705	4.932	-0.794
1511105647183	8.782	4.922	-0.842
1511105647202	8.849	5.085	-0.871
1511105647202	8.858	5.104	-0.823
1511105647213	8.868	5.104	-0.766
1511105647222	8.82	5.123	-0.718
1511105647232	8.772	5.114	-0.651
1511105647245	8.734	5.095	-0.641
1511105647251	8.715	5.018	-0.632
1511105647262	8.696	4.951	-0.593
1511105647274	8.686	4.913	-0.641
1511105647281	8.667	4.922	-0.737
1511105647292	8.648	4.941	-0.823
1511105647304	8.619	4.913	-0.938
1511105647311	8.59	4.932	-0.996
1511105647321	8.561	4.903	-1.005
1511105647334	8.533	4.903	-0.957
1511105647341	8.533	4.893	-0.909
1511105647351	8.523	4.865	-0.881
1511105647364	8.504	4.846	-0.881
1511105647371	8.552	4.798	-0.89
1511105647381	8.552	4.778	-0.9
1511105647395	8.581	4.74	-0.871
1511105647401	8.571	4.74	-0.9
1511105647411	8.561	4.769	-0.909
1511105647424	8.542	4.798	-0.938
1511105647431	8.542	4.836	-1.005
1511105647441	8.561	4.846	-1.015
1511105647454	8.59	4.884	-0.996
1511105647461	8.629	4.941	-0.881
1511105647471	8.667	4.989	-0.833
1511105647484	8.686	5.028	-0.804
1511105647491	8.724	5.037	-0.756
1511105647501	8.753	4.999	-0.747
1511105647514	8.753	4.999	-0.756
1511105647521	8.743	5.028	-0.785
1511105647531	8.696	5.066	-0.804
1511105647544	8.667	5.056	-0.823
1511105647551	8.6	5.047	-0.842
1511105647561	8.571	5.056	-0.861
1511105647574	8.571	5.028	-0.909
1511105647581	8.552	4.98	-0.948
1511105647592	8.475	4.932	-0.9
1511105647609	8.38	4.884	-0.89
1511105647612	8.332	4.836	-0.881
1511105647625	8.322	4.826	-0.881
1511105647639	8.38	4.855	-0.861
1511105647641	8.485	4.913	-0.852
1511105647653	8.59	4.989	-0.842
1511105647665	8.629	5.037	-0.871
1511105647671	8.619	5.047	-0.89
1511105647685	8.542	5.037	-0.919
1511105647697	8.437	5.008	-0.766
1511105647701	8.37	4.96	-0.881
1511105647713	8.37	4.951	-0.651
1511105647729	8.485	5.008	-0.718
1511105647733	8.581	5.085	-0.651
1511105647745	8.629	5.162	-0.651
1511105647754	8.629	5.257	-0.852
1511105647761	8.648	5.353	-0.775
1511105647771	8.686	5.401	-0.996
1511105647784	8.657	5.42	-1.043
1511105647791	8.648	5.372	-1.053
1511105647801	8.59	5.305	-1.005
1511105647814	8.59	5.238	-0.957
1511105647821	8.581	5.19	-0.89
1511105647831	8.561	5.104	-0.842
1511105647844	8.552	5.028	-0.785
1511105647851	8.552	4.941	-0.747
1511105647864	8.629	4.826	-0.718
1511105647881	8.686	4.759	-0.632
1511105647891	8.753	4.731	-0.545
1511105647905	8.83	4.788	-0.555
1511105647911	8.868	5.018	-0.574
1511105647923	8.878	5.181	-0.66
1511105647936	8.945	5.238	-0.766
1511105647941	9.021	5.296	-0.775
1511105647952	9.002	5.286	-0.775
1511105647966	8.973	5.257	-0.861
1511105647971	8.916	5.238	-0.814
1511105647981	8.839	5.219	-0.794
1511105647995	8.734	5.162	-0.881
1511105648001	8.676	5.066	-1.024
1511105648011	8.696	4.893	-1.091
1511105648030	8.734	4.711	-0.976
1511105648032	8.858	4.577	-0.861
1511105648047	9.04	4.501	-0.632
1511105648057	9.002	4.51	-0.45
1511105648061	8.973	4.52	-0.373
1511105648072	8.992	4.568	-0.344
1511105648081	9.069	4.558	-0.392
1511105648091	9.194	4.51	-0.488
1511105648102	9.414	4.482	-0.612
1511105648111	9.529	4.453	-0.545
1511105648121	9.462	4.443	-0.411
1511105648131	9.385	4.434	-0.373
1511105648141	9.376	4.443	-0.392
1511105648152	9.404	4.424	-0.45
1511105648162	9.519	4.443	-0.43
1511105648171	9.672	4.462	-0.373
1511105648191	9.912	4.424	-0.296
1511105648201	10.008	4.386	-0.421
1511105648211	10.084	4.405	-0.383
1511105648222	10.18	4.482	-0.363
1511105648231	10.276	4.587	-0.249
1511105648241	10.314	4.731	-0.114
1511105648252	10.247	4.846	-0.009
1511105648261	10.113	4.96	0.114
1511105648271	9.816	5.028	0.153
1511105648281	9.423	5.047	0.0
1511105648291	9.05	5.008	-0.134
1511105648301	8.82	4.884	-0.344
1511105648311	8.791	4.788	-0.325
1511105648321	8.81	4.702	-0.383
1511105648331	8.858	4.635	-0.191
1511105648341	8.868	4.587	0.028
1511105648351	8.772	4.501	0.191
1511105648361	8.705	4.415	0.517
1511105648371	8.523	4.338	0.612
1511105648381	8.198	4.3	0.593
1511105648391	7.881	4.29	0.584
1511105648401	7.604	4.309	0.507
1511105648411	7.326	4.405	0.249
1511105648421	7.106	4.405	0.124
1511105648431	6.876	4.348	-0.296
1511105648450	6.55	4.079	-0.689
1511105648463	6.608	3.61	0.143
1511105648465	6.598	3.055	0.143
1511105648471	6.933	2.576	0.794
1511105648483	8.063	2.346	1.723
1511105648493	8.121	2.547	1.474
1511105648501	8.638	3.083	1.168
1511105648511	8.581	3.61	0.909
1511105648524	8.351	3.869	0.775
1511105648531	8.245	3.926	0.775
1511105648541	8.389	3.907	0.814
1511105648554	8.696	4.051	0.612
1511105648561	8.849	4.348	0.574
1511105648573	8.973	4.558	0.622
1511105648589	9.146	4.606	0.718
1511105648591	9.155	4.52	0.814
1511105648603	9.213	4.3	0.967
1511105648614	9.289	3.984	1.13
1511105648621	9.356	3.744	1.235
1511105648632	9.423	3.687	1.254
1511105648841	9.385	3.85	1.273
1511105648842	9.251	4.003	1.187
1511105648843	9.031	4.194	1.139
1511105648844	8.82	4.357	1.091
1511105648849	8.705	4.386	1.043
1511105648850	8.667	4.367	1.034
1511105648854	8.676	4.3	1.015
1511105648856	8.619	4.204	1.063
1511105648863	8.485	4.127	1.072
1511105648864	8.159	4.099	1.13
1511105648866	7.719	4.079	1.168
1511105648867	7.269	4.118	1.101
1511105648868	7.786	4.328	0.737
1511105648869	7.728	4.395	0.622
1511105648889	8.121	4.415	0.44
1511105648890	8.916	4.462	0.277
1511105648900	10.467	4.549	0.181
1511105648901	10.477	4.692	0.181
1511105648913	10.554	4.807	0.296
1511105648921	10.113	4.893	0.488
1511105648931	9.452	4.96	0.699
1511105648951	8.849	5.047	0.833
1511105648954	8.418	5.123	0.804
1511105648965	8.341	5.219	0.679
1511105648974	8.6	5.305	0.498
1511105648984	9.079	5.391	0.354
1511105648996	9.51	5.401	0.22
1511105649006	9.797	5.439	0.258
1511105649011	9.883	5.468	0.335
1511105649021	9.72	5.497	0.43
1511105649035	9.423	5.526	0.545
1511105649041	9.136	5.573	0.545
1511105649051	8.964	5.535	0.469
1511105649062	9.05	5.391	0.392
1511105649071	9.376	5.257	0.335
1511105649081	9.787	5.152	0.325
1511105649093	10.056	5.123	0.354
1511105649101	10.065	5.133	0.498
1511105649111	9.739	5.19	0.67
1511105649123	9.232	5.324	1.024
1511105649131	8.676	5.468	0.967
1511105649141	8.15	5.669	1.005
1511105649152	7.728	5.822	0.9
1511105649161	7.451	5.918	0.756
1511105649173	7.345	5.918	0.584
1511105649182	7.403	5.851	0.43
1511105649191	7.479	5.755	0.459
1511105649201	7.546	5.612	0.383
1511105649212	7.632	5.497	0.335
1511105649221	7.728	5.42	0.335
1511105649231	7.805	5.334	0.201
1511105649243	8.025	5.248	0.153
1511105649251	7.987	5.171	0.153
1511105649264	8.102	5.037	0.057
1511105649274	8.217	4.922	0.028
1511105649281	8.284	4.913	-0.201
1511105649291	8.255	4.989	-0.306
1511105649305	8.466	4.989	-0.296
1511105649311	8.772	4.874	-0.191
1511105649321	8.858	4.778	-0.057
1511105649334	8.945	4.903	0.105
1511105649341	8.964	4.817	0.114
1511105649359	9.117	4.893	0.114
1511105649361	9.05	5.075	0.45
1511105649377	8.676	5.171	0.574
1511105649388	8.121	4.96	0.737
1511105649396	7.709	5.037	0.919
1511105649401	7.642	5.19	0.909
1511105649411	7.853	5.305	0.747
1511105649423	8.198	5.487	0.488
1511105649431	8.552	5.602	0.22
1511105649441	8.686	5.602	0.124
1511105649453	8.533	5.487	0.172
1511105649461	8.332	5.296	0.277
1511105649471	8.14	5.037	0.45
1511105649483	8.111	4.731	0.545
1511105649491	8.236	4.51	0.459
1511105649501	8.399	4.405	0.306
1511105649513	8.59	4.367	0.249
1511105649521	8.772	4.443	0.172
1511105649531	8.916	4.558	0.086
1511105649543	8.858	4.654	0.124
1511105649551	8.696	4.75	0.124
1511105649561	8.552	4.855	0.134
1511105649574	8.466	4.98	0.191
1511105649609	8.466	5.123	0.134
1511105649610	8.494	5.315	-0.028
1511105649611	8.523	5.478	-0.316
1511105649612	8.533	5.631	-0.555
1511105649621	8.542	5.755	-0.574
1511105649634	8.638	5.889	-0.565
1511105649641	8.743	5.937	-0.459
1511105649651	8.676	6.033	-0.277
1511105649665	8.571	6.11	-0.191
1511105649671	8.485	6.234	-0.143
1511105649681	8.399	6.378	-0.181
1511105649693	8.217	6.474	-0.325
1511105649701	8.121	6.502	-0.517
1511105649711	8.14	6.407	-0.651
1511105649723	8.389	6.205	-0.679
1511105649731	8.59	5.899	-0.555
1511105649741	8.59	5.573	-0.373
1511105649755	8.542	5.286	-0.172
1511105649773	8.456	5.028	0.076
1511105649780	8.37	4.788	0.354
1511105649786	8.38	4.52	0.584
1511105649791	8.427	4.252	0.785
1511105649801	8.523	4.051	1.034
1511105649814	8.734	3.945	1.11
1511105649821	8.954	3.984	1.005
1511105649831	9.136	4.185	0.794
1511105649843	9.596	4.529	0.344
1511105649851	9.376	4.884	0.287
1511105649861	9.404	5.104	0.0
1511105649878	9.376	5.277	-0.067
1511105649883	9.174	5.286	0.047
1511105649891	9.04	5.181	0.249
1511105649905	8.935	5.104	-0.076
1511105649911	9.04	5.171	-0.076
1511105649921	9.222	5.2	-0.249
1511105649934	9.127	5.171	-0.143
1511105649941	9.174	5.2	-0.383
1511105649951	9.261	5.229	-0.44
1511105649964	9.203	5.114	-0.095
1511105649971	9.222	4.893	-0.095
1511105649981	9.5	4.597	0.201
1511105649994	9.874	4.319	0.584
1511105650001	10.247	4.108	0.737
1511105650011	10.333	3.993	0.689
1511105650024	10.18	3.821	0.526
1511105650031	9.998	3.62	0.536
1511105650042	9.289	3.438	0.392
1511105650055	8.992	3.486	0.22
1511105650061	8.782	3.744	0.21
1511105650071	8.37	4.089	-0.22
1511105650086	8.092	4.731	-0.66
1511105650091	8.044	5.334	-0.794
1511105650102	8.466	5.535	-0.948
1511105650116	9.04	5.679	-0.593
1511105650121	8.715	5.344	-0.306
1511105650131	8.303	4.74	0.067
1511105650144	8.303	4.664	0.258
1511105650151	8.801	4.577	0.45
1511105650161	9.002	4.118	0.679
1511105650181	9.098	3.572	0.842
1511105650187	9.261	3.352	1.015
1511105650196	8.715	3.17	1.139
1511105650229	8.025	3.093	1.13
1511105650327	7.853	3.457	0.66
1511105650510	8.054	3.706	0.287
1511105650511	8.198	3.447	0.181
1511105650512	8.542	3.294	0.296
1511105650513	9.05	3.524	0.153
1511105650513	8.897	3.553	0.019
1511105650514	8.38	3.198	0.22
1511105650515	8.284	3.083	0.143
1511105650516	8.619	3.342	0.114
1511105650517	8.667	3.639	-0.114
1511105650518	8.293	3.438	0.201
1511105650519	8.456	3.208	0.536
1511105650520	8.734	3.342	0.699
1511105650521	9.835	3.562	0.593
1511105650522	9.912	3.572	0.603
1511105650535	10.103	3.466	0.881
1511105650541	9.471	3.38	0.871
1511105650553	9.098	3.332	0.814
1511105650569	8.696	3.38	0.679
1511105650582	8.734	3.61	0.603
1511105650599	8.782	3.658	0.095
1511105650650	8.696	3.792	0.191
1511105650691	8.504	4.156	-0.105
1511105650692	8.724	4.28	-0.114
1511105650693	8.561	4.213	0.076
1511105650693	8.188	4.137	0.009
1511105650694	7.939	4.06	0.181
1511105650694	8.016	3.964	0.383
1511105650695	8.217	3.802	0.536
1511105650696	8.533	3.639	0.632
1511105650696	8.973	3.476	0.766
1511105650717	9.261	3.294	0.938
1511105650749	9.241	3.083	0.967
1511105650751	9.538	3.217	1.015
1511105650752	10.075	3.352	0.66
1511105650753	10.391	3.553	0.718
1511105650753	10.103	3.763	0.545
1511105650775	9.759	3.936	0.469
1511105650784	9.376	4.127	0.536
1511105650787	8.906	4.3	0.699
1511105650795	8.303	4.482	0.881
1511105650804	8.083	4.673	0.967
1511105650817	8.025	4.798	0.967
1511105650831	7.987	4.798	0.919
1511105650833	7.862	4.74	0.986
1511105650842	8.13	4.759	0.909
1511105650853	8.265	4.759	0.67
1511105650870	8.514	4.769	0.651
1511105650871	8.849	4.999	0.66
1511105650886	8.973	4.913	0.708
1511105650892	8.763	5.056	0.737
1511105650901	8.427	5.018	0.871
1511105650912	8.073	4.999	0.766
1511105650925	8.035	5.018	0.679
1511105650931	8.274	5.047	0.9
1511105650942	8.629	5.209	0.909
1511105650956	9.069	5.257	0.66
1511105650961	9.395	5.142	0.488
1511105650971	9.538	4.999	0.651
1511105650987	9.672	4.788	1.043
1511105650991	9.73	4.846	1.426
1511105651001	9.567	5.123	1.369
1511105651015	9.136	5.449	1.206
1511105651021	8.609	5.784	1.043
1511105651031	8.083	6.043	0.9
1511105651044	7.747	6.205	0.861
1511105651051	7.604	6.34	0.881
1511105651061	7.518	6.426	0.871
1511105651075	7.508	6.387	0.833
1511105651081	7.47	6.273	0.814
1511105651091	7.47	6.205	0.747
1511105651104	7.518	6.081	0.66
1511105651111	7.585	5.899	0.641
1511105651121	7.728	5.755	0.632
1511105651136	7.891	5.688	0.651
1511105651141	7.929	5.564	0.469
1511105651151	8.15	5.411	0.488
1511105651166	8.293	5.238	0.507
1511105651185	8.494	5.152	0.498
1511105651187	8.629	5.085	0.507
1511105651191	8.715	5.056	0.488
1511105651201	8.753	5.085	0.507
1511105651212	8.782	5.152	0.478
1511105651226	8.763	5.267	0.478
1511105651232	8.648	5.344	0.459
1511105651244	8.571	5.382	0.459
1511105651258	8.485	5.411	0.411
1511105651261	8.274	5.458	0.335
1511105651273	8.236	5.458	0.565
1511105651284	8.159	5.583	0.498
1511105651291	8.025	5.727	0.421
1511105651304	7.958	5.87	0.316
1511105651315	8.025	5.966	0.316
1511105651321	7.776	5.842	0.239
1511105651331	7.7	5.803	0.268
1511105651344	7.824	5.621	0.153
1511105651351	7.652	5.506	0.067
1511105651361	7.69	5.181	0.239
1511105651376	7.671	5.018	0.402
1511105651381	8.006	4.951	0.344
1511105651391	8.667	4.855	0.555
1511105651405	9.184	5.181	0.363
1511105651411	8.925	5.612	0.143
1511105651422	8.763	5.727	0.22
1511105651434	8.37	5.66	0.43
1511105651441	8.284	5.583	0.526
1511105651451	8.6	5.42	0.584
1511105651465	8.849	5.286	0.67
1511105651471	8.83	5.305	0.66
1511105651481	8.743	5.391	0.861
1511105651495	9.002	5.411	0.881
1511105651501	9.012	5.372	0.699
1511105651511	8.916	5.401	0.67
1511105651527	8.849	5.372	0.622
1511105651531	8.245	5.171	0.641
1511105651541	7.067	4.865	0.498
1511105651557	8.188	4.769	0.172
1511105651561	8.858	5.372	0.373
1511105651590	8.878	5.286	0.44
1511105651610	8.542	5.114	0.373
1511105651611	8.293	5.047	0.565
1511105651618	8.245	5.085	0.775
1511105651624	8.408	5.171	0.909
1511105651635	8.322	4.855	0.967
1511105651644	8.255	4.711	0.699
1511105651654	8.59	4.846	0.488
1511105651665	8.83	4.893	0.545
1511105651673	8.916	4.673	0.641
1511105651681	9.155	4.98	0.45
1511105651693	9.519	5.344	0.344
1511105651705	9.49	5.248	0.498
1511105651711	9.376	5.066	0.488
1511105651722	9.002	4.884	0.632
1511105651750	9.155	4.683	0.919
1511105651751	8.226	4.625	0.708
1511105651752	8.581	4.999	0.191
1511105651766	9.059	5.468	-0.162
1511105651771	9.347	5.382	-0.335
1511105651782	9.519	5.123	-0.373
1511105651791	9.567	4.884	-0.383
1511105651801	9.308	4.874	-0.344
1511105651812	9.356	5.008	-0.114
1511105651825	9.49	4.922	0.296
1511105651831	9.241	4.75	0.335
1511105651841	8.849	4.644	0.335
1511105651851	8.849	4.673	0.344
1511105651861	9.318	4.625	0.708
1511105651873	9.395	4.434	1.053
1511105651882	9.347	4.194	1.101
1511105651891	9.414	4.012	1.225
1511105651904	9.328	3.85	1.187
1511105651919	9.059	3.715	1.082
1511105651921	8.906	3.83	0.957
1511105651934	9.021	4.089	0.785
1511105651945	8.763	4.146	0.641
1511105651955	8.13	4.194	0.373
1511105651965	8.169	4.405	-0.095
1511105651973	8.14	4.491	-0.44
1511105651982	8.226	4.395	-0.622
1511105651993	8.437	4.271	-0.593
1511105652023	8.638	4.213	-0.526
1511105652026	8.571	4.108	-0.354
1511105652037	8.447	3.917	0.009
1511105652040	8.514	3.85	0.229
1511105652043	8.427	3.821	0.316
1511105652051	8.37	3.773	0.392
1511105652061	8.341	3.668	0.44
1511105652071	8.475	3.677	0.392
1511105652084	8.715	3.715	0.344
1511105652091	8.83	3.696	0.43
1511105652101	8.964	3.763	0.498
1511105652112	8.897	3.83	0.296
1511105652121	8.763	3.84	0.191
1511105652131	8.734	3.792	0.086
1511105652141	8.82	3.83	-0.009
1511105652151	8.935	3.735	0.047
1511105652161	9.05	3.782	0.038
1511105652172	9.136	3.811	0.047
1511105652181	9.088	3.821	0.124
1511105652191	9.069	3.754	0.239
1511105652203	9.136	3.754	0.411
1511105652211	9.059	3.869	0.344
1511105652221	8.763	3.83	0.22
1511105652234	8.791	3.869	0.287
1511105652241	9.136	3.897	0.019
1511105652251	9.136	3.792	0.086
1511105652264	9.27	3.725	0.057
1511105652271	9.768	3.763	0.114
1511105652281	9.605	3.725	0.181
1511105652293	9.605	3.629	0.296
1511105652301	9.462	3.601	0.402
1511105652311	9.49	3.543	0.421
1511105652323	9.366	3.572	0.641
1511105652331	9.194	3.352	0.172
1511105652341	8.935	3.399	0.038
1511105652353	8.897	3.553	0.181
1511105652361	8.916	3.495	0.316
1511105652371	8.868	3.725	0.296
1511105652383	8.887	4.252	-0.076
1511105652391	8.657	4.405	-0.086
1511105652402	8.475	4.175	0.067
1511105652432	8.6	4.041	0.095
1511105652442	8.81	3.964	0.162
1511105652444	9.127	3.897	0.344
1511105652445	9.27	3.897	0.478
1511105652455	9.174	3.993	0.421
1511105652464	9.059	4.06	0.373
1511105652472	9.002	4.146	0.316
1511105652481	9.261	4.28	0.421
1511105652491	9.605	4.204	0.66
1511105652502	9.395	3.974	0.66
1511105652511	8.945	3.802	0.737
1511105652521	8.504	3.811	0.718
1511105652532	8.217	3.917	0.766
1511105652541	8.188	4.031	0.708
1511105652554	7.996	4.079	0.565
1511105652565	7.556	4.06	0.43
1511105652571	7.575	4.089	0.258
1511105652581	7.843	4.242	0.162
1511105652592	8.13	4.386	0.143
1511105652601	8.332	4.51	0.095
1511105652611	8.303	4.606	0.028
1511105652623	8.111	4.664	0.095
1511105652631	7.987	4.798	0.0
1511105652641	8.054	4.664	0.009
1511105652654	8.389	4.654	0.067
1511105652661	8.782	4.731	0.019
1511105652671	9.107	4.721	0.134
1511105652684	9.452	4.616	0.335
1511105652691	9.548	4.443	0.756
1511105652701	9.232	4.395	0.986
1511105652714	8.772	4.529	1.015
1511105652721	8.418	4.692	0.852
1511105652731	8.37	4.941	0.718
1511105652744	8.408	5.133	0.517
1511105652751	8.504	5.334	0.258
1511105652761	8.6	5.468	0.22
1511105652774	8.533	5.497	0.316
1511105652781	8.523	5.516	0.536
1511105652791	8.504	5.487	0.699
1511105652804	8.245	5.458	0.747
1511105652811	7.834	5.535	0.823
1511105652842	7.527	5.602	0.727
1511105652844	7.441	5.593	0.507
1511105652847	7.795	5.497	0.258
1511105652854	8.59	5.382	-0.057
1511105652871	9.51	5.257	-0.201
1511105652876	10.534	5.066	-0.373
1511105652887	11.444	4.884	-0.43
1511105652907	11.799	4.817	-0.44
1511105652908	11.607	4.836	0.019
1511105652921	10.86	4.932	0.354
1511105652929	9.931	5.075	0.689
1511105652973	9.184	5.286	0.909
1511105652974	8.667	5.458	1.005
1511105652975	8.389	5.64	0.928
1511105652976	8.255	5.765	0.928
1511105652977	8.121	5.794	0.612
1511105652982	7.977	5.717	0.421
1511105652991	7.939	5.66	0.354
1511105653002	7.91	5.679	0.354
1511105653014	7.92	5.727	0.335
1511105653021	7.853	5.746	0.258
1511105653031	7.795	5.66	0.191
1511105653044	7.786	5.526	0.162
1511105653074	8.016	5.315	0.095
1511105653075	8.312	5.104	0.047
1511105653075	8.59	4.874	-0.086
1511105653081	8.782	4.692	-0.229
1511105653093	8.887	4.587	-0.296
1511105653102	8.954	4.491	-0.21
1511105653111	8.935	4.434	-0.114
1511105653121	8.858	4.462	0.086
1511105653132	8.648	4.836	-0.047
1511105653141	8.38	4.922	-0.402
1511105653163	8.322	5.018	-0.536
1511105653164	8.466	4.893	-0.411
1511105653171	8.6	4.778	-0.162
1511105653183	8.581	4.846	0.009
1511105653192	8.408	5.056	0.105
1511105653201	8.207	5.267	0.105
1511105653211	8.102	5.439	0.114
1511105653222	8.102	5.564	0.172
1511105653249	8.111	5.64	0.191
1511105653253	8.083	5.669	0.172
1511105653256	8.083	5.727	0.019
1511105653262	8.217	5.803	-0.181
1511105653271	8.322	5.842	-0.114
1511105653285	8.437	5.755	-0.105
1511105653291	8.609	5.65	-0.105
1511105653301	8.81	5.535	-0.076
1511105653312	8.945	5.478	0.067
1511105653321	8.964	5.497	0.076
1511105653331	8.887	5.468	0.076
1511105653343	8.743	5.363	0.201
1511105653351	8.6	5.229	0.268
1511105653361	8.523	5.19	0.325
1511105653375	8.561	5.248	0.201
1511105653381	8.494	5.353	0.172
1511105653392	8.341	5.487	0.191
1511105653402	8.188	5.583	0.268
1511105653411	8.121	5.698	0.296
1511105653421	8.111	5.822	0.239
1511105653433	8.044	5.928	0.191
1511105653442	7.968	5.995	0.191
1511105653451	7.929	6.033	0.162
1511105653463	7.939	5.985	0.201
1511105653471	8.063	5.889	0.268
1511105653483	8.178	5.736	0.249
1511105653497	8.14	5.593	0.363
1511105653501	7.977	5.42	0.469
1511105653511	7.853	5.286	0.565
1511105653554	7.814	5.219	0.603
1511105653555	7.786	5.229	0.517
1511105653556	7.738	5.296	0.402
1511105653556	7.757	5.334	0.296
1511105653561	7.872	5.353	0.258
1511105653589	7.977	5.315	0.277
1511105653590	7.968	5.267	0.335
1511105653594	7.901	5.219	0.383
1511105653601	7.843	5.142	0.44
1511105653612	7.862	5.104	0.44
1511105653621	8.016	5.133	0.478
1511105653631	8.226	5.248	0.498
1511105653650	8.341	5.411	0.344
1511105653688	8.399	5.573	0.344
1511105653689	8.418	5.621	0.172
1511105653689	8.456	5.612	0.057
1511105653690	8.561	5.497	-0.019
1511105653695	8.743	5.334	-0.047
1511105653704	9.146	5.133	-0.153
1511105653711	9.146	4.951	-0.153
1511105653721	9.356	4.893	0.057
1511105653733	9.5	4.96	0.095
1511105653741	9.5	5.037	0.095
1511105653751	9.395	5.085	0.105
1511105653763	9.117	5.037	0.143
1511105653771	9.222	4.941	0.162
1511105653781	9.213	4.798	0.181
1511105653794	9.184	4.683	0.153
1511105653801	9.184	4.587	0.067
1511105653811	9.337	4.558	0.076
1511105653824	9.481	4.597	0.134
1511105653831	9.596	4.721	0.134
1511105653841	9.682	4.865	0.105
1511105653853	9.692	4.989	0.095
1511105653861	9.672	5.085	0.162
1511105653871	9.567	5.142	0.229
1511105653886	9.414	5.171	0.268
1511105653891	9.203	5.142	0.258
1511105653901	9.098	5.162	0.239
1511105653916	9.002	5.238	0.172
1511105653921	8.925	5.296	0.047
1511105653932	8.772	5.344	-0.105
1511105653946	8.609	5.296	-0.316
1511105653951	8.447	5.171	-0.43
1511105653961	8.312	4.941	-0.545
1511105653976	8.169	4.654	-0.612
1511105653981	8.073	4.28	-0.584
1511105653991	8.025	3.945	-0.507
1511105654006	8.063	3.696	-0.45
1511105654011	8.255	3.553	-0.363
1511105654021	8.504	3.61	-0.153
1511105654037	8.609	3.782	0.229
1511105654041	8.504	3.83	0.43
1511105654075	8.322	3.878	0.469
1511105654081	8.226	3.917	0.287
1511105654084	8.188	4.012	0.172
1511105654086	8.178	4.156	0.105
1511105654098	8.236	4.386	-0.047
1511105654101	8.332	4.616	-0.162
1511105654113	8.427	4.807	-0.181
1511105654133	8.504	4.922	-0.105
1511105654135	8.533	4.865	-0.162
1511105654143	8.494	4.711	-0.153
1511105654154	8.427	4.51	-0.076
1511105654161	8.418	4.357	0.162
1511105654171	8.437	4.252	0.287
1511105654183	8.475	4.146	0.229
1511105654191	8.581	4.06	0.181
1511105654201	8.772	4.012	0.181
1511105654213	8.954	4.041	0.201
1511105654221	9.059	4.079	0.201
1511105654231	9.069	4.108	0.201
1511105654246	8.983	4.127	0.191
1511105654251	8.887	4.156	0.201
1511105654262	8.791	4.213	0.21
1511105654277	8.753	4.3	0.22
1511105654281	8.734	4.424	0.229
1511105654292	8.734	4.539	0.181
1511105654306	8.743	4.577	0.086
1511105654311	8.791	4.558	0.105
1511105654322	8.82	4.472	0.143
1511105654337	8.82	4.367	0.191
1511105654341	8.782	4.252	0.172
1511105654352	8.763	4.175	0.191
1511105654367	8.791	4.175	0.124
1511105654371	8.763	4.261	0.095
1511105654382	8.648	4.395	0.076
1511105654397	8.561	4.51	0.0
1511105654401	8.466	4.558	-0.086
1511105654412	8.408	4.558	-0.047
1511105654427	8.447	4.472	0.181
1511105654431	8.485	4.367	0.181
1511105654442	8.466	4.28	0.411
1511105654457	8.37	4.252	0.402
1511105654490	8.198	4.28	0.402
1511105654510	7.977	4.338	0.296
1511105654513	7.719	4.424	0.114
1511105654517	7.47	4.52	-0.134
1511105654525	7.364	4.568	-0.316
1511105654527	7.441	4.587	-0.363
1511105654530	7.977	4.587	-0.383
1511105654532	8.303	4.577	-0.268
1511105654542	8.427	4.577	-0.172
1511105654551	8.418	4.577	-0.124
1511105654563	8.063	4.597	-0.287
1511105654578	8.006	4.597	-0.402
1511105654581	8.035	4.549	-0.402
1511105654591	8.456	4.443	-0.277
1511105654605	9.117	4.271	-0.057
1511105654611	9.749	4.137	0.21
1511105654621	10.18	4.06	0.411
1511105654634	10.237	4.252	0.526
1511105654641	9.931	4.357	0.632
1511105654651	9.481	4.491	0.622
1511105654667	9.059	4.606	0.584
1511105654671	8.772	4.798	0.498
1511105654682	8.657	5.037	0.488
1511105654697	8.705	5.277	0.622
1511105654701	8.648	5.612	0.402
1511105654712	8.418	5.909	-0.181
1511105654727	8.37	5.899	-0.593
1511105654731	8.427	5.64	-0.622
1511105654743	8.341	5.363	-0.392
1511105654757	8.092	5.19	-0.258
1511105654761	7.862	5.075	-0.268
1511105654772	7.862	5.037	-0.354
1511105654787	8.14	4.951	-0.459
1511105654791	8.619	4.846	-0.565
1511105654803	9.088	4.711	-0.622
1511105654817	9.385	4.587	-0.574
1511105654821	9.423	4.482	-0.402
1511105654833	9.366	4.415	-0.201
1511105654847	9.299	4.395	-0.028
1511105654851	9.232	4.367	0.076
1511105654863	9.261	4.415	0.114
1511105654894	9.404	4.568	0.086
1511105654904	9.644	4.826	-0.057
1511105654907	9.921	5.2	-0.354
1511105654910	10.218	5.458	-0.737
1511105654912	10.496	5.506	-0.842
1511105654927	10.611	5.506	-0.632
1511105654941	10.419	5.573	-0.383
1511105654942	9.864	5.794	-0.22
1511105654953	9.184	5.976	-0.057
1511105654967	8.561	6.11	0.124
1511105654971	8.063	6.158	0.172
1511105654982	7.728	6.158	0.181
1511105654997	7.575	6.091	0.057
1511105655001	7.585	5.928	-0.153
1511105655011	7.719	5.612	-0.316
1511105655024	7.853	5.305	-0.43
1511105655031	7.843	5.018	-0.526
1511105655045	7.824	4.807	-0.612
1511105655054	7.853	4.798	-0.612
1511105655061	7.92	4.817	-0.89
1511105655071	8.111	4.654	-1.024
1511105655091	8.36	4.462	-0.957
1511105655092	8.657	4.28	-0.89
1511105655103	8.945	4.137	-0.565
1511105655118	9.117	4.041	-0.507
1511105655121	9.184	4.003	-0.373
1511105655135	9.127	4.031	-0.153
1511105655147	9.127	4.118	-0.153
1511105655151	9.107	4.367	-0.124
1511105655163	9.05	4.692	-0.287
1511105655179	9.021	5.047	-0.268
1511105655182	9.031	5.411	-0.689
1511105655194	9.194	5.688	-0.536
1511105655203	9.088	5.87	-0.344
1511105655211	8.609	6.043	-0.153
1511105655223	8.169	6.196	-0.162
1511105655235	8.073	6.167	-0.201
1511105655241	8.255	5.956	-0.43
1511105655251	8.475	5.717	-0.411
1511105655269	8.619	5.478	-0.603
1511105655274	8.801	5.219	-0.612
1511105655305	8.715	4.999	-0.536
1511105655309	8.715	4.903	-0.574
1511105655312	8.753	4.836	-0.526
1511105655321	8.705	4.778	-0.402
1511105655323	8.782	4.731	-0.402
1511105655337	8.897	4.692	-0.402
1511105655341	8.973	4.616	-0.363
1511105655353	9.002	4.577	-0.325
1511105655361	9.002	4.721	-0.296
1511105655378	8.887	4.606	-0.296
1511105655381	8.763	4.826	-0.134
1511105655391	8.676	4.96	-0.009
1511105655403	8.676	5.085	0.009
1511105655417	8.743	5.305	-0.076
1511105655421	8.782	5.631	-0.22
1511105655431	8.791	5.928	-0.469
1511105655441	8.696	6.177	-0.881
1511105655451	8.494	6.196	-1.225
1511105655461	8.236	5.947	-1.513
1511105655471	8.236	5.458	-1.273
1511105655482	8.456	4.778	-0.536
1511105655491	8.849	4.137	0.478
1511105655507	9.337	3.754	1.015
1511105655511	9.768	3.773	1.024
1511105655522	9.969	4.06	0.833
1511105655532	10.017	4.395	0.517
1511105655541	9.95	4.683	0.134
1511105655553	9.778	4.865	-0.038
1511105655561	9.692	4.941	-0.114
1511105655571	9.567	4.893	-0.229
1511105655585	9.366	4.846	-0.373
1511105655591	9.232	4.836	-0.526
1511105655602	9.165	4.817	-0.67
1511105655614	9.05	4.759	-0.718
1511105655621	8.964	4.74	-0.641
1511105655631	8.839	4.702	-0.574
1511105655644	8.676	4.654	-0.478
1511105655651	8.504	4.529	-0.373
1511105655661	8.073	4.482	-0.507
1511105655675	7.987	4.434	-0.411
1511105655681	8.265	4.185	-0.229
1511105655717	8.475	4.166	-0.268
1511105655728	8.561	4.146	-0.459
1511105655736	8.753	4.089	-0.287
1511105655744	8.973	4.022	-0.22
1511105655746	9.05	3.955	-0.057
1511105655750	8.878	3.84	0.076
1511105655752	8.648	3.687	0.153
1511105655764	8.399	3.533	0.258
1511105655771	8.399	3.466	0.296
1511105655781	8.81	3.505	0.086
1511105655793	9.155	3.601	0.181
1511105655801	8.83	3.581	0.134
1511105655811	8.38	3.648	0.057
1511105655822	8.121	3.773	-0.067
1511105655831	8.054	4.003	-0.095
1511105655841	9.232	4.348	-0.459
1511105655851	9.538	5.075	-0.737
1511105655861	8.427	5.037	-0.651
1511105655871	8.016	4.635	-0.22
1511105655883	7.814	4.012	0.306
1511105655891	7.757	3.486	0.45
1511105655901	8.265	3.093	0.584
1511105655912	8.667	2.949	0.593
1511105655921	9.184	3.112	0.287
1511105655931	9.778	3.15	0.162
1511105655945	9.337	3.217	0.038
1511105655958	9.337	3.361	-0.114
1511105655963	9.232	3.601	0.162
1511105655971	8.83	3.802	0.105
1511105655981	8.743	3.964	-0.114
1511105655991	8.897	4.06	0.038
1511105656001	9.069	3.974	0.057
1511105656011	9.012	3.878	-0.019
1511105656021	8.82	3.802	0.0
1511105656035	8.782	3.601	0.114
1511105656041	8.935	3.476	0.239
1511105656051	9.136	3.428	0.43
1511105656064	9.299	3.505	0.335
1511105656071	9.548	3.466	0.201
1511105656081	9.586	3.591	0.153
1511105656095	9.481	3.342	0.143
1511105656127	9.395	3.476	0.325
1511105656132	9.328	3.39	0.536
1511105656143	8.973	3.62	0.526
1511105656145	8.59	3.466	0.632
1511105656149	8.571	3.361	0.727
1511105656152	8.686	3.581	0.584
1511105656162	8.954	4.252	0.306
1511105656173	8.667	4.472	0.277
1511105656185	8.245	4.252	0.373
1511105656196	8.36	4.367	0.229
1511105656202	8.676	4.472	0.268
1511105656214	8.475	4.367	0.392
1511105656221	8.37	4.28	0.565
1511105656231	8.322	4.328	0.699
1511105656243	8.351	4.367	0.67
1511105656251	8.341	4.194	0.689
1511105656261	8.485	4.118	0.708
1511105656271	8.782	4.3	0.689
1511105656281	9.04	4.491	0.363
1511105656291	9.241	4.405	0.095
1511105656302	9.232	4.185	-0.009
1511105656311	9.04	3.955	0.057
1511105656321	8.868	3.639	0.047
1511105656334	8.973	3.38	0.172
1511105656354	9.49	3.275	0.344
1511105656356	9.548	3.227	0.517
1511105656366	9.107	2.93	0.584
1511105656371	9.069	2.978	0.517
1511105656382	8.849	3.476	0.086
1511105656394	9.136	3.878	-0.411
1511105656401	9.376	3.61	-0.641
1511105656411	9.222	3.466	-0.622
1511105656423	8.81	3.447	-0.45
1511105656431	8.724	3.524	0.067
1511105656441	8.724	3.84	0.268
1511105656452	8.111	4.395	0.105
1511105656461	8.102	4.846	0.201
1511105656471	7.968	4.96	0.201
1511105656484	8.274	4.855	0.478
1511105656491	8.427	4.711	0.794
1511105656501	8.437	4.683	1.063
1511105656537	8.332	4.798	1.005
1511105656546	8.715	4.913	0.928
1511105656549	9.567	4.846	0.948
1511105656551	10.247	4.539	0.804
1511105656552	11.013	4.261	0.718
1511105656564	11.904	4.242	0.66
1511105656575	12.402	4.415	0.612
1511105656581	12.038	4.673	0.555
1511105656598	11.655	5.066	0.565
1511105656603	10.659	5.583	0.536
1511105656611	9.529	5.631	0.517
1511105656621	8.293	5.324	0.517
1511105656634	7.987	5.114	0.421
1511105656641	8.025	5.075	0.421
1511105656651	7.91	5.363	0.344
1511105656663	7.316	5.372	0.191
1511105656672	7.125	5.267	-0.047
1511105656685	7.144	5.391	-0.335
1511105656692	7.393	5.497	-0.239
1511105656701	7.92	5.526	-0.287
1511105656711	8.332	5.209	0.162
1511105656722	8.437	4.644	0.22
1511105656731	8.389	4.338	0.43
1511105656741	9.079	4.252	0.593
1511105656752	9.969	4.213	0.555
1511105656761	9.692	4.079	0.43
1511105656771	9.644	4.022	0.383
1511105656784	10.611	4.108	0.603
1511105656791	10.85	4.252	0.708
1511105656802	10.103	4.204	0.354
1511105656815	9.51	4.089	0.43
1511105656821	8.82	4.079	0.373
1511105656832	8.245	4.328	0.21
1511105656845	7.575	4.175	0.258
1511105656851	7.489	3.601	0.21
1511105656863	8.341	3.974	-0.067
1511105656879	9.04	4.52	-0.21
1511105656911	8.648	4.932	-0.651
1511105656912	8.245	5.257	-0.632
1511105656916	8.226	5.162	-0.201
1511105656922	7.958	5.133	0.0
1511105656958	8.217	4.999	0.363
1511105656960	8.198	4.798	0.584
1511105656962	8.236	4.577	0.574
1511105656966	8.571	4.491	0.565
1511105656974	8.973	4.367	0.603
1511105656990	9.366	4.348	0.536
1511105656992	9.356	4.29	0.373
1511105657002	9.213	4.271	0.268
1511105657011	9.596	4.376	0.459
1511105657025	10.084	4.424	0.641
1511105657031	9.605	4.568	0.507
1511105657045	8.983	4.788	0.172
1511105657055	8.188	4.788	0.105
1511105657061	7.393	4.051	0.402
1511105657071	7.24	3.486	0.277
1511105657082	8.169	3.687	-0.181
1511105657097	8.992	4.146	-0.249
1511105657101	9.241	4.367	-0.249
1511105657114	9.366	4.625	-0.517
1511105657121	9.433	5.142	-0.89
1511105657135	9.059	5.353	-0.948
1511105657142	8.925	5.056	-0.354
1511105657151	8.542	4.798	0.086
1511105657161	8.533	4.798	0.249
1511105657174	8.753	4.731	0.565
1511105657183	9.213	4.826	0.928
1511105657191	9.596	4.932	0.967
1511105657202	9.299	4.817	0.66
1511105657211	8.964	4.683	0.344
1511105657221	9.299	4.673	0.44
1511105657233	10.056	4.855	0.593
1511105657241	9.711	4.884	0.498
1511105657252	8.696	4.941	0.124
1511105657266	7.939	4.731	-0.057
1511105657284	7.288	4.031	0.114
1511105657286	7.211	3.648	0.038
1511105657296	8.274	3.744	-0.172
1511105657301	8.868	4.099	-0.172
1511105657312	9.414	4.233	-0.335
1511105657342	9.778	4.893	-1.11
1511105657344	9.778	4.846	-1.11
1511105657390	9.768	4.913	-0.881
1511105657391	9.577	4.587	-0.469
1511105657392	9.289	4.156	-0.239
1511105657393	9.194	3.926	0.009
1511105657394	9.567	3.859	0.325
1511105657395	10.065	3.936	0.517
1511105657402	10.113	3.888	0.536
1511105657419	9.921	3.888	-0.009
1511105657421	9.921	3.984	-0.009
1511105657435	9.95	3.945	0.009
1511105657443	10.056	3.878	0.181
1511105657451	10.448	3.639	0.181
1511105657462	10.065	3.648	0.402
1511105657473	9.605	3.821	0.66
1511105657481	9.625	4.003	0.842
1511105657491	9.146	3.754	0.996
1511105657503	8.897	3.189	0.191
1511105657512	8.696	4.089	-0.43
1511105657527	8.36	4.874	-0.948
1511105657534	8.159	5.296	-1.225
1511105657546	7.968	5.497	-1.369
1511105657557	7.891	5.458	-1.302
1511105657569	8.035	5.257	-1.149
1511105657572	8.245	4.884	-0.89
1511105657582	8.494	3.945	-0.603
1511105657598	8.705	3.457	-0.229
1511105657601	8.973	3.179	0.095
1511105657615	9.213	2.786	0.287
1511105657632	9.366	2.882	0.316
1511105657634	9.423	2.978	0.363
1511105657648	9.385	3.16	0.43
1511105657657	9.337	3.371	0.45
1511105657663	9.251	3.61	0.335
1511105657671	9.155	3.878	0.249
1511105657685	9.04	4.156	0.095
1511105657691	8.983	4.376	-0.134
1511105657701	8.964	4.51	-0.325
1511105657716	8.964	4.558	-0.459
1511105657721	9.021	4.472	-0.651
1511105657731	9.05	4.357	-0.651
1511105657742	9.069	4.261	-0.622
1511105657784	8.964	4.175	-0.517
1511105657787	8.82	4.166	-0.344
1511105657788	8.782	4.099	-0.306
1511105657789	8.801	4.031	-0.258
1511105657792	8.715	3.974	-0.21
1511105657811	8.609	3.859	-0.057
1511105657814	8.542	3.811	0.134
1511105657824	8.466	3.792	0.086
1511105657831	8.456	3.773	-0.114
1511105657841	8.648	3.706	-0.411
1511105657853	8.983	3.591	-0.536
1511105657867	9.27	3.447	-0.498
1511105657871	9.28	3.265	-0.411
1511105657881	9.117	3.093	-0.249
1511105657895	8.973	2.978	-0.124
1511105657901	8.868	2.959	-0.143
1511105657911	8.858	3.035	-0.239
1511105657923	8.887	3.208	-0.44
1511105657931	8.906	3.332	-0.641
1511105657941	8.992	3.428	-0.622
1511105657953	9.098	3.505	-0.45
1511105657961	9.194	3.553	-0.229
1511105657982	9.289	3.581	-0.047
1511105657996	9.366	3.591	0.038
1511105657997	9.376	3.562	0.076
1511105658002	9.328	3.591	0.067
1511105658024	9.184	3.668	-0.019
1511105658025	9.05	3.735	-0.181
1511105658031	8.916	3.754	-0.258
1511105658044	8.791	3.725	-0.296
1511105658051	8.724	3.696	-0.316
1511105658061	8.696	3.658	-0.316
1511105658074	8.657	3.648	-0.363
1511105658081	8.648	3.648	-0.44
1511105658091	8.676	3.648	-0.545
1511105658104	8.743	3.629	-0.622
1511105658111	8.82	3.572	-0.603
1511105658136	8.897	3.543	-0.536
1511105658137	9.012	3.524	-0.43
1511105658142	9.098	3.514	-0.306
1511105658151	9.127	3.553	-0.162
1511105658169	9.098	3.648	0.086
1511105658175	9.002	3.782	0.086
1511105658196	8.858	3.945	0.143
1511105658197	8.676	4.127	0.134
1511105658202	8.533	4.271	0.076
1511105658211	8.427	4.376	0.038
1511105658228	8.322	4.443	0.009
1511105658231	8.217	4.482	-0.076
1511105658242	7.958	4.434	-0.201
1511105658287	7.843	4.424	-0.325
1511105658288	7.68	4.386	-0.383
1511105658289	7.479	4.415	-0.574
1511105658289	7.489	4.453	-0.785
1511105658294	7.575	4.462	-0.967
1511105658301	7.834	4.434	-1.082
1511105658315	8.111	4.386	-1.13
1511105658321	8.341	4.28	-1.101
1511105658332	8.494	3.974	-1.005
1511105658344	8.581	3.821	-0.996
1511105658351	8.782	3.811	-0.833
1511105658361	8.935	3.878	-0.756
1511105658374	9.079	4.099	-1.063
1511105658381	9.51	4.041	-1.283
1511105658391	10.084	3.83	-1.053
1511105658407	10.735	3.821	-0.747
1511105658411	11.444	3.964	-0.536
1511105658422	12.124	4.194	-0.277
1511105658434	12.622	4.357	0.047
1511105658441	12.919	4.405	0.469
1511105658451	12.9	4.501	0.766
1511105658464	12.641	4.721	0.823
1511105658494	12.201	5.114	0.881
1511105658495	11.636	5.727	0.938
1511105658496	10.927	6.474	0.928
1511105658508	10.17	7.192	0.679
1511105658513	9.385	7.719	0.354
1511105658524	8.724	7.872	0.019
1511105658531	8.159	7.604	-0.239
1511105658541	7.728	7.029	-0.469
1511105658554	7.364	6.253	-0.689
1511105658561	7.087	5.506	-0.766
1511105658579	6.885	4.893	-0.785
1511105658586	6.818	4.434	-0.775
1511105658594	6.866	4.156	-0.919
1511105658602	7.048	3.782	-1.168
1511105658618	7.278	3.323	-1.264
1511105658621	7.518	2.901	-1.206
1511105658632	7.786	2.624	-1.158
1511105658646	8.102	2.509	-1.177
1511105658667	8.408	2.528	-1.216
1511105658668	8.686	2.604	-1.216
1511105658672	8.945	2.672	-1.101
1511105658681	9.251	2.825	-0.861
1511105658691	9.548	3.083	-0.651
1511105658705	9.759	3.39	-0.469
1511105658711	9.854	3.763	-0.354
1511105658721	9.826	4.146	-0.21
1511105658735	9.711	4.549	-0.105
1511105658741	9.577	5.008	-0.019
1511105658751	9.404	5.478	-0.019
1511105658765	9.251	5.87	-0.067
1511105658771	9.136	6.205	-0.124
1511105658781	9.021	6.368	-0.21
1511105658795	8.887	6.33	-0.258
1511105658801	8.743	6.062	-0.316
1511105658812	8.629	5.688	-0.363
1511105658825	8.514	5.19	-0.402
1511105658831	8.399	4.711	-0.421
1511105658841	8.312	4.357	-0.421
1511105658851	8.322	4.079	-0.459
1511105658861	8.408	3.869	-0.536
1511105658871	8.494	3.744	-0.632
1511105658881	8.552	3.696	-0.66
1511105658891	8.561	3.687	-0.66
1511105658901	8.542	3.696	-0.478
1511105658915	8.533	3.715	-0.574
1511105658921	8.619	3.782	-0.545
1511105658931	8.734	3.907	-0.469
1511105658941	8.858	4.089	-0.306
1511105658951	8.973	4.28	-0.354
1511105658964	9.155	4.52	-0.325
1511105658978	9.155	4.75	-0.296
1511105659010	9.165	5.008	-0.316
1511105659018	9.146	5.171	-0.373
1511105659019	9.299	5.248	-0.373
1511105659020	9.471	5.257	-0.421
1511105659022	9.644	5.19	-0.469
1511105659036	9.739	5.075	-0.565
1511105659047	9.893	4.865	-0.612
1511105659053	10.046	4.625	-0.536
1511105659061	10.123	4.348	-0.488
1511105659071	10.084	4.166	-0.555
1511105659084	10.065	3.897	-0.689
1511105659097	10.036	3.974	-0.632
1511105659101	9.95	3.945	-0.478
1511105659111	9.826	3.974	-0.229
1511105659121	9.663	4.031	-0.067
1511105659131	9.5	4.022	-0.067
1511105659141	9.471	3.964	-0.172
1511105659151	9.577	3.955	-0.392
1511105659163	9.72	4.041	-0.565
1511105659173	9.845	4.242	-0.574
1511105659181	9.854	4.482	-0.488
1511105659191	9.625	4.702	-0.469
1511105659201	9.318	4.798	-0.45
1511105659211	9.05	4.692	-0.45
1511105659221	8.858	4.453	-0.354
1511105659233	8.954	4.146	-0.277
1511105659241	9.385	3.926	-0.277
1511105659251	9.797	3.878	-0.354
1511105659263	9.941	3.897	-0.354
1511105659271	9.816	3.917	-0.143
1511105659283	9.51	3.83	0.076
1511105659294	9.127	3.706	0.325
1511105659301	8.81	3.505	0.421
1511105659311	8.638	3.284	0.469
1511105659325	8.705	3.112	0.383
1511105659331	9.002	3.102	0.134
1511105659341	9.452	3.275	-0.181
1511105659354	9.912	3.505	-0.459
1511105659361	10.017	3.696	-0.775
1511105659375	9.653	3.763	-0.919
1511105659384	9.136	3.687	-0.775
1511105659417	8.686	3.486	-0.459
1511105659424	8.38	3.256	-0.22
1511105659433	8.226	3.064	-0.009
1511105659435	8.303	2.968	0.076
1511105659437	8.408	2.921	0.095
1511105659442	8.437	2.93	0.124
1511105659451	8.399	3.035	0.201
1511105659461	8.38	3.179	0.354
1511105659474	8.341	3.265	0.373
1511105659490	8.236	3.313	0.44
1511105659494	8.15	3.323	0.44
1511105659501	8.178	3.313	0.421
1511105659511	8.312	3.294	0.411
1511105659521	8.408	3.246	0.402
1511105659534	8.504	3.16	0.306
1511105659541	8.581	3.055	0.229
1511105659551	8.676	2.988	0.22
1511105659562	8.81	2.882	0.162
1511105659571	8.964	2.806	0.277
1511105659581	9.088	2.844	0.22
1511105659591	9.155	2.863	0.124
1511105659601	9.337	2.834	0.143
1511105659611	9.443	2.739	0.258
1511105659622	9.404	2.652	0.325
1511105659631	9.308	2.614	0.421
1511105659645	9.241	2.643	0.565
1511105659653	9.289	2.662	0.584
1511105659661	9.395	2.758	0.574
1511105659671	9.5	2.94	0.555
1511105659682	9.557	3.198	0.526
1511105659691	9.538	3.533	0.526
1511105659701	9.462	3.821	0.287
1511105659712	9.308	4.089	0.22
1511105659721	9.337	4.137	0.287
1511105659731	9.644	4.031	0.306
1511105659744	9.749	3.754	0.316
1511105659751	9.749	3.763	0.354
1511105659761	9.701	3.639	0.459
1511105659774	9.557	3.38	0.574
1511105659781	9.318	3.476	0.67
1511105659791	9.002	3.419	0.747
1511105659824	8.619	3.514	0.766
1511105659826	8.217	3.668	0.737
1511105659834	7.843	3.773	0.66
1511105659836	7.575	3.725	0.488
1511105659854	7.498	3.83	0.335
1511105659855	7.642	3.725	0.143
1511105659865	7.92	3.62	0.009
1511105659871	8.14	3.562	-0.162
1511105659881	8.274	3.466	-0.258
1511105659892	8.312	3.332	-0.191
1511105659901	8.284	3.217	-0.172
1511105659911	8.217	3.131	-0.162
1511105659923	8.207	3.016	-0.143
1511105659931	8.255	2.921	-0.134
1511105659941	8.447	2.882	-0.124
1511105659954	8.743	2.901	-0.162
1511105659961	9.069	3.016	-0.181
1511105659971	9.308	3.131	-0.268
1511105659981	9.49	3.256	-0.335
1511105659991	9.538	3.332	-0.277
1511105660001	9.49	3.409	-0.181
1511105660011	9.385	3.486	-0.114
1511105660021	9.443	3.562	-0.086
1511105660031	9.701	3.648	-0.038
1511105660046	10.161	3.735	0.038
1511105660051	10.649	3.83	0.134
1511105660062	10.86	3.993	0.296
1511105660074	10.688	4.261	0.517
1511105660081	10.094	4.577	0.689
1511105660092	9.289	4.932	0.89
1511105660105	8.533	5.19	0.842
1511105660111	8.092	5.372	0.632
1511105660122	8.169	5.478	0.354
1511105660135	8.763	5.583	0.076
1511105660141	9.586	5.717	-0.153
1511105660152	10.333	5.822	-0.287
1511105660165	10.774	5.822	-0.335
1511105660171	10.908	5.746	-0.268
1511105660182	10.697	5.631	-0.258
1511105660196	10.333	5.631	-0.258
1511105660201	9.835	5.746	-0.277
1511105660233	9.385	5.947	-0.296
1511105660238	9.059	6.081	-0.344
1511105660240	8.82	6.033	-0.316
1511105660243	8.542	5.794	-0.172
1511105660263	8.274	5.506	0.028
1511105660264	8.035	5.229	0.162
1511105660273	7.92	4.97	0.277
1511105660286	7.91	4.75	0.402
1511105660291	7.92	4.625	0.421
1511105660301	7.987	4.635	0.363
1511105660313	8.102	4.731	0.191
1511105660321	8.188	4.807	0.067
1511105660331	8.217	4.788	0.019
1511105660343	8.188	4.778	0.0
1511105660351	8.159	4.75	-0.047
1511105660361	8.121	4.731	-0.086
1511105660372	8.13	4.664	-0.153
1511105660381	8.159	4.606	-0.172
1511105660391	8.265	4.568	-0.402
1511105660402	8.437	4.587	-0.306
1511105660411	8.581	4.654	-0.373
1511105660421	8.763	4.75	-0.383
1511105660436	8.868	4.817	-0.287
1511105660441	8.945	4.893	-0.124
1511105660451	8.945	4.97	-0.057
1511105660465	8.686	5.047	0.047
1511105660471	8.581	5.047	0.229
1511105660481	8.619	4.97	0.335
1511105660495	8.37	4.999	0.373
1511105660501	8.447	5.085	0.306
1511105660511	8.456	5.257	0.124
1511105660525	8.466	5.43	-0.047
1511105660531	8.456	5.535	-0.124
1511105660542	8.485	5.315	-0.153
1511105660555	8.494	5.133	-0.114
1511105660561	8.494	4.788	-0.114
1511105660572	8.542	4.702	-0.124
1511105660585	8.59	4.453	-0.076
1511105660591	8.619	4.29	0.0
1511105660601	8.696	4.223	0.038
1511105660618	8.724	4.242	0.009
1511105660652	8.743	4.28	-0.076
1511105660657	8.81	4.309	-0.143
1511105660664	8.83	4.357	-0.162
1511105660666	8.849	4.386	-0.143
1511105660682	8.849	4.482	-0.172
1511105660686	8.839	4.616	-0.239
1511105660689	8.868	4.769	-0.258
1511105660695	8.906	4.913	-0.239
1511105660707	8.954	5.018	-0.258
1511105660711	9.012	5.104	-0.22
1511105660721	9.002	5.123	-0.22
1511105660743	8.983	5.085	-0.172
1511105660745	8.954	4.98	-0.086
1511105660751	8.897	4.903	-0.009
1511105660764	8.878	4.874	0.095
1511105660771	8.887	4.932	0.114
1511105660781	8.916	5.056	0.076
1511105660794	8.878	5.114	-0.028
1511105660801	8.801	5.123	-0.095
1511105660811	8.724	5.028	-0.105
1511105660823	8.619	4.989	-0.114
1511105660831	8.552	5.018	-0.287
1511105660841	8.609	5.095	-0.45
1511105660856	8.763	5.267	-0.67
1511105660861	8.868	5.372	-0.957
1511105660871	8.935	5.171	-1.091
1511105660886	8.868	4.702	-0.938
1511105660891	8.772	4.156	-0.67
1511105660902	8.782	3.706	-0.402
1511105660916	8.839	3.332	-0.143
1511105660921	8.945	3.045	0.047
1511105660931	9.059	2.911	0.153
1511105660946	9.289	2.988	0.134
1511105660951	9.548	3.265	-0.047
1511105660961	9.778	3.572	-0.268
1511105660975	9.969	3.811	-0.392
1511105660981	10.027	3.955	-0.45
1511105660991	9.931	4.031	-0.45
1511105661006	9.72	4.022	-0.411
1511105661011	9.443	4.07	-0.344
1511105661022	9.232	4.137	-0.268
1511105661055	9.165	4.28	-0.258
1511105661064	9.203	4.491	-0.268
1511105661067	9.27	4.702	-0.363
1511105661070	9.251	4.846	-0.44
1511105661074	9.146	4.932	-0.459
1511105661083	9.002	4.96	-0.507
1511105661094	8.878	4.932	-0.526
1511105661101	8.782	4.913	-0.545
1511105661111	8.81	4.98	-0.689
1511105661124	8.897	5.085	-0.804
1511105661137	9.107	5.142	-0.785
1511105661147	9.768	5.095	-0.833
1511105661156	9.768	4.932	-0.679
1511105661161	9.969	4.587	-0.43
1511105661171	9.96	4.166	-0.105
1511105661184	9.797	3.706	0.095
1511105661199	9.615	3.093	0.095
1511105661201	9.768	3.198	-0.019
1511105661213	10.094	3.189	-0.268
1511105661221	10.209	3.256	-0.44
1511105661236	10.008	3.342	-0.383
1511105661245	9.653	3.438	-0.191
1511105661251	9.261	3.524	0.019
1511105661261	8.858	3.61	0.201
1511105661276	8.523	3.687	0.191
1511105661292	8.399	3.926	0.038
1511105661294	8.485	4.079	-0.153
1511105661306	8.715	4.051	-0.344
1511105661311	8.983	4.28	-0.469
1511105661321	9.117	4.175	-0.536
1511105661337	9.079	4.003	-0.536
1511105661341	8.878	3.735	-0.277
1511105661352	8.696	3.457	0.095
1511105661366	8.475	3.189	0.277
1511105661373	8.312	2.988	0.411
1511105661383	8.217	2.921	0.344
1511105661396	8.121	2.921	0.162
1511105661401	8.025	2.94	0.057
1511105661412	7.92	2.968	-0.124
1511105661427	7.805	3.026	-0.268
1511105661431	7.671	3.15	-0.402
1511105661462	7.594	3.15	-0.43
1511105661468	7.69	3.16	-0.45
1511105661472	7.939	3.179	-0.469
1511105661478	8.217	3.189	-0.574
1511105661484	8.514	3.131	-0.593
1511105661491	8.81	3.045	-0.498
1511105661504	9.031	2.968	-0.411
1511105661516	9.241	2.93	-0.162
1511105661521	9.376	3.026	0.124
1511105661533	9.376	3.102	0.268
1511105661545	9.567	2.911	0.411
1511105661551	9.95	2.796	0.565
1511105661562	10.419	2.844	0.373
1511105661573	10.688	3.189	0.239
1511105661581	10.611	3.505	-0.067
1511105661591	10.17	3.639	-0.306
1511105661604	9.682	3.581	-0.181
1511105661611	9.289	3.543	0.105
1511105661621	8.916	3.581	0.373
1511105661636	8.561	3.706	0.478
1511105661641	8.274	3.878	0.44
1511105661652	8.063	4.051	0.268
1511105661665	8.063	4.137	-0.009
1511105661671	8.303	4.031	-0.21
1511105661682	8.648	3.85	-0.392
1511105661695	8.973	3.668	-0.507
1511105661701	9.117	3.505	-0.459
1511105661711	9.059	3.361	-0.335
1511105661725	8.763	3.275	-0.019
1511105661731	8.351	3.284	0.009
1511105661741	8.006	3.371	0.019
1511105661757	7.949	3.428	-0.134
1511105661761	8.198	3.476	-0.134
1511105661773	8.686	3.505	-0.335
1511105661788	9.289	3.486	-0.612
1511105661791	9.768	3.457	-0.612
1511105661803	10.027	3.39	-0.565
1511105661818	10.008	3.332	-0.162
1511105661821	9.807	3.284	-0.162
1511105661834	9.5	3.323	0.162
1511105661848	9.318	3.332	0.076
1511105661890	9.328	3.39	0.076
1511105661900	9.49	3.476	-0.057
1511105661902	9.644	3.581	-0.258
1511105661904	9.73	3.754	-0.488
1511105661906	9.634	4.003	-0.584
1511105661907	9.414	4.28	-0.565
1511105661922	9.127	4.501	-0.651
1511105661922	9.069	4.51	-0.727
1511105661939	9.261	4.482	-0.718
1511105661941	10.046	4.453	-0.708
1511105661958	10.716	4.386	-0.622
1511105661966	11.128	4.271	-0.45
1511105661971	11.684	4.108	-0.153
1511105661984	11.607	3.888	0.191
1511105661996	11.425	3.744	0.421
1511105662001	11.119	3.744	0.498
1511105662011	10.707	3.984	0.536
1511105662025	10.247	4.376	0.411
1511105662031	9.759	5.497	0.181
1511105662041	9.328	5.87	0.047
1511105662055	8.897	6.186	-0.124
1511105662061	8.552	6.493	-0.268
1511105662072	8.284	6.617	-0.335
1511105662089	8.083	6.675	-0.335
1511105662091	7.92	6.617	-0.296
1511105662105	7.824	6.502	-0.277
1511105662117	7.805	6.301	-0.277
1511105662124	7.814	5.947	-0.335
1511105662134	7.891	5.506	-0.383
1511105662147	7.977	5.008	-0.402
1511105662151	8.044	4.577	-0.469
1511105662164	8.13	4.204	-0.545
1511105662179	8.236	3.926	-0.632
1511105662182	8.351	3.696	-0.689
1511105662194	8.523	3.581	-0.699
1511105662209	8.743	3.591	-0.689
1511105662211	8.916	3.648	-0.612
1511105662224	8.973	3.754	-0.469
1511105662232	8.878	3.878	-0.258
1511105662241	8.667	4.003	-0.076
1511105662255	8.427	4.146	0.076
1511105662311	8.255	4.338	0.201
1511105662314	8.14	4.625	0.258
1511105662317	8.073	4.941	0.249
1511105662319	8.063	5.296	0.181
1511105662322	8.006	5.631	0.038
1511105662323	7.949	5.956	-0.153
1511105662328	7.958	6.167	-0.325
1511105662339	7.881	6.234	-0.421
1511105662346	7.929	6.129	-0.354
1511105662353	8.159	5.928	-0.383
1511105662361	8.332	5.727	-0.603
1511105662378	8.504	5.42	-0.689
1511105662382	8.696	5.066	-0.574
1511105662391	8.906	4.683	-0.344
1511105662404	9.002	4.348	-0.191
1511105662418	8.973	4.031	-0.009
1511105662421	8.858	3.782	0.114
1511105662431	8.801	3.725	0.143
1511105662446	8.897	3.945	0.028
1511105662451	9.012	4.328	-0.239
1511105662461	9.031	4.692	-0.43
1511105662471	8.964	4.941	-0.526
1511105662481	8.849	5.047	-0.498
1511105662492	8.724	5.095	-0.383
1511105662501	8.657	5.056	-0.239
1511105662511	8.609	5.056	-0.095
1511105662524	8.6	5.066	0.028
1511105662539	8.638	5.104	0.095
1511105662541	8.667	5.123	0.038
1511105662555	8.715	5.162	-0.21
1511105662561	8.715	5.171	-0.21
1511105662571	8.657	5.181	-0.258
1511105662585	8.427	5.095	-0.296
1511105662591	8.427	5.028	-0.143
1511105662601	8.37	4.941	-0.277
1511105662615	8.571	4.893	-0.239
1511105662622	8.523	4.893	-0.229
1511105662632	8.6	4.903	-0.296
1511105662645	8.791	4.846	-0.268
1511105662651	8.791	4.759	-0.287
1511105662661	8.916	4.664	-0.296
1511105662712	9.174	4.51	-0.296
1511105662714	9.328	4.51	-0.316
1511105662721	9.471	4.491	-0.287
1511105662731	9.548	4.501	-0.258
1511105662733	9.51	4.52	-0.181
1511105662735	9.356	4.52	-0.134
1511105662736	9.174	4.338	-0.038
1511105662748	9.031	4.405	0.028
1511105662754	9.002	4.328	-0.028
1511105662764	9.107	4.443	-0.143
1511105662771	9.356	4.328	-0.277
1511105662786	9.605	4.597	-0.411
1511105662797	9.883	4.568	-0.526
1511105662801	10.065	4.587	-0.526
1511105662819	10.113	4.539	-0.43
1511105662825	10.036	4.482	-0.239
1511105662831	9.826	4.338	-0.028
1511105662841	9.625	4.156	0.124
1511105662852	9.577	4.022	0.105
1511105662861	9.653	3.984	0.028
1511105662871	9.749	4.089	-0.086
1511105662881	9.854	4.261	-0.191
1511105662891	9.835	4.395	-0.277
1511105662901	9.682	4.453	-0.258
1511105662912	9.366	4.405	-0.172
1511105662921	8.983	4.29	0.009
1511105662931	8.59	4.146	0.277
1511105662943	8.274	3.993	0.488
1511105662951	8.121	3.917	0.67
1511105662961	8.159	3.878	0.66
1511105662975	8.312	3.888	0.565
1511105662981	8.552	3.917	0.43
1511105662991	8.83	3.945	0.268
1511105663005	9.04	3.964	0.124
1511105663011	9.079	3.897	0.086
1511105663021	9.031	3.821	0.057
1511105663035	8.992	3.782	0.047
1511105663041	8.954	3.735	0.028
1511105663051	8.983	3.744	0.028
1511105663066	9.059	3.763	-0.047
1511105663071	9.194	3.821	-0.057
1511105663114	9.299	3.926	-0.019
1511105663123	9.213	4.041	0.009
1511105663127	8.964	4.127	0.134
1511105663129	8.6	4.185	0.296
1511105663131	8.207	4.213	0.411
1511105663131	7.92	4.185	0.526
1511105663165	7.901	4.166	0.459
1511105663166	8.083	4.137	0.306
1511105663179	8.274	4.089	0.181
1511105663182	8.351	4.003	0.134
1511105663191	8.341	3.85	0.086
1511105663213	8.236	3.38	0.134
1511105663221	8.284	3.131	0.191
1511105663231	8.408	2.94	0.229
1511105663244	8.533	2.815	0.268
1511105663251	8.638	2.7	0.344
1511105663261	8.763	2.7	0.392
1511105663274	8.935	2.786	0.363
1511105663281	9.04	2.93	0.287
1511105663291	9.174	3.122	0.22
1511105663303	9.328	3.38	0.095
1511105663311	9.414	3.62	0.095
1511105663321	9.443	3.85	0.076
1511105663334	9.012	4.089	0.249
1511105663350	8.609	4.462	0.287
1511105663352	8.609	4.462	0.44
1511105663363	7.776	4.568	0.498
1511105663371	7.776	4.673	0.344
1511105663381	7.546	4.673	0.392
1511105663393	7.719	4.625	0.21
1511105663401	7.719	4.568	0.038
1511105663411	7.996	4.472	-0.076
1511105663425	8.552	4.213	-0.201
1511105663439	8.552	4.223	-0.201
1511105663442	8.581	4.089	-0.153
1511105663453	8.389	3.869	-0.067
1511105663461	8.188	3.869	-0.028
1511105663471	8.073	3.802	-0.057
1511105663485	8.169	3.744	-0.086
1511105663491	8.389	3.744	-0.143
1511105663501	8.696	3.754	-0.153
1511105663531	8.945	3.888	-0.181
1511105663539	9.098	4.041	-0.143
1511105663543	9.031	4.099	-0.095
1511105663544	8.83	4.204	-0.009
1511105663551	8.6	4.3	0.124
1511105663562	8.37	4.443	0.258
1511105663575	8.13	4.606	0.114
1511105663581	8.006	4.759	-0.047
1511105663591	8.111	4.836	-0.21
1511105663603	8.447	4.98	-0.536
1511105663611	9.002	5.047	-0.641
1511105663621	9.653	5.056	-0.392
1511105663636	10.123	5.114	-0.201
1511105663649	10.429	5.133	-0.172
1511105663651	10.592	5.075	-0.086
1511105663664	10.688	4.951	-0.201
1511105663671	10.879	4.731	-0.335
1511105663681	11.224	4.558	-0.287
1511105663694	11.636	4.51	-0.134
1511105663701	12.0	4.606	-0.009
1511105663711	12.048	4.769	0.114
1511105663723	11.588	4.951	0.287
1511105663731	10.774	5.008	0.641
1511105663741	9.969	5.085	0.986
1511105663756	9.241	5.277	1.245
1511105663761	8.676	5.564	1.321
1511105663771	8.207	5.937	1.149
1511105663786	7.968	6.292	0.785
1511105663791	7.814	6.493	0.44
1511105663801	7.795	6.426	0.134
1511105663816	7.949	6.158	-0.124
1511105663821	8.207	5.794	-0.335
1511105663832	8.485	5.43	-0.459
1511105663846	8.59	5.085	-0.44
1511105663851	8.494	4.817	-0.45
1511105663865	8.322	4.539	-0.354
1511105663880	8.245	4.319	-0.287
1511105663883	8.284	4.146	-0.287
1511105663904	8.408	3.984	-0.229
1511105663906	8.648	3.907	-0.229
1511105663912	8.839	3.85	-0.143
1511105663942	8.878	3.802	-0.067
1511105663950	8.801	3.878	-0.019
1511105663955	8.676	3.993	0.038
1511105663969	8.475	4.089	0.143
1511105663971	8.332	4.223	0.21
1511105663983	8.284	4.424	0.287
1511105663989	8.332	4.673	0.277
1511105664008	8.399	4.96	0.249
1511105664024	8.466	5.219	0.162
1511105664033	8.466	5.449	0.105
1511105664041	8.408	5.573	0.134
1511105664049	8.389	5.573	0.124
1511105664063	8.418	5.497	0.22
1511105664068	8.418	5.382	0.316
1511105664072	8.447	5.248	0.22
1511105664074	8.466	5.152	0.316
1511105664087	8.523	5.018	0.21
1511105664113	8.619	4.913	0.057
1511105664114	8.619	4.778	0.076
1511105664117	8.629	4.644	0.076
1511105664125	8.561	4.462	0.095
1511105664134	8.523	4.357	0.105
1511105664144	8.504	4.3	0.124
1511105664151	8.504	4.3	0.114
1511105664163	8.581	4.395	0.095
1511105664175	8.667	4.683	0.067
1511105664181	8.667	4.673	0.057
1511105664194	8.59	4.807	0.047
1511105664206	8.504	4.922	0.124
1511105664211	8.427	4.96	0.172
1511105664221	8.36	4.96	0.258
1511105664235	8.322	4.932	0.277
1511105664241	8.351	4.941	0.296
1511105664275	8.456	4.98	0.306
1511105664282	8.514	5.2	0.306
1511105664282	8.533	5.286	0.287
1511105664283	8.485	5.353	0.277
1511105664296	8.399	5.401	0.287
1511105664301	8.36	5.353	0.296
1511105664311	8.322	5.277	0.316
1511105664326	8.36	5.181	0.296
1511105664347	8.466	5.104	0.287
1511105664349	8.657	5.075	0.21
1511105664360	8.916	5.085	0.095
1511105664362	9.127	5.123	-0.067
1511105664373	9.299	5.181	-0.162
1511105664385	9.337	5.171	-0.162
1511105664391	9.261	5.056	-0.114
1511105664403	9.146	4.798	0.009
1511105664422	9.059	4.52	0.105
1511105664423	9.021	4.242	0.191
1511105664431	9.088	4.022	0.21
1511105664446	9.328	3.984	0.114
1511105664453	9.625	4.118	-0.057
1511105664463	9.95	4.319	-0.373
1511105664475	10.094	4.453	-0.526
1511105664482	10.056	4.482	-0.565
1511105664494	9.912	4.338	-0.459
1511105664505	9.73	4.089	-0.258
1511105664511	9.586	3.773	-0.076
1511105664527	9.519	3.505	0.105
1511105664532	9.529	3.313	0.316
1511105664541	9.739	3.342	0.469
1511105664552	10.103	3.581	0.373
1511105664567	10.391	3.917	0.229
1511105664571	10.515	4.185	0.067
1511105664582	10.439	4.3	0.028
1511105664597	10.228	4.28	0.076
1511105664601	9.96	4.175	0.191
1511105664621	9.653	4.051	0.249
1511105664623	9.452	3.993	0.287
1511105664634	9.385	4.041	0.191
1511105664644	9.404	4.175	0.076
1511105664658	9.356	4.29	0.019
1511105664662	9.184	4.309	-0.028
1511105664671	8.925	4.233	-0.057
1511105664684	8.581	4.06	-0.028
1511105664691	8.245	3.869	0.028
1511105664701	8.025	3.744	0.124
1511105664714	8.016	3.744	0.153
1511105664721	8.15	3.926	0.057
1511105664731	8.36	4.099	-0.019
1511105664756	8.466	4.233	0.162
1511105664760	8.523	4.223	0.201
1511105664762	8.456	4.041	0.258
1511105664773	8.312	3.687	0.498
1511105664781	8.178	3.323	0.699
1511105664797	8.121	3.055	0.833
1511105664807	8.188	2.94	0.928
1511105664812	8.418	2.949	0.775
1511105664823	8.705	3.055	0.699
1511105664837	8.983	3.016	0.699
1511105664841	9.194	2.873	0.67
1511105664851	9.289	2.691	0.881
1511105664865	9.04	2.528	1.005
1511105664871	8.954	2.442	1.158
1511105664883	8.743	2.423	1.254
1511105664894	8.619	2.557	1.101
1511105664901	8.571	2.815	0.9
1511105664911	8.782	3.026	0.785
1511105664923	8.906	3.122	0.727
1511105664931	9.088	3.17	0.67
1511105664941	9.069	3.208	0.593
1511105664954	9.155	3.131	0.737
1511105664961	9.184	2.978	0.948
1511105664971	9.098	3.055	1.13
1511105664983	8.973	2.93	1.273
1511105664991	8.763	2.968	1.379
1511105665001	8.447	3.179	1.541
1511105665013	7.968	3.495	1.628
1511105665021	7.383	3.974	1.484
1511105665031	6.876	4.357	1.149
1511105665043	6.713	4.462	0.804
1511105665051	6.962	4.29	0.459
1511105665061	7.575	3.964	0.287
1511105665073	8.284	3.677	0.229
1511105665081	8.724	3.543	0.201
1511105665091	8.724	3.495	0.287
1511105665104	8.447	3.419	0.517
1511105665111	8.111	3.284	0.718
1511105665121	7.92	3.074	0.842
1511105665133	8.083	2.815	0.871
1511105665141	8.552	2.566	0.842
1511105665158	9.299	2.403	0.775
1511105665163	10.103	2.346	0.708
1511105665176	10.678	2.423	0.842
1511105665189	10.927	2.537	0.737
1511105665197	11.032	2.652	0.747
1511105665201	11.099	2.739	0.938
1511105665213	11.147	2.758	1.082
1511105665225	11.224	2.786	1.082
1511105665240	11.425	2.93	0.9
1511105665241	11.693	3.112	0.9
1511105665255	11.952	3.332	0.718
1511105665261	12.258	3.629	0.593
1511105665271	12.498	3.917	0.555
1511105665285	12.555	4.175	0.584
1511105665291	12.335	4.491	0.804
1511105665301	11.818	4.721	0.976
1511105665314	11.205	4.999	1.283
1511105665321	10.592	5.344	1.551
1511105665331	9.95	5.717	1.618
1511105665347	9.318	6.024	1.57
1511105665351	8.743	6.301	1.426
1511105665362	8.322	6.502	1.206
1511105665377	7.7	6.55	0.919
1511105665381	7.7	6.502	0.919
1511105665392	7.431	6.378	0.785
1511105665407	7.192	6.234	0.632
1511105665411	6.981	6.1	0.517
1511105665423	6.79	5.889	0.153
1511105665437	6.704	5.564	0.105
1511105665441	6.78	5.162	-0.009
1511105665452	7.0	4.74	-0.124
1511105665467	7.326	4.376	-0.239
1511105665471	7.709	4.06	-0.277
1511105665482	8.025	3.859	-0.287
1511105665497	8.178	3.677	-0.21
1511105665501	8.207	3.61	-0.009
1511105665514	8.188	3.591	0.287
1511105665527	8.188	3.658	0.287
1511105665531	8.389	3.763	0.392
1511105665542	8.801	3.974	0.191
1511105665558	9.232	4.185	0.038
1511105665588	9.902	4.367	-0.057
1511105665591	9.921	4.52	0.019
1511105665594	9.854	4.606	0.086
1511105665597	9.519	4.577	0.191
1511105665616	8.782	4.577	0.354
1511105665617	8.581	4.597	0.478
1511105665625	8.351	4.644	0.555
1511105665637	8.456	4.75	0.526
1511105665648	8.619	4.884	0.306
1511105665651	8.648	5.037	0.047
1511105665664	8.657	5.133	0.0
1511105665677	8.676	5.152	0.076
1511105665681	8.705	5.114	0.172
1511105665691	8.753	5.008	0.201
1511105665705	8.801	4.855	0.191
1511105665711	8.82	4.539	0.038
1511105665722	8.868	4.577	-0.105
1511105665735	8.954	4.482	-0.268
1511105665741	9.04	4.482	-0.363
1511105665751	9.127	4.462	-0.383
1511105665764	9.146	4.405	-0.249
1511105665771	9.117	4.348	-0.095
1511105665781	8.964	4.3	0.067
1511105665797	8.782	4.3	0.172
1511105665801	8.686	4.328	0.21
1511105665812	8.763	4.472	0.201
1511105665827	8.945	4.711	0.067
1511105665831	9.04	4.97	-0.095
1511105665842	9.012	5.19	-0.201
1511105665857	8.858	5.315	-0.277
1511105665861	8.59	5.372	-0.306
1511105665872	8.351	5.363	-0.287
1511105665887	8.15	5.277	-0.277
1511105665891	8.102	5.152	-0.268
1511105665903	8.169	5.037	-0.325
1511105665917	8.245	4.903	-0.43
1511105665921	8.303	4.846	-0.536
1511105665932	8.332	4.836	-0.584
1511105665947	8.351	4.96	-0.603
1511105665951	8.389	5.114	-0.593
1511105665962	8.37	5.324	-0.555
1511105665993	8.312	5.573	-0.555
1511105665995	8.236	5.813	-0.536
1511105666003	8.178	6.081	-0.593
1511105666005	8.15	6.368	-0.718
1511105666018	8.073	6.646	-0.708
1511105666026	7.949	6.924	-0.593
1511105666033	7.862	7.125	-0.574
1511105666041	7.814	7.202	-0.545
1511105666052	7.891	7.192	-0.469
1511105666065	8.006	7.173	-0.363
1511105666071	8.035	7.096	-0.181
1511105666081	8.006	6.981	0.057
1511105666095	7.901	6.742	0.22
1511105666101	7.824	6.464	0.306
1511105666111	7.767	6.177	0.344
1511105666121	7.738	5.851	0.287
1511105666131	7.661	5.573	0.114
1511105666141	7.594	5.334	-0.134
1511105666151	7.565	5.047	-0.316
1511105666161	7.613	4.721	-0.392
1511105666173	7.728	4.443	-0.344
1511105666189	7.862	4.223	-0.363
1511105666191	8.006	4.099	-0.43
1511105666203	8.15	4.127	-0.526
1511105666211	8.332	4.348	-0.708
1511105666221	8.447	4.664	-0.823
1511105666233	8.351	4.989	-0.814
1511105666241	8.121	5.162	-0.785
1511105666251	7.929	5.219	-0.66
1511105666263	7.795	5.286	-0.249
1511105666271	7.738	5.372	-0.249
1511105666281	7.757	5.535	-0.153
1511105666293	7.824	5.775	-0.277
1511105666301	7.996	5.947	-0.402
1511105666311	8.245	6.091	-0.517
1511105666323	8.657	6.158	-0.584
1511105666331	8.705	6.148	-0.44
1511105666341	8.533	6.004	-0.201
1511105666353	8.37	5.822	0.067
1511105666361	8.217	5.688	0.277
1511105666371	8.092	5.64	0.363
1511105666402	8.016	5.688	0.344
1511105666405	7.929	5.746	0.287
1511105666410	7.939	5.794	0.114
1511105666415	8.035	5.822	0.009
1511105666425	8.178	5.784	-0.057
1511105666431	8.284	5.736	-0.038
1511105666442	8.36	5.593	0.086
1511105666451	8.427	5.593	0.153
1511105666461	8.504	5.535	0.172
1511105666471	8.514	5.573	0.172
1511105666481	8.542	5.64	0.114
1511105666491	8.523	5.698	0.076
1511105666501	8.514	5.765	0.038
1511105666511	8.437	5.832	0.057
1511105666521	8.36	5.899	0.047
1511105666531	8.255	5.956	0.086
1511105666541	8.188	6.004	0.095
1511105666551	8.13	6.062	0.105
1511105666563	8.044	6.081	0.086
1511105666571	7.996	6.043	0.038
1511105666581	7.881	6.033	-0.067
1511105666594	7.642	6.052	-0.201
1511105666601	7.738	6.043	-0.354
1511105666611	8.121	5.813	-0.469
1511105666623	7.987	5.612	-0.45
1511105666631	7.805	5.487	-0.43
1511105666641	7.757	5.296	-0.354
1511105666653	7.575	5.267	-0.22
1511105666661	7.987	5.123	-1.053
1511105666671	7.355	5.889	-0.086
1511105666684	7.786	5.803	-1.053
1511105666691	7.958	6.282	-0.143
1511105666701	8.083	5.765	-1.877
1511105666713	8.37	6.215	-0.9
1511105666721	8.494	5.899	-0.842
1511105666731	8.504	5.602	-0.344
1511105666744	8.504	5.372	-0.028
1511105666751	8.696	5.248	0.258
1511105666761	8.858	5.296	0.459
1511105666774	9.012	5.344	0.526
1511105666781	9.069	5.42	0.488
1511105666811	9.088	5.602	0.306
1511105666814	9.222	5.679	0.172
1511105666818	9.28	5.621	0.105
1511105666822	9.127	5.554	-0.143
1511105666839	8.648	5.669	-0.976
1511105666846	8.245	5.861	-0.948
1511105666854	7.91	6.014	-1.35
1511105666864	7.757	5.966	-1.331
1511105666871	7.728	5.765	-1.35
1511105666884	7.527	5.114	-0.718
1511105666894	7.154	4.893	-0.718
1511105666901	7.058	5.085	-0.689
1511105666911	6.914	5.382	-0.632
1511105666924	6.876	5.612	-0.67
1511105666931	6.847	5.861	-0.67
1511105666941	7.24	6.119	-0.651
1511105666952	7.996	6.205	-0.239
1511105666967	8.6	6.033	0.402
1511105666971	8.59	5.746	0.43
1511105666982	8.456	5.707	0.814
1511105667000	8.715	5.832	0.9
1511105667001	8.715	5.937	0.9
1511105667015	8.763	6.081	0.526
1511105667021	8.514	6.186	0.028
1511105667036	8.581	6.052	-0.028
