timestamp	x	y	z
1511106058995	9.893	-1.484	-1.034
1511106059004	9.874	-1.465	-1.024
1511106059014	9.874	-1.455	-1.015
1511106059021	9.893	-1.455	-1.015
1511106059035	9.902	-1.455	-1.005
1511106059041	9.921	-1.455	-0.996
1511106059051	9.95	-1.455	-1.015
1511106059061	9.902	-1.484	-1.005
1511106059071	9.912	-1.474	-0.996
1511106059082	9.902	-1.484	-1.024
1511106059098	9.883	-1.465	-1.024
1511106059101	9.874	-1.465	-1.043
1511106059114	9.893	-1.474	-1.024
1511106059121	9.912	-1.455	-1.043
1511106059132	9.912	-1.436	-1.015
1511106059143	9.921	-1.455	-0.996
1511106059180	9.912	-1.484	-0.996
1511106059185	9.902	-1.474	-1.015
1511106059187	9.893	-1.474	-1.015
1511106059196	9.921	-1.446	-1.072
1511106059207	9.902	-1.446	-0.976
1511106059211	9.941	-1.446	-0.957
1511106059225	10.008	-1.484	-1.024
1511106059235	9.95	-1.513	-1.072
1511106059248	9.874	-1.57	-1.043
1511106059251	9.883	-1.541	-0.948
1511106059263	9.902	-1.494	-0.938
1511106059271	9.902	-1.465	-0.996
1511106059281	9.874	-1.465	-0.996
1511106059292	9.854	-1.474	-1.053
1511106059315	9.835	-1.484	-1.043
1511106059316	9.874	-1.474	-1.024
1511106059321	9.893	-1.465	-1.053
1511106059331	9.912	-1.494	-1.024
1511106059341	9.921	-1.455	-1.005
1511106059352	9.912	-1.503	-0.976
1511106059361	9.902	-1.494	-0.976
1511106059381	9.902	-1.494	-0.957
1511106059391	9.893	-1.494	-0.967
1511106059402	9.912	-1.503	-0.957
1511106059411	9.931	-1.513	-0.948
1511106059421	9.95	-1.541	-0.909
1511106059431	9.941	-1.532	-0.909
1511106059442	10.027	-1.522	-0.948
1511106059451	10.027	-1.589	-1.005
1511106059461	10.123	-1.656	-0.967
1511106059471	10.161	-1.656	-0.861
1511106059481	10.17	-1.561	-0.756
1511106059491	10.123	-1.407	-0.747
1511106059502	9.998	-1.101	-0.804
1511106059511	9.96	-0.948	-0.948
1511106059521	9.931	-1.216	-1.091
1511106059533	9.931	-1.139	-1.168
1511106059541	9.921	-1.101	-1.273
1511106059553	9.845	-1.043	-1.264
1511106059563	9.73	-1.015	-1.245
1511106059571	9.644	-0.996	-1.216
1511106059581	9.634	-1.063	-1.149
1511106059593	9.653	-1.149	-1.101
1511106059601	9.701	-1.225	-1.091
1511106059611	9.739	-1.331	-1.091
1511106059623	9.759	-1.369	-1.034
1511106059631	9.759	-1.388	-0.957
1511106059643	9.759	-1.398	-0.9
1511106059654	9.787	-1.484	-0.814
1511106059661	9.883	-1.561	-0.909
1511106059671	9.969	-1.58	-0.957
1511106059684	10.103	-1.57	-0.996
1511106059691	10.228	-1.465	-1.005
1511106059701	10.295	-1.312	-1.063
1511106059714	10.247	-1.264	-1.12
1511106059721	10.142	-1.292	-1.187
1511106059731	10.056	-1.359	-1.235
1511106059744	10.046	-1.35	-1.206
1511106059751	10.103	-1.225	-1.197
1511106059761	10.132	-1.101	-1.158
1511106059774	10.113	-0.996	-1.158
1511106059781	10.056	-0.976	-1.158
1511106059791	9.979	-0.928	-1.225
1511106059804	9.921	-0.967	-1.312
1511106059811	9.883	-1.024	-1.35
1511106059821	9.893	-1.11	-1.34
1511106059834	9.845	-1.187	-1.35
1511106059841	9.759	-1.245	-1.369
1511106059851	9.701	-1.35	-1.379
1511106059864	9.653	-1.398	-1.446
1511106059871	9.692	-1.446	-1.503
1511106059902	9.739	-1.446	-1.446
1511106059914	9.845	-1.474	-1.302
1511106059915	9.969	-1.455	-1.245
1511106059916	10.084	-1.465	-1.264
1511106059923	10.084	-1.513	-1.292
1511106059931	10.103	-1.541	-1.312
1511106059941	10.094	-1.541	-1.312
1511106059953	10.113	-1.551	-1.302
1511106059961	10.142	-1.666	-1.321
1511106059971	10.209	-1.829	-1.312
1511106059982	10.257	-2.001	-1.273
1511106059991	10.343	-2.174	-1.235
1511106060001	10.429	-2.327	-1.206
1511106060013	10.496	-2.499	-1.177
1511106060025	10.621	-2.672	-1.216
1511106060031	10.812	-2.844	-1.235
1511106060043	11.023	-2.988	-1.187
1511106060051	11.253	-3.064	-1.149
1511106060061	11.454	-3.093	-1.101
1511106060072	11.636	-2.997	-1.082
1511106060081	11.722	-2.844	-1.072
1511106060091	11.732	-2.652	-1.13
1511106060102	11.626	-2.432	-1.187
1511106060111	11.425	-2.164	-1.34
1511106060121	11.166	-1.934	-1.273
1511106060133	10.917	-1.781	-1.302
1511106060141	10.707	-1.676	-1.273
1511106060151	10.199	-1.666	-1.187
1511106060169	10.046	-1.743	-1.139
1511106060171	9.739	-1.743	-1.101
1511106060183	9.49	-1.829	-1.043
1511106060196	9.299	-1.877	-0.938
1511106060201	9.031	-1.877	-0.861
1511106060211	8.82	-1.867	-0.775
1511106060225	8.629	-1.819	-0.737
1511106060231	8.475	-1.781	-0.718
1511106060241	8.399	-1.771	-0.756
1511106060255	8.37	-1.781	-0.775
1511106060261	8.36	-1.781	-0.747
1511106060271	8.36	-1.79	-0.737
1511106060285	8.351	-1.752	-0.756
1511106060291	8.312	-1.714	-0.766
1511106060301	8.303	-1.714	-0.842
1511106060315	8.274	-1.723	-0.842
1511106060331	8.303	-1.771	-0.89
1511106060345	8.399	-1.838	-0.909
1511106060351	8.542	-1.953	-0.881
1511106060361	8.705	-2.087	-0.814
1511106060375	8.868	-2.241	-0.718
1511106060381	9.012	-2.317	-0.66
1511106060391	9.127	-2.346	-0.632
1511106060405	9.174	-2.336	-0.632
1511106060411	9.117	-2.346	-0.622
1511106060421	9.079	-2.346	-0.699
1511106060435	9.098	-2.336	-0.679
1511106060441	9.241	-2.384	-0.536
1511106060451	9.452	-2.394	-0.517
1511106060465	9.529	-2.394	-0.421
1511106060471	9.567	-2.365	-0.45
1511106060481	9.49	-2.308	-0.574
1511106060495	9.347	-2.116	-0.593
1511106060501	9.251	-1.934	-0.555
1511106060511	9.213	-1.819	-0.517
1511106060525	9.28	-1.781	-0.699
1511106060531	9.366	-1.829	-0.852
1511106060541	9.443	-1.925	-0.871
1511106060555	9.452	-1.963	-0.756
1511106060561	9.376	-1.915	-0.574
1511106060571	9.165	-1.8	-0.43
1511106060585	8.887	-1.676	-0.344
1511106060591	8.657	-1.589	-0.363
1511106060623	8.523	-1.551	-0.402
1511106060632	8.523	-1.666	-0.43
1511106060644	8.648	-1.848	-0.402
1511106060647	8.878	-2.049	-0.363
1511106060649	9.155	-2.193	-0.363
1511106060659	9.385	-2.279	-0.325
1511106060664	9.481	-2.317	-0.296
1511106060674	9.443	-2.25	-0.258
1511106060681	9.308	-2.221	-0.268
1511106060691	9.146	-2.231	-0.363
1511106060705	9.012	-2.336	-0.43
1511106060711	9.012	-2.499	-0.43
1511106060721	9.069	-2.614	-0.411
1511106060734	9.605	-2.719	-0.325
1511106060741	9.625	-2.777	-0.325
1511106060751	9.969	-2.719	-0.383
1511106060764	10.17	-2.499	-0.555
1511106060771	10.17	-2.145	-0.555
1511106060781	9.893	-1.685	-0.66
1511106060793	9.318	-1.302	-0.632
1511106060801	8.81	-1.139	-0.632
1511106060811	9.299	-2.001	-0.785
1511106060823	14.777	-4.472	-1.474
1511106060831	14.854	-6.617	-2.394
1511106060841	16.999	-4.692	-2.652
1511106060855	15.361	-1.704	-1.608
1511106060861	15.352	-0.938	-0.172
1511106060871	12.546	-1.015	0.277
1511106060885	9.816	-0.919	-0.612
1511106060891	9.816	-0.143	-1.896
1511106060901	9.232	0.852	-2.633
1511106060915	9.194	1.407	-2.882
1511106060921	9.347	1.532	-2.834
1511106060931	9.5	1.273	-2.48
1511106060947	9.605	0.641	-1.972
1511106060951	9.548	-0.162	-1.685
1511106060962	9.28	-0.986	-1.628
1511106060977	9.012	-1.522	-1.503
1511106060981	9.04	-1.944	-1.302
1511106060992	9.289	-2.365	-1.082
1511106061005	9.529	-2.145	-0.871
1511106061022	9.701	-2.25	-0.785
1511106061025	9.816	-2.097	-0.909
1511106061042	9.816	-1.992	-1.091
1511106061044	9.912	-1.723	-1.264
1511106061053	10.036	-1.446	-1.426
1511106061066	10.18	-1.206	-1.541
1511106061071	10.276	-1.11	-1.647
1511106061082	10.276	-0.996	-1.752
1511106061096	10.209	-0.9	-1.857
1511106061101	10.113	-0.976	-1.838
1511106061111	10.008	-1.11	-1.723
1511106061126	9.864	-1.264	-1.685
1511106061132	9.701	-1.417	-1.628
1511106061142	9.615	-1.599	-1.58
1511106061156	9.529	-1.8	-1.474
1511106061163	9.51	-2.039	-1.292
1511106061176	9.577	-2.231	-1.12
1511106061187	9.672	-2.375	-1.043
1511106061191	9.787	-2.451	-1.015
1511106061201	9.931	-2.451	-1.005
1511106061213	10.056	-2.394	-0.996
1511106061221	10.142	-2.288	-1.024
1511106061231	10.18	-2.183	-1.082
1511106061243	10.218	-2.078	-1.082
1511106061251	10.19	-1.972	-1.177
1511106061261	10.123	-1.896	-1.149
1511106061275	10.046	-1.886	-1.13
1511106061281	9.95	-1.925	-1.149
1511106061291	9.854	-2.039	-1.063
1511106061306	9.787	-2.212	-0.976
1511106061339	9.701	-2.355	-0.928
1511106061344	9.615	-2.49	-0.881
1511106061346	9.529	-2.585	-0.861
1511106061352	9.452	-2.652	-0.842
1511106061353	9.452	-2.643	-0.852
1511106061368	9.452	-2.652	-0.9
1511106061371	9.452	-2.614	-0.938
1511106061383	9.49	-2.528	-0.996
1511106061397	9.538	-2.48	-1.034
1511106061401	9.605	-2.413	-1.024
1511106061412	9.711	-2.394	-1.015
1511106061425	9.816	-2.403	-0.948
1511106061431	9.874	-2.413	-0.909
1511106061441	9.874	-2.451	-0.871
1511106061456	9.883	-2.49	-0.938
1511106061461	9.874	-2.47	-0.976
1511106061471	9.854	-2.403	-1.034
1511106061485	9.845	-2.298	-1.158
1511106061491	9.797	-2.221	-1.158
1511106061501	9.807	-2.106	-1.177
1511106061514	9.768	-2.02	-1.149
1511106061521	9.778	-1.992	-1.149
1511106061531	9.816	-1.992	-1.11
1511106061544	9.854	-1.972	-1.082
1511106061551	9.921	-2.001	-1.082
1511106061562	9.941	-2.03	-1.072
1511106061577	9.787	-2.03	-1.168
1511106061581	9.845	-2.011	-1.168
1511106061591	9.749	-1.944	-1.245
1511106061606	9.663	-1.848	-1.235
1511106061611	9.644	-1.8	-1.225
1511106061622	9.672	-1.8	-1.273
1511106061637	9.711	-1.752	-1.302
1511106061641	9.768	-1.723	-1.254
1511106061652	9.979	-1.685	-1.283
1511106061666	9.912	-1.647	-1.302
1511106061671	10.132	-1.647	-1.302
1511106061682	10.103	-1.647	-1.302
1511106061696	10.103	-1.666	-1.359
1511106061701	10.103	-1.695	-1.369
1511106061712	10.103	-1.723	-1.225
1511106061726	10.113	-1.8	-1.13
1511106061731	10.094	-1.838	-1.11
1511106061742	10.008	-1.896	-1.177
1511106061756	9.988	-1.915	-1.254
1511106061761	10.008	-1.896	-1.264
1511106061772	10.084	-2.011	-1.225
1511106061788	10.209	-2.078	-1.12
1511106061807	10.285	-2.202	-1.13
1511106061808	10.381	-2.355	-1.13
1511106061816	10.486	-2.537	-1.082
1511106061821	10.563	-2.729	-0.967
1511106061832	10.611	-2.921	-0.842
1511106061847	10.659	-3.122	-0.727
1511106061851	10.697	-3.323	-0.679
1511106061862	10.793	-3.466	-0.66
1511106061877	10.917	-3.601	-0.612
1511106061881	11.09	-3.639	-0.603
1511106061892	11.329	-3.601	-0.66
1511106061906	11.511	-3.495	-0.756
1511106061911	11.569	-3.265	-0.852
1511106061923	11.559	-3.007	-0.89
1511106061938	11.502	-2.739	-0.957
1511106061941	11.291	-2.518	-1.015
1511106061951	11.004	-2.384	-1.043
1511106061968	10.726	-2.308	-1.005
1511106061971	10.477	-2.25	-0.9
1511106061983	10.218	-2.183	-0.804
1511106061998	9.979	-2.126	-0.718
1511106062001	9.739	-2.087	-0.718
1511106062011	9.567	-2.039	-0.775
1511106062032	9.337	-2.011	-0.689
1511106062047	9.165	-1.963	-0.603
1511106062049	9.002	-1.963	-0.498
1511106062054	8.782	-2.03	-0.44
1511106062061	8.552	-2.126	-0.383
1511106062074	8.293	-2.221	-0.344
1511106062089	8.025	-2.317	-0.335
1511106062091	7.834	-2.375	-0.325
1511106062120	7.757	-2.394	-0.316
1511106062121	7.757	-2.413	-0.363
1511106062122	7.805	-2.423	-0.383
1511106062131	7.901	-2.47	-0.249
1511106062146	8.111	-2.566	-0.076
1511106062151	8.447	-2.614	-0.076
1511106062161	8.743	-2.547	-0.306
1511106062176	8.82	-2.547	-0.411
1511106062181	8.83	-2.614	-0.296
1511106062191	8.83	-2.719	-0.134
1511106062205	8.782	-2.767	-0.105
1511106062211	8.676	-2.806	-0.153
1511106062221	8.571	-2.834	-0.22
1511106062236	8.533	-2.786	-0.316
1511106062241	8.561	-2.758	-0.373
1511106062252	8.676	-2.777	-0.344
1511106062270	8.878	-2.844	-0.344
1511106062271	9.098	-2.834	-0.258
1511106062287	9.347	-2.767	-0.22
1511106062299	9.596	-2.748	-0.229
1511106062301	9.807	-2.719	-0.383
1511106062313	9.969	-2.672	-0.517
1511106062327	10.094	-2.681	-0.488
1511106062331	10.046	-2.748	-0.373
1511106062344	9.998	-2.844	-0.191
1511106062360	9.941	-2.949	-0.258
1511106062363	9.768	-2.94	-0.249
1511106062373	9.826	-2.882	-0.249
1511106062383	9.663	-2.729	-0.153
1511106062398	9.5	-2.528	-0.076
1511106062404	9.165	-2.288	-0.086
1511106062426	8.945	-2.068	-0.249
1511106062435	8.743	-1.934	-0.402
1511106062453	8.657	-2.02	-0.383
1511106062454	8.801	-2.183	-0.306
1511106062463	8.858	-2.25	-0.201
1511106062476	8.743	-2.193	-0.095
1511106062481	8.38	-1.905	0.028
1511106062491	7.91	-1.733	0.114
1511106062506	7.604	-1.771	0.114
1511106062511	7.479	-1.972	-0.086
1511106062521	7.518	-2.288	-0.21
1511106062537	7.767	-2.604	-0.134
1511106062541	8.341	-2.806	-0.009
1511106062552	8.973	-2.892	0.143
1511106062570	9.385	-2.767	0.201
1511106062571	9.471	-2.432	0.162
1511106062583	9.28	-2.03	0.134
1511106062596	8.839	-1.781	0.067
1511106062601	8.447	-1.771	-0.134
1511106062611	8.389	-1.925	-0.402
1511106062627	8.523	-2.03	-0.517
1511106062631	8.791	-1.992	-0.421
1511106062641	9.816	-2.911	-0.344
1511106062658	12.565	-6.033	-0.402
1511106062661	16.53	-7.316	-0.814
1511106062671	19.614	-5.123	-2.911
1511106062687	18.234	-3.821	-3.83
1511106062691	14.145	-3.15	-1.024
1511106062701	10.975	-1.992	1.771
1511106062718	9.356	-0.545	0.909
1511106062721	9.548	1.292	-1.216
1511106062732	10.123	2.47	-2.959
1511106062763	10.544	2.681	-3.878
1511106062767	10.841	2.212	-4.041
1511106062774	11.205	1.494	-3.61
1511106062777	11.243	0.268	-2.873
1511106062796	11.052	-1.082	-2.001
1511106062798	10.688	-1.857	-1.321
1511106062807	10.237	-2.174	-0.938
1511106062823	9.864	-2.327	-0.756
1511106062825	9.51	-2.423	-0.785
1511106062834	9.136	-2.528	-0.967
1511106062849	8.878	-2.662	-1.187
1511106062857	8.83	-2.643	-1.331
1511106062861	9.031	-2.48	-1.34
1511106062872	9.423	-2.241	-1.168
1511106062889	9.874	-1.944	-1.005
1511106062894	10.276	-1.628	-0.967
1511106062905	10.544	-1.331	-1.11
1511106062914	10.534	-1.149	-1.197
1511106062921	10.333	-1.13	-1.245
1511106062931	10.008	-1.225	-1.35
1511106062944	9.711	-1.417	-1.465
1511106062951	9.5	-1.57	-1.589
1511106062961	9.337	-1.685	-1.541
1511106062975	9.318	-1.819	-1.474
1511106062981	9.376	-1.905	-1.417
1511106062991	9.404	-2.001	-1.359
1511106063002	9.414	-2.078	-1.312
1511106063011	9.481	-2.097	-1.245
1511106063024	9.615	-2.106	-1.177
1511106063045	9.893	-2.059	-1.072
1511106063046	9.893	-2.02	-1.072
1511106063051	9.921	-1.953	-1.158
1511106063062	9.921	-1.886	-1.34
1511106063071	9.931	-1.79	-1.225
1511106063084	9.912	-1.704	-1.34
1511106063091	9.931	-1.685	-1.34
1511106063101	9.969	-1.704	-1.321
1511106063111	9.979	-1.704	-1.359
1511106063122	9.941	-1.81	-1.34
1511106063131	9.874	-1.915	-1.321
1511106063141	9.625	-1.982	-1.273
1511106063152	9.692	-2.039	-1.235
1511106063161	9.845	-2.049	-1.245
1511106063176	9.749	-2.087	-1.273
1511106063185	9.797	-2.097	-1.245
1511106063191	9.797	-2.087	-1.216
1511106063201	9.797	-2.078	-1.177
1511106063212	9.778	-2.097	-1.139
1511106063227	9.73	-2.193	-1.158
1511106063231	9.692	-2.193	-1.158
1511106063242	9.653	-2.202	-1.149
1511106063251	9.625	-2.135	-1.168
1511106063261	9.663	-2.116	-1.12
1511106063276	9.759	-2.097	-1.091
1511106063281	9.845	-2.059	-1.063
1511106063291	9.912	-2.03	-0.996
1511106063302	9.921	-1.982	-0.967
1511106063319	9.921	-1.944	-0.976
1511106063322	9.931	-1.905	-0.967
1511106063332	9.893	-1.877	-1.043
1511106063341	9.854	-1.838	-1.101
1511106063351	9.807	-1.829	-1.139
1511106063366	9.778	-1.848	-1.177
1511106063371	9.739	-1.867	-1.158
1511106063381	9.739	-1.877	-1.158
1511106063392	9.73	-1.905	-1.168
1511106063401	9.749	-1.944	-1.139
1511106063411	9.778	-1.934	-1.187
1511106063423	9.797	-1.905	-1.187
1511106063431	9.816	-1.848	-1.283
1511106063441	9.826	-1.781	-1.321
1511106063463	9.835	-1.714	-1.359
1511106063484	9.854	-1.676	-1.388
1511106063485	9.883	-1.676	-1.407
1511106063485	9.893	-1.676	-1.369
1511106063495	9.902	-1.676	-1.388
1511106063501	9.921	-1.676	-1.35
1511106063516	9.931	-1.656	-1.379
1511106063524	9.96	-1.628	-1.35
1511106063540	9.988	-1.608	-1.398
1511106063543	9.979	-1.58	-1.417
1511106063561	9.921	-1.561	-1.35
1511106063566	9.854	-1.532	-1.34
1511106063589	9.739	-1.541	-1.359
1511106063590	9.605	-1.561	-1.388
1511106063594	9.596	-1.561	-1.302
1511106063603	9.596	-1.522	-1.225
1511106063611	9.615	-1.474	-1.235
1511106063621	9.605	-1.388	-1.292
1511106063636	9.615	-1.292	-1.34
1511106063641	9.682	-1.206	-1.379
1511106063651	9.807	-1.12	-1.369
1511106063663	9.969	-1.072	-1.417
1511106063671	10.065	-1.043	-1.484
1511106063681	10.103	-1.024	-1.561
1511106063693	10.103	-1.015	-1.656
1511106063701	10.084	-1.034	-1.714
1511106063711	10.056	-1.072	-1.762
1511106063723	10.075	-1.139	-1.733
1511106063731	10.103	-1.245	-1.733
1511106063741	10.113	-1.331	-1.714
1511106063753	10.142	-1.436	-1.637
1511106063761	10.209	-1.551	-1.599
1511106063771	10.295	-1.704	-1.561
1511106063783	10.41	-1.867	-1.369
1511106063791	10.496	-1.972	-1.474
1511106063801	10.601	-2.039	-1.446
1511106063813	10.659	-2.078	-1.398
1511106063821	10.678	-2.212	-1.245
1511106063831	10.707	-2.327	-1.283
1511106063842	10.783	-2.451	-1.245
1511106063851	10.917	-2.633	-1.13
1511106063861	11.195	-2.786	-1.015
1511106063874	11.454	-3.026	-0.928
1511106063881	11.607	-3.026	-0.871
1511106063891	11.837	-3.122	-0.89
1511106063905	11.866	-2.921	-0.89
1511106063911	11.799	-2.921	-0.861
1511106063922	11.664	-2.739	-0.814
1511106063936	11.444	-2.413	-0.756
1511106063941	11.224	-2.26	-0.727
1511106063953	10.984	-2.288	-0.737
1511106063966	10.697	-2.25	-0.747
1511106063971	10.391	-2.221	-0.727
1511106063981	10.094	-2.202	-0.641
1511106063996	9.797	-2.231	-0.584
1511106064001	9.567	-2.279	-0.507
1511106064011	9.376	-2.269	-0.411
1511106064026	9.232	-2.193	-0.354
1511106064031	9.05	-2.126	-0.335
1511106064045	8.858	-2.039	-0.383
1511106064060	8.667	-1.944	-0.383
1511106064062	8.485	-1.867	-0.43
1511106064071	8.36	-1.781	-0.526
1511106064083	8.312	-1.723	-0.555
1511106064103	8.284	-1.666	-0.612
1511106064104	8.303	-1.743	-0.612
1511106064113	8.274	-1.838	-0.555
1511106064121	8.217	-1.934	-0.478
1511106064131	8.13	-2.02	-0.498
1511106064143	8.111	-2.059	-0.488
1511106064151	8.188	-2.116	-0.421
1511106064178	8.36	-2.145	-0.44
1511106064179	8.533	-2.288	-0.411
1511106064187	8.657	-2.509	-0.344
1511106064200	8.715	-2.739	-0.258
1511106064218	8.782	-2.968	-0.172
1511106064219	8.849	-3.15	-0.105
1511106064221	8.945	-3.256	0.019
1511106064246	8.983	-3.313	0.114
1511106064248	8.925	-3.265	0.143
1511106064255	8.916	-3.16	0.162
1511106064266	8.839	-3.093	0.076
1511106064271	8.83	-3.026	0.047
1511106064295	8.849	-3.007	0.095
1511106064296	8.916	-3.074	0.114
1511106064301	8.954	-3.141	0.086
1511106064311	8.945	-3.217	0.019
1511106064331	8.868	-3.246	-0.067
1511106064345	8.849	-3.217	-0.067
1511106064353	8.878	-3.17	0.124
1511106064361	8.925	-3.122	0.028
1511106064371	8.992	-3.083	0.047
1511106064384	9.04	-3.055	0.095
1511106064392	9.021	-3.016	0.162
1511106064401	8.906	-2.949	0.191
1511106064413	8.782	-2.873	0.143
1511106064421	8.705	-2.815	0.143
1511106064432	8.629	-2.719	0.067
1511106064443	8.514	-2.643	0.028
1511106064451	8.427	-2.585	0.028
1511106064461	8.332	-2.509	0.028
1511106064481	8.265	-2.48	-0.086
1511106064482	8.265	-2.537	-0.21
1511106064491	8.341	-2.595	-0.239
1511106064503	8.561	-2.691	-0.095
1511106064511	8.561	-2.767	-0.095
1511106064521	8.609	-2.825	-0.249
1511106064535	8.83	-2.911	-0.21
1511106064541	8.83	-3.035	-0.21
1511106064551	9.079	-3.112	-0.21
1511106064563	9.739	-2.949	-0.306
1511106064571	9.739	-2.968	-0.459
1511106064581	9.941	-2.767	-0.622
1511106064594	9.979	-2.537	-0.747
1511106064601	9.481	-2.25	-0.708
1511106064611	9.194	-1.972	-0.632
1511106064624	9.519	-1.79	-0.421
1511106064631	11.109	-2.154	-0.22
1511106064641	14.729	-4.204	-1.637
1511106064654	18.627	-8.025	-3.754
1511106064661	19.671	-6.828	-4.185
1511106064671	17.219	-0.632	-2.873
1511106064686	13.254	-1.369	-0.747
1511106064691	11.08	-1.331	0.239
1511106064702	9.462	-0.114	-0.555
1511106064717	8.724	0.957	-1.599
1511106064721	8.638	1.465	-2.537
1511106064734	8.906	1.762	-3.38
1511106064747	9.27	1.771	-3.792
1511106064751	9.567	1.417	-3.591
1511106064764	9.625	0.469	-2.863
1511106064777	9.615	-0.593	-2.039
1511106064781	9.376	-1.35	-1.608
1511106064794	9.088	-1.944	-1.417
1511106064808	9.002	-2.336	-1.312
1511106064811	9.117	-2.566	-1.177
1511106064825	9.385	-2.691	-1.015
1511106064840	9.634	-2.758	-0.938
1511106064842	9.759	-2.681	-0.986
1511106064853	9.883	-2.365	-1.091
1511106064868	10.056	-1.896	-1.388
1511106064871	10.247	-1.369	-1.695
1511106064908	10.391	-0.861	-1.963
1511106064915	10.506	-0.545	-2.145
1511106064928	10.592	-0.459	-2.183
1511106064931	10.592	-0.584	-2.126
1511106064939	10.448	-0.814	-2.039
1511106064940	10.266	-1.053	-1.925
1511106064941	10.027	-1.292	-1.848
1511106064957	9.826	-1.426	-1.695
1511106064961	9.625	-1.551	-1.541
1511106064971	9.529	-1.628	-1.436
1511106064985	9.462	-1.685	-1.34
1511106065009	9.462	-1.723	-1.302
1511106065013	9.5	-1.743	-1.359
1511106065014	9.548	-1.743	-1.455
1511106065021	9.615	-1.685	-1.589
1511106065042	9.816	-1.608	-1.771
1511106065044	9.816	-1.513	-1.771
1511106065051	9.96	-1.426	-1.829
1511106065061	10.036	-1.331	-1.857
1511106065072	10.084	-1.273	-1.819
1511106065081	10.056	-1.292	-1.762
1511106065094	10.017	-1.35	-1.714
1511106065117	9.998	-1.465	-1.666
1511106065119	9.931	-1.57	-1.608
1511106065123	9.874	-1.628	-1.561
1511106065135	9.826	-1.685	-1.522
1511106065141	9.797	-1.714	-1.465
1511106065151	9.768	-1.752	-1.388
1511106065165	9.759	-1.781	-1.35
1511106065179	9.787	-1.79	-1.34
1511106065190	9.807	-1.8	-1.379
1511106065192	9.826	-1.8	-1.407
1511106065201	9.778	-1.81	-1.417
1511106065211	9.778	-1.79	-1.426
1511106065225	9.73	-1.781	-1.379
1511106065231	9.72	-1.771	-1.35
1511106065241	9.692	-1.781	-1.312
1511106065255	9.682	-1.8	-1.264
1511106065261	9.73	-1.829	-1.072
1511106065271	9.778	-1.877	-1.35
1511106065286	9.778	-1.905	-1.091
1511106065291	9.759	-1.944	-1.216
1511106065301	9.739	-1.934	-1.216
1511106065316	9.73	-1.934	-1.197
1511106065330	9.72	-1.944	-1.216
1511106065332	9.711	-1.953	-1.177
1511106065345	9.701	-1.925	-1.149
1511106065351	9.701	-1.896	-1.168
1511106065361	9.73	-1.867	-1.197
1511106065375	9.778	-1.829	-1.225
1511106065381	9.816	-1.829	-1.264
1511106065405	9.826	-1.848	-1.312
1511106065411	9.835	-1.714	-1.321
1511106065423	9.864	-1.829	-1.35
1511106065437	9.854	-1.771	-1.34
1511106065441	9.864	-1.676	-1.35
1511106065452	9.864	-1.666	-1.455
1511106065467	9.835	-1.666	-1.513
1511106065471	9.816	-1.704	-1.532
1511106065481	9.797	-1.704	-1.436
1511106065497	9.874	-1.666	-1.331
1511106065501	9.902	-1.647	-1.379
1511106065511	9.864	-1.656	-1.474
1511106065526	9.816	-1.656	-1.561
1511106065533	9.749	-1.637	-1.637
1511106065541	9.73	-1.57	-1.637
1511106065557	9.72	-1.494	-1.599
1511106065561	9.73	-1.426	-1.58
1511106065571	9.749	-1.379	-1.551
1511106065586	9.797	-1.331	-1.532
1511106065591	9.874	-1.302	-1.513
1511106065618	9.931	-1.312	-1.513
1511106065635	9.912	-1.302	-1.57
1511106065636	9.902	-1.273	-1.628
1511106065638	9.864	-1.254	-1.656
1511106065642	9.797	-1.197	-1.695
1511106065663	9.739	-1.177	-1.695
1511106065664	9.73	-1.158	-1.628
1511106065679	9.749	-1.168	-1.58
1511106065681	9.826	-1.168	-1.522
1511106065694	9.883	-1.168	-1.503
1511106065707	9.893	-1.216	-1.513
1511106065712	9.902	-1.264	-1.532
1511106065729	9.941	-1.302	-1.503
1511106065734	10.027	-1.388	-1.494
1511106065742	10.142	-1.503	-1.436
1511106065763	10.247	-1.647	-1.359
1511106065764	10.352	-1.762	-1.331
1511106065778	10.486	-1.877	-1.331
1511106065785	10.611	-1.963	-1.379
1511106065803	10.697	-2.059	-1.398
1511106065804	10.812	-2.212	-1.331
1511106065814	10.879	-2.432	-1.245
1511106065827	10.917	-2.614	-1.13
1511106065831	10.946	-2.796	-1.072
1511106065843	10.994	-2.968	-1.043
1511106065857	11.099	-3.055	-1.053
1511106065861	11.243	-3.122	-1.034
1511106065871	11.53	-3.15	-1.005
1511106065886	11.818	-3.055	-1.043
1511106065891	11.866	-2.863	-1.139
1511106065901	11.722	-2.604	-1.11
1511106065912	11.502	-2.336	-1.11
1511106065921	11.205	-2.135	-1.149
1511106065931	10.908	-2.001	-1.206
1511106065947	10.668	-1.925	-1.264
1511106065951	10.477	-1.925	-1.225
1511106065962	10.324	-2.001	-0.909
1511106065979	10.151	-2.097	-0.603
1511106065981	9.941	-2.212	-0.747
1511106065994	9.672	-2.279	-0.44
1511106066010	9.356	-2.221	-0.44
1511106066012	9.098	-2.174	-0.249
1511106066024	8.715	-2.059	-0.268
1511106066042	8.724	-1.905	-0.363
1511106066043	8.648	-1.79	-0.43
1511106066054	8.753	-1.647	-0.44
1511106066067	8.906	-1.58	-0.44
1511106066072	9.04	-1.628	-0.383
1511106066081	9.146	-1.695	-0.296
1511106066097	9.146	-1.819	-0.268
1511106066101	9.241	-1.896	-0.249
1511106066111	9.184	-1.915	-0.277
1511106066127	9.232	-1.953	-0.172
1511106066131	9.289	-1.982	-0.143
1511106066142	9.347	-2.02	-0.201
1511106066159	9.337	-2.02	-0.268
1511106066161	9.308	-1.838	-0.373
1511106066180	9.251	-1.934	-0.45
1511106066187	9.232	-1.915	-0.44
1511106066197	9.184	-1.886	-0.45
1511106066206	9.107	-1.925	-0.459
1511106066218	8.983	-1.982	-0.45
1511106066221	8.839	-2.126	-0.373
1511106066232	8.648	-2.346	-0.306
1511106066243	8.437	-2.499	-0.239
1511106066251	8.37	-2.576	-0.162
1511106066262	8.389	-2.595	-0.105
1511106066274	8.494	-2.614	-0.086
1511106066281	8.638	-2.652	-0.047
1511106066294	8.724	-2.739	-0.047
1511106066308	8.82	-2.853	-0.028
1511106066332	8.925	-3.016	0.047
1511106066334	9.059	-3.131	0.114
1511106066336	9.174	-3.275	0.114
1511106066343	9.213	-3.447	0.038
1511106066369	9.232	-3.62	0.009
1511106066371	9.299	-3.725	0.047
1511106066374	9.443	-3.744	0.095
1511106066387	9.577	-3.668	0.172
1511106066396	9.634	-3.533	0.277
1511106066410	9.586	-3.294	0.363
1511106066437	9.471	-3.093	0.411
1511106066438	9.337	-2.921	0.363
1511106066439	9.213	-2.844	0.277
1511106066445	9.117	-2.882	0.229
1511106066457	9.088	-2.997	0.153
1511106066461	9.136	-3.15	0.124
1511106066472	9.194	-3.237	0.134
1511106066483	9.232	-3.237	0.162
1511106066491	9.213	-3.15	0.229
1511106066502	9.069	-2.997	0.306
1511106066511	8.82	-2.767	0.373
1511106066521	8.475	-2.528	0.335
1511106066534	8.083	-2.375	0.181
1511106066541	7.747	-2.375	0.057
1511106066551	7.575	-2.423	0.019
1511106066562	7.69	-2.509	0.067
1511106066571	7.929	-2.643	0.086
1511106066581	8.236	-2.786	0.134
1511106066592	8.485	-2.93	0.172
1511106066601	8.648	-3.055	0.191
1511106066611	8.696	-3.112	0.191
1511106066623	8.629	-3.17	0.172
1511106066631	8.571	-3.256	0.114
1511106066641	8.6	-3.447	0.105
1511106066652	8.878	-3.629	0.095
1511106066661	9.433	-3.754	0.076
1511106066671	10.075	-3.677	0.067
1511106066682	10.525	-3.361	0.0
1511106066691	10.563	-2.748	-0.181
1511106066701	10.065	-2.078	-0.335
1511106066712	9.28	-1.656	-0.67
1511106066721	8.791	-1.743	-1.005
1511106066731	9.308	-2.949	-1.101
1511106066743	15.677	-6.167	-2.365
1511106066751	15.591	-8.849	-3.016
1511106066762	19.441	-5.775	-2.394
1511106066774	15.093	-2.03	-0.747
1511106066781	12.45	-1.177	0.229
1511106066793	10.515	-1.532	-0.153
1511106066805	9.682	-1.264	-1.197
1511106066811	9.337	-0.114	-2.308
1511106066823	9.146	1.177	-3.083
1511106066835	9.165	1.781	-3.639
1511106066841	9.241	1.953	-3.83
1511106066853	9.481	1.149	-3.495
1511106066866	9.481	0.172	-2.815
1511106066871	9.347	-1.053	-2.126
1511106066881	9.117	-1.532	-1.647
1511106066896	9.021	-2.059	-1.34
1511106066901	9.146	-2.298	-1.225
1511106066911	9.376	-2.451	-1.13
1511106066926	9.663	-2.557	-0.976
1511106066931	9.998	-2.537	-0.852
1511106066944	10.103	-2.413	-0.871
1511106066959	10.084	-2.106	-0.957
1511106066961	10.123	-1.666	-1.12
1511106066974	10.199	-1.235	-1.254
1511106066986	10.343	-0.861	-1.407
1511106066991	10.448	-0.565	-1.628
1511106067001	10.467	-0.411	-1.771
1511106067016	10.4	-0.392	-1.819
1511106067046	10.285	-0.498	-1.81
1511106067059	10.113	-0.699	-1.762
1511106067062	9.893	-0.986	-1.695
1511106067065	9.692	-1.292	-1.608
1511106067068	9.577	-1.532	-1.465
1511106067082	9.51	-1.704	-1.331
1511106067086	9.5	-1.8	-1.206
1511106067099	9.49	-1.867	-1.149
1511106067117	9.519	-1.896	-1.072
1511106067117	9.605	-1.829	-1.091
1511106067121	9.711	-1.714	-1.168
1511106067137	9.883	-1.57	-1.273
1511106067141	10.008	-1.417	-1.407
1511106067157	10.199	-1.283	-1.589
1511106067162	10.199	-1.254	-1.589
1511106067171	10.19	-1.245	-1.589
1511106067181	10.17	-1.369	-1.561
1511106067194	10.103	-1.503	-1.465
1511106067208	9.979	-1.695	-1.369
1511106067221	9.845	-1.829	-1.273
1511106067224	9.701	-1.963	-1.235
1511106067231	9.634	-2.001	-1.177
1511106067244	9.577	-2.02	-1.11
1511106067254	9.538	-2.039	-1.072
1511106067271	9.538	-2.001	-1.12
1511106067283	9.586	-1.944	-1.12
1511106067299	9.672	-1.867	-1.168
1511106067301	9.797	-1.819	-1.168
1511106067313	9.902	-1.79	-1.13
1511106067321	9.969	-1.752	-1.158
1511106067331	9.979	-1.733	-1.139
1511106067344	9.883	-1.79	-1.206
1511106067351	9.883	-1.877	-1.206
1511106067361	9.816	-1.972	-1.101
1511106067373	9.807	-1.972	-1.024
1511106067388	9.759	-1.934	-1.053
1511106067391	9.692	-1.925	-1.063
1511106067403	9.653	-1.905	-1.13
1511106067411	9.625	-1.905	-1.13
1511106067421	9.653	-1.896	-1.101
1511106067437	9.778	-1.896	-1.005
1511106067451	9.864	-1.886	-1.072
1511106067465	9.902	-1.915	-1.101
1511106067471	9.902	-1.915	-1.139
1511106067486	9.912	-1.925	-1.158
1511106067496	9.874	-1.963	-1.158
1511106067501	9.874	-1.963	-1.206
1511106067513	9.845	-1.982	-1.235
1511106067529	9.835	-1.953	-1.283
1511106067531	9.778	-1.953	-1.331
1511106067543	9.682	-1.925	-1.369
1511106067556	9.72	-1.867	-1.398
1511106067561	9.816	-1.771	-1.417
1511106067573	9.902	-1.704	-1.446
1511106067587	9.95	-1.647	-1.426
1511106067601	9.979	-1.599	-1.407
1511106067603	9.988	-1.398	-1.407
1511106067617	9.979	-1.474	-1.465
1511106067621	9.969	-1.407	-1.484
1511106067633	9.969	-1.34	-1.503
1511106067649	9.912	-1.312	-1.522
1511106067651	9.874	-1.273	-1.551
1511106067664	9.797	-1.283	-1.541
1511106067677	9.739	-1.273	-1.551
1511106067681	9.701	-1.254	-1.541
1511106067694	9.711	-1.206	-1.522
1511106067707	9.787	-1.177	-1.474
1511106067711	9.864	-1.139	-1.494
1511106067722	9.912	-1.158	-1.551
1511106067736	9.893	-1.149	-1.58
1511106067741	9.902	-1.158	-1.589
1511106067790	9.912	-1.206	-1.589
1511106067799	9.931	-1.254	-1.599
1511106067801	9.979	-1.321	-1.532
1511106067804	9.998	-1.34	-1.513
1511106067806	10.046	-1.436	-1.474
1511106067810	10.065	-1.541	-1.455
1511106067816	10.113	-1.714	-1.379
1511106067830	10.151	-1.829	-1.312
1511106067832	10.17	-1.963	-1.235
1511106067844	10.199	-2.097	-1.12
1511106067860	10.247	-2.241	-1.053
1511106067863	10.333	-2.423	-0.976
1511106067874	10.467	-2.585	-0.986
1511106067886	10.582	-2.758	-1.034
1511106067891	10.668	-2.94	-1.034
1511106067905	10.678	-3.026	-1.005
1511106067916	10.735	-3.131	-1.005
1511106067921	10.86	-3.17	-1.063
1511106067933	11.109	-3.16	-1.139
1511106067945	11.339	-3.189	-1.101
1511106067951	11.511	-3.294	-1.024
1511106067961	11.645	-3.332	-1.034
1511106067976	11.607	-3.256	-0.996
1511106067981	11.53	-3.246	-0.861
1511106067991	11.32	-3.179	-0.689
1511106068004	11.061	-3.093	-0.737
1511106068011	10.793	-2.978	-0.814
1511106068021	10.534	-2.815	-0.9
1511106068036	10.314	-2.691	-0.928
1511106068041	10.19	-2.557	-0.919
1511106068051	10.075	-2.394	-0.861
1511106068063	9.941	-2.26	-0.785
1511106068071	9.778	-2.202	-0.785
1511106068081	9.577	-2.193	-0.775
1511106068096	9.385	-2.202	-0.814
1511106068101	9.117	-2.288	-0.718
1511106068114	8.906	-2.384	-0.689
1511106068124	8.772	-2.499	-0.507
1511106068131	8.705	-2.566	-0.593
1511106068141	8.686	-2.624	-0.536
1511106068154	8.686	-2.633	-0.574
1511106068161	8.619	-2.633	-0.565
1511106068171	8.581	-2.652	-0.354
1511106068185	8.571	-2.662	-0.287
1511106068191	8.619	-2.7	-0.44
1511106068201	8.724	-2.719	-0.469
1511106068216	8.743	-2.758	-0.612
1511106068221	8.743	-2.777	-0.641
1511106068231	8.724	-2.796	-0.679
1511106068244	8.667	-2.834	-0.718
1511106068251	8.667	-2.825	-0.622
1511106068261	8.705	-2.815	-0.593
1511106068275	8.609	-2.853	-0.593
1511106068281	8.561	-2.882	-0.67
1511106068291	8.504	-2.853	-0.727
1511106068305	8.533	-2.806	-0.727
1511106068311	8.6	-2.815	-0.66
1511106068321	8.648	-3.007	-0.536
1511106068334	8.657	-3.15	-0.411
1511106068341	8.6	-3.284	-0.325
1511106068351	8.59	-3.284	-0.268
1511106068365	8.542	-3.352	-0.105
1511106068371	8.667	-3.399	-0.114
1511106068381	8.801	-3.514	-0.067
1511106068395	8.983	-3.668	0.047
1511106068401	9.155	-3.811	0.124
1511106068411	9.289	-3.907	0.143
1511106068425	9.299	-3.936	0.105
1511106068431	9.299	-3.878	0.047
1511106068441	9.289	-3.802	-0.105
1511106068455	9.289	-3.696	-0.229
1511106068477	9.203	-3.572	-0.316
1511106068487	9.127	-3.438	-0.354
1511106068493	9.069	-3.342	-0.335
1511106068495	9.079	-3.332	-0.306
1511106068506	9.117	-3.323	-0.22
1511106068523	9.203	-3.294	-0.191
1511106068527	9.251	-3.256	-0.134
1511106068543	9.241	-3.179	-0.143
1511106068550	9.155	-3.045	-0.153
1511106068553	9.021	-2.911	-0.181
1511106068563	8.868	-2.815	-0.287
1511106068574	8.724	-2.758	-0.335
1511106068585	8.571	-2.777	-0.373
1511106068597	8.466	-2.786	-0.383
1511106068606	8.38	-2.796	-0.383
1511106068611	8.332	-2.863	-0.354
1511106068621	8.36	-2.959	-0.306
1511106068635	8.456	-3.064	-0.316
1511106068641	8.561	-3.16	-0.296
1511106068651	8.648	-3.17	-0.239
1511106068668	8.676	-3.083	-0.229
1511106068672	8.657	-2.901	-0.229
1511106068681	8.667	-2.796	-0.296
1511106068694	8.743	-2.825	-0.44
1511106068701	8.983	-2.873	-0.488
1511106068711	9.308	-2.949	-0.555
1511106068725	9.663	-3.007	-0.593
1511106068731	9.941	-3.016	-0.699
1511106068741	10.123	-2.988	-0.785
1511106068754	10.151	-2.863	-0.679
1511106068761	9.979	-2.585	-0.737
1511106068772	9.567	-2.269	-0.603
1511106068785	9.222	-2.068	-0.526
1511106068791	9.768	-2.672	-0.526
1511106068801	12.325	-5.095	-0.89
1511106068814	18.771	-8.063	-2.94
1511106068821	18.905	-6.244	-2.94
1511106068831	17.296	-3.256	-2.806
1511106068845	11.923	-1.953	-0.699
1511106068851	11.923	-1.561	-0.699
1511106068861	10.697	-1.12	-0.517
1511106068877	9.452	-0.057	-2.059
1511106068881	9.519	0.727	-2.059
1511106068892	9.155	0.861	-2.825
1511106068904	9.069	0.622	-2.873
1511106068911	9.05	0.22	-2.719
1511106068921	9.107	-0.363	-2.174
1511106068935	9.136	-1.273	-1.589
1511106068941	9.117	-2.26	-1.302
1511106068951	8.964	-2.834	-1.034
1511106068967	8.849	-3.112	-0.737
1511106068971	9.012	-3.217	-0.517
1511106068982	9.337	-3.189	-0.469
1511106068998	9.644	-3.16	-0.612
1511106069001	9.998	-3.045	-0.881
1511106069013	10.199	-2.729	-1.206
1511106069028	10.295	-2.672	-1.455
1511106069031	10.343	-2.375	-1.561
1511106069043	10.343	-1.781	-1.628
1511106069058	10.314	-1.628	-1.676
1511106069061	10.266	-1.426	-1.695
1511106069074	10.237	-1.398	-1.685
1511106069090	10.142	-1.465	-1.656
1511106069092	9.988	-1.656	-1.656
1511106069103	9.749	-1.925	-1.618
1511106069143	9.548	-2.183	-1.513
1511106069145	9.347	-2.537	-1.264
1511106069146	9.337	-2.624	-1.139
1511106069153	9.414	-2.691	-1.005
1511106069162	9.519	-2.71	-0.919
1511106069181	9.663	-2.7	-0.9
1511106069210	9.768	-2.662	-0.871
1511106069231	9.854	-2.614	-0.871
1511106069233	9.912	-2.509	-1.005
1511106069235	9.883	-2.355	-1.216
1511106069237	9.826	-2.231	-1.35
1511106069245	9.787	-2.116	-1.369
1511106069246	9.768	-2.068	-1.369
1511106069252	9.72	-2.049	-1.436
1511106069268	9.596	-2.068	-1.474
1511106069274	9.51	-2.106	-1.465
1511106069289	9.462	-2.174	-1.398
1511106069299	9.5	-2.241	-1.283
1511106069301	9.538	-2.288	-1.177
1511106069311	9.567	-2.346	-1.11
1511106069327	9.567	-2.365	-1.101
1511106069331	9.567	-2.355	-1.063
1511106069343	9.605	-2.336	-1.024
1511106069358	9.672	-2.365	-1.043
1511106069361	9.72	-2.423	-1.024
1511106069372	9.759	-2.47	-1.024
1511106069385	9.749	-2.518	-1.034
1511106069391	9.72	-2.576	-1.015
1511106069401	9.682	-2.604	-1.053
1511106069417	9.644	-2.624	-1.043
1511106069422	9.644	-2.672	-1.005
1511106069433	9.634	-2.71	-0.976
1511106069446	9.644	-2.729	-0.909
1511106069451	9.653	-2.739	-0.842
1511106069462	9.615	-2.739	-0.814
1511106069475	9.586	-2.729	-0.794
1511106069481	9.567	-2.729	-0.794
1511106069491	9.548	-2.739	-0.833
1511106069509	9.529	-2.748	-1.034
1511106069511	9.529	-2.719	-0.938
1511106069522	9.519	-2.681	-0.938
1511106069536	9.548	-2.614	-0.976
1511106069541	9.577	-2.537	-0.986
1511106069553	9.634	-2.451	-0.986
1511106069565	9.663	-2.375	-0.986
1511106069571	9.692	-2.288	-1.015
1511106069581	9.739	-2.193	-1.053
1511106069597	9.826	-2.135	-1.12
1511106069601	9.912	-2.193	-1.149
1511106069612	9.941	-2.212	-1.139
1511106069625	9.921	-2.212	-1.158
1511106069632	9.902	-2.183	-1.149
1511106069645	9.864	-2.116	-1.139
1511106069656	9.826	-2.087	-1.139
1511106069661	9.797	-2.078	-1.139
1511106069673	9.787	-2.059	-1.264
1511106069686	9.787	-2.03	-1.312
1511106069691	9.835	-2.011	-1.35
1511106069701	9.883	-1.982	-1.359
1511106069718	9.902	-1.972	-1.359
1511106069721	9.95	-1.972	-1.35
1511106069733	10.036	-1.982	-1.369
1511106069749	10.036	-2.049	-1.388
1511106069751	10.036	-2.087	-1.369
1511106069764	10.084	-2.126	-1.398
1511106069779	10.19	-2.279	-1.35
1511106069781	10.372	-2.212	-1.302
1511106069795	10.554	-2.384	-1.225
1511106069809	10.735	-2.537	-1.225
1511106069811	10.812	-2.633	-1.197
1511106069825	10.86	-2.777	-1.235
1511106069840	10.898	-2.968	-1.149
1511106069842	10.984	-3.198	-1.015
1511106069855	11.157	-3.409	-0.909
1511106069870	11.368	-3.562	-0.909
1511106069871	11.511	-3.639	-0.957
1511106069885	11.607	-3.572	-1.034
1511106069939	11.626	-3.409	-1.024
1511106069957	11.617	-3.17	-0.996
1511106069958	11.55	-2.882	-0.976
1511106069962	11.425	-2.614	-0.976
1511106069967	11.243	-2.384	-1.015
1511106069967	11.052	-2.183	-1.043
1511106069968	10.831	-2.078	-1.034
1511106069969	10.601	-2.039	-0.986
1511106069978	10.352	-2.059	-0.919
1511106069988	10.027	-2.059	-0.938
1511106069991	9.672	-2.059	-0.881
1511106070009	9.318	-2.049	-0.814
1511106070011	8.992	-2.059	-0.727
1511106070023	8.715	-2.145	-0.641
1511106070034	8.514	-2.231	-0.574
1511106070052	8.456	-2.327	-0.469
1511106070053	8.418	-2.461	-0.392
1511106070068	8.341	-2.604	-0.363
1511106070080	8.265	-2.681	-0.306
1511106070086	8.198	-2.729	-0.316
1511106070094	8.178	-2.748	-0.344
1511106070107	8.188	-2.71	-0.392
1511106070111	8.169	-2.691	-0.335
1511106070123	8.092	-2.643	-0.258
1511106070134	8.092	-2.633	-0.21
1511106070141	8.159	-2.624	-0.181
1511106070152	8.236	-2.633	-0.249
1511106070163	8.255	-2.672	-0.335
1511106070171	8.265	-2.729	-0.45
1511106070182	8.293	-2.748	-0.536
1511106070191	8.399	-2.729	-0.584
1511106070201	8.552	-2.729	-0.565
1511106070212	8.686	-2.834	-0.478
1511106070221	8.887	-2.949	-0.344
1511106070231	9.021	-3.17	-0.22
1511106070242	9.098	-3.399	-0.086
1511106070251	9.174	-3.62	0.028
1511106070261	9.232	-3.792	0.191
1511106070272	9.28	-3.869	0.249
1511106070281	9.308	-3.878	0.22
1511106070291	9.347	-3.878	0.191
1511106070303	9.433	-3.878	0.114
1511106070319	9.548	-3.907	0.095
1511106070321	9.682	-3.85	0.076
1511106070334	9.711	-3.802	0.019
1511106070344	9.663	-3.668	-0.134
1511106070354	9.586	-3.524	-0.009
1511106070366	9.49	-3.399	0.009
1511106070371	9.423	-3.284	0.028
1511106070383	9.385	-3.141	0.086
1511106070395	9.337	-3.007	0.067
1511106070401	9.27	-2.901	0.038
1511106070413	9.194	-2.853	-0.009
1511106070425	9.002	-2.786	-0.057
1511106070432	9.098	-2.729	-0.191
1511106070444	9.251	-2.681	-0.258
1511106070455	9.232	-2.71	-0.21
1511106070461	9.299	-2.71	-0.076
1511106070474	9.261	-2.739	-0.057
1511106070485	9.079	-2.729	-0.057
1511106070491	8.839	-2.729	-0.086
1511106070504	8.581	-2.509	-0.105
1511106070518	8.38	-2.384	-0.105
1511106070521	8.188	-2.413	-0.095
1511106070532	8.121	-2.154	-0.124
1511106070554	8.121	-2.202	-0.201
1511106070556	8.207	-2.202	-0.268
1511106070573	8.351	-2.231	-0.316
1511106070575	8.542	-2.384	-0.373
1511106070584	8.743	-2.652	-0.45
1511106070591	8.945	-2.901	-0.411
1511106070617	9.127	-3.102	-0.287
1511106070631	9.261	-3.237	-0.162
1511106070634	9.289	-3.294	-0.105
1511106070638	9.261	-3.304	-0.143
1511106070646	9.261	-3.265	-0.249
1511106070651	9.395	-3.189	-0.316
1511106070665	9.596	-3.055	-0.402
1511106070671	9.759	-2.863	-0.43
1511106070687	9.835	-2.595	-0.45
1511106070696	9.778	-2.403	-0.45
1511106070701	9.625	-2.269	-0.488
1511106070713	9.462	-2.116	-0.584
1511106070725	9.538	-2.202	-0.679
1511106070731	10.486	-3.045	-0.881
1511106070741	12.689	-5.008	-1.158
1511106070754	15.85	-6.263	-1.857
1511106070761	17.985	-4.673	-3.045
1511106070771	17.133	-2.853	-2.93
1511106070783	14.327	-2.547	-1.886
1511106070791	11.875	-2.432	-0.172
1511106070801	10.305	-1.743	0.392
1511106070864	9.739	-0.67	-0.45
1511106070865	9.605	0.076	-1.417
1511106070866	9.605	0.44	-2.164
1511106070866	9.557	0.67	-2.662
1511106070867	9.433	0.651	-2.777
1511106070867	9.232	0.277	-2.557
1511106070872	8.935	-0.545	-2.097
1511106070881	8.782	-1.417	-1.618
1511106070891	8.667	-2.03	-1.407
1511106070916	8.667	-2.451	-1.245
1511106070917	8.887	-2.71	-1.072
1511106070921	9.213	-2.815	-0.89
1511106070932	9.577	-2.844	-0.814
1511106070941	9.883	-2.863	-0.881
1511106070951	10.027	-2.863	-0.986
1511106070963	10.113	-2.719	-1.091
1511106070971	10.199	-2.432	-1.053
1511106070981	10.295	-2.106	-1.043
1511106070992	10.352	-1.743	-1.072
1511106071001	10.429	-1.446	-1.177
1511106071011	10.506	-1.235	-1.359
1511106071022	10.515	-1.225	-1.388
1511106071031	10.391	-1.34	-1.331
1511106071041	10.19	-1.532	-1.235
1511106071055	9.625	-1.857	-1.149
1511106071061	9.625	-1.886	-1.149
1511106071071	9.404	-1.982	-1.053
1511106071083	9.308	-2.087	-0.766
1511106071091	9.318	-2.145	-1.024
1511106071101	9.337	-2.193	-0.909
1511106071113	9.481	-2.241	-1.082
1511106071130	9.481	-2.26	-1.101
1511106071149	9.759	-2.221	-1.101
1511106071150	9.864	-2.001	-1.13
1511106071152	10.017	-2.03	-1.168
1511106071162	10.094	-1.934	-1.187
1511106071175	10.075	-1.771	-1.197
1511106071181	10.123	-1.771	-1.206
1511106071194	10.113	-1.752	-1.264
1511106071203	10.084	-1.838	-1.254
1511106071211	9.998	-1.838	-1.264
1511106071221	9.874	-1.905	-1.225
1511106071234	9.73	-2.078	-1.158
1511106071241	9.625	-2.078	-1.149
1511106071251	9.577	-2.269	-1.082
1511106071264	9.615	-2.145	-1.082
1511106071271	9.653	-2.154	-1.082
1511106071281	9.711	-2.193	-1.053
1511106071293	9.711	-2.202	-1.053
1511106071301	9.711	-2.164	-1.082
1511106071329	9.663	-2.135	-1.091
1511106071330	9.596	-2.087	-1.082
1511106071343	9.567	-2.049	-1.063
1511106071347	9.557	-2.001	-1.12
1511106071351	9.605	-1.953	-1.091
1511106071363	9.692	-1.905	-1.005
1511106071379	9.768	-1.877	-1.005
1511106071384	9.845	-1.877	-0.986
1511106071391	9.883	-1.905	-0.996
1511106071401	9.864	-1.944	-1.015
1511106071413	9.845	-1.982	-0.986
1511106071434	9.835	-2.011	-0.986
1511106071435	9.787	-2.059	-0.967
1511106071442	9.749	-2.106	-0.928
1511106071451	9.692	-2.145	-0.9
1511106071461	9.682	-2.183	-0.881
1511106071474	9.653	-2.193	-0.881
1511106071481	9.634	-2.164	-0.919
1511106071491	9.625	-2.097	-0.909
1511106071503	9.653	-2.001	-0.948
1511106071511	9.701	-1.953	-0.967
1511106071533	9.759	-1.896	-1.005
1511106071534	9.845	-1.867	-0.986
1511106071541	9.912	-1.819	-0.996
1511106071551	9.941	-1.829	-1.015
1511106071565	9.969	-1.848	-1.043
1511106071571	9.979	-1.867	-1.063
1511106071581	9.95	-1.867	-1.091
1511106071594	9.921	-1.857	-1.158
1511106071601	9.874	-1.79	-1.158
1511106071612	9.883	-1.733	-1.168
1511106071626	9.921	-1.676	-1.177
1511106071632	9.921	-1.695	-1.177
1511106071641	9.921	-1.704	-1.101
1511106071654	9.941	-1.714	-1.072
1511106071661	9.921	-1.733	-1.101
1511106071671	9.854	-1.752	-1.13
1511106071684	9.787	-1.771	-1.072
1511106071691	9.768	-1.743	-1.072
1511106071701	9.701	-1.685	-1.139
1511106071714	9.701	-1.628	-1.197
1511106071721	9.701	-1.589	-1.245
1511106071732	9.768	-1.561	-1.245
1511106071746	9.864	-1.532	-1.225
1511106071751	9.969	-1.513	-1.225
1511106071764	9.979	-1.503	-1.245
1511106071777	9.95	-1.494	-1.312
1511106071781	9.912	-1.522	-1.302
1511106071794	9.864	-1.551	-1.302
1511106071807	9.854	-1.618	-1.302
1511106071811	9.854	-1.723	-1.101
1511106071824	9.845	-1.819	-1.197
1511106071838	9.874	-1.944	-0.938
1511106071841	9.912	-2.011	-1.024
1511106071854	9.95	-2.059	-0.976
1511106071867	10.008	-2.116	-0.986
1511106071871	10.113	-2.183	-1.005
1511106071883	10.391	-2.279	-0.996
1511106071897	10.333	-2.432	-0.948
1511106071901	10.362	-2.624	-0.938
1511106071914	10.324	-2.806	-0.909
1511106071927	10.352	-2.968	-0.852
1511106071931	10.4	-3.112	-0.842
1511106071957	10.803	-3.438	-0.699
1511106071961	11.052	-3.629	-0.603
1511106071975	11.339	-4.127	-0.44
1511106071989	11.53	-4.166	-0.325
1511106071993	11.655	-4.185	-0.296
1511106072002	11.636	-3.869	-0.335
1511106072014	11.578	-3.658	-0.354
1511106072021	11.511	-3.323	-0.44
1511106072042	11.377	-3.016	-0.517
1511106072045	11.176	-2.739	-0.632
1511106072067	10.956	-2.537	-0.727
1511106072070	10.668	-2.413	-0.775
1511106072078	10.352	-2.317	-0.804
1511106072083	10.094	-2.241	-0.804
1511106072097	9.807	-2.202	-0.756
1511106072105	9.557	-2.174	-0.699
1511106072111	9.308	-2.183	-0.574
1511106072128	9.069	-2.221	-0.459
1511106072137	8.849	-2.298	-0.344
1511106072141	8.619	-2.394	-0.229
1511106072151	8.427	-2.585	-0.153
1511106072164	8.217	-2.729	-0.057
1511106072171	8.121	-2.834	-0.019
1511106072228	8.063	-2.863	0.057
1511106072229	8.102	-2.873	0.067
1511106072230	8.121	-2.844	0.038
1511106072230	8.14	-2.777	-0.057
1511106072231	8.169	-2.758	-0.124
1511106072232	8.178	-2.786	-0.21
1511106072241	8.188	-2.834	-0.249
1511106072252	8.265	-2.882	-0.335
1511106072261	8.245	-2.863	-0.392
1511106072271	8.274	-2.834	-0.44
1511106072296	8.427	-2.825	-0.325
1511106072298	8.638	-2.901	-0.249
1511106072303	8.887	-3.074	-0.229
1511106072314	9.021	-3.294	-0.22
1511106072321	9.088	-3.457	-0.181
1511106072331	9.165	-3.581	-0.134
1511106072341	9.261	-3.735	-0.019
1511106072351	9.222	-3.811	0.038
1511106072361	9.05	-3.696	0.019
1511106072375	8.916	-3.591	-0.019
1511106072381	8.897	-3.543	-0.067
1511106072392	9.002	-3.572	-0.009
1511106072402	9.165	-3.677	0.086
1511106072411	9.337	-3.802	0.22
1511106072421	9.481	-3.917	0.277
1511106072436	9.605	-4.012	0.229
1511106072441	9.653	-4.051	0.181
1511106072451	9.625	-4.06	0.162
1511106072464	9.481	-3.974	0.134
1511106072471	9.308	-3.821	0.134
1511106072481	9.165	-3.572	0.114
1511106072495	9.079	-3.38	0.057
1511106072501	9.021	-3.246	0.028
1511106072511	8.935	-3.198	0.076
1511106072526	8.686	-3.131	0.028
1511106072531	8.763	-3.074	0.028
1511106072541	8.667	-3.007	-0.019
1511106072554	8.629	-2.968	-0.124
1511106072561	8.609	-2.93	-0.277
1511106072571	8.609	-2.873	0.009
1511106072585	8.609	-2.844	-0.067
1511106072591	8.59	-2.767	-0.067
1511106072601	8.533	-2.691	-0.009
1511106072614	8.466	-2.624	-0.028
1511106072621	8.198	-2.624	-0.047
1511106072632	8.485	-2.652	-0.105
1511106072647	8.561	-2.777	-0.105
1511106072651	8.676	-2.911	-0.105
1511106072661	8.83	-3.102	-0.105
1511106072672	9.098	-3.265	-0.143
1511106072681	9.27	-3.284	-0.201
1511106072691	9.404	-3.256	-0.249
1511106072705	9.577	-3.179	-0.306
1511106072711	9.749	-2.94	-0.373
1511106072721	9.95	-3.035	-0.488
1511106072732	10.161	-2.978	-0.593
1511106072761	10.333	-2.758	-0.689
1511106072782	10.419	-2.748	-0.708
1511106072793	10.41	-2.614	-0.679
1511106072799	10.218	-2.499	-0.584
1511106072804	9.931	-2.403	-0.507
1511106072805	9.653	-2.365	-0.517
1511106072806	9.433	-2.336	-0.622
1511106072816	9.605	-2.557	-0.689
1511106072835	10.668	-3.419	-0.833
1511106072837	12.517	-4.932	-1.254
1511106072843	14.71	-5.535	-2.346
1511106072851	16.443	-4.022	-3.62
1511106072867	16.032	-2.604	-3.371
1511106072876	13.714	-2.317	-1.915
1511106072886	11.597	-2.097	-0.316
1511106072891	10.084	-1.513	-0.047
1511106072904	9.174	-0.718	-0.584
1511106072916	8.782	-0.009	-1.302
1511106072921	8.772	0.383	-1.944
1511106072938	8.925	0.507	-2.547
1511106072946	9.155	0.45	-2.853
1511106072951	9.51	0.22	-2.815
1511106072961	9.864	-0.316	-2.537
1511106072975	10.19	-1.024	-2.231
1511106072981	10.218	-1.589	-2.03
1511106072991	10.075	-2.001	-1.829
1511106073005	9.96	-2.298	-1.589
1511106073011	9.787	-2.557	-1.359
1511106073022	9.577	-2.758	-1.168
1511106073035	9.395	-2.863	-1.13
1511106073041	9.28	-2.825	-1.235
1511106073051	9.308	-2.614	-1.34
1511106073066	9.538	-2.231	-1.465
1511106073071	9.864	-1.8	-1.599
1511106073089	10.199	-1.446	-1.637
1511106073097	10.429	-1.216	-1.695
1511106073101	10.486	-1.082	-1.647
1511106073111	10.439	-1.053	-1.561
1511106073125	10.295	-1.149	-1.532
1511106073147	10.056	-1.302	-1.541
1511106073148	9.778	-1.484	-1.522
1511106073159	9.577	-1.656	-1.388
1511106073168	9.462	-1.781	-1.388
1511106073175	9.376	-1.886	-1.283
1511106073182	9.366	-1.982	-1.187
1511106073192	9.385	-2.059	-1.072
1511106073203	9.433	-2.059	-1.034
1511106073218	9.634	-1.886	-1.072
1511106073222	9.634	-1.953	-1.072
1511106073233	9.73	-1.867	-1.225
1511106073247	9.816	-1.752	-1.379
1511106073251	9.921	-1.647	-1.465
1511106073262	9.969	-1.57	-1.513
1511106073276	10.008	-1.532	-1.561
1511106073281	10.027	-1.561	-1.513
1511106073291	10.017	-1.637	-1.264
1511106073308	10.017	-1.743	-1.13
1511106073311	9.988	-1.867	-1.187
1511106073322	9.912	-1.982	-1.072
1511106073338	9.835	-2.116	-1.043
1511106073341	9.778	-2.212	-0.996
1511106073355	9.692	-2.269	-0.967
1511106073371	9.682	-2.26	-0.996
1511106073381	9.653	-2.231	-0.996
1511106073399	9.653	-2.212	-1.043
1511106073401	9.605	-2.221	-1.024
1511106073411	9.663	-2.202	-0.957
1511106073427	9.73	-2.231	-0.928
1511106073431	9.759	-2.193	-0.9
1511106073445	9.73	-2.403	-0.814
1511106073458	9.73	-2.308	-0.842
1511106073479	9.692	-2.346	-0.852
1511106073491	9.653	-2.47	-0.9
1511106073504	9.644	-2.48	-0.852
1511106073507	9.663	-2.47	-0.756
1511106073512	9.701	-2.48	-0.775
1511106073514	9.701	-2.509	-0.814
1511106073523	9.701	-2.547	-0.852
1511106073538	9.663	-2.576	-0.881
1511106073551	9.653	-2.566	-0.871
1511106073552	9.634	-2.509	-0.861
1511106073563	9.586	-2.432	-0.871
1511106073583	9.557	-2.365	-0.861
1511106073584	9.557	-2.288	-0.89
1511106073597	9.615	-2.241	-0.89
1511106073603	9.653	-2.212	-0.89
1511106073611	9.73	-2.212	-0.881
1511106073631	9.797	-2.231	-0.948
1511106073635	9.835	-2.241	-0.996
1511106073641	9.854	-2.183	-0.996
1511106073653	9.807	-2.145	-1.024
1511106073663	9.778	-2.078	-1.015
1511106073671	9.807	-2.011	-1.034
1511106073682	9.874	-1.934	-1.043
1511106073693	9.902	-1.925	-1.063
1511106073701	9.931	-1.934	-1.091
1511106073712	9.921	-1.953	-1.11
1511106073721	9.95	-1.972	-1.091
1511106073731	9.931	-1.992	-1.072
1511106073742	9.921	-2.001	-1.063
1511106073751	9.902	-1.982	-1.053
1511106073761	9.854	-1.982	-1.091
1511106073772	9.835	-1.953	-1.13
1511106073783	9.797	-1.963	-1.187
1511106073791	9.778	-1.944	-1.235
1511106073804	9.759	-1.925	-1.254
1511106073814	9.701	-1.886	-1.254
1511106073823	9.672	-1.857	-1.225
1511106073836	9.701	-1.81	-1.197
1511106073842	9.711	-1.8	-1.206
1511106073851	9.749	-1.781	-1.216
1511106073865	9.807	-1.81	-1.235
1511106073872	9.845	-1.8	-1.264
1511106073881	9.864	-1.829	-1.283
1511106073895	9.902	-1.886	-1.312
1511106073901	9.893	-1.925	-1.292
1511106073913	9.874	-1.963	-1.292
1511106073925	9.845	-1.992	-1.283
1511106073931	9.874	-1.982	-1.254
1511106073943	9.864	-2.001	-1.273
1511106073955	9.883	-1.992	-1.312
1511106073961	9.921	-2.011	-1.35
1511106073974	9.969	-2.068	-1.369
1511106073986	9.988	-2.154	-1.455
1511106073991	10.017	-2.221	-1.465
1511106074004	9.988	-2.298	-1.484
1511106074016	9.979	-2.317	-1.417
1511106074021	9.988	-2.308	-1.417
1511106074033	10.084	-2.269	-1.407
1511106074045	10.18	-2.269	-1.283
1511106074051	10.247	-2.355	-1.216
1511106074063	10.333	-2.509	-1.187
1511106074075	10.458	-2.815	-1.235
1511106074081	10.611	-2.815	-1.168
1511106074094	10.515	-2.959	-1.091
1511106074107	10.735	-3.074	-1.063
1511106074112	10.678	-3.17	-1.091
1511106074122	10.917	-3.256	-1.168
1511106074135	11.109	-3.304	-1.177
1511106074141	11.301	-3.323	-1.168
1511106074151	11.502	-3.371	-1.11
1511106074164	11.655	-3.217	-1.034
1511106074192	11.751	-3.313	-0.928
1511106074200	11.712	-3.093	-0.823
1511106074204	11.597	-3.141	-0.833
1511106074206	11.406	-2.921	-0.881
1511106074214	11.224	-2.873	-0.948
1511106074226	11.004	-2.777	-0.986
1511106074232	10.774	-2.614	-0.957
1511106074253	10.506	-2.48	-0.919
1511106074255	10.228	-2.375	-0.814
1511106074265	9.979	-2.365	-0.718
1511106074280	9.701	-2.394	-0.612
1511106074282	9.385	-2.384	-0.545
1511106074300	9.04	-2.336	-0.459
1511106074303	8.676	-2.288	-0.402
1511106074313	8.341	-2.231	-0.411
1511106074321	8.006	-2.193	-0.402
1511106074331	7.767	-2.106	-0.363
1511106074342	7.575	-2.116	-0.316
1511106074351	7.46	-2.174	-0.191
1511106074361	7.364	-2.317	-0.162
1511106074374	7.383	-2.509	0.047
1511106074381	7.431	-2.748	0.153
1511106074391	7.604	-2.94	0.239
1511106074405	7.786	-3.093	0.239
1511106074411	7.968	-3.15	0.191
1511106074423	8.083	-3.102	0.172
1511106074436	8.198	-2.978	0.067
1511106074441	8.274	-2.825	-0.076
1511106074452	8.303	-2.729	-0.162
1511106074466	8.303	-2.748	-0.229
1511106074471	8.399	-2.853	-0.287
1511106074484	8.609	-2.968	-0.325
1511106074496	8.868	-3.093	-0.268
1511106074501	9.117	-3.227	-0.181
1511106074512	9.347	-3.38	-0.009
1511106074526	9.49	-3.438	0.268
1511106074531	9.586	-3.438	0.21
1511106074544	9.692	-3.438	0.201
1511106074555	9.778	-3.428	0.067
1511106074561	9.883	-3.39	0.067
1511106074573	9.941	-3.342	0.028
1511106074585	9.96	-3.294	-0.086
1511106074592	9.902	-3.208	-0.086
1511106074604	9.778	-3.189	-0.172
1511106074615	9.605	-3.189	-0.028
1511106074633	9.596	-3.237	0.028
1511106074646	9.548	-3.476	0.153
1511106074651	9.548	-3.39	0.153
1511106074662	9.5	-3.409	0.21
1511106074677	9.28	-3.332	0.181
1511106074681	9.376	-3.189	0.181
1511106074694	9.356	-3.102	0.162
1511106074706	9.146	-2.844	-0.028
1511106074721	9.012	-2.729	-0.105
1511106074735	8.983	-2.633	-0.153
1511106074751	9.012	-2.614	-0.153
1511106074766	9.002	-2.585	-0.21
1511106074771	9.002	-2.585	-0.191
1511106074784	8.992	-2.576	-0.191
1511106074797	8.954	-2.585	-0.153
1511106074801	8.954	-2.585	-0.114
1511106074813	8.763	-2.595	-0.086
1511106074827	8.571	-2.557	-0.105
1511106074831	8.418	-2.557	-0.181
1511106074842	8.035	-2.47	-0.201
1511106074857	8.044	-2.413	-0.258
1511106074861	8.092	-2.413	-0.249
1511106074871	8.265	-2.49	-0.21
1511106074886	8.571	-2.777	-0.172
1511106074891	8.916	-2.93	-0.134
1511106074902	9.174	-2.921	-0.076
1511106074945	9.28	-2.844	-0.019
1511106074951	9.107	-2.537	-0.009
1511106074961	8.734	-2.308	0.019
1511106074966	8.341	-2.097	-0.057
1511106074969	8.169	-2.078	-0.287
1511106074973	8.274	-2.202	-0.498
1511106074976	8.667	-2.461	-0.612
1511106074981	9.241	-2.729	-0.689
1511106074993	9.835	-2.901	-0.737
1511106075005	10.4	-3.083	-0.699
1511106075011	11.607	-4.242	-0.651
1511106075029	13.944	-6.617	-0.775
1511106075039	16.549	-7.814	-1.743
1511106075041	18.139	-5.43	-2.71
1511106075069	17.286	-2.834	-2.164
1511106075071	14.135	-2.068	-0.612
1511106075072	11.291	-2.106	0.823
1511106075081	9.739	-1.388	0.679
1511106075096	9.241	-0.153	-0.488
1511106075101	9.241	0.794	-1.771
1511106075111	9.404	1.292	-3.007
1511106075125	9.586	1.321	-3.869
1511106075131	9.826	0.852	-3.964
1511106075141	10.17	0.028	-3.275
1511106075153	10.429	-1.063	-2.384
1511106075170	10.285	-2.039	-1.628
1511106075181	9.672	-2.624	-1.139
1511106075182	9.069	-3.007	-0.852
1511106075191	8.734	-3.275	-0.651
1511106075201	8.581	-3.38	-0.536
1511106075214	8.648	-3.304	-0.402
1511106075223	8.935	-3.064	-0.43
1511106075231	9.299	-2.796	-0.536
1511106075245	9.672	-2.566	-0.67
1511106075251	10.017	-2.26	-0.881
1511106075261	10.257	-1.915	-1.13
1511106075274	10.372	-1.647	-1.34
1511106075281	10.4	-1.465	-1.398
1511106075291	10.362	-1.359	-1.426
1511106075304	10.257	-1.273	-1.455
1511106075311	10.132	-1.283	-1.522
1511106075321	9.988	-1.407	-1.58
1511106075335	9.778	-1.599	-1.455
1511106075341	9.615	-1.877	-1.455
1511106075351	9.519	-2.145	-1.321
1511106075368	9.481	-2.595	-1.149
1511106075381	9.548	-2.71	-1.053
1511106075394	9.634	-2.767	-0.852
1511106075401	9.749	-2.748	-0.852
1511106075411	9.854	-2.7	-0.794
1511106075424	9.921	-2.652	-0.919
1511106075431	9.96	-2.566	-0.919
1511106075441	9.988	-2.442	-1.043
1511106075456	9.931	-2.154	-1.187
1511106075471	9.826	-2.078	-1.273
1511106075486	9.749	-2.039	-1.302
1511106075491	9.711	-2.049	-1.359
1511106075502	9.682	-2.097	-1.35
1511106075514	9.557	-2.183	-1.302
1511106075521	9.557	-2.269	-1.292
1511106075531	9.5	-2.308	-1.245
1511106075545	9.471	-2.317	-1.216
1511106075551	9.471	-2.336	-1.235
1511106075561	9.672	-2.308	-1.235
1511106075575	9.596	-2.25	-1.216
1511106075581	9.835	-2.212	-1.206
1511106075593	9.864	-2.164	-1.197
1511106075605	9.902	-2.106	-1.216
1511106075611	9.893	-2.106	-1.225
1511106075621	9.845	-2.097	-1.216
1511106075635	9.797	-2.087	-1.225
1511106075665	9.787	-2.078	-1.216
1511106075668	9.768	-2.068	-1.187
1511106075671	9.759	-2.049	-1.197
1511106075675	9.768	-2.039	-1.158
1511106075704	9.778	-2.001	-1.149
1511106075705	9.807	-1.934	-1.149
1511106075708	9.826	-1.934	-1.177
1511106075711	9.845	-1.963	-1.168
1511106075725	9.845	-1.944	-1.168
1511106075737	9.797	-1.953	-1.187
1511106075748	9.759	-1.925	-1.225
1511106075756	9.682	-1.877	-1.292
1511106075762	9.644	-1.8	-1.331
1511106075772	9.634	-1.752	-1.379
1511106075787	9.644	-1.695	-1.331
1511106075791	9.663	-1.656	-1.321
1511106075805	9.692	-1.647	-1.321
1511106075817	9.73	-1.637	-1.292
1511106075821	9.797	-1.647	-1.254
1511106075831	9.845	-1.666	-1.216
1511106075846	9.845	-1.714	-1.197
1511106075851	9.864	-1.752	-1.216
1511106075863	9.854	-1.8	-1.302
1511106075875	9.797	-1.857	-1.331
1511106075881	9.73	-1.877	-1.331
1511106075891	9.701	-1.867	-1.235
1511106075908	9.682	-1.857	-1.168
1511106075911	9.644	-1.857	-1.187
1511106075921	9.663	-1.877	-1.197
1511106075934	9.72	-1.925	-1.197
1511106075941	9.797	-1.953	-1.168
1511106075951	9.912	-1.982	-1.158
1511106075964	9.96	-2.049	-1.158
1511106075971	9.96	-2.116	-1.187
1511106075981	9.941	-2.202	-1.225
1511106075996	9.931	-2.384	-1.264
1511106076001	9.96	-2.537	-1.225
1511106076012	10.046	-2.7	-1.168
1511106076027	10.276	-2.853	-1.005
1511106076031	10.199	-2.968	-1.005
1511106076043	10.209	-3.15	-0.919
1511106076057	10.218	-3.265	-0.775
1511106076061	10.257	-3.371	-0.775
1511106076073	10.324	-3.543	-0.785
1511106076087	10.592	-3.629	-0.948
1511106076091	10.563	-3.591	-0.948
1511106076103	10.678	-3.61	-0.976
1511106076118	10.965	-3.668	-1.072
1511106076121	10.965	-3.706	-1.072
1511106076133	11.176	-3.782	-1.12
1511106076148	11.291	-3.763	-1.13
1511106076151	11.291	-3.696	-0.996
1511106076164	11.281	-3.696	-0.641
1511106076178	11.214	-3.648	-0.727
1511106076181	11.166	-3.543	-0.881
1511106076192	11.071	-3.352	-0.9
1511106076206	10.975	-3.131	-0.9
1511106076211	10.85	-2.959	-0.948
1511106076221	10.688	-2.853	-0.766
1511106076236	10.506	-2.758	-0.651
1511106076241	10.295	-2.691	-0.708
1511106076252	10.084	-2.652	-0.67
1511106076262	9.778	-2.672	-0.679
1511106076271	9.471	-2.643	-0.727
1511106076282	8.954	-2.643	-0.66
1511106076292	8.897	-2.71	-0.507
1511106076301	8.715	-2.758	-0.363
1511106076311	8.581	-2.729	-0.22
1511106076327	8.552	-2.681	-0.047
1511106076331	8.523	-2.662	0.076
1511106076342	8.466	-2.672	0.067
1511106076361	8.36	-2.739	0.028
1511106076375	8.207	-2.777	-0.143
1511106076379	8.035	-2.834	-0.344
1511106076384	7.853	-2.882	-0.478
1511106076401	7.719	-2.892	-0.536
1511106076409	7.661	-2.834	-0.517
1511106076418	7.671	-2.758	-0.517
1511106076422	7.719	-2.767	-0.488
1511106076431	7.824	-2.815	-0.411
1511106076448	8.006	-2.892	-0.363
1511106076452	8.188	-3.007	-0.411
1511106076462	8.322	-3.179	-0.363
1511106076482	8.418	-3.332	-0.354
1511106076482	8.523	-3.486	-0.325
1511106076492	8.657	-3.572	-0.258
1511106076509	8.83	-3.715	-0.162
1511106076511	9.059	-3.84	-0.047
1511106076522	9.241	-3.974	0.0
1511106076536	9.347	-4.07	0.0
1511106076541	9.414	-4.099	-0.028
1511106076551	9.5	-4.06	-0.067
1511106076562	9.605	-3.993	-0.028
1511106076571	9.692	-3.907	-0.019
1511106076581	9.739	-3.859	-0.009
1511106076592	9.768	-3.859	0.028
1511106076601	9.739	-3.859	0.028
1511106076611	9.634	-3.83	0.0
1511106076622	9.538	-3.773	-0.028
1511106076631	9.452	-3.677	-0.047
1511106076641	9.452	-3.505	-0.067
1511106076653	9.452	-3.323	-0.076
1511106076661	9.433	-3.131	-0.105
1511106076671	9.347	-2.988	-0.143
1511106076683	9.261	-2.892	-0.229
1511106076691	9.184	-2.834	-0.306
1511106076703	9.165	-2.844	-0.373
1511106076721	9.146	-2.873	-0.392
1511106076722	9.155	-2.892	-0.373
1511106076734	9.146	-2.921	-0.344
1511106076751	9.155	-2.978	-0.354
1511106076752	9.155	-3.055	-0.306
1511106076764	9.127	-3.064	-0.277
1511106076781	9.05	-2.968	-0.191
1511106076782	8.916	-2.806	-0.201
1511106076794	8.763	-2.585	-0.296
1511106076811	8.629	-2.413	-0.421
1511106076813	8.552	-2.25	-0.517
1511106076826	8.581	-2.174	-0.574
1511106076841	8.743	-2.202	-0.67
1511106076842	8.925	-2.298	-0.718
1511106076854	9.107	-2.432	-0.689
1511106076870	9.251	-2.509	-0.622
1511106076872	9.222	-2.537	-0.545
1511106076884	9.059	-2.528	-0.517
1511106076901	8.791	-2.509	-0.478
1511106076902	8.552	-2.566	-0.488
1511106076914	8.456	-2.681	-0.574
1511106076931	8.523	-2.767	-0.727
1511106076933	8.772	-2.719	-0.622
1511106076944	9.088	-2.652	-0.814
1511106076962	9.376	-2.537	-0.814
1511106076963	9.557	-2.423	-0.89
1511106076976	9.596	-2.317	-0.842
1511106076991	9.615	-2.394	-0.842
1511106076992	10.123	-3.055	-0.938
1511106077005	14.662	-4.721	-1.321
1511106077020	17.305	-6.799	-2.269
1511106077022	17.018	-6.225	-2.719
1511106077035	14.633	-3.869	-1.733
1511106077048	12.335	-2.604	-0.229
1511106077051	10.841	-2.183	0.181
1511106077072	9.941	-1.656	-0.517
1511106077079	9.452	-0.622	-1.752
1511106077081	9.146	0.555	-2.853
1511106077095	9.136	1.12	-3.581
1511106077103	9.462	1.072	-3.725
1511106077111	10.036	0.392	-3.304
1511106077130	10.314	-0.402	-2.796
1511106077134	10.19	-1.426	-2.231
1511106077142	9.73	-2.059	-1.723
1511106077153	9.261	-2.528	-1.235
1511106077165	9.002	-2.853	-0.881
1511106077178	8.935	-3.055	-0.593
1511106077186	9.04	-3.141	-0.45
1511106077213	9.241	-3.131	-0.44
1511106077215	9.433	-2.921	-0.641
1511106077216	9.644	-2.557	-0.9
1511106077221	9.864	-2.059	-1.149
1511106077231	10.036	-1.551	-1.379
1511106077242	10.19	-1.072	-1.599
1511106077254	10.295	-0.747	-1.733
1511106077261	10.343	-0.632	-1.819
1511106077272	10.324	-0.67	-1.829
1511106077281	10.237	-0.852	-1.8
1511106077291	10.103	-1.072	-1.819
1511106077303	9.95	-1.302	-1.81
1511106077311	9.768	-1.551	-1.666
1511106077321	9.596	-1.743	-1.503
1511106077333	9.5	-1.886	-1.369
1511106077351	9.462	-1.953	-1.312
1511106077353	9.51	-1.953	-1.292
1511106077363	9.557	-1.934	-1.321
1511106077371	9.644	-1.867	-1.283
1511106077381	9.73	-1.819	-1.292
1511106077393	9.845	-1.762	-1.264
1511106077401	9.912	-1.714	-1.331
1511106077411	9.921	-1.656	-1.407
1511106077423	9.941	-1.647	-1.417
1511106077441	9.902	-1.599	-1.407
1511106077443	9.902	-1.57	-1.446
1511106077453	9.893	-1.561	-1.379
1511106077461	9.902	-1.57	-1.369
1511106077471	9.893	-1.656	-1.331
1511106077484	9.921	-1.723	-1.292
1511106077491	9.893	-1.829	-1.302
1511106077501	9.845	-1.925	-1.254
1511106077512	9.749	-1.992	-1.283
1511106077521	9.682	-2.049	-1.302
1511106077533	9.596	-2.059	-1.321
1511106077542	9.577	-2.03	-1.302
1511106077551	9.577	-2.011	-1.283
1511106077561	9.615	-1.963	-1.235
1511106077572	9.644	-1.953	-1.177
1511106077581	9.653	-1.934	-1.149
1511106077591	9.682	-1.925	-1.13
1511106077603	9.692	-1.896	-1.149
1511106077611	9.73	-1.896	-1.12
1511106077623	9.768	-1.896	-1.139
1511106077633	9.768	-1.857	-1.321
1511106077641	9.807	-1.838	-1.216
1511106077651	9.826	-1.829	-1.235
1511106077662	9.854	-1.8	-1.283
1511106077671	9.816	-1.79	-1.264
1511106077681	9.826	-1.771	-1.264
1511106077693	9.787	-1.762	-1.369
1511106077701	9.73	-1.781	-1.216
1511106077711	9.72	-1.829	-1.187
1511106077723	9.835	-1.857	-1.13
1511106077739	9.835	-1.857	-1.168
1511106077741	9.845	-1.81	-1.245
1511106077753	9.816	-1.81	-1.34
1511106077761	9.596	-1.762	-1.398
1511106077785	9.692	-1.704	-1.417
1511106077786	9.644	-1.656	-1.465
1511106077800	9.663	-1.58	-1.455
1511106077803	9.72	-1.503	-1.474
1511106077830	9.778	-1.426	-1.446
1511106077831	9.864	-1.359	-1.417
1511106077837	9.941	-1.513	-1.369
1511106077842	9.979	-1.407	-1.331
1511106077851	9.979	-1.618	-1.331
1511106077864	9.921	-1.599	-1.331
1511106077875	9.826	-1.647	-1.359
1511106077881	9.73	-1.723	-1.359
1511106077901	9.663	-1.79	-1.321
1511106077902	9.653	-1.848	-1.283
1511106077912	9.73	-1.896	-1.206
1511106077922	9.778	-1.925	-1.187
1511106077934	9.845	-1.963	-1.158
1511106077948	9.893	-1.982	-1.091
1511106077954	9.941	-2.049	-1.12
1511106077963	9.96	-2.154	-1.177
1511106078009	9.998	-2.25	-1.197
1511106078011	10.056	-2.317	-1.245
1511106078012	10.113	-2.384	-1.225
1511106078013	10.17	-2.432	-1.225
1511106078014	10.209	-2.47	-1.216
1511106078023	10.247	-2.547	-1.187
1511106078039	10.295	-2.633	-1.216
1511106078043	10.391	-2.719	-1.187
1511106078056	10.448	-2.901	-1.187
1511106078061	10.496	-3.045	-1.11
1511106078071	10.544	-3.179	-1.072
1511106078083	10.592	-3.284	-1.005
1511106078091	10.621	-3.371	-0.909
1511106078101	10.697	-3.457	-0.775
1511106078115	10.812	-3.514	-0.67
1511106078121	10.965	-3.553	-0.632
1511106078131	11.119	-3.495	-0.708
1511106078143	11.176	-3.399	-0.814
1511106078151	11.147	-3.342	-0.861
1511106078161	11.109	-3.323	-0.775
1511106078172	11.138	-3.323	-0.727
1511106078181	11.119	-3.39	-0.699
1511106078191	11.071	-3.514	-0.67
1511106078203	10.984	-3.601	-0.603
1511106078211	10.764	-3.706	-0.517
1511106078224	10.439	-3.811	-0.344
1511106078234	10.046	-3.878	-0.21
1511106078241	9.653	-3.878	-0.162
1511106078251	9.299	-3.792	-0.22
1511106078263	8.983	-3.639	-0.181
1511106078271	8.724	-3.476	-0.143
1511106078281	8.542	-3.294	-0.076
1511106078292	8.514	-3.112	-0.028
1511106078301	8.504	-3.007	-0.067
1511106078311	8.514	-2.93	-0.181
1511106078323	8.456	-2.93	-0.316
1511106078331	8.389	-2.959	-0.316
1511106078341	8.312	-2.968	-0.306
1511106078353	8.169	-2.978	-0.354
1511106078361	8.044	-3.007	-0.354
1511106078371	7.939	-3.026	-0.335
1511106078383	7.862	-3.083	-0.22
1511106078391	7.862	-3.102	-0.22
1511106078401	7.805	-3.179	0.0
1511106078413	7.805	-3.217	-0.038
1511106078421	7.805	-3.313	-0.038
1511106078431	7.881	-3.39	-0.105
1511106078443	8.121	-3.725	-0.057
1511106078451	8.121	-3.725	-0.076
1511106078461	8.303	-3.859	-0.105
1511106078473	8.581	-3.974	-0.086
1511106078492	8.581	-3.974	-0.019
1511106078498	8.791	-3.984	0.057
1511106078521	8.667	-4.012	0.086
1511106078523	8.715	-4.012	0.095
1511106078524	8.839	-4.051	0.105
1511106078539	9.05	-4.031	0.019
1511106078549	9.289	-4.031	-0.047
1511106078553	9.452	-4.223	-0.038
1511106078565	9.567	-4.137	0.038
1511106078571	9.625	-4.166	0.038
1511106078587	9.615	-4.06	0.019
1511106078591	9.586	-3.926	-0.067
1511106078601	9.538	-3.811	-0.105
1511106078611	9.452	-3.715	-0.086
1511106078624	9.366	-3.591	-0.038
1511106078631	9.241	-3.486	0.0
1511106078641	9.127	-3.361	0.028
1511106078653	9.05	-3.256	0.038
1511106078661	9.021	-3.189	-0.028
1511106078671	9.031	-3.093	-0.076
1511106078684	9.088	-3.045	-0.095
1511106078691	9.079	-2.988	-0.124
1511106078701	9.059	-2.94	-0.134
1511106078714	9.012	-2.882	-0.114
1511106078721	8.868	-2.796	-0.162
1511106078731	8.705	-2.739	-0.181
1511106078743	8.475	-2.739	-0.21
1511106078751	8.322	-2.796	-0.22
1511106078761	8.245	-2.882	-0.22
1511106078773	8.322	-3.026	-0.162
1511106078781	8.504	-3.131	-0.105
1511106078791	8.734	-3.198	-0.067
1511106078803	8.906	-3.208	-0.009
1511106078811	8.964	-3.15	0.0
1511106078821	8.916	-3.074	-0.057
1511106078833	8.839	-2.988	-0.114
1511106078841	8.83	-2.988	-0.22
1511106078851	8.868	-3.055	-0.296
1511106078863	9.012	-3.189	-0.316
1511106078871	9.27	-3.361	-0.354
1511106078881	9.49	-3.495	-0.363
1511106078893	9.663	-3.533	-0.392
1511106078901	9.711	-3.438	-0.383
1511106078911	9.778	-3.466	-0.335
1511106078923	10.458	-4.051	-0.469
1511106078931	12.344	-5.66	-0.938
1511106078941	15.419	-7.316	-1.714
1511106078953	17.315	-6.79	-2.336
1511106078961	16.022	-4.893	-2.068
1511106078971	13.34	-3.629	-1.321
1511106078983	10.994	-2.806	0.105
1511106078991	9.443	-1.877	0.785
1511106079001	9.04	-0.727	0.038
1511106079013	9.146	0.134	-1.11
1511106079021	9.28	0.612	-2.288
1511106079031	9.423	0.727	-3.045
1511106079043	9.711	0.545	-3.256
1511106079051	9.979	0.105	-3.016
1511106079061	10.056	-0.622	-2.585
1511106079073	10.017	-1.513	-2.001
1511106079081	9.797	-2.068	-1.58
1511106079091	9.471	-2.355	-1.321
1511106079103	9.222	-2.537	-1.015
1511106079111	9.069	-2.748	-1.053
1511106079121	9.031	-2.978	-0.976
1511106079134	9.117	-3.131	-0.948
1511106079141	9.347	-3.074	-1.12
1511106079151	9.586	-2.777	-1.082
1511106079164	9.835	-2.403	-1.034
1511106079171	10.017	-2.011	-1.12
1511106079181	10.19	-1.608	-1.292
1511106079201	10.381	-0.948	-1.436
1511106079209	10.381	-1.053	-1.494
1511106079211	10.41	-0.996	-1.503
1511106079232	10.19	-1.101	-1.503
1511106079251	9.969	-1.312	-1.484
1511106079252	9.711	-1.532	-1.398
1511106079254	9.51	-1.743	-1.321
1511106079261	9.404	-2.039	-1.245
1511106079271	9.385	-2.193	-1.12
1511106079282	9.414	-2.164	-1.082
1511106079291	9.519	-2.231	-1.053
1511106079301	9.615	-2.183	-1.053
1511106079314	9.692	-2.126	-1.043
1511106079321	9.778	-2.039	-1.082
1511106079332	9.864	-1.915	-1.158
1511106079345	9.883	-1.838	-1.245
1511106079351	9.902	-1.762	-1.331
1511106079361	9.931	-1.723	-1.312
1511106079375	9.941	-1.733	-1.264
1511106079381	9.96	-1.781	-1.158
1511106079391	9.96	-1.886	-1.091
1511106079403	9.941	-1.982	-1.024
1511106079411	9.912	-2.068	-1.034
1511106079421	9.854	-2.126	-1.053
1511106079433	9.759	-2.174	-1.024
1511106079441	9.701	-2.193	-0.996
1511106079451	9.653	-2.221	-0.986
1511106079467	9.653	-2.241	-0.938
1511106079471	9.663	-2.26	-0.976
1511106079481	9.682	-2.288	-0.967
1511106079496	9.711	-2.279	-0.919
1511106079501	9.787	-2.25	-0.957
1511106079517	9.816	-2.202	-0.976
1511106079527	9.835	-2.221	-0.871
1511106079531	9.826	-2.269	-0.804
1511106079542	9.807	-2.317	-0.756
1511106079556	9.73	-2.394	-0.756
1511106079561	9.692	-2.461	-0.727
1511106079571	9.692	-2.528	-0.622
1511106079586	9.663	-2.566	-0.622
1511106079591	9.615	-2.576	-0.689
1511106079602	9.577	-2.566	-0.718
1511106079616	9.557	-2.518	-0.794
1511106079621	9.596	-2.47	-0.785
1511106079632	9.625	-2.413	-0.804
1511106079646	9.663	-2.336	-0.785
1511106079651	9.711	-2.279	-0.852
1511106079662	9.72	-2.212	-0.9
1511106079676	9.759	-2.154	-0.938
1511106079681	9.797	-2.135	-0.957
1511106079692	9.874	-2.106	-0.928
1511106079706	9.921	-2.087	-0.986
1511106079711	9.902	-2.078	-0.986
1511106079722	9.912	-2.03	-1.072
1511106079736	9.874	-1.972	-1.12
1511106079741	9.854	-1.915	-1.187
1511106079752	9.816	-1.877	-1.225
1511106079767	9.778	-1.819	-1.292
1511106079772	9.701	-1.743	-1.292
1511106079782	9.653	-1.666	-1.292
1511106079796	9.653	-1.599	-1.321
1511106079801	9.711	-1.57	-1.331
1511106079812	9.749	-1.541	-1.302
1511106079827	9.797	-1.551	-1.11
1511106079831	9.845	-1.551	-1.187
1511106079842	9.874	-1.561	-1.177
1511106079856	9.72	-1.589	-1.177
1511106079861	9.816	-1.656	-1.149
1511106079872	9.768	-1.723	-1.101
1511106079886	9.73	-1.8	-1.053
1511106079891	9.692	-1.829	-1.091
1511106079923	9.711	-1.877	-1.082
1511106079927	9.864	-1.886	-1.063
1511106079931	9.739	-1.867	-1.072
1511106079938	9.864	-1.857	-1.101
1511106079947	9.988	-1.886	-1.11
1511106079952	10.075	-1.953	-1.139
1511106079963	10.123	-2.039	-1.197
1511106079976	10.161	-2.183	-1.273
1511106079981	10.18	-2.279	-1.379
1511106080000	10.209	-2.576	-1.369
1511106080008	10.257	-2.729	-1.321
1511106080013	10.314	-2.834	-1.197
1511106080021	10.41	-2.901	-1.091
1511106080032	10.563	-3.055	-0.996
1511106080045	10.697	-3.198	-0.967
1511106080053	10.831	-3.304	-0.871
1511106080065	10.946	-3.323	-0.718
1511106080071	11.233	-3.275	-0.632
1511106080081	11.55	-3.265	-0.632
1511106080095	11.837	-3.332	-0.651
1511106080101	12.086	-3.371	-0.584
1511106080111	12.182	-3.294	-0.421
1511106080121	12.201	-3.208	-0.296
1511106080131	12.038	-3.189	-0.268
1511106080141	11.741	-3.198	-0.306
1511106080154	11.406	-3.16	-0.459
1511106080161	11.061	-3.102	-0.641
1511106080171	10.678	-3.016	-0.708
1511106080184	10.324	-2.911	-0.622
1511106080191	9.998	-2.758	-0.565
1511106080201	9.653	-2.604	-0.498
1511106080216	9.337	-2.461	-0.43
1511106080221	9.069	-2.355	-0.392
1511106080233	8.82	-2.26	-0.354
1511106080244	8.6	-2.221	-0.316
1511106080251	8.38	-2.193	-0.268
1511106080261	8.092	-2.183	-0.22
1511106080275	7.814	-2.26	-0.229
1511106080281	7.537	-2.365	-0.162
1511106080291	7.336	-2.47	-0.124
1511106080307	7.278	-2.595	-0.105
1511106080311	7.288	-2.758	-0.067
1511106080322	7.374	-2.93	0.0
1511106080337	7.508	-3.102	0.038
1511106080341	7.709	-3.227	0.038
1511106080353	7.949	-3.284	0.047
1511106080367	8.198	-3.265	-0.028
1511106080371	8.37	-3.227	-0.095
1511106080383	8.494	-3.208	-0.153
1511106080397	8.552	-3.237	-0.191
1511106080401	8.6	-3.265	-0.162
1511106080412	8.676	-3.294	-0.095
1511106080427	8.801	-3.38	-0.047
1511106080431	8.906	-3.447	0.0
1511106080442	8.983	-3.514	-0.019
1511106080457	9.098	-3.62	-0.047
1511106080461	9.222	-3.735	-0.038
1511106080472	9.376	-3.782	-0.009
1511106080487	9.51	-3.811	-0.009
1511106080491	9.625	-3.84	-0.057
1511106080502	9.739	-3.811	-0.047
1511106080517	9.845	-3.754	-0.076
1511106080521	9.864	-3.677	-0.114
1511106080532	9.797	-3.61	-0.21
1511106080547	9.778	-3.486	-0.21
1511106080551	9.72	-3.399	-0.268
1511106080563	9.682	-3.275	-0.258
1511106080577	9.625	-3.17	-0.258
1511106080581	9.586	-3.093	-0.21
1511106080593	9.567	-3.026	-0.22
1511106080608	9.567	-2.997	-0.21
1511106080641	9.567	-3.026	-0.239
1511106080649	9.577	-3.045	-0.21
1511106080652	9.577	-3.035	-0.239
1511106080656	9.414	-2.978	-0.22
1511106080660	9.5	-2.988	-0.258
1511106080664	9.471	-3.007	-0.249
1511106080674	9.423	-3.026	-0.239
1511106080684	9.328	-2.997	-0.22
1511106080696	9.203	-2.94	-0.229
1511106080701	9.012	-2.767	-0.229
1511106080712	8.801	-2.403	-0.191
1511106080726	8.629	-2.193	-0.21
1511106080731	8.561	-2.26	-0.296
1511106080741	8.6	-2.336	-0.354
1511106080757	8.715	-2.451	-0.45
1511106080761	8.868	-2.576	-0.478
1511106080771	8.983	-2.662	-0.44
1511106080789	9.021	-2.691	-0.344
1511106080791	8.954	-2.633	-0.277
1511106080803	8.763	-2.48	-0.296
1511106080815	8.514	-2.336	-0.402
1511106080821	8.293	-2.26	-0.478
1511106080831	8.188	-2.298	-0.517
1511106080846	8.245	-2.47	-0.545
1511106080851	8.494	-2.758	-0.526
1511106080862	8.887	-3.035	-0.545
1511106080877	9.299	-3.227	-0.593
1511106080881	9.644	-3.304	-0.565
1511106080893	9.826	-3.275	-0.565
1511106080907	9.883	-3.198	-0.488
1511106080911	9.787	-3.083	-0.383
1511106080923	9.615	-2.94	-0.392
1511106080937	9.337	-2.758	-0.383
1511106080941	8.935	-2.528	-0.402
1511106080953	8.82	-2.528	-0.43
1511106080968	9.672	-3.265	-0.574
1511106081000	11.808	-4.951	-0.976
1511106081001	14.835	-6.215	-1.618
1511106081001	16.999	-5.075	-2.968
1511106081002	15.821	-3.543	-3.007
1511106081011	13.226	-3.064	-1.503
1511106081021	11.224	-2.834	0.277
1511106081031	9.912	-2.087	0.689
1511106081041	9.557	-0.89	-0.191
1511106081051	9.73	0.153	-1.503
1511106081061	9.931	0.641	-2.825
1511106081072	10.056	0.632	-3.581
1511106081088	10.295	0.258	-3.562
1511106081091	10.486	-0.383	-3.112
1511106081103	10.295	-1.35	-2.432
1511106081111	9.893	-2.193	-1.848
1511106081121	9.462	-2.739	-1.398
1511106081133	9.222	-3.064	-1.13
1511106081141	9.136	-3.189	-0.976
1511106081151	9.184	-3.16	-0.928
1511106081163	9.308	-3.141	-0.967
1511106081171	9.443	-3.102	-1.024
1511106081181	9.548	-2.997	-1.13
1511106081193	9.634	-2.825	-1.177
1511106081201	9.768	-2.595	-1.177
1511106081213	9.912	-2.346	-1.197
1511106081226	10.017	-2.097	-1.34
1511106081250	10.094	-1.915	-1.34
1511106081255	10.142	-1.819	-1.388
1511106081256	10.103	-1.972	-1.359
1511106081269	10.103	-1.867	-1.359
1511106081271	9.988	-1.944	-1.35
1511106081282	9.816	-2.116	-1.321
1511106081291	9.605	-2.317	-1.321
1511106081301	9.423	-2.499	-1.101
1511106081313	9.308	-2.633	-1.091
1511106081334	9.308	-2.748	-1.024
1511106081336	9.318	-2.834	-1.005
1511106081354	9.548	-2.853	-0.986
1511106081364	9.452	-2.825	-0.948
1511106081368	9.692	-2.739	-0.986
1511106081376	9.701	-2.633	-1.091
1511106081381	9.73	-2.585	-1.158
1511106081393	9.759	-2.509	-1.158
1511106081403	9.768	-2.423	-1.206
1511106081411	9.739	-2.308	-1.312
1511106081421	9.759	-2.25	-1.388
1511106081434	9.768	-2.221	-1.436
1511106081441	9.797	-2.193	-1.436
1511106081451	9.807	-2.174	-1.35
1511106081466	9.835	-2.269	-1.264
1511106081471	9.807	-2.355	-1.254
1511106081481	9.797	-2.442	-1.187
1511106081492	9.759	-2.48	-1.13
1511106081501	9.711	-2.537	-1.13
1511106081511	9.644	-2.566	-1.091
1511106081524	9.577	-2.547	-1.12
1511106081531	9.567	-2.528	-1.13
1511106081541	9.577	-2.499	-1.091
1511106081552	9.596	-2.499	-1.12
1511106081561	9.634	-2.566	-1.053
1511106081571	9.672	-2.576	-1.024
1511106081582	9.711	-2.604	-1.005
1511106081591	9.72	-2.643	-0.996
1511106081602	9.672	-2.672	-1.005
1511106081614	9.644	-2.71	-0.986
1511106081621	9.605	-2.7	-1.015
1511106081632	9.557	-2.7	-1.024
1511106081645	9.538	-2.7	-1.005
1511106081651	9.529	-2.643	-1.005
1511106081662	9.519	-2.643	-0.996
1511106081674	9.567	-2.566	-1.024
1511106081681	9.586	-2.528	-1.034
1511106081691	9.663	-2.49	-1.053
1511106081704	9.72	-2.47	-1.034
1511106081711	9.768	-2.451	-1.053
1511106081721	9.797	-2.432	-1.072
1511106081734	9.778	-2.413	-1.13
1511106081741	9.768	-2.403	-1.168
1511106081751	9.749	-2.336	-1.225
1511106081764	9.72	-2.288	-1.292
1511106081771	9.73	-2.25	-1.321
1511106081781	9.749	-2.25	-1.312
1511106081794	9.749	-2.241	-1.302
1511106081802	9.759	-2.202	-1.302
1511106081811	9.73	-2.193	-1.283
1511106081824	9.672	-2.154	-1.292
1511106081831	9.625	-2.087	-1.312
1511106081841	9.615	-2.049	-1.312
1511106081854	9.634	-2.02	-1.312
1511106081861	9.644	-1.992	-1.292
1511106081871	9.672	-1.992	-1.273
1511106081884	9.672	-2.011	-1.254
1511106081891	9.692	-2.059	-1.235
1511106081901	9.692	-2.068	-1.264
1511106081914	9.672	-2.039	-1.321
1511106081921	9.701	-2.011	-1.321
1511106081931	9.739	-2.001	-1.369
1511106081945	9.883	-2.02	-1.34
1511106081951	9.883	-2.03	-1.34
1511106081961	9.912	-2.106	-1.206
1511106081975	9.96	-2.212	-1.216
1511106081981	10.008	-2.346	-1.216
1511106081991	9.941	-2.461	-1.292
1511106082005	9.941	-2.528	-1.283
1511106082011	9.941	-2.566	-1.321
1511106082021	9.96	-2.633	-1.302
1511106082054	10.008	-2.758	-1.273
1511106082060	10.008	-2.901	-1.225
1511106082063	10.314	-2.988	-1.101
1511106082066	10.467	-3.055	-0.986
1511106082084	10.41	-3.093	-0.9
1511106082085	10.63	-3.102	-0.9
1511106082097	10.64	-3.17	-0.957
1511106082101	10.764	-3.17	-0.996
1511106082111	11.004	-3.208	-0.996
1511106082125	11.157	-3.246	-1.005
1511106082131	11.272	-3.275	-1.015
1511106082141	11.31	-3.476	-0.967
1511106082154	11.253	-3.486	-0.9
1511106082161	11.099	-3.639	-0.785
1511106082171	10.917	-3.648	-0.612
1511106082182	10.755	-3.687	-0.593
1511106082191	10.515	-3.668	-0.555
1511106082201	10.266	-3.61	-0.488
1511106082213	10.103	-3.466	-0.373
1511106082221	10.008	-3.323	-0.306
1511106082231	9.998	-3.189	-0.172
1511106082243	10.027	-3.15	-0.057
1511106082251	10.046	-3.112	-0.019
1511106082261	9.941	-3.189	-0.047
1511106082272	9.778	-3.246	-0.124
1511106082321	9.577	-3.294	-0.229
1511106082322	9.318	-3.352	-0.287
1511106082323	9.117	-3.399	-0.296
1511106082323	8.973	-3.352	-0.335
1511106082324	8.868	-3.265	-0.45
1511106082332	8.782	-3.141	-0.526
1511106082341	8.715	-2.949	-0.555
1511106082351	8.686	-2.806	-0.545
1511106082362	8.724	-2.7	-0.469
1511106082371	8.801	-2.662	-0.43
1511106082381	8.878	-2.739	-0.373
1511106082392	8.897	-2.834	-0.325
1511106082401	8.782	-2.94	-0.249
1511106082411	8.6	-3.064	-0.258
1511106082425	8.332	-3.17	-0.229
1511106082431	8.102	-3.227	-0.201
1511106082441	7.939	-3.265	-0.114
1511106082453	7.929	-3.284	-0.086
1511106082461	7.996	-3.304	0.019
1511106082471	8.083	-3.361	0.038
1511106082484	8.121	-3.38	-0.067
1511106082491	8.169	-3.352	-0.162
1511106082501	8.245	-3.294	-0.268
1511106082515	8.36	-3.208	-0.335
1511106082521	8.466	-3.141	-0.335
1511106082532	8.571	-3.102	-0.258
1511106082546	8.772	-3.131	-0.229
1511106082551	8.772	-3.217	-0.229
1511106082562	8.868	-3.294	-0.21
1511106082576	9.098	-3.371	-0.191
1511106082581	9.098	-3.38	-0.191
1511106082592	9.232	-3.38	-0.21
1511106082607	9.529	-3.39	-0.22
1511106082611	9.529	-3.399	-0.22
1511106082622	9.711	-3.371	-0.277
1511106082637	9.864	-3.323	-0.344
1511106082641	9.864	-3.256	-0.344
1511106082652	9.845	-3.256	-0.306
1511106082667	9.73	-3.074	-0.153
1511106082671	9.73	-3.208	-0.153
1511106082685	9.692	-3.16	-0.191
1511106082700	9.749	-3.112	-0.239
1511106082702	9.749	-3.074	-0.239
1511106082716	9.759	-3.083	-0.229
1511106082729	9.653	-2.911	-0.258
1511106082731	9.653	-3.055	-0.277
1511106082777	9.538	-2.997	-0.335
1511106082786	9.241	-2.911	-0.411
1511106082794	9.241	-2.825	-0.421
1511106082795	8.983	-2.739	-0.402
1511106082797	9.098	-2.672	-0.383
1511106082799	9.05	-2.652	-0.354
1511106082812	8.964	-2.662	-0.383
1511106082818	8.897	-2.681	-0.354
1511106082829	8.763	-2.7	-0.306
1511106082836	8.648	-2.71	-0.296
1511106082841	8.581	-2.71	-0.316
1511106082851	8.581	-2.729	-0.363
1511106082873	8.59	-2.882	-0.373
1511106082874	8.59	-2.777	-0.354
1511106082882	8.533	-2.767	-0.316
1511106082892	8.447	-2.739	-0.306
1511106082904	8.427	-2.806	-0.296
1511106082911	8.494	-2.892	-0.277
1511106082921	8.667	-2.997	-0.325
1511106082934	8.83	-3.093	-0.306
1511106082941	8.945	-3.16	-0.316
1511106082951	8.964	-3.112	-0.411
1511106082964	8.935	-2.988	-0.45
1511106082977	8.839	-2.844	-0.584
1511106082982	8.763	-2.729	-0.679
1511106082994	8.772	-2.691	-0.785
1511106083001	8.82	-2.7	-0.823
1511106083011	9.165	-3.045	-0.737
1511106083025	10.324	-4.453	-0.785
1511106083034	12.689	-6.866	-1.417
1511106083043	16.271	-7.087	-3.102
1511106083054	17.631	-4.041	-3.62
1511106083061	15.294	-2.988	-2.26
1511106083072	12.459	-3.706	-0.21
1511106083084	10.477	-3.993	1.12
1511106083091	9.672	-2.806	0.555
1511106083101	9.557	-0.823	-0.727
1511106083115	9.739	0.555	-2.078
1511106083121	10.276	1.13	-3.237
1511106083131	11.032	1.321	-4.099
1511106083144	11.569	1.139	-4.271
1511106083159	11.684	0.555	-3.773
1511106083164	11.109	-0.545	-2.997
1511106083174	10.237	-1.589	-2.317
1511106083181	9.5	-2.365	-1.857
1511106083191	9.059	-2.834	-1.58
1511106083205	8.868	-3.122	-1.264
1511106083211	8.858	-3.275	-0.976
1511106083221	8.935	-3.38	-0.814
1511106083235	9.059	-3.294	-0.804
1511106083241	9.222	-3.093	-0.89
1511106083261	9.404	-2.815	-1.034
1511106083264	9.653	-2.47	-1.187
1511106083275	9.912	-2.059	-1.321
1511106083281	10.103	-1.618	-1.503
1511106083295	10.209	-1.312	-1.676
1511106083301	10.276	-1.177	-1.838
1511106083311	10.266	-1.206	-1.829
1511106083327	10.075	-1.388	-1.723
1511106083331	10.075	-1.608	-1.723
1511106083342	9.854	-1.886	-1.561
1511106083355	9.471	-2.183	-1.292
1511106083361	9.471	-2.403	-1.292
1511106083372	9.395	-2.576	-1.216
1511106083386	9.548	-2.652	-1.053
1511106083392	9.452	-2.672	-1.053
1511106083401	9.538	-2.662	-1.053
1511106083417	9.577	-2.643	-1.13
1511106083421	9.577	-2.633	-1.13
1511106083431	9.586	-2.566	-1.264
1511106083445	9.605	-2.576	-1.197
1511106083489	9.644	-2.566	-1.149
1511106083499	9.711	-2.566	-1.101
1511106083501	9.864	-2.566	-1.13
1511106083503	9.759	-2.547	-1.072
1511106083507	9.797	-2.509	-1.13
1511106083509	9.816	-2.499	-1.149
1511106083520	9.797	-2.509	-1.12
1511106083522	9.749	-2.518	-1.177
1511106083533	9.692	-2.528	-1.149
1511106083541	9.653	-2.585	-1.063
1511106083554	9.596	-2.633	-1.043
1511106083579	9.577	-2.882	-0.976
1511106083580	9.538	-2.815	-0.938
1511106083583	9.519	-3.045	-0.909
1511106083596	9.481	-2.968	-0.9
1511106083613	9.471	-2.93	-0.909
1511106083613	9.471	-2.873	-0.948
1511106083626	9.5	-2.853	-0.948
1511106083631	9.548	-2.815	-0.957
1511106083641	9.615	-2.777	-0.919
1511106083656	9.634	-2.748	-0.919
1511106083661	9.644	-2.748	-0.9
1511106083671	9.653	-2.767	-0.89
1511106083686	9.672	-2.815	-0.871
1511106083693	9.634	-2.815	-0.871
1511106083706	9.615	-2.777	-0.9
1511106083714	9.605	-2.729	-0.919
1511106083721	9.644	-2.681	-0.938
1511106083731	9.653	-2.662	-0.948
1511106083742	9.663	-2.681	-0.89
1511106083751	9.663	-2.719	-0.794
1511106083762	9.682	-2.758	-0.804
1511106083776	9.672	-2.806	-0.814
1511106083781	9.634	-2.863	-0.842
1511106083794	9.625	-2.844	-0.814
1511106083808	9.586	-2.786	-0.852
1511106083811	9.548	-2.729	-0.909
1511106083821	9.51	-2.71	-0.967
1511106083837	9.49	-2.662	-0.996
1511106083841	9.538	-2.643	-0.948
1511106083851	9.596	-2.614	-0.909
1511106083866	9.634	-2.604	-0.871
1511106083871	9.663	-2.624	-0.871
1511106083881	9.692	-2.557	-0.909
1511106083896	9.73	-2.537	-0.986
1511106083901	9.73	-2.518	-1.005
1511106083911	9.72	-2.47	-1.043
1511106083927	9.72	-2.48	-1.053
1511106083931	9.711	-2.461	-1.072
1511106083942	9.72	-2.461	-1.043
1511106083959	9.72	-2.49	-1.053
1511106083961	9.72	-2.499	-1.043
1511106083974	9.739	-2.49	-1.063
1511106083991	9.759	-2.48	-1.091
1511106083993	9.739	-2.48	-1.091
1511106084004	9.72	-2.47	-1.139
1511106084015	9.672	-2.451	-1.101
1511106084023	9.644	-2.48	-1.063
1511106084037	9.653	-2.528	-1.024
1511106084050	9.663	-2.566	-1.015
1511106084052	9.644	-2.624	-0.986
1511106084064	9.672	-2.662	-0.948
1511106084081	9.72	-2.719	-0.986
1511106084083	9.768	-2.777	-1.005
1511106084095	9.787	-2.796	-0.976
1511106084104	9.826	-2.786	-0.976
1511106084113	9.893	-2.758	-1.139
1511106084127	9.95	-2.739	-1.101
1511106084142	9.931	-2.748	-1.082
1511106084143	9.931	-2.758	-1.11
1511106084158	9.854	-2.892	-1.139
1511106084214	9.854	-2.777	-1.13
1511106084216	9.826	-2.863	-1.043
1511106084231	9.902	-2.911	-0.986
1511106084235	9.902	-2.94	-0.967
1511106084239	9.902	-2.93	-0.938
1511106084242	9.941	-2.93	-0.919
1511106084252	10.075	-2.911	-0.928
1511106084258	10.199	-2.978	-0.938
1511106084259	10.305	-3.083	-0.909
1511106084261	10.439	-3.237	-0.871
1511106084266	10.601	-3.352	-0.842
1511106084276	10.716	-3.601	-0.823
1511106084283	10.822	-3.725	-0.794
1511106084292	10.965	-3.715	-0.766
1511106084302	11.09	-3.773	-0.651
1511106084311	11.243	-3.715	-0.593
1511106084329	11.32	-3.629	-0.507
1511106084335	11.339	-3.533	-0.469
1511106084377	11.339	-3.486	-0.45
1511106084378	11.262	-3.524	-0.44
1511106084379	11.119	-3.524	-0.469
1511106084380	10.937	-3.447	-0.45
1511106084385	10.745	-3.352	-0.469
1511106084408	10.506	-3.198	-0.545
1511106084409	10.237	-3.064	-0.708
1511106084413	9.931	-2.892	-0.775
1511106084422	9.634	-2.786	-0.794
1511106084435	9.414	-2.739	-0.708
1511106084441	9.28	-2.71	-0.593
1511106084452	9.165	-2.681	-0.488
1511106084466	9.04	-2.643	-0.421
1511106084471	8.897	-2.633	-0.363
1511106084482	8.724	-2.652	-0.306
1511106084526	8.542	-2.748	-0.277
1511106084526	8.418	-2.825	-0.296
1511106084527	8.274	-2.882	-0.249
1511106084528	8.188	-2.949	-0.229
1511106084533	8.121	-3.035	-0.249
1511106084542	8.111	-3.16	-0.277
1511106084551	8.073	-3.284	-0.296
1511106084561	8.016	-3.399	-0.325
1511106084571	7.977	-3.438	-0.277
1511106084581	7.996	-3.371	-0.249
1511106084591	8.035	-3.284	-0.21
1511106084601	8.044	-3.17	-0.239
1511106084615	8.083	-3.055	-0.287
1511106084621	8.15	-2.968	-0.344
1511106084631	8.207	-2.844	-0.363
1511106084641	8.312	-2.806	-0.44
1511106084651	8.447	-2.873	-0.498
1511106084662	8.629	-2.978	-0.507
1511106084671	8.753	-3.16	-0.44
1511106084681	8.906	-3.313	-0.402
1511106084691	9.059	-3.419	-0.392
1511106084707	9.155	-3.457	-0.344
1511106084712	9.251	-3.466	-0.239
1511106084721	9.356	-3.486	-0.172
1511106084731	9.414	-3.457	-0.143
1511106084741	9.519	-3.505	-0.21
1511106084751	9.596	-3.591	-0.258
1511106084761	9.682	-3.658	-0.258
1511106084771	9.72	-3.754	-0.22
1511106084781	9.73	-3.782	-0.143
1511106084791	9.72	-3.744	-0.076
1511106084802	9.73	-3.658	-0.009
1511106084811	9.739	-3.514	0.0
1511106084821	9.749	-3.352	-0.057
1511106084831	9.682	-3.179	-0.143
1511106084842	9.538	-3.007	-0.335
1511106084851	9.318	-2.806	-0.488
1511106084861	9.155	-2.643	-0.459
1511106084882	9.088	-2.566	-0.478
1511106084887	9.05	-2.528	-0.469
1511106084896	9.079	-2.509	-0.45
1511106084909	9.127	-2.509	-0.402
1511106084911	9.165	-2.537	-0.373
1511106084921	9.194	-2.547	-0.287
1511106084932	9.194	-2.528	-0.172
1511106084941	9.05	-2.499	-0.143
1511106084951	8.868	-2.48	-0.172
1511106084963	8.715	-2.461	-0.21
1511106084971	8.667	-2.47	-0.229
1511106084981	8.696	-2.528	-0.277
1511106084992	8.772	-2.748	-0.344
1511106085001	8.849	-2.624	-0.354
1511106085011	8.925	-2.643	-0.325
1511106085023	8.992	-2.672	-0.21
1511106085031	9.021	-2.729	-0.124
1511106085041	9.05	-2.758	-0.201
1511106085052	9.155	-2.806	-0.316
1511106085061	9.299	-2.901	-0.402
1511106085071	9.557	-3.035	-0.411
1511106085084	9.816	-3.131	-0.392
1511106085091	10.084	-3.217	-0.344
1511106085101	10.228	-3.17	-0.325
1511106085114	10.237	-3.074	-0.373
1511106085121	10.17	-2.882	-0.44
1511106085131	10.036	-2.633	-0.536
1511106085144	9.826	-2.365	-0.632
1511106085151	9.711	-2.097	-0.775
1511106085161	9.663	-1.896	-0.881
1511106085173	9.625	-1.819	-0.976
1511106085181	9.787	-2.097	-0.996
1511106085191	10.343	-2.834	-1.053
1511106085204	11.454	-3.917	-1.177
1511106085211	12.842	-4.587	-1.561
1511106085221	14.308	-4.185	-2.011
1511106085237	14.777	-3.246	-1.743
1511106085241	13.618	-2.576	-0.833
1511106085252	11.77	-2.202	-0.047
1511106085265	10.247	-1.762	0.153
1511106085273	9.452	-1.015	-0.296
1511106085292	9.184	-0.268	-1.082
1511106085293	9.127	0.249	-1.771
1511106085301	9.165	0.459	-2.336
1511106085311	9.289	0.383	-2.729
1511106085323	9.634	0.019	-2.806
1511106085331	10.103	-0.507	-2.662
1511106085343	10.486	-1.206	-2.365
1511106085355	10.659	-1.79	-2.078
1511106085361	10.448	-2.154	-1.771
1511106085371	10.18	-2.346	-1.417
1511106085384	9.941	-2.403	-1.149
1511106085391	9.778	-2.375	-0.996
1511106085402	9.701	-2.327	-0.967
1511106085413	9.653	-2.183	-0.957
1511106085421	9.644	-2.049	-1.015
1511106085432	9.663	-1.915	-1.091
1511106085444	9.72	-1.857	-1.187
1511106085451	9.826	-1.79	-1.283
1511106085461	9.921	-1.743	-1.359
1511106085474	9.969	-1.704	-1.388
1511106085481	9.96	-1.733	-1.398
1511106085491	9.96	-1.743	-1.388
1511106085504	9.921	-1.781	-1.369
1511106085511	9.864	-1.781	-1.35
1511106085521	9.759	-1.848	-1.177
1511106085534	9.672	-1.934	-1.197
1511106085541	9.672	-2.001	-1.197
1511106085551	9.634	-2.049	-1.158
1511106085564	9.625	-2.02	-1.13
1511106085571	9.672	-1.992	-1.149
1511106085606	9.749	-1.944	-1.206
1511106085608	9.778	-1.905	-1.321
1511106085611	9.778	-1.905	-1.407
1511106085624	9.768	-1.886	-1.388
1511106085627	9.787	-1.838	-1.331
1511106085639	9.778	-1.819	-1.264
1511106085642	9.749	-1.829	-1.206
1511106085654	9.739	-1.81	-1.197
1511106085661	9.749	-1.81	-1.149
1511106085671	9.759	-1.848	-1.091
1511106085683	9.759	-1.877	-1.063
1511106085691	9.73	-2.068	-1.005
1511106085701	9.701	-2.001	-0.948
1511106085713	9.682	-2.059	-0.967
1511106085721	9.692	-2.154	-0.957
1511106085731	9.663	-2.202	-0.948
1511106085742	9.672	-2.202	-0.948
1511106085751	9.711	-2.212	-0.928
1511106085761	9.73	-2.221	-0.967
1511106085772	9.73	-2.212	-0.919
1511106085781	9.682	-2.231	-0.938
1511106085791	9.653	-2.231	-0.948
1511106085802	9.663	-2.212	-1.005
1511106085811	9.672	-2.221	-0.967
1511106085821	9.672	-2.212	-0.938
1511106085835	9.711	-2.202	-0.928
1511106085841	9.749	-2.174	-0.909
1511106085851	9.778	-2.154	-0.938
1511106085864	9.816	-2.135	-0.948
1511106085871	9.845	-2.126	-0.976
1511106085881	9.874	-2.126	-1.005
1511106085894	9.845	-2.154	-1.034
1511106085901	9.787	-2.193	-1.043
1511106085911	9.73	-2.221	-1.015
1511106085924	9.701	-2.25	-0.986
1511106085931	9.701	-2.26	-0.996
1511106085941	9.663	-2.288	-1.005
1511106085954	9.682	-2.308	-1.015
1511106085961	9.701	-2.317	-1.015
1511106085971	9.73	-2.308	-1.015
1511106085984	9.768	-2.317	-1.034
1511106085991	9.73	-2.327	-1.034
1511106086001	9.739	-2.317	-1.034
1511106086014	9.72	-2.298	-1.034
1511106086021	9.701	-2.288	-1.024
1511106086031	9.701	-2.25	-1.053
1511106086044	9.672	-2.183	-1.072
1511106086051	9.682	-2.135	-1.12
1511106086061	9.672	-2.126	-1.158
1511106086074	9.692	-2.087	-1.139
1511106086081	9.692	-2.059	-1.158
1511106086091	9.73	-2.03	-1.225
1511106086104	9.787	-2.02	-1.225
1511106086111	9.797	-2.049	-1.283
1511106086121	9.835	-2.116	-1.245
1511106086134	9.845	-2.154	-1.245
1511106086141	9.826	-2.202	-1.302
1511106086151	9.739	-2.221	-1.302
1511106086164	9.72	-2.279	-1.245
1511106086171	9.749	-2.336	-1.13
1511106086181	9.768	-2.423	-1.12
1511106086194	9.778	-2.518	-1.12
1511106086201	9.826	-2.595	-1.13
1511106086211	9.883	-2.624	-1.12
1511106086224	9.969	-2.691	-1.091
1511106086231	10.027	-2.815	-1.091
1511106086241	10.094	-2.921	-1.283
1511106086255	10.199	-2.978	-1.225
1511106086261	10.276	-2.959	-1.063
1511106086272	10.381	-2.93	-1.177
1511106086285	10.467	-2.873	-1.139
1511106086319	10.525	-2.873	-1.034
1511106086321	10.898	-2.978	-0.928
1511106086323	11.023	-3.237	-0.842
1511106086334	10.975	-3.61	-0.651
1511106086345	10.975	-3.878	-0.478
1511106086351	11.004	-4.06	-0.507
1511106086361	11.166	-4.108	-0.632
1511106086374	11.224	-4.012	-0.679
1511106086381	11.329	-3.744	-0.622
1511106086391	11.32	-3.122	-0.603
1511106086404	11.253	-3.016	-0.622
1511106086411	11.109	-2.796	-0.852
1511106086421	10.889	-2.461	-1.043
1511106086434	10.649	-2.394	-1.206
1511106086441	10.362	-2.068	-1.283
1511106086451	10.036	-1.896	-1.369
1511106086463	9.653	-1.8	-1.34
1511106086471	9.299	-1.81	-1.283
1511106086481	9.059	-1.925	-1.082
1511106086493	8.897	-2.164	-0.775
1511106086501	8.81	-2.461	-0.536
1511106086511	8.696	-2.739	-0.344
1511106086525	8.561	-2.997	-0.249
1511106086531	8.466	-3.17	-0.191
1511106086541	8.437	-3.294	-0.124
1511106086555	8.418	-3.38	-0.067
1511106086561	8.408	-3.447	0.0
1511106086571	8.437	-3.438	0.009
1511106086585	8.466	-3.419	-0.009
1511106086591	8.485	-3.342	-0.028
1511106086601	8.485	-3.275	-0.134
1511106086615	8.523	-3.189	-0.258
1511106086621	8.571	-3.064	-0.335
1511106086631	8.696	-2.968	-0.354
1511106086645	8.782	-2.882	-0.373
1511106086651	8.82	-2.93	-0.411
1511106086661	8.791	-3.007	-0.43
1511106086675	8.849	-3.112	-0.45
1511106086681	8.916	-3.227	-0.478
1511106086705	9.146	-3.352	-0.507
1511106086711	9.184	-3.361	-0.411
1511106086721	9.146	-3.371	-0.277
1511106086735	9.05	-3.361	-0.181
1511106086741	8.878	-3.361	-0.181
1511106086752	8.734	-3.352	-0.22
1511106086765	8.667	-3.332	-0.201
1511106086771	8.696	-3.332	-0.22
1511106086781	8.782	-3.294	-0.287
1511106086795	8.954	-3.275	-0.306
1511106086801	9.165	-3.217	-0.306
1511106086811	9.356	-3.189	-0.22
1511106086825	9.51	-3.17	-0.191
1511106086831	9.625	-3.17	-0.162
1511106086841	9.711	-3.246	-0.181
1511106086855	9.72	-3.342	-0.172
1511106086861	9.692	-3.371	-0.172
1511106086872	9.663	-3.304	-0.201
1511106086885	9.615	-3.246	-0.22
1511106086891	9.586	-3.16	-0.287
1511106086902	9.596	-3.083	-0.296
1511106086916	9.653	-3.026	-0.258
1511106086921	9.72	-2.997	-0.268
1511106086931	9.711	-3.026	-0.268
1511106086946	9.711	-3.083	-0.316
1511106086951	9.692	-3.102	-0.316
1511106086962	9.692	-3.074	-0.344
1511106086976	9.701	-3.016	-0.373
1511106086981	9.653	-2.968	-0.325
1511106086991	9.586	-2.892	-0.296
1511106087006	9.51	-2.815	-0.306
1511106087011	9.443	-2.729	-0.287
1511106087043	9.366	-2.624	-0.344
1511106087046	9.28	-2.537	-0.402
1511106087049	9.107	-2.461	-0.469
1511106087054	9.203	-2.413	-0.478
1511106087078	8.858	-2.327	-0.517
1511106087090	8.753	-2.269	-0.574
1511106087097	8.676	-2.25	-0.603
1511106087101	8.638	-2.25	-0.593
1511106087111	8.648	-2.26	-0.526
1511106087125	8.619	-2.442	-0.526
1511106087131	8.6	-2.355	-0.478
1511106087141	8.638	-2.403	-0.459
1511106087156	8.705	-2.432	-0.45
1511106087161	8.81	-2.509	-0.459
1511106087174	9.002	-2.614	-0.44
1511106087186	9.251	-2.7	-0.392
1511106087191	9.433	-2.739	-0.469
1511106087201	9.596	-2.796	-0.612
1511106087215	9.672	-2.585	-0.747
1511106087221	9.653	-2.557	-0.689
1511106087232	9.366	-2.604	-0.555
1511106087244	8.945	-2.748	-0.517
1511106087251	8.686	-2.911	-0.411
1511106087263	8.734	-3.064	-0.43
1511106087274	9.069	-3.179	-0.306
1511106087283	9.414	-3.179	-0.181
1511106087295	9.625	-2.997	-0.124
1511106087305	9.471	-2.681	-0.21
1511106087311	9.04	-2.336	-0.181
1511106087321	8.533	-2.164	-0.277
1511106087336	8.447	-2.672	-0.861
1511106087345	9.395	-4.587	-1.446
1511106087355	12.613	-7.68	-1.417
