timestamp	x	y	z
1517160984174	-8.849	-4.166	1.331
1517160984193	-8.81	-4.089	1.34
1517160984195	-8.724	-4.012	1.292
1517160984213	-8.916	-3.945	1.407
1517160984227	-9.012	-4.022	1.465
1517160984231	-9.136	-4.041	1.522
1517160984242	-9.079	-4.137	1.446
1517160984251	-8.964	-4.252	1.254
1517160984261	-8.945	-4.348	1.187
1517160984272	-8.925	-4.309	1.158
1517160984285	-8.935	-4.242	1.12
1517160984291	-8.925	-4.089	1.158
1517160984304	-8.849	-4.003	1.12
1517160984310	-8.782	-3.926	1.11
1517160984321	-8.801	-3.821	1.264
1517160984333	-8.839	-3.821	1.206
1517160984341	-8.858	-3.84	1.187
1517160984351	-8.925	-3.917	1.216
1517160984365	-8.83	-3.993	1.177
1517160984376	-8.973	-4.003	1.177
1517160984383	-9.012	-3.945	1.187
1517160984393	-9.031	-3.888	1.034
1517160984402	-8.935	-3.869	1.034
1517160984412	-8.858	-3.821	1.015
1517160984429	-8.897	-3.802	1.149
1517160984431	-8.897	-3.792	1.149
1517160984441	-8.925	-3.84	1.158
1517160984456	-8.887	-3.869	1.321
1517160984461	-8.868	-4.06	1.321
1517160984474	-8.791	-4.338	1.522
1517160984486	-8.81	-4.501	1.589
1517160984491	-8.81	-4.577	1.589
1517160984501	-8.83	-4.482	1.417
1517160984519	-8.878	-3.897	0.9
1517160984531	-8.935	-3.706	1.034
1517160984546	-8.83	-3.553	1.254
1517160984564	-8.983	-3.237	1.187
1517160984576	-8.925	-3.122	1.082
1517160984581	-8.925	-3.179	1.053
1517160984591	-8.858	-3.131	0.996
1517160984610	-8.724	-3.16	1.034
1517160984647	-8.686	-3.122	1.245
1517160984652	-8.533	-3.026	1.474
1517160984661	-8.657	-2.901	1.704
1517160984669	-8.629	-2.758	1.915
1517160984680	-8.59	-2.633	2.078
1517160984687	-8.561	-2.585	2.279
1517160984698	-8.533	-2.604	2.327
1517160984705	-8.456	-2.834	2.346
1517160984723	-8.37	-2.94	2.279
1517160984726	-8.217	-3.093	2.059
1517160984728	-8.188	-3.466	1.781
1517160984729	-8.389	-3.773	1.685
1517160984732	-8.638	-3.945	1.714
1517160984755	-8.571	-4.213	1.494
1517160984756	-8.332	-4.549	1.063
1517160984778	-8.504	-4.644	1.225
1517160984779	-8.801	-4.51	1.417
1517160984801	-8.925	-4.328	1.34
1517160984802	-8.906	-4.137	1.292
1517160984803	-8.81	-3.936	1.359
1517160984814	-8.609	-3.811	1.446
1517160984821	-8.437	-3.696	1.398
1517160984831	-8.38	-3.62	1.369
1517160984843	-8.408	-3.601	1.359
1517160984851	-8.408	-3.639	1.321
1517160984861	-8.399	-3.629	1.359
1517160984874	-8.389	-3.687	1.446
1517160984881	-8.418	-3.792	1.359
1517160984891	-8.648	-3.955	1.484
1517160984903	-8.83	-4.166	1.551
1517160984911	-8.897	-4.415	1.618
1517160984921	-8.839	-4.692	1.81
1517160984932	-8.705	-4.893	2.011
1517160984941	-8.581	-5.075	2.221
1517160984951	-8.542	-5.257	2.384
1517160984964	-8.494	-5.391	2.499
1517160984971	-8.475	-5.545	2.576
1517160984982	-8.427	-5.717	2.681
1517160984997	-8.418	-5.966	2.691
1517160985001	-8.437	-6.196	2.767
1517160985011	-8.466	-6.416	2.786
1517160985029	-8.504	-6.617	2.796
1517160985043	-8.418	-6.771	2.729
1517160985054	-8.341	-6.751	2.7
1517160985061	-8.245	-6.675	2.7
1517160985071	-8.159	-6.617	2.672
1517160985083	-8.035	-6.55	2.7
1517160985091	-7.929	-6.502	2.7
1517160985101	-7.862	-6.464	2.748
1517160985113	-7.795	-6.454	2.853
1517160985121	-7.719	-6.426	2.911
1517160985131	-7.604	-6.378	2.959
1517160985151	-7.556	-6.368	2.901
1517160985161	-7.632	-6.387	2.911
1517160985175	-7.393	-6.407	2.786
1517160985181	-7.355	-6.416	2.786
1517160985191	-7.087	-6.474	2.796
1517160985205	-7.077	-6.589	2.748
1517160985211	-7.048	-6.704	2.748
1517160985221	-7.326	-6.761	2.825
1517160985236	-7.738	-6.723	2.921
1517160985248	-7.632	-6.636	2.921
1517160985256	-7.556	-6.541	2.863
1517160985265	-7.259	-6.445	2.681
1517160985271	-7.269	-6.368	2.528
1517160985281	-7.144	-6.34	2.279
1517160985295	-7.096	-6.253	2.202
1517160985329	-7.125	-6.215	2.174
1517160985332	-7.24	-6.148	2.269
1517160985333	-7.575	-6.062	2.355
1517160985336	-7.747	-5.995	2.49
1517160985360	-7.68	-5.937	2.557
1517160985361	-7.479	-5.918	2.604
1517160985362	-7.546	-5.937	2.652
1517160985374	-7.47	-5.966	2.643
1517160985388	-7.374	-5.966	2.576
1517160985391	-7.24	-6.062	2.576
1517160985415	-7.077	-6.148	2.633
1517160985416	-6.924	-6.244	2.7
1517160985429	-6.742	-6.502	2.652
1517160985433	-6.474	-6.636	2.624
1517160985444	-6.196	-6.809	2.336
1517160985452	-6.205	-7.173	2.346
1517160985464	-6.416	-7.192	2.557
1517160985477	-6.665	-7.182	2.758
1517160985481	-6.78	-7.106	2.834
1517160985493	-6.828	-7.029	2.882
1517160985506	-6.809	-6.972	2.892
1517160985511	-6.799	-6.809	2.901
1517160985535	-6.857	-6.474	2.786
1517160985541	-6.866	-6.292	2.614
1517160985551	-7.01	-6.119	2.624
1517160985563	-7.163	-6.052	2.758
1517160985571	-7.221	-6.033	2.748
1517160985581	-7.192	-5.976	2.681
1517160985596	-7.182	-5.918	2.652
1517160985601	-7.192	-5.937	2.662
1517160985612	-7.221	-5.966	2.604
1517160985626	-7.24	-6.014	2.48
1517160985631	-7.259	-6.071	2.461
1517160985642	-7.23	-6.1	2.47
1517160985656	-7.134	-6.158	2.413
1517160985661	-7.067	-6.158	2.442
1517160985672	-7.01	-6.167	2.47
1517160985686	-7.0	-6.138	2.49
1517160985691	-7.048	-6.129	2.509
1517160985702	-7.096	-6.158	2.499
1517160985716	-7.173	-6.205	2.48
1517160985721	-7.24	-6.263	2.47
1517160985732	-7.259	-6.292	2.528
1517160985746	-7.24	-6.368	2.604
1517160985751	-7.067	-6.483	2.509
1517160985762	-6.991	-6.512	2.528
1517160985776	-6.991	-6.512	2.614
1517160985781	-7.039	-6.56	2.681
1517160985792	-7.058	-6.56	2.633
1517160985806	-7.096	-6.579	2.604
1517160985811	-7.221	-6.56	2.7
1517160985822	-7.326	-6.569	2.767
1517160985836	-7.374	-6.522	2.767
1517160985841	-7.412	-6.454	2.777
1517160985852	-7.412	-6.349	2.786
1517160985866	-7.422	-6.225	2.777
1517160985871	-7.431	-6.091	2.729
1517160985882	-7.46	-6.004	2.681
1517160985896	-7.47	-5.966	2.758
1517160985901	-7.412	-5.966	2.729
1517160985912	-7.355	-6.014	2.681
1517160985926	-7.326	-6.091	2.652
1517160985931	-7.326	-6.177	2.528
1517160985942	-7.345	-6.282	2.413
1517160985956	-7.412	-6.416	2.317
1517160985961	-7.441	-6.522	2.269
1517160985972	-7.431	-6.636	2.212
1517160985986	-7.422	-6.675	2.384
1517160985991	-7.403	-6.694	2.336
1517160986002	-7.355	-6.656	2.547
1517160986017	-7.297	-6.579	2.547
1517160986021	-7.278	-6.512	2.748
1517160986054	-7.422	-6.416	2.739
1517160986059	-7.355	-6.349	2.892
1517160986062	-7.489	-6.273	2.882
1517160986064	-7.671	-6.234	3.093
1517160986074	-7.776	-6.301	3.102
1517160986085	-7.728	-6.273	3.131
1517160986093	-7.68	-6.292	2.997
1517160986105	-7.613	-6.34	2.815
1517160986111	-7.996	-6.34	2.815
1517160986122	-8.255	-6.32	2.949
1517160986138	-8.226	-6.292	2.911
1517160986151	-8.36	-6.129	2.537
1517160986167	-8.638	-5.966	2.547
1517160986171	-8.916	-5.765	2.518
1517160986182	-8.973	-5.64	2.327
1517160986196	-8.763	-5.401	1.963
1517160986201	-8.81	-5.085	1.752
1517160986211	-9.27	-5.018	1.829
1517160986230	-9.749	-5.085	1.551
1517160986231	-9.912	-5.171	1.321
1517160986241	-9.672	-5.037	1.417
1517160986255	-9.577	-4.731	1.944
1517160986261	-9.318	-4.529	2.078
1517160986271	-8.906	-4.472	2.011
1517160986282	-8.494	-4.328	2.106
1517160986291	-8.198	-4.127	2.183
1517160986301	-8.035	-3.897	2.106
1517160986314	-8.15	-3.524	2.231
1517160986321	-8.236	-3.256	2.26
1517160986331	-8.351	-3.284	2.145
1517160986347	-8.609	-3.428	2.336
1517160986351	-8.696	-3.773	2.221
1517160986363	-8.734	-4.137	2.097
1517160986378	-8.935	-4.29	2.327
1517160986381	-8.992	-4.338	2.413
1517160986392	-8.849	-4.271	2.384
1517160986407	-8.571	-4.079	2.461
1517160986411	-8.341	-3.917	2.375
1517160986423	-8.351	-3.773	2.183
1517160986437	-8.561	-3.581	2.049
1517160986441	-8.839	-3.438	1.953
1517160986452	-8.964	-3.342	1.934
1517160986468	-8.906	-3.265	1.838
1517160986471	-8.791	-3.275	1.618
1517160986483	-8.743	-3.304	1.417
1517160986497	-8.83	-3.265	1.331
1517160986501	-8.916	-3.227	1.331
1517160986513	-8.945	-3.237	1.465
1517160986527	-8.83	-3.265	1.628
1517160986531	-8.705	-3.256	1.762
1517160986542	-8.715	-3.131	1.877
1517160986558	-8.753	-2.978	1.905
1517160986561	-8.743	-2.844	1.925
1517160986572	-8.696	-2.691	1.857
1517160986587	-8.609	-2.557	1.762
1517160986591	-8.552	-2.423	1.733
1517160986602	-8.533	-2.279	1.752
1517160986617	-8.542	-2.135	1.762
1517160986621	-8.552	-1.972	1.723
1517160986632	-8.59	-1.819	1.532
1517160986647	-8.686	-1.666	1.379
1517160986651	-8.763	-1.541	1.225
1517160986662	-8.782	-1.551	1.005
1517160986677	-8.82	-1.484	0.976
1517160986681	-8.897	-1.359	1.005
1517160986693	-8.858	-1.225	1.005
1517160986707	-8.724	-1.177	1.015
1517160986711	-8.715	-1.177	1.11
1517160986724	-8.753	-1.379	1.11
1517160986737	-8.801	-1.676	1.177
1517160986741	-8.906	-2.001	1.273
1517160986752	-8.964	-2.288	1.273
1517160986761	-8.973	-2.442	1.398
1517160986794	-8.935	-2.442	1.723
1517160986795	-8.878	-2.298	1.771
1517160986804	-8.657	-2.25	1.331
1517160986807	-8.37	-2.528	1.292
1517160986826	-8.466	-2.873	1.436
1517160986827	-8.868	-3.074	1.513
1517160986843	-8.983	-2.949	1.666
1517160986851	-8.772	-2.729	1.867
1517160986862	-8.447	-2.528	1.953
1517160986872	-8.274	-2.652	1.992
1517160986881	-8.274	-2.691	2.049
1517160986891	-8.236	-2.997	1.972
1517160986902	-8.657	-3.677	2.068
1517160986911	-8.887	-3.677	2.212
1517160986921	-8.82	-3.754	2.241
1517160986932	-8.686	-3.974	2.164
1517160986941	-8.696	-3.888	2.442
1517160986951	-8.667	-3.811	2.595
1517160986961	-8.523	-3.955	2.518
1517160986971	-8.485	-4.022	2.423
1517160986981	-8.542	-4.3	2.164
1517160986991	-8.925	-4.51	1.953
1517160987001	-9.318	-4.51	1.79
1517160987011	-9.414	-4.443	1.695
1517160987021	-9.28	-4.319	1.685
1517160987031	-9.031	-4.233	1.58
1517160987041	-8.935	-4.156	1.589
1517160987051	-8.906	-4.099	1.551
1517160987061	-8.897	-4.079	1.551
1517160987071	-8.858	-4.118	1.599
1517160987084	-8.906	-4.252	1.647
1517160987091	-8.925	-4.462	1.752
1517160987101	-8.887	-4.673	1.896
1517160987113	-8.801	-4.846	2.059
1517160987121	-8.686	-4.97	2.221
1517160987131	-8.6	-5.114	2.375
1517160987143	-8.552	-5.277	2.499
1517160987151	-8.504	-5.497	2.566
1517160987161	-8.514	-5.775	2.614
1517160987173	-8.571	-6.043	2.681
1517160987181	-8.571	-6.273	2.7
1517160987191	-8.571	-6.454	2.681
1517160987203	-8.609	-6.617	2.576
1517160987211	-8.667	-6.723	2.423
1517160987221	-8.753	-6.704	2.308
1517160987233	-8.81	-6.579	2.183
1517160987241	-8.734	-6.33	2.059
1517160987251	-8.504	-5.966	1.963
1517160987263	-8.178	-5.631	2.011
1517160987271	-7.843	-5.42	2.164
1517160987281	-7.546	-5.353	2.355
1517160987293	-7.307	-5.43	2.537
1517160987301	-7.154	-5.631	2.7
1517160987311	-7.01	-5.889	2.921
1517160987324	-6.828	-6.177	2.853
1517160987331	-6.713	-6.397	2.71
1517160987341	-6.751	-6.522	2.767
1517160987354	-6.838	-6.608	2.873
1517160987361	-6.905	-6.675	2.959
1517160987371	-6.953	-6.761	2.844
1517160987384	-6.953	-6.809	2.739
1517160987391	-6.981	-6.809	2.662
1517160987401	-7.067	-6.79	2.528
1517160987414	-7.182	-6.704	2.241
1517160987421	-7.24	-6.684	2.241
1517160987431	-7.278	-6.665	1.992
1517160987444	-7.278	-6.646	1.666
1517160987451	-7.278	-6.598	1.666
1517160987461	-7.288	-6.541	1.685
1517160987474	-7.269	-6.454	1.915
1517160987481	-7.269	-6.33	1.915
1517160987491	-7.202	-6.253	2.02
1517160987524	-6.885	-6.311	1.867
1517160987530	-6.885	-6.454	1.867
1517160987532	-6.876	-6.656	1.857
1517160987535	-6.972	-6.818	2.154
1517160987548	-7.048	-6.905	2.442
1517160987554	-7.077	-6.953	2.47
1517160987564	-7.01	-6.981	2.643
1517160987571	-6.876	-7.029	2.758
1517160987581	-6.742	-7.087	2.863
1517160987593	-6.512	-7.192	2.901
1517160987601	-6.512	-7.192	2.844
1517160987611	-6.474	-7.336	2.748
1517160987623	-6.579	-7.451	2.729
1517160987631	-6.732	-7.451	2.767
1517160987641	-6.684	-7.422	2.739
1517160987652	-6.818	-7.23	2.652
1517160987661	-6.818	-7.307	2.576
1517160987671	-6.761	-7.23	2.432
1517160987682	-6.646	-7.144	2.288
1517160987691	-6.636	-7.163	2.145
1517160987701	-6.684	-7.192	2.087
1517160987712	-6.732	-7.173	2.068
1517160987721	-6.771	-7.144	2.039
1517160987731	-6.732	-7.125	2.049
1517160987743	-6.675	-7.115	2.059
1517160987751	-6.656	-7.134	2.097
1517160987761	-6.656	-7.144	2.059
1517160987775	-6.684	-7.144	2.078
1517160987781	-6.751	-7.096	2.106
1517160987791	-6.809	-7.077	2.193
1517160987804	-6.857	-7.067	2.231
1517160987811	-6.838	-7.029	2.298
1517160987821	-6.838	-7.029	2.279
1517160987832	-6.885	-7.01	2.221
1517160987841	-6.972	-6.991	2.164
1517160987851	-7.02	-6.924	2.135
1517160987871	-6.895	-6.79	2.145
1517160987881	-6.799	-6.761	2.145
1517160987895	-6.799	-6.771	2.212
1517160987901	-6.847	-6.809	2.221
1517160987911	-6.895	-6.828	2.164
1517160987925	-7.0	-6.828	2.154
1517160987931	-7.0	-6.838	2.183
1517160987941	-6.924	-6.847	2.183
1517160987955	-6.847	-6.876	2.193
1517160987961	-6.838	-6.933	2.202
1517160987971	-6.905	-7.02	2.126
1517160987985	-7.058	-7.067	2.068
1517160987991	-7.182	-7.087	1.992
1517160988001	-7.269	-7.048	1.982
1517160988015	-7.288	-7.01	1.992
1517160988021	-7.288	-6.895	2.078
1517160988031	-7.278	-6.799	2.193
1517160988045	-7.288	-6.684	2.212
1517160988051	-7.355	-6.627	2.145
1517160988061	-7.431	-6.665	2.135
1517160988075	-7.565	-6.684	2.231
1517160988081	-7.709	-6.704	2.308
1517160988092	-7.834	-6.694	2.346
1517160988105	-7.843	-6.646	2.317
1517160988111	-7.853	-6.589	2.336
1517160988122	-7.824	-6.522	2.308
1517160988139	-7.834	-6.454	2.221
1517160988141	-7.843	-6.397	2.106
1517160988153	-7.891	-6.34	2.078
1517160988165	-7.977	-6.301	2.202
1517160988171	-8.054	-6.359	2.202
1517160988181	-7.949	-6.522	2.288
1517160988195	-7.968	-6.617	2.106
1517160988201	-7.958	-6.771	2.106
1517160988211	-8.217	-6.876	1.877
1517160988227	-8.743	-6.799	1.915
1517160988235	-8.81	-6.684	1.915
1517160988266	-8.849	-6.522	2.116
1517160988268	-8.638	-6.531	1.714
1517160988270	-8.226	-6.426	2.001
1517160988278	-8.035	-6.177	1.81
1517160988281	-8.006	-6.024	1.666
1517160988297	-8.332	-5.88	1.733
1517160988301	-8.696	-5.698	1.877
1517160988314	-8.743	-5.487	1.848
1517160988321	-8.743	-5.267	1.79
1517160988331	-8.657	-5.133	1.685
1517160988344	-8.561	-4.96	2.097
1517160988351	-8.571	-4.539	2.47
1517160988361	-8.389	-4.166	2.308
1517160988374	-8.284	-4.137	1.877
1517160988383	-8.475	-4.328	1.379
1517160988391	-8.906	-4.683	1.379
1517160988404	-9.184	-4.941	1.608
1517160988411	-8.983	-4.807	1.867
1517160988421	-8.629	-4.884	2.087
1517160988436	-8.542	-4.443	2.164
1517160988441	-8.59	-4.405	2.145
1517160988451	-8.561	-3.926	2.106
1517160988462	-8.418	-3.629	1.953
1517160988471	-8.198	-3.447	1.8
1517160988481	-8.073	-3.284	1.666
1517160988493	-8.016	-3.15	1.369
1517160988500	-8.025	-3.016	1.168
1517160988511	-8.178	-2.786	1.015
1517160988524	-8.332	-2.518	0.852
1517160988531	-8.456	-2.164	0.842
1517160988541	-8.542	-1.81	0.871
1517160988554	-8.581	-1.58	0.909
1517160988561	-8.657	-1.446	0.928
1517160988572	-8.734	-1.426	0.957
1517160988587	-8.839	-1.494	0.996
1517160988591	-8.906	-1.57	1.063
1517160988601	-8.849	-1.695	1.12
1517160988617	-8.715	-1.848	1.158
1517160988621	-8.619	-2.039	1.254
1517160988631	-8.629	-2.336	1.273
1517160988645	-8.696	-2.643	1.302
1517160988651	-8.782	-2.815	1.474
1517160988662	-8.81	-2.873	1.561
1517160988676	-8.743	-2.806	1.561
1517160988681	-8.629	-2.7	1.58
1517160988691	-8.561	-2.576	1.628
1517160988705	-8.571	-2.48	1.666
1517160988711	-8.648	-2.403	1.743
1517160988721	-8.724	-2.432	1.838
1517160988737	-8.782	-2.461	1.896
1517160988741	-8.83	-2.604	1.992
1517160988751	-8.887	-2.825	2.116
1517160988766	-8.858	-3.035	2.241
1517160988771	-8.734	-3.189	2.423
1517160988782	-8.552	-3.265	2.49
1517160988795	-8.437	-3.323	2.451
1517160988801	-8.399	-3.466	2.365
1517160988811	-8.456	-3.61	2.221
1517160988826	-8.6	-3.687	1.905
1517160988831	-8.686	-3.658	1.972
1517160988842	-8.648	-3.505	1.925
1517160988857	-8.552	-3.265	1.877
1517160988861	-8.437	-3.035	1.877
1517160988871	-8.265	-2.921	1.886
1517160988886	-8.111	-2.911	1.666
1517160988891	-8.073	-2.978	1.455
1517160988902	-8.236	-3.074	1.417
1517160988916	-8.504	-3.313	1.331
1517160988921	-8.715	-3.476	1.331
1517160988931	-8.858	-3.562	1.436
1517160988947	-8.83	-3.601	1.733
1517160988951	-8.734	-3.668	1.714
1517160988984	-8.648	-3.744	1.896
1517160988989	-8.59	-3.792	1.972
1517160988994	-8.561	-3.984	1.972
1517160988997	-8.494	-4.233	1.915
1517160989002	-8.6	-4.415	1.982
1517160989020	-8.753	-4.625	1.915
1517160989021	-8.858	-4.817	2.068
1517160989033	-8.925	-4.874	2.059
1517160989044	-8.82	-4.96	2.164
1517160989054	-8.734	-5.095	2.202
1517160989066	-8.667	-5.257	2.212
1517160989071	-8.676	-5.42	2.25
1517160989081	-8.552	-5.526	2.193
1517160989094	-8.638	-5.669	2.078
1517160989102	-8.619	-5.736	2.03
1517160989111	-8.676	-5.803	2.078
1517160989128	-8.648	-5.822	2.116
1517160989131	-8.59	-5.861	2.135
1517160989142	-8.523	-5.88	2.202
1517160989154	-8.475	-6.091	2.26
1517160989161	-8.341	-5.976	2.212
1517160989171	-8.207	-6.225	2.145
1517160989184	-8.121	-6.129	2.183
1517160989191	-8.073	-6.244	2.241
1517160989201	-8.016	-6.34	2.25
1517160989216	-7.977	-6.426	2.298
1517160989221	-7.968	-6.522	2.413
1517160989232	-7.958	-6.627	2.432
1517160989241	-7.968	-6.742	2.384
1517160989251	-7.958	-6.838	2.221
1517160989261	-7.968	-6.895	2.097
1517160989274	-7.949	-6.895	2.212
1517160989281	-7.805	-6.838	2.336
1517160989291	-7.642	-6.79	2.298
1517160989304	-7.518	-6.761	2.25
1517160989312	-7.508	-6.723	2.269
1517160989322	-7.537	-6.684	2.298
1517160989337	-7.585	-6.684	2.193
1517160989341	-7.604	-6.665	2.068
1517160989352	-7.585	-6.598	2.078
1517160989366	-7.489	-6.589	2.078
1517160989371	-7.374	-6.608	1.963
1517160989382	-7.326	-6.589	1.953
1517160989396	-7.307	-6.569	2.001
1517160989401	-7.269	-6.617	1.944
1517160989412	-7.173	-6.732	1.714
1517160989427	-7.144	-6.771	1.704
1517160989431	-7.202	-6.742	1.934
1517160989442	-7.23	-6.704	2.02
1517160989457	-7.249	-6.617	2.049
1517160989461	-7.249	-6.55	2.049
1517160989472	-7.154	-6.56	2.049
1517160989487	-7.087	-6.636	1.972
1517160989491	-7.048	-6.799	2.02
1517160989502	-6.981	-6.895	2.174
1517160989517	-6.866	-6.933	2.423
1517160989521	-6.78	-6.914	2.643
1517160989533	-6.723	-6.866	2.796
1517160989547	-6.684	-6.838	2.834
1517160989551	-6.723	-6.809	2.892
1517160989563	-6.809	-6.818	2.949
1517160989578	-6.818	-6.838	2.997
1517160989581	-6.838	-6.828	3.074
1517160989593	-6.771	-6.857	3.074
1517160989608	-6.732	-6.857	2.94
1517160989611	-6.732	-6.838	2.844
1517160989623	-6.818	-6.78	2.806
1517160989637	-6.905	-6.646	2.748
1517160989641	-6.924	-6.579	2.604
1517160989652	-6.885	-6.474	2.499
1517160989667	-6.828	-6.378	2.442
1517160989671	-6.761	-6.349	2.375
1517160989682	-6.751	-6.34	2.26
1517160989716	-6.809	-6.311	2.241
1517160989725	-6.885	-6.263	2.25
1517160989732	-6.924	-6.215	2.279
1517160989737	-6.943	-6.205	2.461
1517160989755	-6.943	-6.234	2.394
1517160989757	-6.895	-6.33	2.174
1517160989758	-6.885	-6.407	2.403
1517160989764	-6.914	-6.445	2.413
1517160989775	-6.943	-6.483	2.384
1517160989786	-6.924	-6.454	2.403
1517160989791	-6.943	-6.387	2.403
1517160989808	-6.943	-6.32	2.375
1517160989816	-6.905	-6.292	2.365
1517160989821	-6.847	-6.34	2.403
1517160989831	-6.838	-6.387	2.432
1517160989846	-7.02	-6.407	2.48
1517160989851	-7.115	-6.454	2.509
1517160989861	-7.23	-6.464	2.547
1517160989876	-7.297	-6.493	2.604
1517160989881	-7.307	-6.483	2.652
1517160989891	-7.259	-6.474	2.71
1517160989905	-7.259	-6.483	2.748
1517160989911	-7.288	-6.493	2.71
1517160989921	-7.269	-6.445	2.643
1517160989936	-7.23	-6.407	2.499
1517160989941	-7.154	-6.445	2.365
1517160989951	-7.077	-6.541	2.308
1517160989965	-7.0	-6.713	2.25
1517160989971	-6.981	-6.847	2.221
1517160989981	-6.991	-6.981	2.154
1517160989995	-7.029	-7.087	2.059
1517160990001	-7.115	-7.192	1.982
1517160990011	-7.173	-7.249	1.905
1517160990025	-7.202	-7.259	1.925
1517160990031	-7.173	-7.269	1.972
1517160990043	-7.115	-7.24	2.001
1517160990057	-7.048	-7.163	2.039
1517160990061	-7.058	-7.106	2.126
1517160990072	-7.087	-7.039	2.183
1517160990087	-7.115	-6.943	2.26
1517160990091	-7.211	-6.857	2.298
1517160990103	-7.316	-6.751	2.384
1517160990118	-7.441	-6.675	2.432
1517160990121	-7.604	-6.598	2.49
1517160990133	-7.767	-6.55	2.595
1517160990151	-7.747	-6.608	2.853
1517160990163	-7.508	-6.742	2.739
1517160990177	-7.556	-6.933	2.662
1517160990188	-7.862	-7.134	2.662
1517160990196	-8.188	-7.336	2.786
1517160990201	-8.15	-7.479	2.518
1517160990212	-7.968	-7.565	2.059
1517160990224	-7.881	-7.68	1.81
1517160990242	-7.881	-7.585	1.647
1517160990244	-8.13	-7.383	2.106
1517160990260	-8.284	-7.202	2.432
1517160990264	-8.255	-7.077	2.145
1517160990272	-8.226	-6.799	1.886
1517160990283	-8.399	-6.397	2.154
1517160990299	-8.724	-5.985	2.193
1517160990301	-9.059	-5.679	1.877
1517160990314	-9.059	-5.612	1.216
1517160990329	-8.897	-5.612	0.699
1517160990331	-8.878	-5.545	0.622
1517160990343	-8.916	-5.449	0.689
1517160990359	-8.858	-5.391	0.679
1517160990361	-8.552	-5.315	0.727
1517160990373	-8.121	-5.363	0.766
1517160990381	-7.901	-5.516	0.794
1517160990393	-7.853	-5.583	0.957
1517160990403	-8.121	-5.42	1.676
1517160990411	-8.159	-5.104	1.676
1517160990422	-8.217	-4.74	2.039
1517160990455	-8.169	-4.415	2.384
1517160990462	-8.092	-3.83	2.48
1517160990468	-8.092	-3.83	2.327
1517160990476	-8.178	-3.754	2.375
1517160990485	-8.207	-3.715	2.212
1517160990489	-8.121	-3.581	2.059
1517160990492	-7.968	-3.371	1.81
1517160990504	-7.872	-3.093	1.513
1517160990511	-7.958	-2.748	1.312
1517160990524	-8.456	-1.857	1.11
1517160990534	-8.456	-1.944	0.938
1517160990541	-8.686	-1.676	0.909
1517160990552	-8.82	-1.532	0.842
1517160990561	-8.82	-1.532	0.651
1517160990571	-8.533	-1.628	0.545
1517160990582	-8.696	-1.963	0.411
1517160990591	-8.753	-1.963	0.316
1517160990601	-8.801	-2.193	0.373
1517160990612	-8.791	-2.384	0.392
1517160990621	-8.753	-2.624	0.526
1517160990631	-8.791	-3.016	0.766
1517160990641	-8.801	-3.131	0.996
1517160990651	-8.715	-3.284	1.216
1517160990661	-8.619	-3.323	1.312
1517160990672	-8.609	-3.428	1.34
1517160990681	-8.629	-3.562	1.245
1517160990691	-8.743	-3.581	1.292
1517160990701	-8.868	-3.591	1.283
1517160990711	-8.935	-3.581	1.206
1517160990722	-8.906	-3.591	1.264
1517160990732	-8.839	-3.581	1.426
1517160990741	-8.743	-3.62	1.465
1517160990751	-8.705	-3.696	1.484
1517160990762	-8.715	-3.677	1.608
1517160990771	-8.705	-3.658	1.676
1517160990781	-8.648	-3.658	1.704
1517160990792	-8.59	-3.581	1.771
1517160990801	-8.561	-3.495	1.972
1517160990811	-8.533	-3.524	2.126
1517160990821	-8.456	-3.639	2.202
1517160990831	-8.447	-3.706	2.327
1517160990841	-8.255	-3.984	2.097
1517160990851	-8.025	-4.29	1.666
1517160990860	-8.284	-4.367	1.857
1517160990871	-8.619	-4.376	1.915
1517160990882	-8.667	-4.271	1.771
1517160990890	-8.6	-4.108	1.714
1517160990901	-8.504	-3.936	1.743
1517160990914	-8.427	-3.83	1.81
1517160990921	-8.341	-3.696	1.838
1517160990931	-8.284	-3.533	1.829
1517160990944	-8.178	-3.486	1.838
1517160990951	-7.891	-3.658	1.637
1517160990961	-7.776	-3.897	1.494
1517160990974	-8.092	-4.118	1.58
1517160990981	-8.533	-4.405	1.503
1517160990991	-8.791	-4.673	1.388
1517160991004	-8.839	-4.874	1.312
1517160991011	-8.772	-5.066	1.331
1517160991021	-8.715	-5.238	1.379
1517160991041	-8.6	-5.391	1.647
1517160991051	-8.418	-5.391	1.819
1517160991064	-8.265	-5.391	2.212
1517160991071	-8.178	-5.43	2.212
1517160991081	-8.111	-5.468	2.336
1517160991095	-8.092	-5.554	2.442
1517160991101	-8.111	-5.717	2.442
1517160991111	-8.14	-5.928	2.423
1517160991124	-8.217	-6.1	2.47
1517160991131	-8.284	-6.225	2.47
1517160991141	-8.293	-6.387	2.384
1517160991154	-8.102	-6.474	2.365
1517160991161	-8.198	-6.579	2.365
1517160991199	-8.111	-6.598	2.327
1517160991203	-8.044	-6.627	2.308
1517160991204	-7.987	-6.608	2.308
1517160991207	-7.91	-6.608	2.279
1517160991221	-7.872	-6.579	2.059
1517160991225	-7.843	-6.579	2.145
1517160991232	-7.862	-6.55	2.001
1517160991245	-7.814	-6.636	1.829
1517160991251	-7.814	-6.636	1.695
1517160991261	-7.834	-6.675	1.743
1517160991272	-7.929	-6.723	1.733
1517160991280	-7.929	-6.771	1.762
1517160991291	-7.719	-6.79	1.819
1517160991315	-7.498	-6.809	1.886
1517160991316	-7.345	-6.771	1.992
1517160991321	-7.182	-6.723	2.135
1517160991341	-7.096	-6.636	2.336
1517160991342	-6.953	-6.636	2.461
1517160991351	-6.809	-6.636	2.528
1517160991362	-6.761	-6.656	2.662
1517160991371	-6.799	-6.656	2.853
1517160991381	-6.895	-6.656	2.949
1517160991393	-6.972	-6.589	2.949
1517160991401	-7.058	-6.627	2.911
1517160991411	-7.115	-6.751	2.806
1517160991422	-7.24	-6.933	2.633
1517160991455	-7.345	-7.087	2.614
1517160991456	-7.297	-7.154	2.537
1517160991457	-7.163	-7.154	2.595
1517160991461	-6.924	-7.087	2.547
1517160991471	-6.704	-6.991	2.576
1517160991482	-6.598	-6.885	2.614
1517160991491	-6.502	-6.79	2.681
1517160991501	-6.435	-6.723	2.662
1517160991512	-6.368	-6.656	2.604
1517160991520	-6.34	-6.579	2.537
1517160991531	-6.387	-6.522	2.557
1517160991550	-6.483	-6.522	2.528
1517160991551	-6.617	-6.589	2.48
1517160991561	-6.732	-6.684	2.384
1517160991572	-6.818	-6.704	2.346
1517160991581	-6.885	-6.694	2.461
1517160991591	-6.895	-6.704	2.576
1517160991602	-6.857	-6.771	2.585
1517160991610	-6.847	-6.866	2.633
1517160991621	-6.905	-6.972	2.729
1517160991632	-6.933	-7.039	2.834
1517160991640	-6.924	-7.067	2.959
1517160991651	-6.847	-7.087	3.112
1517160991662	-6.675	-7.163	3.122
1517160991671	-6.541	-7.221	3.141
1517160991681	-6.522	-7.307	3.198
1517160991694	-6.675	-7.422	3.179
1517160991701	-6.866	-7.537	3.17
1517160991711	-6.953	-7.575	3.198
1517160991723	-6.876	-7.537	3.256
1517160991731	-6.646	-7.451	3.275
1517160991741	-6.378	-7.393	3.284
1517160991753	-6.215	-7.307	3.217
1517160991761	-6.225	-7.221	3.16
1517160991771	-6.33	-7.106	3.026
1517160991783	-6.464	-6.972	2.844
1517160991791	-6.598	-6.799	2.729
1517160991801	-6.704	-6.598	2.633
1517160991814	-6.742	-6.378	2.566
1517160991821	-6.723	-6.129	2.451
1517160991831	-6.646	-5.909	2.355
1517160991846	-6.56	-5.832	2.212
1517160991851	-6.454	-5.842	2.212
1517160991861	-6.407	-5.937	2.068
1517160991875	-6.589	-6.071	1.925
1517160991881	-6.55	-6.167	1.925
1517160991915	-6.627	-6.263	1.915
1517160991920	-6.531	-6.311	2.03
1517160991924	-6.531	-6.387	2.03
1517160991926	-6.426	-6.512	2.106
1517160991938	-6.349	-6.684	2.097
1517160991946	-6.368	-6.866	2.164
1517160991952	-6.464	-7.01	2.47
1517160991965	-6.617	-7.316	2.806
1517160991971	-6.617	-7.297	2.806
1517160991988	-6.579	-7.393	2.767
1517160991992	-6.656	-7.479	2.806
1517160992001	-6.895	-7.575	2.882
1517160992025	-7.221	-7.671	2.873
1517160992026	-7.843	-7.508	2.959
1517160992031	-7.996	-7.575	3.16
1517160992041	-8.207	-7.518	3.122
1517160992054	-8.121	-7.403	3.007
1517160992061	-8.274	-7.23	2.873
1517160992071	-8.36	-7.077	2.796
1517160992083	-8.36	-6.924	2.825
1517160992104	-7.91	-6.818	2.461
1517160992104	-7.403	-6.761	1.953
1517160992112	-7.307	-6.694	2.02
1517160992121	-7.431	-6.627	2.097
1517160992131	-7.68	-6.608	1.972
1517160992145	-7.91	-6.608	1.886
1517160992151	-8.054	-6.636	1.81
1517160992161	-8.073	-6.598	1.647
1517160992173	-8.207	-6.349	1.723
1517160992181	-8.475	-6.024	1.963
1517160992191	-8.638	-5.736	1.877
1517160992203	-8.609	-5.487	1.819
1517160992211	-8.427	-5.324	1.896
1517160992221	-8.159	-5.42	1.484
1517160992234	-8.111	-5.42	1.398
1517160992241	-8.265	-5.209	1.771
1517160992253	-8.466	-4.999	1.877
1517160992262	-8.59	-4.769	2.011
1517160992271	-8.37	-4.462	2.26
1517160992281	-7.996	-4.233	2.241
1517160992294	-7.776	-4.099	2.068
1517160992301	-7.881	-4.051	1.982
1517160992311	-8.073	-4.146	1.762
1517160992323	-8.226	-4.271	1.551
1517160992331	-8.322	-4.395	1.446
1517160992343	-8.38	-4.395	1.407
1517160992353	-8.38	-4.376	1.34
1517160992361	-8.351	-4.482	1.11
1517160992371	-8.504	-4.549	1.082
1517160992383	-8.648	-4.577	1.197
1517160992391	-8.648	-4.597	1.12
1517160992401	-8.638	-4.587	1.11
1517160992414	-8.676	-4.52	1.292
1517160992421	-8.715	-4.424	1.494
1517160992431	-8.657	-4.434	1.628
1517160992445	-8.619	-4.482	1.829
1517160992451	-8.6	-4.539	1.963
1517160992461	-8.581	-4.597	2.001
1517160992475	-8.561	-4.616	2.039
1517160992481	-8.533	-4.606	2.174
1517160992491	-8.447	-4.568	2.202
1517160992508	-8.38	-4.529	1.877
1517160992511	-8.38	-4.51	1.963
1517160992521	-8.437	-4.376	1.867
1517160992536	-8.485	-4.204	1.743
1517160992541	-8.437	-3.964	1.637
1517160992552	-8.399	-3.668	1.503
1517160992566	-8.37	-3.332	1.455
1517160992571	-8.341	-3.007	1.388
1517160992581	-8.332	-2.681	1.436
1517160992597	-8.284	-2.288	1.676
1517160992601	-8.284	-2.221	1.676
1517160992611	-8.236	-2.011	1.695
1517160992649	-8.169	-1.915	1.676
1517160992660	-8.13	-1.963	1.656
1517160992667	-8.14	-2.154	1.551
1517160992675	-8.293	-2.451	1.503
1517160992676	-8.466	-2.729	1.628
1517160992677	-8.59	-2.968	1.57
1517160992684	-8.514	-3.361	1.503
1517160992691	-8.341	-4.031	0.967
1517160992701	-8.734	-4.462	0.976
1517160992714	-9.146	-4.606	1.225
1517160992721	-9.146	-4.558	1.695
1517160992731	-8.858	-4.338	1.877
1517160992746	-8.571	-4.185	2.087
1517160992751	-8.408	-4.166	2.193
1517160992761	-8.389	-4.185	2.279
1517160992774	-8.427	-4.194	2.432
1517160992781	-8.37	-4.194	2.135
1517160992791	-8.59	-4.462	2.03
1517160992804	-8.705	-4.673	2.087
1517160992811	-8.81	-4.721	1.925
1517160992821	-8.81	-4.711	1.944
1517160992834	-8.753	-4.597	2.049
1517160992841	-8.619	-4.462	2.078
1517160992851	-8.466	-4.415	2.02
1517160992864	-8.475	-4.405	1.982
1517160992871	-8.629	-4.376	1.886
1517160992881	-8.638	-4.357	1.733
1517160992895	-8.561	-4.367	1.656
1517160992901	-8.542	-4.204	1.704
1517160992911	-8.581	-4.156	1.723
1517160992924	-8.648	-4.06	1.676
1517160992931	-8.657	-4.031	1.599
1517160992941	-8.657	-4.137	1.589
1517160992954	-8.648	-4.309	1.57
1517160992961	-8.638	-4.472	1.704
1517160992971	-8.619	-4.683	1.857
1517160992985	-8.619	-4.913	1.963
1517160992991	-8.59	-5.104	2.126
1517160993001	-8.542	-5.219	2.308
1517160993014	-8.447	-5.267	2.413
1517160993021	-8.322	-5.324	2.451
1517160993044	-8.198	-5.573	2.403
1517160993051	-8.245	-5.746	2.48
1517160993061	-8.265	-5.899	2.47
1517160993074	-8.265	-6.043	2.537
1517160993081	-8.284	-6.1	2.652
1517160993091	-8.265	-6.129	2.71
1517160993104	-8.188	-6.091	2.672
1517160993113	-8.121	-6.052	2.652
1517160993121	-8.044	-6.033	2.595
1517160993134	-8.016	-6.014	2.528
1517160993141	-8.054	-5.985	2.566
1517160993151	-8.073	-5.947	2.595
1517160993164	-8.083	-5.947	2.662
1517160993171	-8.083	-6.014	2.71
1517160993181	-8.092	-6.062	2.71
1517160993197	-8.054	-6.081	2.729
1517160993201	-7.958	-6.062	2.748
1517160993213	-7.853	-6.043	2.748
1517160993228	-7.757	-6.014	2.719
1517160993231	-7.661	-6.004	2.729
1517160993246	-7.594	-5.985	2.691
1517160993261	-7.594	-5.985	2.643
1517160993263	-7.585	-5.947	2.614
1517160993275	-7.556	-5.889	2.576
1517160993284	-7.47	-5.803	2.518
1517160993291	-7.412	-5.707	2.461
1517160993301	-7.364	-5.631	2.403
1517160993342	-7.345	-5.554	2.327
1517160993343	-7.364	-5.487	2.25
1517160993343	-7.374	-5.468	2.212
1517160993344	-7.393	-5.468	2.241
1517160993351	-7.412	-5.458	2.269
1517160993372	-7.345	-5.478	2.212
1517160993377	-7.326	-5.497	2.154
1517160993384	-7.307	-5.497	2.106
1517160993393	-7.297	-5.554	2.087
1517160993407	-7.278	-5.64	2.039
1517160993411	-7.269	-5.765	2.03
1517160993421	-7.278	-5.937	2.049
1517160993436	-7.269	-6.1	2.097
1517160993457	-7.202	-6.273	2.202
1517160993458	-7.067	-6.426	2.365
1517160993462	-6.905	-6.56	2.643
1517160993471	-6.79	-6.656	2.652
1517160993481	-6.704	-6.751	2.911
1517160993496	-6.656	-6.809	3.035
1517160993501	-6.636	-6.905	3.093
1517160993511	-6.665	-7.01	3.16
1517160993525	-6.704	-7.125	3.179
1517160993535	-6.771	-7.24	3.16
1517160993541	-6.972	-7.297	3.141
1517160993555	-6.866	-7.297	3.083
1517160993561	-6.885	-7.249	3.035
1517160993571	-6.895	-7.144	2.988
1517160993585	-6.818	-7.029	2.911
1517160993591	-6.78	-6.981	2.825
1517160993601	-6.723	-6.953	2.758
1517160993618	-6.723	-6.905	2.672
1517160993622	-6.684	-6.905	2.604
1517160993631	-6.684	-6.742	2.547
1517160993645	-6.761	-6.847	2.49
1517160993651	-6.895	-6.838	2.451
1517160993662	-6.972	-6.589	2.451
1517160993675	-6.981	-6.416	2.451
1517160993681	-6.933	-6.33	2.461
1517160993691	-6.857	-6.435	2.499
1517160993707	-6.847	-6.656	2.566
1517160993711	-6.991	-6.924	2.585
1517160993721	-7.202	-7.154	2.585
1517160993731	-7.364	-7.326	2.595
1517160993741	-7.403	-7.393	2.633
1517160993751	-7.326	-7.364	2.758
1517160993765	-7.173	-7.23	2.93
1517160993771	-7.039	-7.125	2.949
1517160993781	-6.924	-7.134	2.901
1517160993797	-6.828	-7.182	2.844
1517160993801	-6.713	-7.249	2.825
1517160993813	-6.627	-7.307	2.815
1517160993828	-6.598	-7.326	2.758
1517160993831	-6.646	-7.336	2.739
1517160993843	-6.751	-7.297	2.7
1517160993858	-6.79	-7.23	2.643
1517160993861	-6.751	-7.134	2.566
1517160993873	-6.723	-7.029	2.442
1517160993888	-6.818	-6.838	2.288
1517160993891	-7.048	-6.617	2.25
1517160993903	-7.278	-6.454	2.25
1517160993918	-7.451	-6.34	2.279
1517160993921	-7.585	-6.234	2.212
1517160993933	-7.671	-6.043	2.154
1517160993948	-7.776	-5.918	2.097
1517160993951	-7.834	-5.832	2.049
1517160993963	-7.901	-5.822	1.953
1517160993978	-7.987	-5.899	1.867
1517160993981	-8.121	-5.995	1.81
1517160993994	-8.236	-6.052	1.762
1517160994008	-8.332	-6.091	1.81
1517160994011	-8.322	-6.138	2.087
1517160994024	-8.111	-6.205	2.518
1517160994031	-7.814	-6.205	2.71
1517160994041	-7.642	-6.34	2.806
1517160994053	-7.479	-6.579	2.566
1517160994061	-7.661	-6.742	2.174
1517160994071	-8.063	-6.866	2.47
1517160994083	-8.36	-6.665	2.767
1517160994120	-8.629	-6.407	3.39
1517160994123	-8.667	-6.196	3.648
1517160994124	-8.734	-5.727	3.629
1517160994127	-8.897	-5.65	3.304
1517160994150	-8.763	-5.88	2.47
1517160994151	-8.81	-5.736	2.729
1517160994152	-9.107	-5.458	2.968
1517160994161	-9.356	-5.209	2.442
1517160994174	-9.318	-4.922	1.848
1517160994181	-9.289	-4.405	1.608
1517160994191	-9.347	-3.869	1.446
1517160994202	-9.337	-3.591	0.852
1517160994211	-9.366	-3.313	0.852
1517160994221	-9.299	-3.131	0.66
1517160994232	-9.155	-3.064	0.689
1517160994241	-9.098	-2.959	0.9
1517160994251	-9.136	-2.748	0.909
1517160994263	-9.05	-2.509	1.043
1517160994277	-8.906	-2.327	1.149
1517160994282	-8.724	-2.174	1.206
1517160994293	-8.351	-2.03	1.091
1517160994301	-8.341	-1.925	0.996
1517160994311	-8.485	-1.982	1.158
1517160994323	-8.696	-1.953	1.283
1517160994331	-8.801	-1.867	1.465
1517160994341	-8.772	-1.762	1.58
1517160994351	-8.696	-1.915	1.608
1517160994360	-8.696	-1.886	1.704
1517160994371	-8.686	-2.087	1.714
1517160994382	-8.715	-2.068	1.857
1517160994391	-8.772	-2.068	2.068
1517160994401	-8.782	-2.039	2.135
1517160994415	-8.686	-2.03	2.164
1517160994421	-8.667	-2.039	2.145
1517160994431	-8.648	-2.039	2.068
1517160994444	-8.667	-2.03	1.953
1517160994451	-8.743	-1.972	1.905
1517160994462	-8.81	-1.838	1.819
1517160994474	-8.763	-1.666	1.752
1517160994481	-8.686	-1.407	1.676
1517160994491	-8.6	-1.13	1.608
1517160994504	-8.466	-0.957	1.503
1517160994511	-8.399	-0.881	1.436
1517160994521	-8.456	-0.881	1.407
1517160994534	-8.561	-1.015	1.35
1517160994541	-8.657	-1.225	1.254
1517160994552	-8.657	-1.618	0.986
1517160994565	-8.782	-2.049	0.833
1517160994571	-9.088	-2.442	0.833
1517160994581	-9.347	-2.796	0.833
1517160994594	-9.462	-3.045	0.928
1517160994610	-9.433	-3.141	1.321
1517160994611	-9.308	-3.064	1.321
1517160994624	-9.088	-2.988	1.522
1517160994631	-8.801	-2.949	1.743
1517160994641	-8.6	-3.083	1.79
1517160994655	-8.619	-3.323	1.838
1517160994661	-8.81	-3.428	2.049
1517160994671	-8.868	-3.476	2.087
1517160994684	-8.81	-3.486	2.164
1517160994691	-8.763	-3.514	2.231
1517160994701	-8.763	-3.533	2.231
1517160994715	-8.763	-3.629	2.154
1517160994721	-8.763	-3.677	2.164
1517160994731	-8.791	-3.648	2.135
1517160994745	-8.763	-3.668	1.972
1517160994751	-8.782	-3.696	1.857
1517160994761	-8.897	-3.677	1.857
1517160994774	-8.983	-3.639	1.781
1517160994781	-9.031	-3.61	1.79
1517160994791	-8.935	-3.639	1.762
1517160994804	-8.925	-3.782	1.714
1517160994811	-8.925	-3.888	1.81
1517160994845	-8.878	-3.917	1.944
1517160994852	-8.389	-4.031	1.905
1517160994857	-8.466	-4.146	1.905
1517160994859	-8.667	-4.175	2.097
1517160994861	-8.935	-4.28	2.126
1517160994875	-9.021	-4.405	1.972
1517160994881	-9.107	-4.453	2.087
1517160994893	-9.098	-4.462	2.126
1517160994901	-9.002	-4.462	2.059
1517160994911	-8.897	-4.415	2.068
1517160994924	-8.83	-4.328	2.049
1517160994931	-8.791	-4.261	2.011
1517160994941	-8.743	-4.29	1.905
1517160994953	-8.791	-4.3	2.039
1517160994966	-8.868	-4.328	2.02
1517160994973	-8.887	-4.395	1.886
1517160994983	-8.858	-4.462	2.154
1517160994991	-8.83	-4.472	2.059
1517160995001	-8.743	-4.52	2.03
1517160995013	-8.59	-4.616	1.953
1517160995021	-8.59	-4.616	2.011
1517160995031	-8.6	-4.692	2.049
1517160995043	-8.571	-4.74	2.039
1517160995051	-8.571	-4.855	2.02
1517160995061	-8.542	-4.913	1.972
1517160995072	-8.523	-4.951	1.953
1517160995080	-8.494	-4.932	1.982
1517160995091	-8.466	-4.903	2.011
1517160995105	-8.408	-4.884	2.087
1517160995111	-8.38	-4.884	2.116
1517160995121	-8.37	-4.903	2.126
1517160995135	-8.332	-5.028	2.154
1517160995151	-8.274	-5.248	2.183
1517160995165	-8.293	-5.391	2.183
1517160995171	-8.332	-5.535	2.193
1517160995181	-8.332	-5.707	2.202
1517160995195	-8.274	-5.832	2.231
1517160995201	-8.188	-5.918	2.26
1517160995211	-8.073	-6.004	2.279
1517160995225	-7.958	-6.071	2.336
1517160995231	-7.881	-6.11	2.413
1517160995241	-7.786	-6.158	2.423
1517160995256	-7.709	-6.186	2.47
1517160995261	-7.632	-6.292	2.432
1517160995271	-7.585	-6.359	2.308
1517160995283	-7.594	-6.387	2.308
1517160995291	-7.613	-6.33	2.355
1517160995301	-7.527	-6.301	2.375
1517160995312	-7.374	-6.282	2.355
1517160995320	-7.24	-6.282	2.346
1517160995331	-7.24	-6.282	2.336
1517160995345	-7.336	-6.282	2.365
1517160995351	-7.422	-6.263	2.365
1517160995361	-7.518	-6.234	2.336
1517160995375	-7.508	-6.215	2.317
1517160995381	-7.422	-6.234	2.183
1517160995391	-7.403	-6.263	2.145
1517160995405	-7.412	-6.263	2.126
1517160995411	-7.412	-6.234	2.097
1517160995421	-7.383	-6.196	2.049
1517160995435	-7.336	-6.167	1.982
1517160995441	-7.326	-6.167	1.972
1517160995451	-7.326	-6.177	1.982
1517160995465	-7.316	-6.177	2.049
1517160995471	-7.316	-6.205	2.097
1517160995481	-7.259	-6.215	2.164
1517160995495	-7.23	-6.244	2.202
1517160995501	-7.182	-6.33	2.193
1517160995511	-7.192	-6.474	2.231
1517160995526	-7.134	-6.694	2.288
1517160995531	-7.058	-6.885	2.384
1517160995541	-7.048	-7.02	2.47
1517160995556	-7.087	-7.144	2.518
1517160995590	-7.115	-7.211	2.547
1517160995594	-7.115	-7.202	2.557
1517160995597	-7.058	-7.134	2.547
1517160995599	-7.029	-7.077	2.585
1517160995616	-7.0	-7.0	2.595
1517160995618	-7.01	-6.972	2.624
1517160995630	-6.972	-6.943	2.595
1517160995633	-6.943	-6.885	2.518
1517160995645	-6.924	-6.799	2.346
1517160995652	-6.943	-6.742	2.442
1517160995666	-6.972	-6.694	2.355
1517160995675	-7.0	-6.646	2.375
1517160995681	-7.058	-6.608	2.375
1517160995691	-7.106	-6.608	2.384
1517160995705	-7.115	-6.608	2.394
1517160995711	-7.144	-6.598	2.384
1517160995722	-7.173	-6.617	2.164
1517160995734	-7.288	-6.598	2.164
1517160995741	-7.288	-6.579	2.011
1517160995751	-7.364	-6.55	1.992
1517160995764	-7.364	-6.493	1.915
1517160995771	-7.364	-6.407	1.886
1517160995781	-7.144	-6.34	1.829
1517160995794	-7.326	-6.311	1.666
1517160995801	-7.326	-6.407	1.589
1517160995811	-7.747	-6.56	1.494
1517160995823	-7.671	-6.723	1.417
1517160995831	-7.661	-6.828	1.369
1517160995841	-7.604	-6.847	1.398
1517160995855	-7.546	-6.771	1.494
1517160995861	-7.518	-6.656	1.618
1517160995871	-7.527	-6.627	1.771
1517160995886	-7.575	-6.617	1.944
1517160995891	-7.671	-6.656	2.164
1517160995901	-7.728	-6.732	2.327
1517160995916	-7.757	-6.78	2.461
1517160995921	-7.776	-6.799	2.518
1517160995931	-7.824	-6.828	2.537
1517160995946	-7.824	-6.809	2.49
1517160995951	-7.824	-6.79	2.451
1517160995961	-7.824	-6.771	2.365
1517160995976	-7.824	-6.771	2.288
1517160995981	-7.824	-6.713	2.154
1517160995991	-7.901	-6.608	2.039
1517160996006	-7.977	-6.435	1.915
1517160996011	-8.073	-6.234	1.81
1517160996021	-8.14	-6.1	1.857
1517160996036	-8.092	-6.024	1.905
1517160996041	-8.006	-5.956	1.762
1517160996051	-8.15	-5.918	1.647
1517160996066	-8.447	-5.985	1.656
1517160996071	-8.638	-6.1	1.637
1517160996081	-8.619	-6.091	1.465
1517160996096	-8.552	-6.062	1.407
1517160996101	-8.418	-6.062	1.398
1517160996112	-8.389	-5.985	1.273
1517160996128	-8.533	-5.832	1.312
1517160996132	-8.696	-5.727	1.446
1517160996145	-8.743	-5.535	1.522
1517160996153	-8.791	-5.353	1.513
1517160996161	-8.791	-5.209	1.465
1517160996171	-8.686	-5.066	1.369
1517160996184	-8.657	-4.855	1.436
1517160996191	-8.763	-4.673	1.474
1517160996201	-8.878	-4.673	1.245
1517160996215	-9.002	-4.664	1.312
1517160996221	-8.992	-4.491	1.637
1517160996231	-8.753	-4.194	1.695
1517160996246	-8.399	-3.955	1.426
1517160996251	-8.312	-3.725	1.254
1517160996261	-8.485	-3.696	1.139
1517160996277	-8.715	-3.687	1.197
1517160996295	-8.868	-3.658	1.312
1517160996328	-8.82	-3.668	1.254
1517160996343	-8.312	-3.639	1.139
1517160996346	-8.312	-3.543	1.139
1517160996348	-8.13	-3.409	1.063
1517160996351	-8.169	-3.198	1.12
1517160996355	-8.427	-3.007	1.264
1517160996356	-8.571	-2.873	1.379
1517160996366	-8.571	-2.806	1.503
1517160996371	-8.533	-2.758	1.58
1517160996385	-8.542	-2.786	1.541
1517160996392	-8.686	-2.815	1.532
1517160996424	-8.82	-2.729	1.522
1517160996425	-8.782	-2.662	1.369
1517160996426	-8.734	-2.537	1.321
1517160996431	-8.734	-2.384	1.292
1517160996441	-8.686	-2.279	1.177
1517160996455	-8.619	-2.231	1.359
1517160996461	-8.561	-2.241	1.12
1517160996473	-8.561	-2.528	1.091
1517160996485	-8.561	-2.566	1.101
1517160996491	-8.696	-2.643	1.197
1517160996501	-8.763	-2.633	1.331
1517160996518	-8.734	-2.518	1.379
1517160996521	-8.686	-2.413	1.407
1517160996531	-8.676	-2.355	1.407
1517160996546	-8.696	-2.317	1.283
1517160996551	-8.696	-2.355	1.245
1517160996563	-8.81	-2.48	1.139
1517160996574	-8.925	-2.643	1.043
1517160996581	-8.945	-2.825	1.082
1517160996591	-8.906	-3.035	1.13
1517160996604	-8.791	-2.94	1.12
1517160996611	-8.715	-2.968	1.11
1517160996621	-8.676	-3.208	1.101
1517160996636	-8.763	-3.323	1.024
1517160996641	-8.964	-3.505	1.101
1517160996651	-9.002	-3.457	1.197
1517160996667	-8.906	-3.438	1.264
1517160996671	-8.782	-3.447	1.292
1517160996684	-8.715	-3.438	1.379
1517160996697	-8.648	-3.38	1.532
1517160996703	-8.619	-3.38	1.628
1517160996713	-8.6	-3.457	1.618
1517160996726	-8.629	-3.601	1.618
1517160996731	-8.724	-3.696	1.618
1517160996742	-8.83	-3.706	1.704
1517160996757	-8.791	-3.696	1.857
1517160996761	-8.676	-3.677	1.925
1517160996773	-8.648	-3.725	1.972
1517160996787	-8.638	-3.84	2.078
1517160996791	-8.561	-4.041	1.992
1517160996802	-8.638	-4.28	1.829
1517160996817	-8.906	-4.453	1.838
1517160996821	-9.031	-4.654	1.695
1517160996832	-9.021	-4.625	1.656
1517160996846	-9.002	-4.577	1.637
1517160996851	-8.973	-4.568	1.494
1517160996862	-8.925	-4.587	1.312
1517160996877	-8.983	-4.587	1.216
1517160996881	-9.069	-4.558	1.225
1517160996893	-9.059	-4.549	1.187
1517160996907	-9.021	-4.539	1.187
1517160996911	-8.973	-4.549	1.187
1517160996923	-8.973	-4.568	1.206
1517160996937	-8.964	-4.625	1.264
1517160996953	-8.964	-4.817	1.312
1517160996968	-8.925	-4.922	1.379
1517160996971	-8.878	-5.028	1.474
1517160996982	-8.839	-5.133	1.656
1517160996997	-8.753	-5.267	1.829
1517160997001	-8.629	-5.334	1.905
1517160997012	-8.504	-5.363	1.972
1517160997027	-8.447	-5.382	2.039
1517160997062	-8.456	-5.43	2.078
1517160997072	-8.447	-5.468	2.106
1517160997076	-8.399	-5.487	2.135
1517160997079	-8.351	-5.535	2.135
1517160997083	-8.351	-5.66	2.135
1517160997085	-8.399	-5.775	2.097
1517160997101	-8.418	-5.851	1.992
1517160997105	-8.389	-5.87	1.915
1517160997113	-8.37	-5.861	1.848
1517160997121	-8.332	-5.832	1.752
1517160997138	-8.265	-5.794	1.647
1517160997143	-8.226	-5.707	1.647
1517160997151	-8.198	-5.64	1.637
1517160997161	-8.092	-5.545	1.608
1517160997176	-7.987	-5.487	1.618
1517160997181	-7.92	-5.439	1.666
1517160997191	-7.881	-5.439	1.647
1517160997206	-7.843	-5.458	1.628
1517160997211	-7.881	-5.497	1.436
1517160997221	-7.891	-5.583	1.359
1517160997236	-7.91	-5.717	1.197
1517160997241	-7.853	-5.899	1.053
1517160997251	-7.671	-6.071	1.13
1517160997266	-7.431	-6.253	1.369
1517160997271	-7.383	-6.464	1.8
1517160997281	-7.604	-6.751	2.183
1517160997295	-7.767	-7.077	2.48
1517160997301	-7.872	-7.288	2.662
1517160997311	-7.632	-7.355	2.71
1517160997327	-7.422	-7.288	2.691
1517160997331	-7.249	-7.058	2.662
1517160997343	-7.115	-6.953	2.672
1517160997358	-7.029	-6.799	2.662
1517160997361	-6.972	-6.665	2.595
1517160997373	-6.953	-6.656	2.528
1517160997388	-7.01	-6.608	2.451
1517160997391	-7.144	-6.589	2.403
1517160997403	-7.259	-6.569	2.336
1517160997419	-7.355	-6.541	2.212
1517160997421	-7.412	-6.464	2.078
1517160997433	-7.422	-6.435	2.02
1517160997441	-7.393	-6.359	1.992
1517160997451	-7.345	-6.387	2.02
1517160997463	-7.278	-6.407	2.03
1517160997471	-7.221	-6.426	2.039
1517160997481	-7.125	-6.416	2.02
1517160997493	-7.058	-6.407	1.963
1517160997501	-7.01	-6.397	1.886
1517160997511	-7.029	-6.397	1.79
1517160997523	-7.058	-6.349	1.81
1517160997531	-7.106	-6.32	1.819
1517160997541	-7.134	-6.282	1.838
1517160997553	-7.154	-6.273	1.838
1517160997561	-7.173	-6.301	1.915
1517160997591	-7.087	-6.32	2.02
1517160997601	-7.0	-6.378	2.068
1517160997614	-6.991	-6.474	2.135
1517160997621	-7.039	-6.589	2.241
1517160997631	-7.134	-6.704	2.279
1517160997644	-7.202	-6.799	2.327
1517160997651	-7.23	-6.838	2.279
1517160997661	-7.202	-6.866	2.25
1517160997674	-7.211	-6.847	2.202
1517160997681	-7.221	-6.857	2.202
1517160997691	-7.211	-6.857	2.231
1517160997704	-7.192	-6.866	2.25
1517160997711	-7.173	-6.905	2.221
1517160997721	-7.182	-6.933	2.193
1517160997733	-7.192	-6.953	2.202
1517160997741	-7.23	-6.981	2.154
1517160997751	-7.259	-6.981	2.183
1517160997763	-7.24	-6.943	2.154
1517160997771	-7.221	-6.876	2.116
1517160997808	-7.221	-6.771	2.106
1517160997814	-7.23	-6.656	2.097
1517160997818	-7.249	-6.541	2.068
1517160997822	-7.269	-6.454	2.011
1517160997824	-7.316	-6.387	1.972
1517160997837	-7.393	-6.32	1.953
1517160997847	-7.441	-6.253	1.982
1517160997854	-7.431	-6.244	1.972
1517160997861	-7.441	-6.196	1.992
1517160997871	-7.451	-6.177	2.02
1517160997893	-7.479	-6.158	2.078
1517160997894	-7.518	-6.177	2.078
1517160997901	-7.565	-6.196	2.068
1517160997913	-7.671	-6.234	2.02
1517160997921	-7.671	-6.263	1.867
1517160997931	-7.728	-6.282	2.154
1517160997943	-7.767	-6.349	2.049
1517160997951	-7.795	-6.435	2.049
1517160997961	-7.843	-6.531	2.068
1517160997972	-7.92	-6.608	2.078
1517160997981	-7.92	-6.675	2.097
1517160997991	-7.949	-6.684	2.154
1517160998002	-7.977	-6.684	2.231
1517160998011	-7.996	-6.627	2.355
1517160998021	-7.795	-6.589	2.672
1517160998032	-7.652	-6.569	2.748
1517160998041	-7.661	-6.569	2.614
1517160998051	-7.987	-6.56	2.384
1517160998063	-8.427	-6.579	2.317
1517160998071	-8.657	-6.617	2.126
1517160998081	-8.705	-6.292	2.154
1517160998092	-8.37	-6.148	1.81
1517160998101	-8.14	-5.842	1.551
1517160998111	-8.303	-5.564	1.81
1517160998122	-8.657	-5.449	1.953
1517160998131	-8.878	-5.401	1.733
1517160998141	-8.897	-5.19	1.551
1517160998153	-8.992	-4.826	1.819
1517160998161	-9.05	-4.664	1.733
1517160998171	-8.935	-4.587	1.292
1517160998184	-8.81	-4.328	1.388
1517160998191	-8.715	-4.271	1.34
1517160998201	-8.753	-4.424	0.948
1517160998213	-9.04	-4.424	1.015
1517160998221	-9.232	-4.328	1.302
1517160998231	-9.27	-4.252	1.283
1517160998244	-9.174	-4.319	1.283
1517160998251	-9.021	-4.348	1.465
1517160998261	-8.887	-4.338	1.465
1517160998274	-8.849	-4.261	1.359
1517160998292	-8.897	-4.127	1.407
1517160998293	-8.858	-3.955	1.407
1517160998311	-8.763	-3.821	1.312
1517160998313	-8.676	-3.648	1.321
1517160998321	-8.638	-3.562	1.197
1517160998334	-8.686	-3.457	1.101
1517160998341	-8.734	-3.409	0.957
1517160998351	-8.849	-3.275	0.967
1517160998368	-8.935	-3.064	1.053
1517160998371	-8.916	-2.911	1.091
1517160998382	-8.858	-2.834	1.12
1517160998404	-8.782	-2.777	1.34
1517160998405	-8.734	-2.729	1.302
1517160998412	-8.705	-2.758	1.513
1517160998426	-8.686	-2.806	1.992
1517160998431	-8.715	-2.815	1.867
1517160998442	-8.782	-2.796	1.934
1517160998454	-8.753	-2.758	1.896
1517160998461	-8.763	-2.71	1.819
1517160998471	-8.753	-2.662	1.666
1517160998484	-8.753	-2.547	1.589
1517160998491	-8.715	-2.432	1.561
1517160998501	-8.724	-2.288	1.484
1517160998543	-8.753	-2.078	1.494
1517160998549	-8.724	-1.838	1.436
1517160998551	-8.696	-1.628	1.436
1517160998553	-8.686	-1.484	1.743
1517160998554	-8.629	-1.446	1.925
1517160998576	-8.6	-1.474	1.982
1517160998579	-8.571	-1.513	1.905
1517160998581	-8.6	-1.733	1.513
1517160998591	-8.705	-2.068	1.13
1517160998604	-8.945	-2.47	0.871
1517160998611	-9.127	-2.863	0.584
1517160998621	-9.27	-3.122	0.402
1517160998638	-9.165	-2.901	0.45
1517160998641	-9.165	-2.863	0.45
1517160998651	-9.031	-2.652	0.565
1517160998666	-9.002	-2.423	0.66
1517160998671	-9.04	-2.231	0.66
1517160998681	-8.973	-2.097	0.842
1517160998694	-8.897	-2.02	0.938
1517160998701	-8.82	-2.011	0.957
1517160998711	-8.724	-2.154	1.063
1517160998723	-8.667	-2.672	1.197
1517160998731	-8.667	-2.652	1.197
1517160998741	-8.906	-3.083	1.494
1517160998752	-9.088	-3.294	1.656
1517160998761	-9.088	-3.399	1.723
1517160998771	-9.05	-3.428	1.915
1517160998783	-8.906	-3.399	2.087
1517160998791	-8.791	-3.399	2.241
1517160998801	-8.619	-3.419	2.403
1517160998812	-8.447	-3.658	2.394
1517160998821	-8.456	-3.792	2.394
1517160998831	-8.619	-3.926	2.25
1517160998845	-8.724	-3.984	1.992
1517160998851	-8.945	-3.936	2.011
1517160998861	-9.012	-3.85	1.944
1517160998876	-8.935	-3.869	1.838
1517160998881	-8.945	-3.984	1.714
1517160998891	-9.098	-4.137	1.656
1517160998906	-9.203	-4.328	1.532
1517160998911	-9.299	-4.405	1.541
1517160998921	-9.308	-4.357	1.666
1517160998935	-9.174	-4.271	1.723
1517160998941	-9.002	-4.213	1.819
1517160998951	-8.858	-4.166	1.896
1517160998966	-8.763	-4.137	1.982
1517160998971	-8.724	-4.166	2.02
1517160998981	-8.648	-4.223	2.087
1517160998995	-8.619	-4.319	2.106
1517160999001	-8.638	-4.395	2.174
1517160999011	-8.648	-4.443	2.231
1517160999025	-8.571	-4.472	2.212
1517160999031	-8.514	-4.539	2.135
1517160999041	-8.523	-4.597	2.078
1517160999055	-8.59	-4.673	2.039
1517160999061	-8.6	-4.759	1.934
1517160999085	-8.561	-4.855	1.905
1517160999091	-8.561	-4.846	1.915
1517160999101	-8.523	-4.817	1.781
1517160999117	-8.494	-4.778	1.733
1517160999121	-8.485	-4.798	1.704
1517160999132	-8.514	-4.951	1.656
1517160999145	-8.561	-5.162	1.628
1517160999151	-8.629	-5.458	1.647
1517160999161	-8.696	-5.803	1.618
1517160999176	-8.705	-6.148	1.57
1517160999181	-8.686	-6.407	1.589
1517160999191	-8.581	-6.483	1.656
1517160999205	-8.494	-6.464	1.733
1517160999211	-8.389	-6.349	1.896
1517160999221	-8.284	-6.148	2.078
1517160999236	-8.121	-5.909	2.231
1517160999241	-7.958	-5.765	2.442
1517160999276	-7.795	-5.688	2.624
1517160999283	-7.652	-5.698	2.7
1517160999285	-7.489	-5.717	2.71
1517160999289	-7.393	-5.822	2.691
1517160999298	-7.259	-5.956	2.595
1517160999306	-7.192	-6.081	2.423
1517160999321	-7.307	-6.186	2.423
1517160999323	-7.451	-6.311	2.394
1517160999331	-7.537	-6.349	2.26
1517160999341	-7.594	-6.368	2.126
1517160999356	-7.594	-6.359	1.915
1517160999361	-7.594	-6.311	1.915
1517160999373	-7.518	-6.273	1.896
1517160999384	-7.422	-6.225	1.905
1517160999391	-7.269	-6.186	1.934
1517160999401	-7.154	-6.167	2.145
1517160999414	-7.067	-6.215	2.059
1517160999421	-7.02	-6.253	2.097
1517160999431	-6.981	-6.282	2.078
1517160999443	-7.0	-6.301	2.049
1517160999451	-7.039	-6.301	2.001
1517160999461	-7.058	-6.349	1.934
1517160999475	-7.087	-6.426	1.896
1517160999481	-7.077	-6.541	1.819
1517160999491	-6.876	-6.665	1.685
1517160999503	-6.943	-6.771	1.551
1517160999511	-6.809	-6.857	1.484
1517160999521	-6.799	-6.895	1.494
1517160999535	-6.838	-6.914	1.561
1517160999541	-6.876	-6.905	1.58
1517160999551	-6.914	-6.933	1.637
1517160999565	-7.039	-6.742	1.944
1517160999571	-7.096	-7.02	2.336
1517160999581	-6.943	-7.154	2.509
1517160999596	-6.704	-7.412	2.624
1517160999601	-6.512	-7.661	2.758
1517160999611	-6.445	-7.853	2.844
1517160999626	-6.512	-7.977	2.863
1517160999631	-6.56	-8.083	2.892
1517160999641	-6.589	-8.169	2.882
1517160999656	-6.55	-8.226	2.844
1517160999661	-6.397	-8.255	2.767
1517160999671	-6.253	-8.265	2.681
1517160999686	-6.244	-8.255	2.537
1517160999691	-6.32	-8.207	2.384
1517160999701	-6.368	-8.083	2.221
1517160999716	-6.407	-7.929	2.02
1517160999721	-6.397	-7.767	1.81
1517160999731	-6.34	-7.632	1.656
1517160999746	-6.311	-7.537	1.513
1517160999751	-6.32	-7.441	1.407
1517160999761	-6.378	-7.364	1.35
1517160999775	-6.483	-7.288	1.34
1517160999781	-6.531	-7.259	1.359
1517160999791	-6.56	-7.24	1.369
1517160999806	-6.598	-7.24	1.379
1517160999811	-6.598	-7.249	1.379
1517160999821	-6.627	-7.24	1.426
1517160999837	-6.646	-7.211	1.474
1517160999841	-6.684	-7.154	1.551
1517160999852	-6.713	-7.106	1.723
1517160999866	-6.751	-7.048	1.877
1517160999871	-6.79	-6.991	2.068
1517160999882	-6.895	-6.953	2.106
1517160999897	-7.02	-6.914	2.03
1517160999901	-7.173	-6.866	1.992
1517160999911	-7.345	-6.895	2.059
1517160999926	-7.451	-6.962	2.116
1517160999931	-7.47	-6.972	2.078
1517160999942	-7.47	-6.943	1.953
1517160999957	-7.489	-6.876	1.953
1517160999961	-7.527	-6.809	1.953
1517160999971	-7.527	-6.742	1.905
1517161000010	-7.527	-6.723	1.848
1517161000018	-7.489	-6.713	1.704
1517161000021	-7.556	-6.723	1.551
1517161000024	-7.69	-6.742	1.426
1517161000026	-7.805	-6.761	1.283
1517161000045	-7.881	-6.78	1.13
1517161000048	-7.91	-6.818	1.005
1517161000052	-7.968	-6.885	0.996
1517161000076	-8.14	-6.933	1.187
1517161000082	-8.178	-6.885	1.407
1517161000094	-8.13	-6.847	1.676
1517161000105	-7.805	-6.809	1.982
1517161000111	-7.527	-6.684	1.982
1517161000121	-7.728	-6.665	1.771
1517161000135	-8.265	-6.799	1.57
1517161000141	-8.6	-6.857	1.838
1517161000151	-8.676	-6.79	1.743
1517161000165	-8.523	-6.866	1.561
1517161000171	-8.332	-6.818	1.867
1517161000181	-8.408	-6.608	2.039
1517161000195	-8.561	-6.435	1.896
1517161000201	-8.686	-6.253	1.953
1517161000211	-8.6	-5.966	1.79
1517161000224	-8.667	-5.746	1.436
1517161000231	-8.763	-5.621	1.254
1517161000241	-8.858	-5.458	1.254
1517161000254	-8.887	-5.248	1.206
1517161000261	-8.82	-5.056	1.034
1517161000271	-8.81	-4.932	0.928
1517161000284	-8.906	-4.865	1.015
1517161000291	-8.983	-4.204	1.369
1517161000320	-8.906	-4.127	1.455
1517161000321	-8.667	-3.964	1.264
1517161000323	-8.38	-3.917	1.254
1517161000334	-8.226	-3.888	1.283
1517161000346	-8.236	-3.792	1.254
1517161000351	-8.341	-3.639	1.206
1517161000363	-8.437	-3.486	1.082
1517161000377	-8.6	-3.227	1.254
1517161000381	-8.619	-3.045	1.35
1517161000392	-8.494	-2.892	1.446
1517161000407	-8.408	-2.767	1.685
1517161000411	-8.351	-2.729	1.8
1517161000422	-8.418	-2.719	1.857
1517161000437	-8.571	-2.691	1.982
1517161000441	-8.552	-2.595	1.915
1517161000458	-8.418	-2.48	1.781
1517161000467	-8.351	-2.423	1.58
1517161000471	-8.418	-2.394	1.484
1517161000482	-8.6	-2.365	1.465
1517161000497	-8.696	-2.355	1.407
1517161000501	-8.696	-2.346	1.283
1517161000512	-8.715	-2.308	1.235
1517161000527	-8.734	-2.231	1.168
1517161000531	-8.705	-2.193	1.005
1517161000542	-8.724	-2.154	0.842
1517161000557	-8.782	-2.087	0.852
1517161000561	-8.839	-2.03	0.785
1517161000572	-8.839	-2.039	0.699
1517161000587	-8.878	-2.03	0.699
1517161000591	-8.897	-2.068	0.804
1517161000603	-8.887	-2.145	0.823
1517161000618	-8.849	-2.221	0.909
1517161000621	-8.782	-2.308	1.063
1517161000632	-8.743	-2.403	1.302
1517161000649	-8.696	-2.518	1.532
1517161000651	-8.696	-2.652	1.752
1517161000663	-8.676	-2.825	1.963
1517161000677	-8.667	-2.988	2.001
1517161000681	-8.676	-3.141	2.03
1517161000693	-8.715	-3.275	2.097
1517161000707	-8.724	-3.371	2.116
1517161000711	-8.686	-3.457	2.068
1517161000744	-8.676	-3.543	2.039
1517161000751	-8.667	-3.61	2.039
1517161000755	-8.657	-3.677	2.02
1517161000757	-8.629	-3.696	1.992
1517161000779	-8.59	-3.677	1.934
1517161000784	-8.571	-3.696	1.944
1517161000785	-8.581	-3.725	1.925
1517161000794	-8.609	-3.85	1.877
1517161000802	-8.466	-4.07	1.676
1517161000811	-8.437	-4.146	1.503
1517161000830	-8.638	-4.204	1.848
1517161000833	-8.676	-4.328	1.81
1517161000841	-8.686	-4.405	1.877
1517161000858	-8.868	-4.319	1.925
1517161000861	-9.002	-4.233	2.212
1517161000873	-8.945	-4.29	1.848
1517161000881	-8.782	-4.328	1.743
1517161000895	-8.849	-4.29	1.743
1517161000904	-8.945	-4.261	1.723
1517161000916	-8.906	-4.223	1.685
1517161000921	-8.763	-4.156	1.762
1517161000934	-8.705	-4.108	1.81
1517161000941	-8.715	-4.166	1.714
1517161000951	-8.743	-4.29	1.637
1517161000962	-8.945	-4.415	1.723
1517161000975	-8.878	-4.491	1.743
1517161000981	-8.696	-4.587	1.762
1517161000992	-8.763	-4.692	1.867
1517161001002	-8.724	-4.721	1.972
1517161001011	-8.638	-4.683	2.001
1517161001021	-8.504	-4.606	2.02
1517161001031	-8.351	-4.529	1.972
1517161001041	-8.303	-4.501	1.934
1517161001051	-8.312	-4.635	1.896
1517161001061	-8.389	-4.788	1.819
1517161001071	-8.485	-4.932	1.743
1517161001081	-8.638	-5.162	1.685
1517161001091	-8.734	-5.334	1.647
1517161001101	-8.734	-5.458	1.589
1517161001111	-8.686	-5.573	1.503
1517161001121	-8.629	-5.669	1.417
1517161001131	-8.59	-5.736	1.369
1517161001141	-8.6	-5.851	1.417
1517161001151	-8.609	-5.966	1.446
1517161001161	-8.629	-6.043	1.522
1517161001171	-8.59	-6.129	1.628
1517161001181	-8.494	-6.167	1.752
1517161001191	-8.37	-6.205	1.857
1517161001201	-8.236	-6.205	1.972
1517161001211	-8.121	-6.196	2.049
1517161001221	-8.044	-6.234	2.212
1517161001231	-7.977	-6.301	2.423
1517161001241	-7.881	-6.426	2.585
1517161001251	-7.814	-6.512	2.633
1517161001262	-7.767	-6.56	2.624
1517161001271	-7.68	-6.502	2.576
1517161001281	-7.575	-6.387	2.509
1517161001291	-7.441	-6.205	2.442
1517161001301	-7.345	-6.062	2.442
1517161001311	-7.259	-5.947	2.403
1517161001322	-7.249	-5.861	2.413
1517161001331	-7.249	-5.832	2.327
1517161001341	-7.297	-5.87	2.25
1517161001352	-7.383	-5.928	2.231
1517161001361	-7.498	-6.014	2.241
1517161001371	-7.556	-6.167	2.231
1517161001382	-7.518	-6.292	2.26
1517161001390	-7.441	-6.407	2.221
1517161001401	-7.355	-6.502	2.174
1517161001412	-7.307	-6.589	2.116
1517161001420	-7.297	-6.608	2.011
1517161001431	-7.259	-6.598	2.001
1517161001441	-7.211	-6.589	1.992
1517161001466	-7.134	-6.56	2.049
1517161001470	-7.029	-6.512	2.059
1517161001482	-6.972	-6.493	2.126
1517161001483	-6.914	-6.464	2.174
1517161001494	-6.876	-6.464	2.193
1517161001503	-6.857	-6.512	2.394
1517161001511	-6.857	-6.579	2.317
1517161001521	-6.876	-6.665	2.384
1517161001533	-6.905	-6.78	2.423
1517161001541	-6.981	-6.905	2.461
1517161001554	-7.087	-7.02	2.48
1517161001563	-7.163	-7.087	2.49
1517161001571	-7.125	-7.087	2.537
1517161001581	-7.0	-7.039	2.585
1517161001593	-6.828	-6.972	2.633
1517161001601	-6.694	-6.857	2.624
1517161001611	-6.656	-6.771	2.576
1517161001623	-6.694	-6.665	2.547
1517161001631	-6.78	-6.589	2.336
1517161001641	-6.857	-6.531	2.423
1517161001652	-6.866	-6.522	2.384
1517161001661	-6.885	-6.55	2.384
1517161001671	-6.876	-6.541	2.451
1517161001682	-6.943	-6.713	2.499
1517161001691	-6.943	-6.608	2.509
1517161001701	-6.962	-6.675	2.547
1517161001714	-6.981	-6.761	2.557
1517161001721	-6.981	-6.799	2.566
1517161001731	-6.914	-6.828	2.595
1517161001751	-6.799	-6.847	2.595
1517161001761	-6.895	-6.876	2.585
1517161001772	-6.981	-6.885	2.566
1517161001780	-7.048	-6.885	2.547
1517161001791	-7.087	-6.742	2.547
1517161001802	-7.106	-6.828	2.604
1517161001811	-7.115	-6.828	2.7
1517161001821	-7.182	-6.838	2.786
1517161001832	-7.259	-6.78	2.815
1517161001841	-7.269	-6.732	2.786
1517161001851	-7.24	-6.694	2.7
1517161001862	-7.182	-6.684	2.585
1517161001871	-7.134	-6.704	2.499
1517161001881	-7.115	-6.799	2.442
1517161001892	-7.096	-6.895	2.432
1517161001901	-7.163	-6.924	2.403
1517161001911	-7.221	-6.905	2.451
1517161001922	-7.288	-6.818	2.461
1517161001931	-7.336	-6.665	2.423
1517161001941	-7.336	-6.522	2.346
1517161001953	-7.355	-6.387	2.384
1517161001961	-7.383	-6.34	2.47
1517161001971	-7.326	-6.33	2.576
1517161001982	-7.336	-6.292	2.566
1517161001991	-7.393	-6.234	2.604
1517161002001	-7.556	-6.158	2.643
1517161002012	-7.747	-6.1	2.604
1517161002021	-7.949	-6.081	2.509
1517161002031	-8.15	-6.062	2.423
1517161002042	-8.293	-6.081	2.384
1517161002051	-8.322	-6.11	2.394
1517161002061	-8.274	-6.11	2.384
1517161002073	-8.255	-6.071	2.365
1517161002081	-8.245	-5.995	2.346
1517161002091	-8.265	-5.889	2.413
1517161002103	-8.226	-5.813	2.499
1517161002111	-8.15	-5.698	2.624
1517161002121	-8.035	-5.66	2.911
1517161002133	-7.795	-5.554	2.873
1517161002141	-7.824	-5.458	2.672
1517161002151	-8.159	-5.468	2.566
1517161002163	-8.523	-5.478	2.566
1517161002171	-8.609	-5.382	2.365
1517161002181	-8.6	-5.133	2.269
1517161002201	-8.6	-4.96	2.068
1517161002208	-8.629	-4.798	2.078
1517161002215	-8.696	-4.549	2.02
1517161002226	-8.676	-4.443	1.934
1517161002231	-8.533	-4.386	1.599
1517161002243	-8.504	-4.309	1.618
1517161002264	-8.973	-4.261	1.666
1517161002265	-8.839	-4.185	1.666
1517161002272	-9.165	-4.118	1.829
1517161002285	-9.376	-4.271	1.771
1517161002291	-9.318	-4.271	1.771
1517161002306	-9.328	-4.137	2.25
1517161002322	-9.289	-4.099	2.145
1517161002328	-9.347	-4.137	1.781
1517161002333	-9.49	-4.051	1.733
1517161002345	-9.519	-3.926	1.58
1517161002351	-9.414	-3.83	1.685
1517161002361	-9.213	-3.782	1.647
1517161002381	-8.925	-3.553	2.116
1517161002391	-8.791	-3.39	2.164
1517161002403	-8.581	-3.016	2.298
1517161002411	-8.581	-2.988	2.365
1517161002421	-8.427	-2.834	2.298
1517161002433	-8.111	-2.739	2.059
1517161002441	-8.111	-2.739	2.001
1517161002451	-8.332	-2.595	1.972
1517161002464	-8.475	-2.135	1.867
1517161002471	-8.629	-2.135	1.647
1517161002481	-8.629	-1.886	1.484
1517161002493	-8.696	-1.321	1.35
1517161002501	-8.696	-1.321	1.235
1517161002511	-8.696	-0.766	1.206
1517161002532	-8.686	-0.852	1.11
1517161002537	-8.667	-1.005	0.928
1517161002542	-8.763	-0.948	0.967
1517161002553	-8.897	-1.005	0.948
1517161002561	-8.925	-1.053	1.005
1517161002571	-8.868	-1.043	1.273
1517161002583	-8.763	-1.158	1.388
1517161002591	-8.724	-1.379	1.369
1517161002601	-8.763	-1.704	1.216
1517161002613	-8.887	-2.059	1.11
1517161002620	-9.079	-2.355	1.12
1517161002631	-9.155	-2.509	1.158
1517161002643	-9.184	-2.509	1.206
1517161002651	-9.146	-2.423	1.312
1517161002661	-9.04	-2.298	1.446
1517161002673	-8.906	-2.174	1.57
1517161002681	-8.743	-2.106	1.628
1517161002691	-8.619	-2.25	1.57
1517161002703	-8.629	-2.413	1.474
1517161002710	-8.82	-2.499	1.455
1517161002721	-9.002	-2.557	1.513
1517161002733	-9.088	-2.624	1.522
1517161002741	-9.05	-2.71	1.618
1517161002751	-8.945	-2.806	1.656
1517161002763	-8.916	-2.921	1.723
1517161002771	-8.887	-3.045	1.81
1517161002781	-8.858	-3.16	1.886
1517161002793	-8.81	-3.342	1.992
1517161002801	-8.743	-3.61	2.001
1517161002811	-8.743	-3.84	2.03
1517161002823	-8.868	-3.926	2.25
1517161002831	-8.916	-3.917	2.346
1517161002841	-8.868	-3.878	2.528
1517161002853	-8.734	-3.917	2.614
1517161002861	-8.533	-3.993	2.566
1517161002871	-8.6	-4.031	2.662
1517161002883	-8.801	-4.079	2.662
1517161002891	-8.925	-4.156	2.566
1517161002901	-8.935	-4.166	2.604
1517161002913	-8.868	-4.07	2.719
1517161002921	-8.801	-4.031	2.672
1517161002940	-8.772	-3.974	2.566
1517161002955	-8.791	-3.897	2.461
1517161002956	-8.839	-3.878	2.346
1517161002962	-8.887	-3.917	2.193
1517161002982	-8.945	-3.955	2.068
1517161002983	-8.973	-3.993	2.068
1517161002992	-8.916	-4.022	2.001
1517161003008	-8.868	-4.07	1.857
1517161003011	-8.82	-4.166	1.656
1517161003021	-8.81	-4.204	1.541
1517161003034	-9.012	-4.194	1.561
1517161003041	-9.241	-4.28	1.494
1517161003051	-9.308	-4.405	1.503
1517161003064	-9.194	-4.558	1.704
1517161003070	-9.194	-4.74	1.704
1517161003081	-9.136	-4.922	1.8
1517161003093	-9.098	-5.028	2.154
1517161003101	-9.079	-5.104	2.461
1517161003123	-8.763	-5.152	2.585
1517161003131	-8.763	-5.095	2.739
1517161003141	-8.609	-5.066	2.815
1517161003154	-8.351	-5.047	2.921
1517161003160	-8.351	-5.066	2.988
1517161003171	-8.121	-5.133	3.026
1517161003183	-8.092	-5.142	3.112
1517161003191	-7.939	-5.133	3.093
1517161003201	-7.824	-5.056	3.045
1517161003214	-7.834	-4.941	2.93
1517161003221	-7.843	-4.855	2.853
1517161003231	-7.872	-4.75	2.825
1517161003244	-7.843	-4.654	2.853
1517161003251	-7.795	-4.616	2.825
1517161003261	-7.786	-4.616	2.739
1517161003274	-7.795	-4.826	2.681
1517161003281	-7.757	-4.769	2.604
1517161003291	-7.7	-5.056	2.461
1517161003305	-7.747	-5.248	2.375
1517161003311	-7.824	-5.439	2.308
1517161003321	-7.901	-5.612	2.202
1517161003331	-7.929	-5.746	2.106
1517161003341	-7.891	-5.794	2.049
1517161003351	-7.853	-5.794	2.097
1517161003363	-7.757	-5.794	2.135
1517161003371	-7.623	-5.794	2.174
1517161003381	-7.537	-5.794	2.269
1517161003394	-7.479	-5.842	2.451
1517161003401	-7.412	-5.909	2.585
1517161003411	-7.355	-5.966	2.729
1517161003426	-7.297	-6.024	2.815
1517161003431	-7.269	-6.043	2.94
1517161003441	-7.192	-6.081	3.016
1517161003458	-7.106	-6.158	3.15
1517161003461	-6.933	-6.32	3.17
1517161003472	-6.809	-6.531	3.189
1517161003489	-6.79	-6.809	3.332
1517161003491	-6.79	-7.058	3.284
1517161003502	-6.866	-7.336	3.189
1517161003518	-6.885	-7.585	3.007
1517161003522	-6.943	-7.719	2.691
1517161003532	-7.106	-7.728	2.719
1517161003548	-7.249	-7.604	2.901
1517161003551	-7.326	-7.431	2.949
1517161003562	-7.364	-7.202	2.844
1517161003577	-7.422	-6.914	2.767
1517161003581	-7.403	-6.579	2.7
1517161003592	-7.297	-6.234	2.595
1517161003606	-7.192	-5.87	2.49
1517161003611	-7.163	-5.64	2.48
1517161003622	-7.221	-5.468	2.48
1517161003636	-7.288	-5.449	2.461
1517161003641	-7.345	-5.506	2.461
1517161003667	-7.345	-5.736	2.346
1517161003701	-7.316	-5.889	2.327
1517161003708	-7.269	-6.062	2.346
1517161003710	-7.221	-6.292	2.336
1517161003714	-7.154	-6.493	2.336
1517161003717	-7.087	-6.665	2.355
1517161003729	-6.991	-6.799	2.451
1517161003738	-6.885	-6.953	2.509
1517161003746	-6.761	-6.981	2.47
1517161003757	-6.713	-6.981	2.49
1517161003761	-6.761	-6.962	2.461
1517161003771	-6.818	-6.876	2.423
1517161003786	-6.924	-6.799	2.375
1517161003791	-7.058	-6.694	2.355
1517161003801	-7.154	-6.589	2.308
1517161003814	-7.249	-6.512	2.317
1517161003821	-7.269	-6.454	2.375
1517161003835	-7.221	-6.445	2.375
1517161003844	-7.163	-6.397	2.365
1517161003851	-7.154	-6.349	2.336
1517161003861	-7.202	-6.349	2.25
1517161003874	-7.269	-6.301	2.221
1517161003881	-7.316	-6.292	2.174
1517161003891	-7.355	-6.301	2.154
1517161003904	-7.345	-6.416	2.068
1517161003911	-7.537	-6.569	1.992
1517161003924	-7.451	-6.742	1.963
1517161003935	-7.738	-6.828	1.915
1517161003941	-7.853	-6.838	1.905
1517161003951	-7.786	-6.818	1.886
1517161003965	-7.738	-6.771	1.925
1517161003971	-7.671	-6.799	2.02
1517161003981	-7.575	-7.02	2.164
1517161003994	-7.508	-6.981	2.298
1517161004001	-7.479	-7.192	2.413
1517161004011	-7.518	-7.125	2.47
1517161004027	-7.642	-7.182	2.595
1517161004031	-7.767	-7.134	2.7
1517161004042	-7.891	-7.048	2.825
1517161004058	-7.958	-7.01	2.94
1517161004061	-7.891	-6.943	2.853
1517161004072	-7.872	-6.857	2.786
1517161004087	-7.891	-6.866	2.595
1517161004091	-7.872	-6.732	2.202
1517161004102	-8.006	-6.483	2.25
1517161004117	-8.245	-6.215	2.384
1517161004121	-8.475	-6.033	2.288
1517161004133	-8.609	-5.813	2.164
1517161004147	-8.657	-5.573	2.221
1517161004151	-8.514	-5.43	2.039
1517161004162	-8.447	-5.286	1.877
1517161004177	-8.648	-5.085	2.097
1517161004181	-8.868	-4.941	2.154
1517161004192	-8.868	-4.846	2.078
1517161004207	-8.696	-4.759	2.087
1517161004211	-8.475	-4.778	1.886
1517161004223	-8.447	-4.778	1.666
1517161004237	-8.6	-4.644	1.829
1517161004241	-8.734	-4.491	1.81
1517161004253	-8.782	-4.252	1.925
1517161004268	-8.629	-3.936	1.972
1517161004271	-8.389	-3.668	1.561
1517161004283	-8.475	-3.514	1.177
1517161004297	-8.763	-3.543	0.928
1517161004301	-8.916	-3.658	0.718
1517161004312	-9.069	-3.754	0.689
1517161004332	-9.155	-3.84	0.833
1517161004333	-9.136	-3.907	0.967
1517161004349	-9.002	-3.869	1.283
1517161004352	-8.82	-3.744	1.484
1517161004361	-8.849	-3.581	1.628
1517161004372	-8.868	-3.419	1.647
1517161004387	-8.83	-3.38	1.436
1517161004391	-8.868	-3.237	1.398
1517161004429	-8.878	-3.17	1.503
1517161004431	-8.801	-3.16	1.436
1517161004434	-8.782	-3.122	1.465
1517161004437	-8.81	-3.045	1.494
1517161004441	-8.878	-2.94	1.484
1517161004452	-8.925	-2.786	1.455
1517161004463	-8.916	-2.7	1.302
1517161004471	-8.791	-2.566	1.139
1517161004481	-8.676	-2.413	1.091
1517161004494	-8.629	-2.25	1.13
1517161004507	-8.696	-2.221	1.197
1517161004523	-8.83	-2.174	1.206
1517161004524	-8.935	-2.106	1.225
1517161004536	-8.858	-2.059	1.12
1517161004541	-8.734	-2.03	0.938
1517161004552	-8.705	-2.001	0.89
1517161004566	-8.81	-1.982	0.823
1517161004571	-8.964	-2.039	0.823
1517161004582	-9.05	-2.145	0.996
1517161004591	-9.059	-2.241	0.996
1517161004601	-9.012	-2.413	1.091
1517161004612	-8.992	-2.518	1.168
1517161004621	-8.954	-2.547	1.216
1517161004631	-8.945	-2.537	1.264
1517161004643	-8.964	-2.442	1.206
1517161004651	-9.117	-2.365	1.139
1517161004661	-8.839	-2.355	1.034
1517161004672	-8.983	-2.413	1.015
1517161004681	-9.079	-2.528	1.12
1517161004691	-9.069	-2.662	1.187
1517161004702	-9.012	-2.786	1.245
1517161004719	-8.935	-2.863	1.245
1517161004721	-8.878	-3.007	1.043
1517161004733	-8.954	-2.949	0.871
1517161004747	-9.107	-2.949	0.775
1517161004751	-9.251	-2.997	0.833
1517161004764	-9.261	-2.968	0.957
1517161004778	-9.194	-2.959	1.053
1517161004781	-9.136	-3.007	1.149
1517161004793	-9.059	-3.055	1.273
1517161004801	-8.954	-3.16	1.273
1517161004811	-8.782	-3.284	1.254
1517161004823	-8.801	-3.284	1.379
1517161004831	-8.925	-3.323	1.292
1517161004841	-9.031	-3.466	1.072
1517161004854	-9.127	-3.419	1.254
1517161004861	-9.098	-3.332	1.359
1517161004871	-9.012	-3.256	1.484
1517161004884	-8.868	-3.179	1.704
1517161004891	-8.724	-3.122	1.886
1517161004901	-8.629	-3.131	1.982
1517161004921	-8.552	-3.476	1.762
1517161004931	-8.715	-3.668	1.704
1517161004943	-8.906	-3.715	1.752
1517161004951	-8.945	-3.744	1.733
1517161004961	-8.878	-3.715	1.704
1517161004973	-8.772	-3.629	1.685
1517161004981	-8.686	-3.524	1.656
1517161004991	-8.59	-3.495	1.503
1517161005003	-8.571	-3.533	1.417
1517161005011	-8.648	-3.591	1.446
1517161005021	-8.734	-3.706	1.446
1517161005033	-8.782	-3.811	1.426
1517161005041	-8.83	-3.878	1.474
1517161005053	-8.82	-3.993	1.561
1517161005063	-8.791	-4.166	1.532
1517161005071	-8.801	-4.357	1.599
1517161005081	-8.81	-4.539	1.676
1517161005094	-8.782	-4.711	1.79
1517161005101	-8.763	-4.836	1.905
1517161005112	-8.715	-4.951	1.944
1517161005124	-8.648	-5.075	1.963
1517161005150	-8.638	-5.229	2.02
1517161005151	-8.609	-5.382	2.02
1517161005156	-8.6	-5.535	2.106
1517161005168	-8.609	-5.688	2.174
1517161005171	-8.619	-5.803	2.269
1517161005181	-8.59	-5.889	2.336
1517161005191	-8.494	-5.956	2.451
1517161005202	-8.408	-6.004	2.48
1517161005213	-8.322	-6.024	2.49
1517161005221	-8.265	-6.033	2.499
1517161005231	-8.207	-6.024	2.47
1517161005245	-8.198	-6.004	2.394
1517161005251	-8.178	-5.966	2.327
1517161005262	-8.188	-5.937	2.269
1517161005273	-8.159	-5.909	2.183
1517161005303	-8.121	-5.889	2.154
1517161005304	-8.102	-5.909	2.106
1517161005304	-8.13	-6.024	1.877
1517161005311	-8.207	-6.129	1.752
1517161005321	-8.284	-6.158	1.79
1517161005332	-8.255	-6.071	1.762
1517161005341	-8.111	-5.976	1.838
1517161005351	-7.91	-5.889	2.011
1517161005361	-7.738	-5.87	2.164
1517161005371	-7.403	-5.851	2.298
1517161005381	-7.412	-5.928	2.384
1517161005393	-7.173	-6.014	2.49
1517161005401	-7.125	-6.11	2.557
1517161005411	-7.02	-6.158	2.662
1517161005423	-6.905	-6.167	2.729
1517161005431	-6.78	-6.186	2.786
1517161005441	-6.656	-6.282	2.758
1517161005454	-6.675	-6.723	2.825
1517161005461	-6.723	-6.78	2.834
1517161005471	-6.742	-7.163	2.739
1517161005484	-6.761	-7.192	2.547
1517161005491	-6.933	-7.269	2.499
1517161005501	-7.029	-7.364	2.643
1517161005514	-6.905	-7.393	2.423
1517161005521	-6.828	-7.412	2.164
1517161005531	-6.885	-7.441	2.106
1517161005544	-7.029	-7.46	2.126
1517161005551	-7.144	-7.336	2.212
1517161005561	-7.134	-7.134	2.288
1517161005574	-7.0	-6.933	2.336
1517161005581	-6.799	-6.742	2.413
1517161005591	-6.589	-6.598	2.461
1517161005604	-6.493	-6.522	2.47
1517161005611	-6.569	-6.483	2.48
1517161005621	-6.723	-6.531	2.528
1517161005634	-6.838	-6.541	2.624
1517161005641	-6.876	-6.541	2.633
1517161005651	-6.895	-6.55	2.681
1517161005665	-6.885	-6.579	2.739
1517161005671	-6.885	-6.646	2.748
1517161005681	-6.847	-6.751	2.739
1517161005694	-6.828	-6.809	2.786
1517161005701	-6.828	-6.905	2.815
1517161005711	-6.866	-6.953	2.758
1517161005725	-6.866	-6.953	2.691
1517161005731	-6.828	-6.924	2.566
1517161005741	-6.79	-6.885	2.432
1517161005755	-6.742	-6.847	2.336
1517161005761	-6.79	-6.866	2.231
1517161005771	-6.78	-6.914	2.116
1517161005785	-6.79	-6.953	2.011
1517161005791	-6.857	-6.962	2.011
1517161005801	-6.953	-6.991	2.049
1517161005814	-7.02	-7.029	2.03
1517161005821	-7.048	-7.02	2.078
1517161005831	-7.048	-7.0	2.164
1517161005845	-7.077	-6.943	2.26
1517161005851	-7.096	-6.876	2.288
1517161005883	-7.134	-6.799	2.298
1517161005886	-7.134	-6.713	2.317
1517161005893	-7.154	-6.636	2.317
1517161005898	-7.144	-6.56	2.317
1517161005902	-7.125	-6.541	2.308
1517161005917	-7.048	-6.522	2.308
1517161005924	-7.02	-6.541	2.26
1517161005935	-6.991	-6.541	2.212
1517161005942	-7.039	-6.56	2.164
1517161005951	-7.096	-6.617	2.174
1517161005964	-7.144	-6.713	2.202
1517161005971	-7.163	-6.828	2.183
1517161005981	-7.182	-6.924	2.164
1517161005996	-7.211	-7.0	2.183
1517161006001	-7.23	-7.029	2.212
1517161006011	-7.259	-7.02	2.212
1517161006023	-7.307	-7.01	2.202
1517161006031	-7.374	-6.933	2.193
1517161006041	-7.422	-6.857	2.279
1517161006054	-7.498	-6.771	2.279
1517161006061	-7.537	-6.684	2.241
1517161006071	-7.604	-6.636	2.394
1517161006084	-7.489	-6.627	2.49
1517161006091	-7.527	-6.598	2.317
1517161006101	-7.383	-6.502	2.145
1517161006112	-7.747	-6.435	2.087
1517161006121	-7.805	-6.387	2.078
1517161006131	-8.073	-6.368	2.039
1517161006144	-8.169	-6.378	2.164
1517161006151	-8.063	-6.378	2.202
1517161006161	-7.91	-6.225	1.867
1517161006174	-7.968	-6.081	1.838
1517161006181	-8.159	-6.071	1.848
1517161006205	-8.466	-6.11	1.752
1517161006211	-8.389	-6.225	1.465
1517161006234	-8.676	-6.253	1.369
1517161006241	-8.839	-6.215	1.177
1517161006251	-9.146	-5.88	1.704
1517161006265	-9.328	-5.669	2.068
1517161006271	-9.232	-5.593	1.848
1517161006281	-9.05	-5.334	2.106
1517161006295	-8.801	-5.219	2.25
1517161006301	-8.571	-5.229	1.944
1517161006311	-8.648	-5.19	1.992
1517161006323	-8.715	-5.114	2.087
1517161006331	-8.715	-5.104	2.001
1517161006346	-8.724	-5.066	2.106
1517161006358	-8.638	-4.999	2.078
1517161006361	-8.533	-4.96	1.934
1517161006371	-8.485	-4.903	1.762
1517161006383	-8.542	-4.846	1.599
1517161006391	-8.753	-4.711	1.589
1517161006404	-8.925	-4.529	1.608
1517161006414	-9.002	-4.367	1.599
1517161006421	-8.945	-4.213	1.628
1517161006431	-8.782	-4.089	1.637
1517161006446	-8.571	-4.003	1.532
1517161006451	-8.447	-3.907	1.436
1517161006463	-8.504	-3.725	1.436
1517161006476	-8.475	-3.668	1.264
1517161006481	-8.552	-3.629	1.11
1517161006492	-8.724	-3.486	1.273
1517161006506	-8.791	-3.553	1.091
1517161006511	-8.81	-3.668	1.139
1517161006521	-8.887	-3.639	1.503
1517161006534	-8.791	-3.524	1.79
1517161006543	-8.667	-3.227	1.972
1517161006551	-8.581	-2.844	2.001
1517161006564	-8.427	-2.528	1.628
1517161006571	-8.36	-2.269	1.312
1517161006581	-8.341	-1.915	1.091
1517161006594	-8.351	-1.704	0.708
1517161006617	-8.542	-1.647	0.498
1517161006624	-8.801	-1.599	0.45
1517161006631	-9.012	-1.57	0.402
1517161006634	-9.165	-1.494	0.469
1517161006646	-9.174	-1.484	0.574
1517161006657	-8.916	-1.608	0.67
1517161006664	-8.945	-1.79	0.67
1517161006680	-8.925	-2.068	0.833
1517161006682	-8.906	-2.298	0.957
1517161006691	-8.878	-2.451	1.13
1517161006701	-8.849	-2.451	1.35
1517161006721	-8.82	-2.442	1.35
1517161006726	-8.734	-2.47	1.091
1517161006735	-8.734	-2.375	1.225
1517161006749	-8.763	-2.241	1.235
1517161006751	-8.753	-2.126	0.957
1517161006761	-8.82	-2.106	0.976
1517161006779	-8.906	-2.126	0.967
1517161006781	-8.954	-2.174	0.9
1517161006791	-8.925	-2.317	1.005
1517161006804	-8.983	-2.442	1.053
1517161006811	-9.05	-2.614	1.12
1517161006821	-9.069	-2.758	1.273
1517161006836	-9.069	-2.863	1.436
1517161006843	-9.031	-2.949	1.618
1517161006852	-8.887	-3.016	1.752
1517161006865	-8.705	-3.141	1.494
1517161006871	-8.705	-3.486	1.465
1517161006881	-8.954	-3.792	1.676
1517161006894	-9.088	-3.821	1.676
1517161006901	-9.079	-3.792	1.723
1517161006911	-8.992	-3.562	1.829
1517161006925	-8.878	-3.419	1.934
1517161006931	-8.782	-3.447	1.982
1517161006941	-8.743	-3.438	2.03
1517161006956	-8.763	-3.419	2.135
1517161006961	-8.743	-3.361	2.164
1517161006971	-8.676	-3.361	2.241
1517161006987	-8.581	-3.524	1.963
1517161006991	-8.619	-3.677	1.867
1517161007002	-8.82	-3.735	1.934
1517161007017	-8.973	-3.802	1.877
1517161007021	-9.012	-3.888	1.838
1517161007032	-8.945	-3.993	1.781
1517161007048	-8.839	-4.185	1.608
1517161007051	-8.839	-4.3	1.522
1517161007064	-8.916	-4.261	1.532
1517161007077	-8.973	-4.146	1.561
1517161007081	-8.916	-4.022	1.628
1517161007092	-8.753	-3.926	1.723
1517161007108	-8.59	-3.85	1.81
1517161007111	-8.523	-3.811	1.848
1517161007123	-8.571	-3.811	1.915
1517161007139	-8.571	-3.85	1.953
1517161007141	-8.561	-3.974	2.03
1517161007153	-8.581	-4.079	2.145
1517161007168	-8.552	-4.204	2.221
1517161007171	-8.533	-4.29	2.241
1517161007183	-8.504	-4.367	2.25
1517161007199	-8.514	-4.395	2.26
1517161007201	-8.485	-4.51	2.241
1517161007217	-8.533	-4.625	2.183
1517161007231	-8.6	-4.75	2.145
1517161007232	-8.676	-4.903	2.106
1517161007245	-8.724	-5.028	2.049
1517161007258	-8.724	-5.152	2.02
1517161007261	-8.705	-5.229	1.972
1517161007273	-8.705	-5.315	1.934
1517161007288	-8.686	-5.391	1.886
1517161007291	-8.657	-5.458	1.857
1517161007303	-8.629	-5.506	1.838
1517161007320	-8.59	-5.564	1.781
1517161007322	-8.523	-5.573	1.79
1517161007359	-8.494	-5.621	1.781
1517161007365	-8.523	-5.727	1.695
1517161007370	-8.59	-5.851	1.666
1517161007378	-8.648	-5.966	1.781
1517161007383	-8.59	-6.071	2.059
1517161007386	-8.408	-6.215	2.355
1517161007395	-8.14	-6.368	2.643
1517161007406	-7.824	-6.493	3.102
1517161007413	-7.594	-6.589	3.102
1517161007424	-7.431	-6.589	3.342
1517161007439	-7.316	-6.541	3.639
1517161007444	-7.202	-6.474	3.629
1517161007458	-7.01	-6.445	3.706
1517161007468	-6.866	-6.416	3.562
1517161007471	-6.78	-6.397	3.265
1517161007481	-6.771	-6.34	3.122
1517161007496	-6.838	-6.273	2.815
1517161007501	-6.953	-6.205	2.518
1517161007512	-7.077	-6.215	2.097
1517161007522	-7.249	-6.273	1.762
1517161007533	-7.412	-6.349	1.58
1517161007541	-7.719	-6.387	1.522
1517161007555	-7.46	-6.368	1.513
1517161007561	-7.546	-6.32	1.58
1517161007571	-7.307	-6.273	1.685
1517161007585	-7.173	-6.311	1.896
1517161007591	-7.144	-6.387	2.087
1517161007601	-7.134	-6.464	2.25
1517161007615	-7.154	-6.56	2.403
1517161007621	-7.125	-6.656	2.557
1517161007631	-7.087	-6.713	2.739
1517161007647	-6.991	-6.885	2.949
1517161007651	-6.857	-6.771	3.15
1517161007661	-6.665	-6.885	3.313
1517161007681	-6.416	-7.134	3.323
1517161007692	-6.435	-7.278	3.227
1517161007702	-6.608	-7.336	3.17
1517161007711	-6.78	-7.259	3.131
1517161007721	-6.895	-7.144	3.083
1517161007736	-6.933	-6.953	2.911
1517161007741	-6.895	-6.742	2.729
1517161007751	-6.876	-6.531	2.547
1517161007767	-6.943	-6.378	2.509
1517161007771	-7.039	-6.282	2.432
1517161007785	-7.115	-6.215	2.365
1517161007801	-7.182	-6.177	2.288
1517161007802	-7.23	-6.158	2.327
1517161007814	-7.278	-6.138	2.336
1517161007830	-7.278	-6.091	2.298
1517161007832	-7.249	-6.033	2.221
1517161007844	-7.259	-6.043	2.202
1517161007861	-7.336	-6.119	2.221
1517161007862	-7.345	-6.292	2.25
1517161007874	-7.336	-6.445	2.308
1517161007891	-7.24	-6.55	2.394
1517161007893	-6.981	-6.627	2.518
1517161007904	-6.608	-6.713	2.604
1517161007922	-6.253	-6.799	2.604
1517161007923	-6.1	-6.885	2.624
1517161007937	-6.1	-6.981	2.672
1517161007950	-6.205	-7.087	2.652
1517161007965	-6.512	-7.326	2.566
1517161007982	-6.627	-7.355	2.48
1517161007984	-6.694	-7.288	2.451
1517161007996	-6.656	-7.125	2.442
1517161008011	-6.627	-6.981	2.423
1517161008012	-6.627	-6.828	2.413
1517161008024	-6.694	-6.694	2.365
1517161008041	-6.78	-6.617	2.346
1517161008043	-6.885	-6.608	2.375
1517161008054	-6.933	-6.665	2.461
1517161008071	-6.953	-6.818	2.557
1517161008110	-6.981	-6.953	2.643
1517161008112	-7.058	-7.039	2.652
1517161008115	-7.163	-7.077	2.652
1517161008120	-7.23	-7.029	2.662
1517161008124	-7.259	-7.0	2.672
1517161008127	-7.182	-6.933	2.672
1517161008132	-7.096	-6.933	2.672
1517161008143	-7.0	-6.933	2.652
1517161008153	-6.943	-6.981	2.624
1517161008163	-6.933	-7.048	2.537
1517161008174	-6.933	-7.087	2.461
1517161008183	-6.943	-7.144	2.403
1517161008192	-6.924	-7.163	2.298
1517161008289	-6.943	-7.182	2.087
1517161008339	-6.981	-7.211	2.135
1517161008340	-7.01	-7.211	1.704
1517161008340	-7.058	-7.221	1.838
1517161008341	-7.096	-7.202	1.944
1517161008342	-7.125	-7.173	2.174
1517161008343	-7.067	-7.173	2.298
1517161008344	-6.953	-7.173	2.375
1517161008344	-7.336	-7.106	2.7
1517161008345	-8.035	-7.173	2.796
1517161008346	-8.581	-7.144	2.777
1517161008346	-9.414	-7.029	2.796
1517161008347	-9.739	-6.818	2.94
1517161008348	-9.136	-6.32	2.384
1517161008353	-8.542	-5.937	2.193
1517161008368	-8.226	-5.976	2.039
1517161008379	-8.198	-5.976	1.762
1517161008381	-8.456	-6.052	1.733
1517161008396	-8.648	-5.87	1.81
1517161008401	-8.657	-5.784	1.541
1517161008412	-8.581	-5.631	1.12
1517161008426	-8.724	-5.315	1.407
1517161008431	-8.897	-4.817	1.695
1517161008441	-9.012	-4.338	1.781
1517161008451	-9.002	-4.012	1.541
1517161008461	-8.858	-3.763	1.369
1517161008475	-8.6	-3.687	1.139
1517161008481	-8.447	-3.696	1.063
1517161008491	-8.6	-3.677	1.149
1517161008501	-8.878	-3.668	1.197
1517161008514	-8.973	-3.696	1.168
1517161008526	-8.897	-3.658	1.273
1517161008532	-8.763	-3.562	1.331
1517161008541	-8.59	-3.543	1.273
1517161008551	-8.571	-3.505	1.331
1517161008565	-8.657	-3.447	1.35
1517161008571	-8.715	-3.438	1.321
1517161008588	-8.743	-3.294	1.503
1517161008595	-8.648	-3.055	1.647
1517161008601	-8.533	-2.815	1.561
1517161008615	-8.485	-2.681	1.455
1517161008625	-8.561	-2.557	1.494
1517161008636	-8.696	-2.403	1.618
1517161008644	-8.743	-2.346	1.723
1517161008658	-8.734	-2.317	1.628
1517161008661	-8.772	-2.202	1.551
1517161008671	-8.83	-2.03	1.484
1517161008682	-8.791	-1.867	1.417
1517161008691	-8.753	-1.685	1.369
1517161008701	-8.648	-1.484	1.359
1517161008712	-8.514	-1.426	1.235
1517161008721	-8.475	-1.407	1.168
1517161008731	-8.609	-1.426	1.225
1517161008743	-8.734	-1.484	1.245
1517161008751	-8.753	-1.513	1.197
1517161008761	-8.715	-1.474	1.168
1517161008772	-8.667	-1.465	1.168
1517161008781	-8.667	-1.484	1.12
1517161008792	-8.667	-1.618	0.996
1517161008802	-8.667	-1.963	0.699
1517161008826	-8.868	-2.25	0.593
1517161008833	-9.127	-2.413	0.641
1517161008837	-9.241	-2.413	0.747
1517161008845	-9.165	-2.355	0.9
1517161008852	-9.021	-2.241	1.053
1517161008868	-8.734	-2.202	1.513
1517161008881	-8.571	-2.327	1.676
1517161008895	-8.59	-2.624	1.522
1517161008901	-8.648	-3.246	1.522
1517161008911	-8.868	-3.888	1.379
1517161008923	-9.251	-4.223	1.781
1517161008939	-9.366	-4.376	1.934
1517161008943	-9.27	-4.386	2.068
1517161008952	-9.069	-4.233	2.059
1517161008961	-8.935	-4.185	1.752
1517161008971	-8.801	-4.3	2.087
1517161008984	-8.887	-4.204	2.106
1517161008991	-8.839	-4.079	2.011
1517161009001	-8.743	-4.022	2.059
1517161009013	-8.772	-3.725	1.963
1517161009021	-8.772	-3.687	1.685
1517161009033	-8.925	-3.524	1.541
1517161009042	-8.973	-3.361	1.474
1517161009051	-9.107	-3.304	1.369
1517161009061	-9.117	-3.342	1.302
1517161009074	-9.012	-3.457	1.292
1517161009081	-8.925	-3.572	1.312
1517161009091	-8.916	-3.821	1.292
1517161009102	-8.916	-3.763	1.331
1517161009124	-8.878	-3.955	1.388
1517161009125	-8.83	-3.84	1.474
1517161009134	-8.772	-3.869	1.561
1517161009141	-8.734	-3.926	1.628
1517161009151	-8.686	-4.012	1.666
1517161009164	-8.648	-4.166	1.704
1517161009171	-8.638	-4.328	1.762
1517161009181	-8.648	-4.51	1.79
1517161009192	-8.667	-4.683	1.8
1517161009213	-8.686	-4.817	1.81
1517161009214	-8.696	-4.941	1.819
1517161009224	-8.724	-5.056	1.857
1517161009231	-8.743	-5.152	1.905
1517161009241	-8.743	-5.296	2.02
1517161009252	-8.715	-5.43	2.097
1517161009261	-8.696	-5.564	2.068
1517161009271	-8.676	-5.65	2.087
1517161009282	-8.676	-5.727	2.145
1517161009291	-8.629	-5.775	2.183
1517161009301	-8.533	-5.794	2.212
1517161009315	-8.418	-5.794	2.212
1517161009322	-8.312	-5.803	2.212
1517161009331	-8.255	-5.775	2.269
1517161009343	-8.207	-5.803	2.346
1517161009351	-8.13	-5.803	2.365
1517161009361	-8.054	-5.813	2.375
1517161009374	-7.987	-5.775	2.327
1517161009381	-7.949	-5.755	2.279
1517161009391	-7.929	-5.746	2.193
1517161009431	-7.91	-5.746	2.183
1517161009432	-7.939	-5.813	2.106
1517161009433	-7.987	-5.899	2.059
1517161009433	-8.006	-6.033	1.953
1517161009441	-8.063	-6.148	1.838
1517161009451	-8.083	-6.292	1.781
1517161009463	-8.044	-6.378	1.714
1517161009471	-7.929	-6.407	1.704
1517161009481	-7.728	-6.416	1.752
1517161009493	-7.546	-6.368	1.982
1517161009501	-7.364	-6.349	1.982
1517161009511	-7.221	-6.387	2.154
1517161009525	-7.115	-6.407	2.432
1517161009531	-7.039	-6.454	2.432
1517161009542	-6.972	-6.474	2.547
1517161009577	-6.78	-6.474	2.815
1517161009593	-6.78	-6.493	2.815
1517161009600	-6.646	-6.56	2.882
1517161009606	-6.579	-6.694	3.007
1517161009614	-6.617	-6.876	3.131
1517161009617	-6.656	-7.01	3.15
1517161009621	-6.713	-7.115	3.064
1517161009624	-6.79	-7.202	2.959
1517161009634	-6.953	-7.278	2.93
1517161009649	-7.259	-7.249	2.949
1517161009651	-7.259	-7.173	2.949
1517161009661	-7.211	-7.029	2.796
1517161009674	-7.058	-6.895	2.873
1517161009681	-6.895	-6.809	2.873
1517161009707	-6.78	-6.704	2.748
1517161009707	-6.761	-6.646	2.7
1517161009712	-6.857	-6.569	2.681
1517161009721	-6.972	-6.474	2.614
1517161009733	-7.02	-6.368	2.518
1517161009745	-6.866	-6.311	2.451
1517161009751	-6.933	-6.244	2.423
1517161009763	-6.857	-6.253	2.413
1517161009771	-6.857	-6.253	2.432
1517161009781	-7.039	-6.311	2.365
1517161009791	-7.125	-6.426	2.327
1517161009801	-7.144	-6.541	2.355
1517161009811	-7.115	-6.732	2.365
1517161009824	-7.039	-6.617	2.403
1517161009831	-7.01	-6.608	2.451
1517161009841	-6.933	-6.636	2.47
1517161009853	-6.914	-6.694	2.49
1517161009861	-6.933	-6.665	2.48
1517161009873	-6.972	-6.665	2.49
1517161009884	-7.02	-6.617	2.499
1517161009891	-7.058	-6.55	2.432
1517161009901	-7.106	-6.502	2.384
1517161009915	-7.144	-6.454	2.403
1517161009921	-7.173	-6.435	2.413
1517161009931	-7.182	-6.502	2.47
1517161009946	-7.154	-6.569	2.48
1517161009951	-7.163	-6.656	2.47
1517161009961	-7.259	-6.751	2.384
1517161009974	-7.364	-6.694	2.308
1517161009981	-7.383	-6.627	2.212
1517161009991	-7.307	-6.569	2.078
1517161010005	-7.202	-6.569	2.001
1517161010011	-7.115	-6.608	2.001
1517161010022	-7.067	-6.713	2.087
1517161010035	-7.048	-6.847	2.135
1517161010041	-7.106	-6.991	2.202
1517161010051	-7.163	-7.077	2.279
1517161010064	-7.192	-7.087	2.355
1517161010071	-7.154	-7.048	2.375
1517161010081	-7.115	-6.943	2.384
1517161010094	-7.125	-6.866	2.394
1517161010101	-7.202	-6.828	2.394
1517161010111	-7.326	-6.79	2.355
1517161010124	-7.451	-6.79	2.394
1517161010131	-7.537	-6.771	2.355
1517161010141	-7.594	-6.751	2.327
1517161010155	-7.642	-6.704	2.308
1517161010161	-7.709	-6.646	2.298
1517161010171	-7.786	-6.569	2.26
1517161010184	-7.834	-6.541	2.25
1517161010191	-7.862	-6.541	2.26
1517161010201	-7.91	-6.589	2.269
1517161010214	-7.939	-6.684	2.279
1517161010221	-7.987	-6.742	2.336
1517161010231	-8.035	-6.751	2.413
1517161010244	-8.006	-6.713	2.518
1517161010251	-7.996	-6.627	2.624
1517161010261	-7.929	-6.656	2.997
1517161010276	-7.594	-6.732	3.15
1517161010296	-7.374	-6.876	2.911
1517161010306	-7.556	-7.096	2.365
1517161010317	-8.178	-7.316	2.375
1517161010318	-8.638	-7.403	2.442
1517161010327	-8.734	-7.173	2.451
1517161010338	-8.667	-6.771	2.729
1517161010341	-8.514	-6.589	2.643
1517161010351	-8.245	-6.292	2.327
1517161010364	-8.226	-5.87	2.384
1517161010383	-8.226	-5.564	1.771
1517161010384	-8.312	-5.334	1.589
1517161010393	-8.494	-5.047	1.704
1517161010401	-8.638	-4.616	1.819
1517161010411	-8.609	-4.319	1.283
1517161010425	-8.552	-4.127	0.986
1517161010433	-8.552	-4.012	0.909
1517161010441	-8.734	-3.83	0.871
1517161010454	-9.088	-3.62	0.804
1517161010461	-9.241	-3.533	0.785
1517161010471	-9.002	-3.409	0.804
1517161010485	-8.724	-3.141	0.861
1517161010491	-8.571	-2.882	1.015
1517161010501	-8.466	-2.614	1.158
1517161010516	-8.38	-2.394	1.158
1517161010521	-8.437	-2.346	1.273
1517161010532	-8.581	-2.566	1.513
1517161010544	-8.667	-2.652	1.723
1517161010551	-8.571	-2.988	1.762
1517161010579	-8.523	-2.911	1.714
1517161010579	-8.629	-3.131	1.608
1517161010584	-8.743	-3.064	1.637
1517161010591	-8.791	-2.978	1.599
1517161010606	-8.782	-2.834	1.589
1517161010611	-8.734	-2.681	1.647
1517161010622	-8.724	-2.557	1.532
1517161010635	-8.782	-2.365	1.474
1517161010641	-8.839	-2.154	1.302
1517161010651	-8.839	-2.02	1.082
1517161010667	-8.858	-1.877	1.015
1517161010671	-8.916	-1.723	0.957
1517161010681	-8.935	-1.647	0.833
1517161010695	-8.878	-1.628	0.632
1517161010701	-8.954	-1.618	0.622
1517161010713	-8.973	-1.589	0.67
1517161010726	-8.973	-1.58	0.708
1517161010731	-8.964	-1.608	0.785
1517161010741	-8.983	-1.685	1.005
1517161010756	-8.954	-1.857	1.139
1517161010761	-8.916	-2.097	1.177
1517161010771	-8.925	-2.288	1.283
1517161010785	-8.954	-2.423	1.417
1517161010791	-8.945	-2.537	1.436
1517161010802	-8.964	-2.652	1.599
1517161010816	-8.983	-2.834	1.685
1517161010821	-8.897	-3.179	1.532
1517161010831	-8.925	-3.38	1.666
1517161010846	-9.05	-3.466	1.944
1517161010851	-9.021	-3.553	2.078
1517161010861	-8.983	-3.629	2.183
1517161010877	-8.973	-3.61	2.384
1517161010881	-8.935	-3.553	2.604
1517161010891	-8.878	-3.486	2.71
1517161010907	-8.81	-3.486	2.777
1517161010911	-8.648	-3.715	2.432
1517161010922	-8.676	-3.897	2.241
1517161010935	-8.964	-3.907	2.336
1517161010941	-9.127	-3.936	2.212
1517161010951	-9.127	-3.897	2.279
1517161010965	-9.012	-3.859	2.174
1517161010971	-8.925	-3.773	2.308
1517161010981	-8.868	-3.648	2.26
1517161010996	-8.839	-3.466	2.154
1517161011001	-8.849	-3.304	2.154
1517161011031	-8.839	-3.189	2.106
1517161011046	-8.849	-3.102	2.02
1517161011050	-8.83	-3.035	2.02
1517161011053	-8.791	-3.007	2.03
1517161011056	-8.724	-3.007	2.001
1517161011061	-8.667	-3.045	1.925
1517161011074	-8.638	-3.074	1.886
1517161011089	-8.629	-3.131	1.877
1517161011093	-8.648	-3.17	1.819
1517161011104	-8.676	-3.237	1.723
1517161011111	-8.657	-3.313	1.57
1517161011123	-8.638	-3.38	1.676
1517161011131	-8.571	-3.447	1.714
1517161011148	-8.533	-3.514	1.781
1517161011151	-8.466	-3.572	1.81
1517161011163	-8.427	-3.658	1.972
1517161011176	-8.408	-3.792	2.059
1517161011181	-8.408	-3.964	2.078
1517161011191	-8.619	-4.108	2.097
1517161011205	-8.561	-4.213	2.241
1517161011211	-8.609	-4.328	2.365
1517161011221	-8.437	-4.415	2.547
1517161011235	-8.303	-4.549	2.825
1517161011266	-8.092	-4.759	3.064
1517161011267	-7.91	-5.334	3.275
1517161011268	-7.776	-5.43	3.447
1517161011273	-7.671	-5.602	3.601
1517161011281	-7.546	-5.669	3.763
1517161011296	-7.393	-5.784	3.926
1517161011301	-7.259	-5.87	3.955
1517161011311	-7.192	-5.985	3.984
1517161011325	-7.182	-6.158	3.964
1517161011331	-7.23	-6.301	3.888
1517161011341	-7.326	-6.416	3.811
1517161011357	-7.422	-6.493	3.744
1517161011370	-7.537	-6.55	3.773
1517161011371	-7.575	-6.627	4.022
1517161011383	-7.46	-6.732	4.338
1517161011391	-7.182	-6.799	4.577
1517161011401	-6.885	-6.761	4.711
1517161011457	-6.704	-6.646	4.692
1517161011458	-6.761	-6.579	4.568
1517161011458	-6.972	-6.512	4.261
1517161011459	-7.288	-6.55	3.811
1517161011460	-7.546	-6.723	3.304
1517161011464	-7.7	-6.905	2.844
1517161011477	-7.795	-7.058	2.423
1517161011481	-7.872	-7.173	2.269
1517161011492	-7.776	-7.259	2.336
1517161011506	-7.537	-7.182	2.557
1517161011540	-7.316	-7.077	2.892
1517161011541	-7.0	-7.0	3.198
1517161011542	-6.55	-7.058	3.533
1517161011542	-6.234	-7.173	3.84
1517161011551	-6.091	-7.336	4.204
1517161011566	-6.11	-7.489	4.367
1517161011571	-6.33	-7.556	4.462
1517161011581	-6.617	-7.546	4.558
1517161011597	-6.78	-7.489	4.462
1517161011601	-6.771	-7.47	4.338
1517161011611	-6.732	-7.393	4.29
1517161011630	-6.656	-7.336	4.271
1517161011631	-6.589	-7.316	4.252
1517161011643	-6.531	-7.364	4.194
1517161011657	-6.464	-7.355	4.127
1517161011661	-6.301	-7.259	4.06
1517161011676	-6.148	-7.125	4.099
1517161011681	-5.985	-7.0	4.233
1517161011691	-5.765	-6.905	4.3
1517161011702	-5.688	-6.818	4.328
1517161011712	-5.717	-6.742	4.395
1517161011725	-5.822	-6.589	4.367
1517161011732	-5.966	-6.359	4.233
1517161011769	-6.177	-6.215	4.252
1517161011775	-6.34	-6.052	4.233
1517161011776	-6.445	-5.918	4.28
1517161011779	-6.445	-5.775	4.424
1517161011787	-6.349	-5.65	4.568
1517161011796	-6.177	-5.487	4.616
1517161011803	-6.024	-5.286	4.587
1517161011812	-5.947	-5.142	4.367
1517161011823	-6.004	-5.028	4.338
1517161011831	-6.205	-4.893	4.338
1517161011845	-6.435	-4.759	4.405
1517161011854	-6.502	-4.683	4.453
1517161011864	-6.493	-4.635	4.51
1517161011875	-6.464	-4.568	4.501
1517161011890	-6.617	-4.539	4.568
1517161011900	-6.617	-4.491	4.683
1517161011908	-6.713	-4.491	4.731
1517161011915	-6.646	-4.472	4.711
1517161011921	-6.646	-4.395	4.778
1517161011931	-6.646	-4.405	4.96
1517161011943	-6.742	-4.587	5.056
1517161011951	-6.914	-4.75	5.152
1517161011961	-6.981	-4.817	5.2
1517161011973	-6.828	-4.616	5.152
1517161011982	-6.502	-4.664	5.114
1517161011991	-6.244	-4.826	5.229
1517161012003	-6.225	-4.874	5.411
1517161012011	-6.359	-4.874	5.526
1517161012021	-6.474	-4.74	5.526
1517161012031	-6.483	-4.616	5.449
1517161012040	-6.407	-4.491	5.411
1517161012051	-6.301	-4.453	5.401
1517161012061	-6.215	-4.51	5.43
1517161012070	-6.167	-4.635	5.401
1517161012081	-6.148	-4.731	5.449
1517161012091	-6.138	-4.807	5.506
1517161012100	-6.1	-4.865	5.458
1517161012111	-6.062	-4.951	5.42
1517161012121	-6.119	-5.114	5.43
1517161012131	-6.273	-5.238	5.439
1517161012141	-6.407	-5.382	5.391
1517161012154	-6.464	-5.535	5.344
1517161012161	-6.541	-5.698	5.468
1517161012171	-6.675	-5.755	5.698
1517161012183	-6.866	-5.66	6.052
1517161012191	-6.981	-5.468	6.263
1517161012201	-6.895	-5.229	6.11
1517161012213	-6.799	-5.133	5.947
1517161012221	-6.723	-5.085	5.909
1517161012231	-6.732	-5.008	5.918
1517161012243	-6.636	-4.989	5.765
1517161012251	-6.464	-5.095	5.458
1517161012261	-6.301	-5.305	5.171
1517161012273	-6.196	-5.449	4.874
1517161012281	-6.1	-5.334	4.597
1517161012291	-6.004	-4.951	4.271
1517161012304	-5.755	-4.721	3.83
1517161012311	-5.554	-4.865	3.438
1517161012321	-5.707	-5.123	3.371
1517161012334	-6.234	-5.305	3.62
1517161012341	-6.857	-5.248	3.974
1517161012351	-7.336	-5.008	4.309
1517161012363	-7.508	-4.778	4.683
1517161012371	-7.345	-4.702	4.836
1517161012381	-7.096	-4.836	4.999
1517161012411	-7.029	-5.066	5.344
1517161012412	-7.067	-5.305	5.344
1517161012414	-7.249	-5.612	5.583
1517161012424	-7.508	-5.832	5.746
1517161012431	-7.642	-5.861	5.344
1517161012441	-7.977	-5.736	5.324
1517161012455	-8.312	-5.487	5.277
1517161012461	-8.217	-5.315	5.277
1517161012496	-7.872	-5.181	4.721
1517161012497	-7.546	-5.133	4.204
1517161012504	-7.431	-5.133	4.127
1517161012510	-7.249	-5.248	4.07
1517161012513	-6.962	-5.286	4.031
1517161012532	-6.847	-5.171	4.194
1517161012533	-6.809	-4.731	4.204
1517161012546	-6.895	-4.137	2.624
1517161012551	-7.221	-3.543	1.857
1517161012561	-7.632	-3.112	1.532
1517161012573	-7.843	-2.911	1.436
1517161012581	-7.996	-2.93	1.771
1517161012591	-8.255	-3.055	2.116
1517161012602	-8.542	-3.102	2.461
1517161012611	-8.686	-3.064	2.691
1517161012621	-8.581	-3.074	2.853
1517161012631	-8.456	-3.122	3.035
1517161012641	-8.265	-3.275	3.294
1517161012651	-8.427	-3.466	3.361
1517161012661	-8.36	-3.696	3.256
1517161012670	-8.351	-3.945	3.294
1517161012681	-8.485	-4.137	3.342
1517161012694	-8.657	-4.395	3.275
1517161012701	-8.791	-4.319	3.083
1517161012711	-8.839	-4.309	3.007
1517161012724	-8.801	-4.166	2.911
1517161012731	-8.638	-4.146	2.748
1517161012742	-8.494	-4.022	2.48
1517161012754	-8.38	-3.936	2.346
1517161012761	-8.418	-3.878	2.537
1517161012771	-8.533	-3.869	2.71
1517161012785	-8.686	-3.859	2.7
1517161012791	-8.753	-3.85	2.585
1517161012801	-8.59	-3.955	2.25
1517161012814	-8.36	-4.175	2.02
1517161012821	-8.14	-4.424	1.982
1517161012831	-8.054	-4.673	2.011
1517161012844	-8.111	-4.932	2.126
1517161012851	-8.255	-5.114	2.03
1517161012861	-8.437	-5.209	2.116
1517161012874	-8.485	-5.219	2.174
1517161012881	-8.418	-5.19	2.116
1517161012891	-8.37	-5.018	2.269
1517161012904	-8.322	-4.731	2.557
1517161012911	-8.217	-4.462	2.643
1517161012921	-8.13	-4.223	2.652
1517161012934	-8.016	-4.146	2.71
1517161012941	-7.958	-4.29	2.806
1517161012951	-8.073	-4.558	3.16
1517161012964	-8.207	-4.874	3.495
1517161012971	-8.274	-5.047	3.687
1517161012981	-8.312	-5.133	3.878
1517161012994	-8.274	-5.114	3.945
1517161013001	-8.226	-5.075	3.955
1517161013011	-8.083	-4.951	3.945
1517161013024	-7.834	-4.846	3.859
1517161013031	-7.661	-4.865	3.648
1517161013041	-7.383	-4.51	2.183
1517161013055	-7.728	-4.769	2.394
1517161013061	-8.025	-5.162	1.81
1517161013071	-8.389	-5.028	1.963
1517161013090	-8.303	-4.539	2.47
1517161013092	-7.881	-4.376	3.055
1517161013104	-7.757	-4.395	3.61
1517161013117	-8.255	-4.491	4.146
1517161013131	-8.341	-4.635	4.146
1517161013133	-8.581	-4.731	4.079
1517161013145	-8.571	-4.798	4.213
1517161013161	-8.571	-4.798	4.549
1517161013162	-8.676	-4.664	4.549
1517161013175	-8.791	-4.491	4.577
1517161013181	-8.887	-4.271	3.878
