timestamp	x	y	z
1510329926226	9.481039	2.432509	-0.91937345
1510329926229	9.490616	2.4612393	-0.92895025
1510329926230	9.500193	2.4708161	-0.93852705
1510329926243	9.509769	2.4420857	-0.92895025
1510329926254	9.500193	2.4037786	-0.91937345
1510329926260	9.519346	2.3750482	-0.90979666
1510329926269	9.528923	2.3463178	-0.90021986
1510329926277	9.509769	2.3558946	-0.89064306
1510329926292	9.519346	2.3750482	-0.91937345
1510329926297	9.500193	2.4229321	-0.92895025
1510329926308	9.490616	2.4612393	-0.93852705
1510329926317	9.500193	2.4899697	-0.94810385
1510329926327	9.509769	2.480393	-0.93852705
1510329926338	9.519346	2.4420857	-0.92895025
1510329926347	9.528923	2.3942018	-0.93852705
1510329926357	9.519346	2.3558946	-0.92895025
1510329926367	9.509769	2.3654714	-0.91937345
1510329926378	9.519346	2.3942018	-0.92895025
1510329926387	9.509769	2.4708161	-0.91937345
1510329926397	9.500193	2.5378537	-0.93852705
1510329926408	9.509769	2.566584	-0.9576807
1510329926417	9.519346	2.5570073	-0.94810385
1510329926428	9.500193	2.5378537	-0.93852705
1510329926437	9.490616	2.5187001	-0.9576807
1510329926447	9.500193	2.4899697	-0.94810385
1510329926459	9.509769	2.4708161	-0.9576807
1510329926467	9.519346	2.4516625	-0.94810385
1510329926479	9.528923	2.4420857	-0.93852705
1510329926488	9.519346	2.4516625	-0.92895025
1510329926498	9.528923	2.4420857	-0.93852705
1510329926509	9.509769	2.4516625	-0.94810385
1510329926520	9.481039	2.4708161	-0.93852705
1510329926529	9.490616	2.4899697	-0.92895025
1510329926539	9.500193	2.5091233	-0.91937345
1510329926549	9.509769	2.5187001	-0.90979666
1510329926559	9.490616	2.4708161	-0.90021986
1510329926572	9.481039	2.432509	-0.89064306
1510329926580	9.490616	2.4133554	-0.8810662
1510329926589	9.500193	2.4420857	-0.8619126
1510329926599	9.490616	2.4708161	-0.8523358
1510329926610	9.500193	2.480393	-0.8619126
1510329926622	9.490616	2.4516625	-0.8714894
1510329926630	9.500193	2.432509	-0.8619126
1510329926640	9.509769	2.3942018	-0.842759
1510329926650	9.519346	2.3558946	-0.80445176
1510329926660	9.509769	2.336741	-0.78529817
1510329926672	9.519346	2.3463178	-0.7757214
1510329926680	9.490616	2.3654714	-0.79487497
1510329926690	9.500193	2.4229321	-0.80445176
1510329926700	9.490616	2.4899697	-0.82360536
1510329926710	9.481039	2.5570073	-0.8523358
1510329926722	9.471462	2.6240451	-0.8714894
1510329926731	9.481039	2.6623523	-0.8810662
1510329926741	9.471462	2.6431987	-0.89064306
1510329926750	9.452309	2.5378537	-0.93852705
1510329926760	9.385271	2.3080103	-1.0342951
1510329926770	9.394848	1.9440918	-1.1204864
1510329926780	9.490616	1.6280571	-1.1779473
1510329926790	9.595961	1.5131354	-1.1683705
1510329926805	9.672575	1.5227122	-1.1587936
1510329926812	9.739613	1.5801731	-1.13964
1510329926821	9.749189	1.6663644	-1.1109096
1510329926831	9.672575	1.8387469	-1.0821792
1510329926840	9.595961	2.1164744	-1.0247183
1510329926855	9.557653	2.4708161	-1.0055647
1510329926862	9.56723	2.815581	-0.9864111
1510329926871	9.528923	3.1028855	-0.9576807
1510329926881	9.461885	3.2561142	-0.92895025
1510329926891	9.471462	3.2273839	-0.8810662
1510329926904	9.509769	3.0454245	-0.91937345
1510329926911	9.528923	2.767697	-1.043872
1510329926921	9.519346	2.4708161	-1.1971009
1510329926931	9.500193	2.1739352	-1.4269443
1510329926941	9.528923	1.8770541	-1.6950948
1510329926954	9.634268	1.5705963	-1.9440918
1510329926961	9.816227	1.3024458	-2.2026656
1510329926971	10.247183	1.3599066	-2.5091233
1510329926981	10.936713	1.7812861	-2.8921957
1510329926991	11.252748	2.3080103	-3.3518825
1510329927004	10.745177	2.719813	-3.6296098
1510329927012	9.892841	2.9017725	-3.4093432
1510329927021	9.56723	2.825158	-2.72939
1510329927031	10.007763	2.5378537	-1.8195933
1510329927041	10.6877165	2.2026656	-0.79487497
1510329927054	11.18571	2.0015526	0.10534488
1510329927062	11.520899	1.9440918	0.6607997
1510329927072	11.856087	2.0685902	0.6703765
1510329927081	12.191275	2.5474305	0.25857377
1510329927092	12.287044	3.9552212	-0.18195933
1510329927102	12.076353	4.4340615	0.0
1510329927111	11.81778	4.2521024	0.41180268
1510329927122	11.530476	3.916914	0.93852705
1510329927131	11.329363	3.6104562	1.4269443
1510329927142	11.042058	3.3997664	1.7621324
1510329927151	10.6398325	3.4284968	1.934515
1510329927161	10.170568	3.8115692	1.9632454
1510329927173	9.691729	4.3766007	1.7908629
1510329927182	9.174581	4.903325	1.3311762
1510329927192	8.724471	5.401319	0.80445176
1510329927202	8.360553	5.6407394	0.31603462
1510329927212	7.9487495	5.3821654	-0.21068975
1510329927223	7.5944076	4.9224787	-0.6799533
1510329927235	7.297527	4.367024	-0.9768343
1510329927242	7.038953	3.8307228	-1.0247183
1510329927252	6.8282633	3.4859576	-0.9576807
1510329927262	6.6846113	3.323152	-0.8619126
1510329927273	6.531382	3.3518825	-0.62249243
1510329927286	6.291962	3.6104562	-0.12449849
1510329927294	6.0525417	3.964798	0.4309563
1510329927303	5.9567738	4.146757	0.9672575
1510329927313	6.1004257	4.1180267	1.4077905
1510329927323	6.4068837	3.9743748	1.7046716
1510329927336	6.751649	3.763685	2.0207062
1510329927343	7.086837	3.4859576	2.2122424
1510329927354	7.383718	3.1794999	2.2026656
1510329927363	7.603985	2.882619	2.1643584
1510329927374	7.7093296	2.7102363	2.078167
1510329927385	7.747637	2.6910827	1.8387469
1510329927394	7.8050976	2.815581	1.4939818
1510329927403	7.9966335	2.96881	1.1013328
1510329927414	8.341399	3.0358477	0.50757074
1510329927423	8.686164	3.0071173	-0.32561144
1510329927435	8.925584	3.0358477	-1.1300632
1510329927444	9.088389	3.2465374	-1.5131354
1510329927454	9.279925	3.4572272	-1.4173675
1510329927464	9.519346	3.3614593	-1.1683705
1510329927474	9.701305	3.1124623	-0.90021986
1510329927485	9.758766	3.122039	-0.39264908
1510329927494	9.768343	3.1794999	0.12449849
1510329927504	9.758766	2.9592333	0.49799395
1510329927514	9.691729	2.528277	0.8619126
1510329927524	9.576807	2.1068976	1.2162545
1510329927535	9.404425	1.7238252	1.4748282
1510329927544	9.184157	1.484405	1.4460979
1510329927554	8.925584	1.4939818	1.091756
1510329927568	8.7053175	1.7908629	0.60333884
1510329927576	8.561666	3.0358477	-0.06703765
1510329927584	8.437167	3.0454245	-0.05746084
1510329927594	8.111555	3.5529952	0.02873042
1510329927605	7.7093296	3.5625722	0.49799395
1510329927617	7.5561004	3.5529952	0.50757074
1510329927624	7.575254	2.5953147	-0.10534488
1510329927634	7.5848308	2.432509	-0.009576807
1510329927644	7.4986396	2.4420857	0.22026655
1510329927656	7.920019	2.5761611	0.4213795
1510329927666	8.0445175	2.7485435	0.6607997
1510329927674	8.025364	2.9017725	1.0247183
1510329927684	8.034941	2.8921957	1.3311762
1510329927695	8.264784	2.4612393	1.1875241
1510329927704	8.647857	1.8674773	0.6607997
1510329927717	9.059659	1.7142484	0.009576807
1510329927725	9.442732	1.982399	-0.78529817
1510329927735	9.749189	2.27928	-1.7621324
1510329927744	9.835381	2.4133554	-2.4516625
1510329927755	9.662998	2.3080103	-2.6623523
1510329927768	9.423578	2.0685902	-2.5953147
1510329927775	9.375694	1.9153614	-2.231396
1510329927785	9.548077	2.135628	-1.6950948
1510329927795	9.797073	2.815581	-1.2066777
1510329927805	9.931149	3.6296098	-0.80445176
1510329927818	9.80665	4.185065	-0.7565677
1510329927826	9.5385	4.3861775	-1.292869
1510329927835	9.260772	4.2999864	-1.5514427
1510329927845	9.289502	3.9456444	-1.283292
1510329927855	9.988609	3.466804	-1.1109096
1510329927867	11.501745	3.3039982	-0.7661445
1510329927875	14.039598	3.466804	-0.076614454
1510329927885	16.950949	3.3423057	0.8810662
1510329927895	17.822437	2.6240451	1.8866309
1510329927906	15.437813	1.7525556	2.4133554
1510329927918	11.760319	1.5035586	2.336741
1510329927926	9.050082	2.1643584	1.7046716
1510329927936	7.920019	3.323152	0.50757074
1510329927945	7.843405	4.405331	-1.0151415
1510329927956	8.00621	5.257667	-2.3463178
1510329927967	8.015787	5.9280434	-3.0550013
1510329927976	7.9870567	6.215348	-3.1890767
1510329927985	8.1402855	5.985504	-2.9113493
1510329928000	8.513782	5.2480903	-2.3080103
1510329928007	8.963891	4.0892963	-1.5801731
1510329928017	9.346964	2.7581203	-0.82360536
1510329928026	9.605537	1.532289	-0.08619126
1510329928036	9.701305	0.62249243	0.45968673
1510329928051	9.672575	0.038307227	0.6799533
1510329928057	9.643845	-0.18195933	0.5746084
1510329928067	9.682152	-0.009576807	0.16280572
1510329928076	9.758766	0.5746084	-0.4405331
1510329928087	9.80665	1.4556746	-1.1587936
1510329928098	9.825804	2.4133554	-1.8387469
1510329928106	9.835381	3.2369606	-2.336741
1510329928117	9.797073	3.7828386	-2.566584
1510329928134	9.672575	4.0222588	-2.528277
1510329928136	9.481039	3.9935284	-2.2218192
1510329928148	9.337387	3.7732618	-1.7429788
1510329928156	9.260772	3.4284968	-1.2066777
1510329928166	9.222465	3.074155	-0.7182605
1510329928176	9.241618	2.7964275	-0.35434186
1510329928188	9.279925	2.6048915	-0.15322891
1510329928198	9.3182335	2.5091233	-0.11492168
1510329928206	9.385271	2.5187001	-0.2777274
1510329928216	9.452309	2.5570073	-0.4213795
1510329928227	9.490616	2.6240451	-0.58418524
1510329928236	9.500193	2.633622	-0.7469909
1510329928247	9.414001	2.6623523	-0.8619126
1510329928256	9.385271	2.72939	-0.9576807
1510329928268	9.394848	2.767697	-1.043872
1510329928276	9.414001	2.7868507	-1.1300632
1510329928287	9.423578	2.825158	-1.1875241
1510329928297	9.414001	2.8634653	-1.2258313
1510329928306	9.404425	2.9113493	-1.2066777
1510329928317	9.385271	2.9975405	-1.1109096
1510329928326	9.375694	3.1316159	-0.9864111
1510329928337	9.385271	3.2752678	-0.82360536
1510329928349	9.394848	3.3997664	-0.63206923
1510329928357	9.375694	3.4955344	-0.49799395
1510329928367	9.385271	3.5051112	-0.45010993
1510329928377	9.3661175	3.4572272	-0.4405331
1510329928387	9.346964	3.3997664	-0.45010993
1510329928399	9.356541	3.3423057	-0.45968673
1510329928407	9.375694	3.2752678	-0.50757074
1510329928417	9.385271	3.1986535	-0.58418524
1510329928427	9.394848	3.1028855	-0.7086837
1510329928437	9.404425	3.0071173	-0.8619126
1510329928448	9.414001	2.8538885	-1.0247183
1510329928457	9.394848	2.681506	-1.1779473
1510329928467	9.404425	2.5187001	-1.292869
1510329928481	9.414001	2.432509	-1.3599066
1510329928489	9.423578	2.4420857	-1.3503298
1510329928499	9.452309	2.5378537	-1.2737153
1510329928507	9.471462	2.6719291	-1.1875241
1510329928518	9.452309	2.825158	-1.0821792
1510329928529	9.423578	2.9496565	-0.9959879
1510329928537	9.404425	3.0358477	-0.91937345
1510329928548	9.385271	3.074155	-0.8810662
1510329928557	9.375694	3.064578	-0.8523358
1510329928568	9.3661175	3.083732	-0.78529817
1510329928581	9.346964	3.122039	-0.7565677
1510329928588	9.337387	3.1124623	-0.80445176
1510329928598	9.308656	3.074155	-0.89064306
1510329928608	9.279925	3.0358477	-0.9768343
1510329928618	9.270349	3.0550013	-1.1109096
1510329928631	9.32781	3.0454245	-1.3120226
1510329928638	9.433155	2.9496565	-1.5610195
1510329928648	9.653421	2.8060043	-1.9632454
1510329928658	10.036493	2.719813	-2.5474305
1510329928668	10.46745	2.6910827	-3.1986535
1510329928681	10.764331	2.633622	-3.715801
1510329928689	10.907983	2.681506	-3.916914
1510329928698	10.984597	2.930503	-3.6104562
1510329928714	10.927136	3.0454245	-1.532289
1510329928721	11.128249	2.6048915	-0.4405331
1510329928729	11.137826	2.6144683	-0.4309563
1510329928738	11.63582	1.9440918	0.37349546
1510329928748	12.105083	1.4460979	0.80445176
1510329928758	12.411542	1.4173675	0.81402856
1510329928769	12.421119	2.3463178	-0.45010993
1510329928779	12.220005	3.5913026	-1.1492168
1510329928788	12.0571995	3.5625722	-1.7142484
1510329928799	11.894394	3.6008794	-2.030283
1510329928808	11.683704	3.41892	-2.0685902
1510329928819	11.693281	3.0454245	-1.8770541
1510329928829	11.453861	2.6431987	-1.5801731
1510329928838	11.070788	2.3558946	-1.2737153
1510329928850	10.70687	2.1643584	-0.93852705
1510329928858	10.390836	2.0685902	-0.61291564
1510329928869	9.969456	2.1452048	-0.15322891
1510329928878	9.260772	2.5187001	0.46926352
1510329928888	8.303091	3.1411927	1.0534488
1510329928899	7.2113357	3.6870706	1.388637
1510329928909	6.253655	4.1946416	1.541866
1510329928919	5.659893	4.9416323	1.7812861
1510329928930	5.2385135	5.583278	1.934515
1510329928939	4.865018	5.9759274	1.9249382
1510329928950	4.5681367	6.253655	1.9057846
1510329928961	4.462792	6.2632318	1.8100165
1510329928969	4.596867	6.0046577	1.5610195
1510329928979	4.855441	5.583278	1.2641385
1510329928989	5.1523223	5.085284	1.0342951
1510329928999	5.48751	4.6830587	0.9576807
1510329929013	5.841852	4.6255975	1.2545617
1510329929020	6.1387334	4.817134	1.8195933
1510329929029	6.4643445	4.6926355	2.0494366
1510329929039	6.83784	4.050989	1.8291701
1510329929049	7.240066	3.2561142	1.4460979
1510329929063	7.7667904	2.4229321	1.1013328
1510329929070	8.465898	1.541866	0.89064306
1510329929079	9.232041	0.7374141	0.842759
1510329929089	9.921572	0.19153613	0.9576807
1510329929100	10.342952	0.02873042	1.1300632
1510329929111	10.457873	0.0	1.2449849
1510329929119	10.534488	-0.095768064	1.1971009
1510329929130	10.716447	-0.15322891	1.1109096
1510329929139	10.821792	-0.019153614	0.90979666
1510329929150	10.745177	0.48841715	0.45968673
1510329929161	10.6398325	1.4460979	-0.06703765
1510329929170	10.630256	2.6910827	-0.5650316
1510329929180	10.658986	3.9743748	-1.1013328
1510329929190	10.553641	5.0757074	-1.5227122
1510329929200	10.237606	5.9184666	-1.5035586
1510329929213	9.864111	6.435614	-1.091756
1510329929221	9.5385	6.4739213	-0.5267244
1510329929230	9.241618	6.0716953	0.047884032
1510329929240	8.963891	5.449203	0.5746084
1510329929250	8.714894	4.7500963	1.0821792
1510329929262	8.465898	4.050989	1.5705963
1510329929271	8.2169	3.371036	1.8100165
1510329929280	7.97748	2.9113493	1.7046716
1510329929290	7.776367	2.825158	1.3790601
1510329929301	7.565677	2.9879637	0.36391866
1510329929313	7.374141	3.3423057	0.5650316
1510329929321	7.2304893	4.175488	0.038307227
1510329929332	7.1251445	4.280833	0.11492168
1510329929345	7.038953	3.8594532	0.4309563
1510329929352	7.1347213	2.920926	0.62249243
1510329929361	7.240066	1.9536686	0.61291564
1510329929371	7.3071036	1.541866	0.62249243
1510329929382	7.3549876	1.8291701	0.49799395
1510329929394	7.374141	2.480393	0.32561144
1510329929401	7.431602	2.9879637	0.33518824
1510329929411	7.6231384	2.8634653	0.46926352
1510329929421	7.967903	1.8866309	0.4405331
1510329929432	8.389283	0.63206923	0.32561144
1510329929443	8.7053175	-0.17238252	0.5267244
1510329929451	8.925584	-0.24899697	0.7757214
1510329929461	9.356541	0.63206923	0.6703765
1510329929471	10.007763	2.3080103	0.35434186
1510329929482	10.390836	4.0414124	-0.17238252
1510329929493	10.218452	5.1810527	-0.93852705
1510329929501	9.749189	5.48751	-1.7142484
1510329929511	9.375694	5.142745	-2.3080103
1510329929521	9.3661175	4.31914	-2.4995465
1510329929532	9.643845	3.3806129	-2.1452048
1510329929544	10.036493	3.0262709	-1.4269443
1510329929551	10.802638	3.5338416	-0.7469909
1510329929561	12.373235	4.357447	-0.41180268
1510329929572	14.949395	4.7979803	-0.29688102
1510329929581	17.764977	4.0892963	-0.12449849
1510329929593	18.521544	1.4077905	-0.19153613
1510329929601	16.089035	-2.6240451	-0.89064306
1510329929611	12.449849	-5.861006	-1.733402
1510329929621	9.950302	-6.540959	-2.1739352
1510329929632	9.030929	-4.663905	-2.3942018
1510329929643	8.963891	-1.5227122	-2.825158
1510329929651	8.973468	1.6567876	-3.466804
1510329929662	8.734048	4.462792	-3.9360676
1510329929671	8.274361	6.8761473	-3.9264908
1510329929682	7.8529816	8.619126	-3.4380736
1510329929695	7.8625584	9.193734	-2.566584
1510329929703	8.283937	8.475474	-1.4269443
1510329929712	8.7532015	6.8665705	-0.15322891
1510329929722	9.107543	4.912902	0.9864111
1510329929732	9.346964	2.9496565	1.7621324
1510329929743	9.414001	1.2449849	2.0494366
1510329929752	9.385271	0.08619126	1.8962077
1510329929763	9.442732	-0.36391866	1.3503298
1510329929772	9.662998	-0.20111294	0.51714754
1510329929782	9.921572	0.39264908	-0.4405331
1510329929793	10.065224	1.2354081	-1.3215994
1510329929802	10.0748005	2.1739352	-2.0207062
1510329929814	9.969456	3.0933087	-2.4516625
1510329929822	9.80665	3.7924154	-2.6048915
1510329929833	9.634268	4.0797195	-2.566584
1510329929842	9.452309	3.9552212	-2.384625
1510329929852	9.299079	3.6583402	-2.0207062
1510329929863	9.222465	2.7006595	-1.0821792
1510329929877	9.193734	2.9879637	-1.0726024
1510329929884	9.260772	2.566584	-0.45010993
1510329929893	9.404425	1.9536686	-0.32561144
1510329929903	9.509769	2.4037786	-0.2873042
1510329929914	9.519346	2.1452048	-0.30645782
1510329929925	9.490616	2.1260512	-0.40222588
1510329929933	9.461885	2.2218192	-0.5363012
1510329929943	9.442732	2.3942018	-0.6895301
1510329929954	9.423578	2.5953147	-0.842759
1510329929963	9.404425	2.834735	-0.94810385
1510329929976	9.423578	3.0550013	-1.0151415
1510329929984	9.461885	3.1794999	-1.0534488
1510329929993	9.471462	3.1986535	-1.0821792
1510329930003	9.452309	3.169923	-1.0726024
1510329930013	9.442732	3.1411927	-1.043872
1510329930026	9.433155	3.083732	-0.9768343
1510329930034	9.442732	2.9592333	-0.93852705
1510329930043	9.461885	2.777274	-0.90021986
1510329930053	9.471462	2.585738	-0.8714894
1510329930065	9.442732	2.432509	-0.8619126
1510329930076	9.461885	2.3558946	-0.8810662
1510329930084	9.490616	2.3654714	-0.92895025
1510329930094	9.500193	2.4133554	-0.9959879
1510329930103	9.481039	2.4995465	-1.0726024
1510329930114	9.452309	2.633622	-1.1204864
1510329930125	9.442732	2.7868507	-1.13964
1510329930134	9.452309	2.930503	-1.1109096
1510329930144	9.433155	3.0454245	-1.0534488
1510329930154	9.442732	3.122039	-0.9864111
1510329930164	9.461885	3.1316159	-0.90979666
1510329930176	9.442732	3.0933087	-0.79487497
1510329930184	9.423578	3.1028855	-0.61291564
1510329930196	9.433155	3.1124623	-0.48841715
1510329930204	9.404425	3.122039	-0.47884035
1510329930214	9.385271	3.0550013	-0.51714754
1510329930224	9.404425	2.9496565	-0.60333884
1510329930234	9.433155	2.777274	-0.6703765
1510329930246	9.461885	2.5570073	-0.7374141
1510329930254	9.471462	2.3942018	-0.80445176
1510329930264	9.442732	2.336741	-0.8523358
1510329930276	9.414001	2.4037786	-0.90021986
1510329930284	9.404425	2.585738	-0.94810385
1510329930295	9.394848	2.815581	-1.0055647
1510329930306	9.385271	3.0071173	-1.0630256
1510329930314	9.394848	3.083732	-1.1204864
1510329930324	9.385271	3.0550013	-1.1683705
1510329930334	9.394848	2.96881	-1.1587936
1510329930345	9.404425	2.9017725	-1.0821792
1510329930358	9.375694	2.9113493	-0.9768343
1510329930365	9.356541	2.9496565	-0.90021986
1510329930375	9.346964	2.9783869	-0.8810662
1510329930384	9.356541	2.9496565	-0.89064306
1510329930395	9.32781	2.9592333	-0.91937345
1510329930406	9.337387	3.083732	-0.93852705
1510329930414	9.356541	3.217807	-0.92895025
1510329930424	9.3182335	3.2369606	-0.91937345
1510329930435	9.260772	3.1124623	-0.90979666
1510329930445	9.299079	2.9400797	-0.90021986
1510329930458	9.385271	2.6431987	-0.80445176
1510329930470	9.624691	2.777274	-0.60333884
1510329930477	9.634268	3.0933087	-0.4309563
1510329930485	9.768343	3.3901896	-0.34476504
1510329930495	9.701305	3.5338416	-0.32561144
1510329930506	9.615114	3.5434184	-0.38307226
1510329930514	9.548077	3.4093432	-0.5554548
1510329930524	9.528923	3.1411927	-0.79487497
1510329930535	9.56723	2.767697	-1.1300632
1510329930545	9.643845	2.4037786	-1.532289
1510329930556	9.758766	2.1739352	-1.9536686
1510329930565	10.055647	2.135628	-2.4899697
1510329930575	10.496181	2.2505496	-2.882619
1510329930585	10.965444	2.566584	-2.873042
1510329930595	11.415554	2.96881	-2.5187001
1510329930607	11.760319	3.1603463	-1.9536686
1510329930616	11.884817	3.064578	-1.388637
1510329930625	11.836933	2.767697	-0.9864111
1510329930635	11.81778	2.4516625	-0.7278373
1510329930645	11.84651	2.2505496	-0.58418524
1510329930657	11.836933	2.2122424	-0.545878
1510329930665	11.760319	2.3463178	-0.5363012
1510329930677	11.645397	2.5761611	-0.5650316
1510329930685	11.482592	2.834735	-0.5554548
1510329930696	11.291056	3.1316159	-0.50757074
1510329930705	11.109096	3.3901896	-0.4405331
1510329930715	10.91756	3.4284968	-0.41180268
1510329930726	10.697293	3.1603463	-0.40222588
1510329930735	10.429143	2.72939	-0.36391866
1510329930748	10.113108	2.336741	-0.30645782
1510329930756	9.835381	2.1643584	-0.29688102
1510329930765	9.615114	2.1547816	-0.46926352
1510329930776	9.308656	2.1452048	-0.7565677
1510329930788	8.954314	2.4420857	-0.94810385
1510329930796	8.571242	3.083732	-1.0247183
1510329930807	8.025364	3.6870706	-1.0630256
1510329930816	7.383718	4.232949	-1.1013328
1510329930826	6.703765	4.721366	-1.0151415
1510329930840	6.0046577	5.0661306	-0.7182605
1510329930847	5.4683566	5.2385135	-0.33518824
1510329930856	5.209783	5.3438582	0.095768064
1510329930866	5.133168	5.391742	0.641646
1510329930876	5.171476	5.363012	1.3024458
1510329930889	5.2863975	5.315128	1.9728222
1510329930897	5.506664	5.161899	2.6240451
1510329930907	5.8705826	4.7500963	3.2752678
1510329930917	6.4739213	4.0701427	3.6870706
1510329930926	7.192182	3.323152	3.7828386
1510329930938	7.785944	2.7102363	3.6296098
1510329930946	8.130709	2.2505496	3.2848446
1510329930956	8.226477	1.9728222	2.9113493
1510329930966	8.207323	1.9919758	2.480393
1510329930977	8.360553	2.0207062	1.8291701
1510329930988	8.743625	1.7908629	0.92895025
1510329930996	9.174581	1.685518	0.0
1510329931006	9.461885	1.9057846	-0.6991069
1510329931016	9.730036	2.1260512	-1.8195933
1510329931028	10.065224	2.2697031	-1.4652514
1510329931039	10.496181	1.8770541	-1.0726024
1510329931047	11.597513	1.3599066	-0.8619126
1510329931057	11.310209	0.94810385	-0.82360536
1510329931067	11.18571	0.9672575	-0.7374141
1510329931077	11.051635	1.3311762	-0.62249243
1510329931087	10.94629	1.6950948	-0.6895301
1510329931097	10.7356	2.0398598	-0.8619126
1510329931108	10.352529	2.6048915	-0.90021986
1510329931117	9.998186	3.1794999	-0.81402856
1510329931128	9.77792	3.5242648	-0.6895301
1510329931137	9.634268	3.5817258	-0.50757074
1510329931147	9.452309	3.41892	-0.23942018
1510329931158	9.232041	3.0933087	0.05746084
1510329931167	9.011775	2.7102363	0.33518824
1510329931178	8.791509	2.4708161	0.5650316
1510329931187	8.599973	2.4995465	0.7661445
1510329931197	8.465898	2.825158	0.92895025
1510329931208	8.350976	3.2082303	0.91937345
1510329931219	8.130709	3.514688	0.7469909
1510329931227	7.824251	3.7828386	0.5554548
1510329931237	7.5561004	4.156334	0.5746084
1510329931247	7.3166804	4.6351743	0.8810662
1510329931257	6.9719152	5.1235914	1.3311762
1510329931269	6.540959	5.544971	1.7717092
1510329931277	6.3589997	5.48751	1.9536686
1510329931287	6.531382	4.644751	1.7717092
1510329931297	6.694188	3.5913026	1.5514427
1510329931308	6.7133417	2.8634653	1.5897499
1510329931319	6.751649	2.327164	1.6089035
1510329931328	6.8091097	1.982399	1.1971009
1510329931338	6.8186865	1.9728222	0.41180268
1510329931348	6.8282633	2.2409728	-0.2777274
1510329931359	6.943185	2.6144683	-0.39264908
1510329931370	7.2113357	2.5091233	0.009576807
1510329931379	7.785944	1.2737153	0.19153613
1510329931388	8.485051	-0.45968673	-0.06703765
1510329931398	9.069236	-1.2641385	-0.18195933
1510329931408	9.892841	-0.59376204	0.095768064
1510329931421	10.907983	0.7757214	0.4309563
1510329931429	11.520899	2.0111294	0.39264908
1510329931438	11.463438	2.9017725	0.019153614
1510329931448	11.013328	3.5051112	-0.48841715
1510329931461	10.524911	3.7732618	-1.1013328
1510329931470	10.189722	3.5434184	-1.8770541
1510329931483	9.509769	3.2273839	-2.1547816
1510329931490	9.519346	3.2369606	-2.1452048
1510329931499	9.758766	4.501099	-1.6280571
1510329931510	10.67814	6.493075	-1.1587936
1510329931519	11.769896	8.350976	-0.81402856
1510329931529	12.785037	9.299079	-0.2777274
1510329931540	14.221559	7.086837	2.0111294
1510329931549	15.993267	7.07726	2.0207062
1510329931559	16.347609	4.0414124	2.9783869
1510329931569	14.164097	0.8810662	2.9879637
1510329931579	11.089942	-1.340753	0.10534488
1510329931589	9.193734	-3.0454245	-1.8483237
1510329931603	8.724471	-2.432509	-3.8115692
1510329931610	8.8777	-1.4173675	-5.1906295
1510329931620	8.6574335	0.2873042	-5.631162
1510329931630	8.456321	2.384625	-5.3247046
1510329931641	8.6095495	4.3287168	-4.5681367
1510329931651	9.059659	5.4779334	-3.5625722
1510329931660	9.433155	5.535394	-2.3654714
1510329931670	9.557653	4.6926355	-0.93852705
1510329931680	9.56723	3.3614593	0.48841715
1510329931690	9.634268	1.9057846	1.5801731
1510329931703	9.739613	0.7086837	2.1739352
1510329931711	9.749189	0.06703765	2.27928
1510329931720	9.672575	0.10534488	1.8962077
1510329931730	9.643845	0.6703765	1.1109096
1510329931742	9.634268	1.5514427	0.22026655
1510329931754	9.595961	2.6144683	-0.58418524
1510329931763	9.56723	3.6296098	-1.2354081
1510329931771	9.624691	4.367024	-1.6759412
1510329931781	9.662998	4.7022123	-1.9057846
1510329931791	9.548077	4.6351743	-1.8770541
1510329931801	9.346964	4.2425256	-1.5705963
1510329931811	9.241618	3.6774938	-1.1109096
1510329931821	9.270349	3.1028855	-0.63206923
1510329931831	9.375694	2.6048915	-0.2873042
1510329931841	9.471462	2.1739352	-0.11492168
1510329931854	9.519346	1.8195933	-0.06703765
1510329931864	9.528923	1.6376339	-0.11492168
1510329931872	9.5385	1.685518	-0.25857377
1510329931882	9.548077	1.8770541	-0.46926352
1510329931892	9.56723	2.1164744	-0.6895301
1510329931903	9.576807	2.3654714	-0.8523358
1510329931912	9.557653	2.5570073	-0.9768343
1510329931922	9.56723	2.681506	-1.0726024
1510329931937	9.519346	2.7485435	-1.1204864
1510329931944	9.500193	2.7964275	-1.1300632
1510329931954	9.519346	2.8538885	-1.1204864
1510329931963	9.548077	2.873042	-1.091756
1510329931972	9.557653	2.8538885	-1.0055647
1510329931984	9.509769	2.767697	-0.8619126
1510329931992	9.471462	2.6623523	-0.641646
1510329932002	9.442732	2.6144683	-0.38307226
1510329932012	9.423578	2.681506	-0.17238252
1510329932023	9.452309	2.8060043	-0.16280572
1510329932034	9.481039	2.882619	-0.17238252
1510329932042	9.452309	2.8634653	-0.45010993
1510329932052	9.404425	2.7964275	-0.5267244
1510329932062	9.414001	2.7485435	-0.545878
1510329932073	9.461885	2.566584	-0.5650316
1510329932086	9.519346	2.4420857	-0.5746084
1510329932094	9.500193	2.3942018	-0.5650316
1510329932103	9.481039	2.4229321	-0.62249243
1510329932113	9.490616	2.4899697	-0.7374141
1510329932123	9.500193	2.5570073	-0.8810662
1510329932135	9.509769	2.6048915	-0.9959879
1510329932143	9.519346	2.6240451	-1.0534488
1510329932153	9.528923	2.6144683	-1.0630256
1510329932163	9.5385	2.6048915	-1.0151415
1510329932173	9.519346	2.5953147	-0.90021986
1510329932185	9.509769	2.5570073	-0.7661445
1510329932194	9.519346	2.5091233	-0.641646
1510329932203	9.509769	2.480393	-0.5746084
1510329932213	9.519346	2.4516625	-0.5650316
1510329932224	9.528923	2.3942018	-0.62249243
1510329932235	9.519346	2.3463178	-0.6991069
1510329932244	9.509769	2.2888567	-0.8331822
1510329932254	9.500193	2.1452048	-1.0247183
1510329932263	9.509769	1.8579005	-1.2545617
1510329932274	9.519346	1.5131354	-1.4460979
1510329932285	9.557653	1.3694834	-1.5610195
1510329932294	9.624691	1.541866	-1.5514427
1510329932304	9.691729	1.8962077	-1.4748282
1510329932316	9.701305	2.2505496	-1.436521
1510329932323	9.653421	2.4229321	-1.5610195
1510329932333	9.624691	2.2505496	-1.8100165
1510329932343	9.643845	1.8579005	-2.0398598
1510329932354	9.653421	1.5705963	-1.9919758
1510329932368	9.615114	1.5993267	-1.5801731
1510329932375	9.653421	1.8962077	-1.0534488
1510329932384	9.797073	2.3463178	-0.5650316
1510329932394	9.902418	2.8060043	-0.29688102
1510329932404	9.969456	3.1028855	-0.2777274
1510329932417	10.01734	3.1411927	-0.38307226
1510329932425	10.1226845	2.9879637	-0.47884035
1510329932434	10.295067	2.7964275	-0.4309563
1510329932444	10.486604	2.681506	-0.29688102
1510329932454	10.630256	2.72939	-0.047884032
1510329932467	10.764331	2.9879637	0.2681506
1510329932475	10.898406	3.3327289	0.5267244
1510329932484	11.003751	3.5817258	0.63206923
1510329932494	11.042058	3.6104562	0.50757074
1510329932505	11.032481	3.466804	0.20111294
1510329932517	11.013328	3.3901896	0.1340753
1510329932525	11.003751	3.4859576	0.23942018
1510329932535	11.032481	3.572149	0.22984336
1510329932545	10.994174	3.5817258	0.21068975
1510329932555	10.821792	4.232949	0.4405331
1510329932567	10.553641	3.9456444	0.80445176
1510329932576	10.208876	4.5394063	1.1204864
1510329932585	9.844957	5.889736	1.388637
1510329932595	8.829816	6.3111157	1.6280571
1510329932605	8.599973	6.4739213	1.8674773
1510329932616	8.207323	6.540959	2.1930888
1510329932625	7.881712	6.5984197	2.3942018
1510329932635	7.7189064	6.6175733	2.3175871
1510329932645	7.833828	6.4739213	1.9728222
1510329932657	8.1881695	6.081272	1.3694834
1510329932666	8.542512	5.506664	0.61291564
1510329932675	8.762778	4.903325	-0.15322891
1510329932687	8.839393	4.280833	-0.91937345
1510329932695	8.781932	3.6391866	-1.5705963
1510329932705	8.676587	3.0454245	-1.9919758
1510329932716	8.542512	2.480393	-2.1739352
1510329932726	8.312668	1.8770541	-2.1452048
1510329932736	8.034941	1.3503298	-1.9536686
1510329932749	7.785944	1.043872	-1.5035586
1510329932757	7.6135616	0.9959879	-0.94810385
1510329932765	7.5848308	0.9768343	-0.60333884
1510329932775	7.603985	0.91937345	-0.4405331
1510329932786	7.565677	0.90021986	-0.2873042
1510329932797	7.469909	0.9864111	0.0
1510329932805	7.431602	1.1492168	0.37349546
1510329932816	7.536947	1.292869	0.5554548
1510329932832	7.728483	1.4460979	0.6607997
1510329932836	7.967903	1.5993267	0.7565677
1510329932848	8.1881695	1.7429788	0.80445176
1510329932857	8.360553	1.9536686	0.8810662
1510329932866	8.475474	2.2218192	0.9959879
1510329932876	8.590396	2.4708161	1.043872
1510329932887	8.695741	2.5953147	1.0055647
1510329932897	8.686164	2.633622	0.92895025
1510329932906	8.781932	2.7868507	0.93852705
1510329932916	9.11712	2.9975405	1.0630256
1510329932931	9.452309	2.9879637	1.1587936
1510329932937	9.758766	2.7006595	1.0342951
1510329932948	10.065224	2.384625	0.7182605
1510329932957	10.314221	2.2026656	0.2873042
1510329932966	10.43872	2.2122424	-0.06703765
1510329932976	10.429143	2.336741	-0.29688102
1510329932988	10.266336	2.6240451	-0.38307226
1510329932998	10.0748005	2.9592333	-0.35434186
1510329933007	10.007763	3.0550013	-0.41180268
1510329933017	10.01734	2.8634653	-0.5746084
1510329933028	9.959879	2.6431987	-0.641646
1510329933037	9.892841	2.4899697	-0.6512229
1510329933047	9.825804	2.4037786	-0.58418524
1510329933056	9.730036	2.4516625	-0.4405331
1510329933068	9.56723	2.6048915	-0.2777274
1510329933076	9.346964	2.7485435	-0.2681506
1510329933087	9.069236	2.920926	-0.076614454
1510329933097	8.801085	3.169923	-0.06703765
1510329933107	8.6095495	3.4572272	0.076614454
1510329933118	8.475474	3.715801	0.4309563
1510329933127	8.37013	3.8786068	0.5363012
1510329933137	8.264784	3.9456444	0.6607997
1510329933147	8.159439	3.9360676	1.0055647
1510329933157	7.795521	3.8977604	1.5035586
1510329933167	7.489063	3.7541082	1.9057846
1510329933179	7.2783732	3.6296098	2.135628
1510329933187	7.3071036	3.466804	2.030283
1510329933197	7.5465236	3.1890767	1.6759412
1510329933207	7.7667904	2.96881	1.3982137
1510329933218	7.7572136	2.8634653	1.3120226
1510329933229	7.5561004	2.7581203	1.5705963
1510329933237	7.3166804	2.4516625	2.1164744
1510329933247	7.3549876	1.6567876	2.27928
1510329933257	7.6710224	0.6703765	1.5705963
1510329933268	7.9391727	0.30645782	0.545878
1510329933279	8.178593	0.82360536	-0.15322891
1510329933287	8.532935	1.7238252	-0.5267244
1510329933297	8.887277	2.432509	-0.8619126
1510329933307	9.097966	2.825158	-1.1683705
1510329933318	9.270349	3.0358477	-1.0630256
1510329933329	9.557653	2.96881	-0.6799533
1510329933337	9.864111	2.5570073	-0.5267244
1510329933347	9.902418	2.087744	-0.7182605
1510329933357	9.720459	1.7525556	-1.091756
1510329933369	9.557653	1.7142484	-1.436521
1510329933379	9.519346	2.135628	-1.6472107
1510329933387	9.586384	2.9975405	-1.5705963
1510329933397	9.864111	4.223372	-1.1587936
1510329933407	10.409989	5.449203	-0.7374141
1510329933418	10.860099	6.2249246	-0.50757074
1510329933429	10.764331	6.339846	-0.49799395
1510329933438	10.208876	5.765238	-0.842759
1510329933448	9.576807	4.501099	-1.3311762
1510329933458	9.165004	2.528277	-1.7621324
1510329933468	9.097966	0.34476504	-2.030283
1510329933479	9.720459	-0.9864111	-1.982399
1510329933488	11.971008	-0.545878	-1.5035586
1510329933498	15.95496	1.2545617	-0.5554548
1510329933508	18.732235	2.5187001	0.45968673
1510329933518	17.190369	1.7142484	0.82360536
1510329933528	12.890382	-0.22984336	0.46926352
1510329933538	9.576807	-1.1875241	0.02873042
1510329933549	8.456321	-0.60333884	-0.51714754
1510329933558	8.590396	0.63206923	-1.5131354
1510329933568	8.887277	1.934515	-2.6719291
1510329933579	8.848969	3.3135753	-3.4572272
1510329933588	8.590396	4.7022123	-3.6966474
1510329933598	8.418014	5.8226986	-3.5051112
1510329933608	8.513782	6.3589997	-2.9975405
1510329933619	8.848969	6.14831	-2.2218192
1510329933630	9.212888	5.3247046	-1.1875241
1510329933639	9.442732	4.1371803	0.0
1510329933649	9.5385	2.8060043	1.1013328
1510329933663	9.500193	1.5610195	1.8483237
1510329933670	9.260772	0.22984336	1.9536686
1510329933679	9.270349	0.23942018	1.3790601
1510329933689	9.251195	1.0821792	0.5267244
1510329933700	9.548077	2.0590134	-0.4309563
1510329933711	9.557653	2.815581	-1.3120226
1510329933719	9.77792	3.3518825	-1.9919758
1510329933729	9.749189	3.6296098	-2.4037786
1510329933739	9.682152	3.6870706	-2.4995465
1510329933749	9.605537	3.5434184	-2.327164
1510329933761	9.5385	3.2082303	-1.9536686
1510329933769	9.490616	2.7964275	-1.5035586
1510329933779	9.452309	2.4420857	-1.091756
1510329933789	9.414001	2.2026656	-0.7469909
1510329933800	9.442732	2.0590134	-0.48841715
1510329933810	9.509769	1.9632454	-0.35434186
1510329933819	9.5385	1.9440918	-0.32561144
1510329933829	9.548077	2.030283	-0.40222588
1510329933840	9.557653	2.2122424	-0.5267244
1510329933849	9.548077	2.4133554	-0.6703765
1510329933861	9.557653	2.585738	-0.79487497
1510329933869	9.528923	2.6719291	-0.90021986
1510329933879	9.490616	2.6910827	-0.9768343
1510329933889	9.461885	2.719813	-0.9959879
1510329933900	9.471462	2.777274	-0.9672575
1510329933910	9.481039	2.815581	-0.8810662
1510329933920	9.490616	2.825158	-0.7757214
1510329933930	9.471462	2.777274	-0.6607997
1510329933940	9.481039	2.72939	-0.5363012
1510329933950	9.471462	2.719813	-0.4213795
1510329933963	9.461885	2.72939	-0.36391866
1510329933970	9.452309	2.719813	-0.39264908
1510329933980	9.461885	2.72939	-0.49799395
1510329933990	9.452309	2.7102363	-0.63206923
1510329934000	9.461885	2.6910827	-0.78529817
1510329934011	9.471462	2.7102363	-0.89064306
1510329934020	9.500193	2.7581203	-0.9576807
1510329934030	9.509769	2.834735	-1.0247183
1510329934040	9.5385	2.882619	-1.0630256
1510329934050	9.56723	2.825158	-1.0247183
1510329934061	9.557653	2.7102363	-0.92895025
1510329934070	9.519346	2.6144683	-0.81402856
1510329934080	9.528923	2.633622	-0.6703765
1510329934095	9.500193	2.7389667	-0.5363012
1510329934102	9.442732	2.8538885	-0.46926352
1510329934110	9.423578	2.9113493	-0.47884035
1510329934121	9.433155	2.920926	-0.545878
1510329934131	9.442732	2.8443117	-0.63206923
1510329934144	9.433155	2.719813	-0.6895301
1510329934151	9.452309	2.5474305	-0.7469909
1510329934161	9.481039	2.384625	-0.79487497
1510329934170	9.490616	2.2697031	-0.78529817
1510329934181	9.509769	2.2026656	-0.79487497
1510329934192	9.519346	2.2122424	-0.80445176
1510329934201	9.528923	2.2984335	-0.82360536
1510329934212	9.548077	2.4133554	-0.8331822
1510329934221	9.557653	2.5091233	-0.82360536
1510329934231	9.528923	2.566584	-0.8523358
1510329934243	9.519346	2.6240451	-0.8619126
1510329934251	9.528923	2.6048915	-0.8523358
1510329934261	9.519346	2.5378537	-0.82360536
1510329934272	9.528923	2.4133554	-0.81402856
1510329934282	9.5385	2.2601264	-0.8810662
1510329934293	9.528923	2.078167	-1.0821792
1510329934301	9.5385	1.9057846	-1.3982137
1510329934319	9.672575	1.9153614	-1.8004397
1510329934330	9.892841	2.0685902	-2.27928
1510329934332	9.998186	2.2505496	-2.6144683
1510329934342	10.170568	2.3175871	-2.7485435
1510329934353	10.515334	2.2601264	-2.7006595
1510329934366	10.726024	1.9249382	-2.432509
1510329934378	10.745177	1.2641385	-2.087744
1510329934385	10.6877165	0.6607997	-1.685518
1510329934394	10.658986	0.45010993	-1.1683705
1510329934409	10.773908	0.6895301	-0.7182605
1510329934412	11.080365	1.1492168	-0.5267244
1510329934428	11.444284	1.5801731	-0.5650316
1510329934432	11.779472	1.8674773	-0.7086837
1510329934442	12.0571995	2.0398598	-0.8714894
1510329934452	12.306197	2.0494366	-0.91937345
1510329934463	12.459426	1.8291701	-0.9864111
1510329934471	12.382812	1.7238252	-0.9959879
1510329934481	12.200851	1.9153614	-0.79487497
1510329934491	11.951855	2.1643584	-0.41180268
1510329934501	11.492168	2.5761611	0.095768064
1510329934512	10.802638	3.4284968	0.7374141
1510329934522	9.950302	4.654328	1.5131354
1510329934531	8.925584	6.042965	2.3080103
1510329934542	7.747637	7.441179	3.0454245
1510329934551	6.531382	8.590396	3.572149
1510329934563	5.4779334	9.509769	3.964798
1510329934572	4.7979803	10.065224	3.9264908
1510329934587	4.5872903	9.883265	3.2273839
1510329934593	4.8745947	9.126697	2.2505496
1510329934602	5.497087	8.1402855	1.2449849
1510329934612	6.2632318	7.1251445	0.34476504
1510329934626	7.067683	6.157887	-0.39264908
1510329934633	7.833828	5.161899	-1.0726024
1510329934643	8.418014	4.0797195	-1.5610195
1510329934653	8.66701	3.0071173	-1.6472107
1510329934663	8.686164	2.0015526	-1.4652514
1510329934676	8.66701	1.0726024	-1.1683705
1510329934683	8.6574335	0.2681506	-0.7469909
1510329934693	8.66701	-0.22984336	-0.24899697
1510329934703	8.724471	-0.39264908	0.22026655
1510329934713	8.801085	-0.35434186	0.5554548
1510329934726	8.829816	-0.21068975	0.7469909
1510329934733	8.791509	0.11492168	0.7661445
1510329934743	8.686164	0.59376204	0.641646
1510329934753	8.6095495	1.0630256	0.40222588
1510329934763	8.599973	1.4460979	0.10534488
1510329934774	8.676587	2.3558946	-0.5650316
1510329934783	8.772355	2.0590134	-0.5554548
1510329934793	8.781932	2.4420857	-1.1779473
1510329934803	8.791509	2.882619	-0.6512229
1510329934813	8.935161	3.3806129	-0.40222588
1510329934827	9.078813	3.2369606	-0.2777274
1510329934834	9.787497	2.7964275	-0.038307227
1510329934844	9.423578	2.3942018	0.21068975
1510329934853	9.624691	1.9728222	0.30645782
1510329934864	9.710882	1.7908629	0.35434186
1510329934876	9.662998	1.982399	0.5267244
1510329934884	9.634268	2.1452048	0.6703765
1510329934894	9.682152	2.1164744	0.62249243
1510329934903	9.758766	2.1068976	0.45010993
1510329934914	9.825804	2.2026656	0.29688102
1510329934925	9.816227	2.27928	0.12449849
1510329934934	9.739613	2.3175871	-0.05746084
1510329934943	9.634268	2.4612393	-0.12449849
1510329934954	9.528923	2.6048915	-0.1436521
1510329934964	9.423578	2.5953147	-0.19153613
1510329934976	9.289502	2.5378537	-0.18195933
1510329934983	9.14585	2.566584	-0.1436521
1510329934995	8.944737	2.7485435	-0.12449849
1510329935003	8.734048	3.2082303	-0.076614454
1510329935014	8.590396	3.8498764	0.009576807
1510329935023	8.532935	4.3478703	0.019153614
1510329935034	8.523358	4.453215	-0.009576807
1510329935045	8.475474	4.2521024	0.12449849
1510329935058	8.379706	3.8881836	0.45968673
1510329935065	8.293514	3.4380736	0.8523358
1510329935075	8.283937	3.0262709	1.1587936
1510329935084	8.350976	2.767697	1.3694834
1510329935094	8.494628	2.6144683	1.6472107
1510329935108	8.6574335	2.4612393	1.9153614
1510329935114	8.734048	2.27928	2.0015526
1510329935124	8.66701	2.1164744	1.8387469
1510329935134	8.504205	2.087744	1.4269443
1510329935144	8.389283	2.231396	0.8619126
1510329935157	8.379706	2.566584	0.15322891
1510329935164	8.418014	3.064578	-0.63206923
1510329935174	8.42759	3.5338416	-1.283292
1510329935184	8.39886	3.7445314	-1.5993267
1510329935195	8.389283	3.5529952	-1.6567876
1510329935207	8.437167	3.0550013	-1.6472107
1510329935215	8.542512	2.4899697	-1.5131354
1510329935225	8.6574335	2.1547816	-1.3120226
1510329935235	8.801085	2.1260512	-1.1013328
1510329935245	8.90643	2.3750482	-0.8331822
1510329935256	8.963891	2.767697	-0.5746084
1510329935265	9.011775	3.169923	-0.2873042
1510329935275	9.097966	3.4955344	0.19153613
1510329935285	9.279925	3.4763808	0.63206923
1510329935295	9.557653	2.8634653	0.6991069
1510329935305	9.816227	2.0207062	0.51714754
1510329935315	9.959879	1.4748282	0.30645782
1510329935326	9.969456	1.2258313	-0.5554548
1510329935335	9.892841	1.0821792	-0.545878
1510329935345	9.825804	1.13964	-0.93852705
1510329935356	9.902418	1.4939818	-1.0534488
1510329935365	10.093954	1.982399	-1.0151415
1510329935376	10.28549	2.2697031	-1.0821792
1510329935385	10.247183	2.27928	-1.1683705
1510329935395	9.844957	2.0111294	-1.2258313
1510329935405	9.3661175	1.8866309	-1.292869
1510329935415	9.126697	1.9536686	-1.3503298
1510329935426	9.155427	1.8962077	-1.4269443
1510329935435	9.490616	1.9632454	-1.3120226
1510329935446	11.080365	2.5378537	-0.9768343
1510329935456	14.355634	3.4572272	-0.37349546
1510329935465	17.228676	3.7924154	0.62249243
1510329935475	16.807297	2.5761611	1.3599066
1510329935489	13.551182	0.24899697	1.2258313
1510329935496	10.409989	-1.4748282	0.59376204
1510329935506	8.935161	-1.5801731	-0.22984336
1510329935516	8.762778	-0.47884035	-1.292869
1510329935525	8.973468	0.9864111	-2.4229321
1510329935539	8.983045	2.4899697	-3.2465374
1510329935546	8.781932	3.964798	-3.5338416
1510329935556	8.63828	5.267244	-3.3039982
1510329935566	8.7053175	6.0621185	-2.72939
1510329935576	8.963891	6.14831	-1.934515
1510329935589	9.260772	5.602432	-0.92895025
1510329935596	9.442732	4.6255975	0.19153613
1510329935608	9.519346	3.466804	1.1875241
1510329935616	9.5385	2.3654714	1.8195933
1510329935626	9.509769	1.4652514	1.9919758
1510329935639	9.404425	0.842759	1.7238252
1510329935646	9.289502	0.6512229	1.1300632
1510329935656	9.308656	0.9959879	0.39264908
1510329935666	9.461885	1.7429788	-0.33518824
1510329935676	9.643845	2.5474305	-1.0630256
1510329935689	9.77792	3.1986535	-1.685518
1510329935696	9.825804	3.5913026	-2.0973208
1510329935706	9.749189	3.7062242	-2.2505496
1510329935716	9.615114	3.5817258	-2.1452048
1510329935727	9.5385	3.2561142	-1.8291701
1510329935739	9.528923	2.8060043	-1.436521
1510329935746	9.519346	2.3175871	-0.9864111
1510329935760	9.461885	1.9153614	-0.1340753
1510329935766	9.404425	1.7142484	-0.12449849
1510329935776	9.414001	1.7238252	0.18195933
1510329935786	9.471462	1.8195933	0.34476504
1510329935796	9.519346	1.9919758	0.32561144
1510329935807	9.528923	2.2026656	0.18195933
1510329935816	9.519346	2.432509	-0.047884032
1510329935826	9.528923	2.6431987	-0.32561144
1510329935838	9.5385	2.777274	-0.59376204
1510329935846	9.519346	2.8060043	-0.7757214
1510329935856	9.509769	2.7581203	-0.8619126
1510329935866	9.519346	2.6719291	-0.8523358
1510329935879	9.528923	2.4708161	-0.7182605
1510329935887	9.519346	2.480393	-0.7086837
1510329935897	9.528923	2.4708161	-0.641646
1510329935909	9.548077	2.5474305	-0.60333884
1510329935919	9.557653	2.5570073	-0.59376204
1510329935932	9.5385	2.5187001	-0.6512229
1510329935937	9.548077	2.528277	-0.641646
1510329935947	9.557653	2.4229321	-0.6799533
1510329935957	9.576807	2.2409728	-0.6512229
1510329935969	9.586384	2.2505496	-0.58418524
1510329935977	9.576807	2.183512	-0.46926352
1510329935992	9.624691	2.1930888	-0.40222588
1510329936000	9.615114	2.183512	-0.39264908
1510329936008	9.576807	2.1930888	-0.41180268
1510329936019	9.509769	2.2122424	-0.38307226
1510329936028	9.481039	2.3080103	-0.35434186
1510329936037	9.519346	2.4229321	-0.38307226
1510329936048	9.548077	2.528277	-0.4405331
1510329936057	9.5385	2.6048915	-0.50757074
1510329936068	9.519346	2.6240451	-0.5554548
1510329936077	9.509769	2.5953147	-0.61291564
1510329936087	9.519346	2.5474305	-0.6895301
1510329936097	9.528923	2.4612393	-0.7374141
1510329936108	9.5385	2.3750482	-0.7565677
1510329936119	9.528923	2.2984335	-0.7661445
1510329936127	9.5385	2.2505496	-0.7757214
1510329936138	9.548077	2.2218192	-0.7565677
1510329936147	9.557653	2.231396	-0.7469909
1510329936158	9.56723	2.27928	-0.7278373
1510329936168	9.548077	2.3942018	-0.6703765
1510329936178	9.5385	2.5761611	-0.58418524
1510329936190	9.548077	2.767697	-0.5363012
1510329936198	9.528923	2.920926	-0.49799395
1510329936208	9.481039	3.016694	-0.45968673
1510329936219	9.461885	3.0933087	-0.40222588
1510329936230	9.471462	3.2082303	-0.29688102
1510329936240	9.433155	3.3423057	-0.18195933
1510329936253	9.414001	3.4380736	-0.1340753
1510329936259	9.423578	3.4284968	-0.18195933
1510329936269	9.404425	3.2465374	-0.2681506
1510329936278	9.375694	2.9975405	-0.36391866
1510329936292	9.394848	2.7868507	-0.45010993
1510329936300	9.423578	2.5761611	-0.58418524
1510329936314	9.433155	2.384625	-0.7661445
1510329936323	9.442732	2.2601264	-0.93852705
1510329936332	9.461885	2.2026656	-1.0821792
1510329936340	9.500193	2.1930888	-1.1779473
1510329936348	9.528923	2.2409728	-1.2354081
1510329936358	9.500193	2.3558946	-1.2449849
1510329936368	9.433155	2.5761611	-1.2737153
1510329936378	9.423578	2.873042	-1.3599066
1510329936391	9.500193	3.0550013	-1.283292
1510329936401	9.548077	3.0454245	-1.2737153
1510329936409	9.528923	2.9783869	-1.091756
1510329936419	9.461885	2.920926	-0.80445176
1510329936429	9.375694	2.9017725	-0.51714754
1510329936439	9.32781	2.920926	-0.38307226
1510329936452	9.404425	2.8921957	-0.39264908
1510329936460	9.5385	2.4899697	-0.48841715
1510329936471	9.682152	2.336741	-0.5363012
1510329936479	9.749189	2.3463178	-1.1492168
1510329936490	9.77792	2.2888567	-0.78529817
1510329936501	10.036493	2.4995465	-0.93852705
1510329936509	10.04607	2.5091233	-0.9864111
1510329936520	10.199299	2.633622	-1.0055647
1510329936529	10.390836	2.6240451	-0.94810385
1510329936539	10.620679	2.6910827	-0.7086837
1510329936550	10.802638	2.7581203	-0.4405331
1510329936559	10.860099	2.834735	-0.18195933
1510329936570	10.907983	2.8921957	0.019153614
1510329936579	10.97502	2.7964275	0.038307227
1510329936589	10.927136	2.681506	-0.047884032
1510329936600	10.888829	2.815581	-0.16280572
1510329936609	10.965444	2.9783869	-0.32561144
1510329936623	10.94629	2.882619	-0.60333884
1510329936630	10.773908	2.7485435	-0.82360536
1510329936640	10.601525	2.6910827	-0.92895025
1510329936650	10.43872	2.6623523	-0.9864111
1510329936659	10.323798	2.7102363	-0.9959879
1510329936669	10.208876	2.8060043	-0.92895025
1510329936679	10.01734	2.9017725	-0.7565677
1510329936690	9.816227	3.016694	-0.5554548
1510329936700	9.672575	3.1411927	-0.36391866
1510329936709	9.557653	3.2465374	-0.20111294
1510329936720	9.404425	3.3327289	-0.038307227
1510329936729	9.136273	3.4380736	0.18195933
1510329936740	8.820239	3.6487634	0.46926352
1510329936751	8.571242	3.9935284	0.78529817
1510329936759	8.379706	4.309563	0.9864111
1510329936770	8.226477	4.3957543	0.9959879
1510329936780	8.130709	4.1276035	0.8619126
1510329936790	8.082825	3.667917	0.6991069
1510329936800	8.063671	3.3997664	0.62249243
1510329936810	8.073248	3.3806129	0.61291564
1510329936820	8.082825	3.4380736	0.59376204
1510329936834	8.073248	3.4955344	0.5363012
1510329936841	8.082825	3.5051112	0.4405331
1510329936851	8.073248	3.3901896	0.2873042
1510329936860	8.0445175	3.1316159	0.17238252
1510329936870	7.9583263	2.873042	0.2681506
1510329936885	7.872135	2.6527755	0.49799395
1510329936891	7.9583263	2.4995465	0.62249243
1510329936901	8.2169	2.480393	0.6799533
1510329936911	8.418014	2.585738	0.7278373
1510329936921	8.504205	2.72939	0.6895301
1510329936934	8.485051	2.6910827	0.5554548
1510329936941	8.437167	2.4995465	0.47884035
1510329936951	8.456321	2.3463178	0.62249243
1510329936961	8.590396	2.2409728	0.92895025
1510329936971	8.810662	2.1547816	1.1300632
1510329936984	9.002198	2.087744	1.1587936
1510329936991	9.050082	2.0973208	1.1204864
1510329937001	8.992621	2.078167	1.0342951
1510329937011	8.954314	1.8866309	0.81402856
1510329937027	9.078813	1.6567876	0.48841715
1510329937033	9.308656	1.6759412	0.2681506
1510329937041	9.519346	1.934515	0.1436521
1510329937052	9.595961	2.3175871	-0.047884032
1510329937062	9.576807	2.719813	-0.4309563
1510329937071	9.56723	2.9496565	-0.51714754
1510329937082	9.624691	2.6719291	-0.45010993
1510329937091	9.682152	2.5187001	-0.19153613
1510329937102	9.720459	2.4612393	0.12449849
1510329937111	9.653421	2.5474305	0.31603462
1510329937121	9.548077	2.825158	0.36391866
1510329937131	9.414001	3.1794999	0.34476504
1510329937141	9.299079	3.4572272	0.33518824
1510329937152	9.193734	3.620033	0.4213795
1510329937161	9.059659	3.6966474	0.6607997
1510329937171	8.839393	3.6583402	1.043872
1510329937182	8.561666	3.3039982	1.3311762
1510329937191	8.255207	2.6431987	1.2258313
1510329937202	7.9870567	2.2601264	0.90021986
1510329937211	7.9583263	2.4995465	0.7469909
1510329937222	8.2169	3.064578	0.7278373
1510329937233	8.513782	3.6391866	0.62249243
1510329937242	8.590396	4.1371803	0.60333884
1510329937252	8.446744	4.606444	0.82360536
1510329937264	8.293514	4.855441	1.2162545
1510329937272	8.24563	4.4915223	1.6567876
1510329937282	8.236053	3.4476504	2.1164744
1510329937292	8.226477	2.0398598	2.3942018
1510329937303	8.255207	0.47884035	2.1164744
1510329937316	8.226477	-0.7278373	1.532289
1510329937323	8.0924015	-0.7661445	0.8619126
1510329937333	8.025364	0.35434186	0.02873042
1510329937343	8.101978	2.183512	-0.8523358
1510329937353	8.37013	4.271256	-1.7238252
1510329937364	8.695741	6.1195793	-2.4037786
1510329937373	8.954314	7.2209125	-2.9017725
1510329937384	9.155427	7.1155677	-3.3039982
1510329937393	9.251195	5.7843914	-3.4093432
1510329937403	9.356541	3.6583402	-3.0262709
1510329937413	9.662998	1.3599066	-2.135628
1510329937423	10.055647	-0.41180268	-0.90979666
1510329937434	10.28549	-0.90979666	0.51714754
1510329937444	10.563218	-0.08619126	1.5801731
1510329937453	10.955867	1.1971009	1.733402
1510329937465	11.051635	2.087744	1.13964
1510329937473	10.773908	2.3750482	0.18195933
1510329937483	10.46745	2.1068976	-0.82360536
1510329937494	10.352529	1.283292	-1.7238252
1510329937503	10.342952	0.08619126	-2.432509
1510329937515	10.409989	-0.8810662	-2.5474305
1510329937523	10.898406	-0.6607997	-1.7429788
1510329937534	12.26789	0.9672575	-0.019153614
1510329937543	13.953407	2.825158	-0.009576807
1510329937553	14.346057	3.7445314	0.31603462
1510329937563	12.966996	3.5434184	0.35434186
1510329937573	11.089942	2.767697	-0.16280572
1510329937584	9.873688	1.436521	-0.6895301
1510329937593	9.337387	1.6376339	-1.2354081
1510329937603	9.097966	1.9057846	-1.7046716
1510329937613	8.6574335	2.4516625	-1.982399
1510329937623	8.590396	3.1507695	-1.9728222
1510329937634	8.66701	3.86903	-1.6567876
1510329937648	8.8777	4.4915223	-1.1875241
1510329937655	9.203311	4.8458643	-0.6703765
1510329937665	9.519346	4.6830587	-0.12449849
1510329937674	9.691729	3.964798	0.37349546
1510329937684	9.672575	2.9400797	0.7565677
1510329937698	9.576807	1.9632454	0.9672575
1510329937705	9.481039	1.283292	0.90021986
1510329937715	9.461885	1.0630256	0.545878
1510329937725	9.509769	1.292869	-0.047884032
1510329937734	9.557653	1.7908629	-0.7757214
1510329937746	9.595961	2.384625	-1.484405
1510329937754	9.634268	2.920926	-2.0207062
1510329937764	9.653421	3.265691	-2.3080103
1510329937774	9.662998	3.3806129	-2.3463178
1510329937784	9.643845	3.265691	-2.1547816
1510329937796	9.586384	2.96881	-1.7717092
1510329937804	9.528923	2.5953147	-1.3215994
1510329937814	9.519346	2.2601264	-0.842759
1510329937824	9.500193	2.0494366	-0.38307226
1510329937834	9.423578	2.030283	-0.076614454
1510329937847	9.404425	2.2122424	0.019153614
1510329937854	9.471462	2.480393	-0.095768064
1510329937864	9.500193	2.6910827	-0.31603462
1510329937874	9.471462	2.7581203	-0.5267244
1510329937884	9.461885	2.767697	-0.7086837
1510329937897	9.500193	2.6910827	-0.82360536
1510329937905	9.5385	2.566584	-0.90021986
1510329937915	9.548077	2.4133554	-0.92895025
1510329937925	9.528923	2.2888567	-0.93852705
1510329937935	9.5385	2.2026656	-0.92895025
1510329937947	9.56723	2.1547816	-0.91937345
1510329937955	9.605537	2.1643584	-0.90979666
1510329937965	9.615114	2.183512	-0.90021986
1510329937975	9.586384	2.2218192	-0.91937345
1510329937985	9.557653	2.2697031	-0.92895025
1510329937997	9.528923	2.3463178	-0.91937345
1510329938005	9.509769	2.432509	-0.93852705
1510329938015	9.519346	2.4995465	-0.92895025
1510329938025	9.509769	2.528277	-0.90979666
1510329938036	9.519346	2.5378537	-0.8810662
1510329938045	9.528923	2.4899697	-0.842759
1510329938055	9.5385	2.4516625	-0.81402856
1510329938066	9.528923	2.4037786	-0.82360536
1510329938075	9.519346	2.3750482	-0.81402856
1510329938085	9.528923	2.3558946	-0.8331822
1510329938095	9.5385	2.3463178	-0.82360536
1510329938105	9.548077	2.336741	-0.8331822
1510329938116	9.509769	2.3654714	-0.82360536
1510329938127	9.519346	2.3750482	-0.8619126
1510329938135	9.509769	2.4037786	-0.91937345
1510329938145	9.471462	2.327164	-0.9959879
1510329938155	9.442732	2.1547816	-1.0630256
1510329938167	9.414001	1.8674773	-1.1875241
1510329938179	9.519346	1.4460979	-1.3599066
1510329938186	9.730036	1.0151415	-1.5801731
1510329938196	9.902418	0.7757214	-1.7525556
1510329938206	10.113108	0.78529817	-1.8579005
1510329938216	10.275913	0.91937345	-2.0015526
1510329938228	10.228029	1.1013328	-2.1260512
1510329938236	9.959879	1.2449849	-2.183512
1510329938246	9.615114	1.4652514	-2.0973208
1510329938256	9.442732	1.7908629	-1.8674773
1510329938267	9.471462	2.0398598	-1.5801731
1510329938278	9.500193	2.2697031	-1.13964
1510329938286	9.461885	2.585738	-0.6512229
1510329938296	9.346964	2.920926	-0.22984336
1510329938306	9.251195	3.1794999	0.0
1510329938318	9.232041	3.3039982	-0.05746084
1510329938342	9.241618	3.169923	-0.29688102
1510329938344	9.270349	2.8060043	-0.5363012
1510329938348	9.385271	2.4420857	-0.7182605
1510329938356	9.548077	2.231396	-0.7661445
1510329938366	9.691729	2.1547816	-0.7374141
1510329938376	9.797073	2.1739352	-0.641646
1510329938386	9.902418	2.3463178	-0.45968673
1510329938396	10.007763	2.681506	-0.08619126
1510329938406	10.055647	3.1316159	0.4405331
1510329938416	10.04607	3.5913026	0.94810385
1510329938428	9.959879	3.9743748	1.3982137
1510329938436	9.825804	4.2999864	1.6759412
1510329938446	9.80665	4.673482	1.7812861
1510329938457	10.055647	4.865018	1.6950948
1510329938466	10.524911	4.6830587	1.3311762
1510329938478	10.927136	4.462792	0.94810385
1510329938487	11.013328	4.711789	0.78529817
1510329938497	10.773908	5.497087	0.7278373
1510329938506	10.419566	6.5696893	0.6512229
1510329938517	10.036493	7.5465236	0.5363012
1510329938526	9.624691	8.034941	0.39264908
1510329938536	9.232041	7.9966335	0.33518824
1510329938546	8.973468	7.699753	0.4405331
1510329938556	8.944737	7.249643	0.6703765
1510329938567	9.136273	6.646304	0.90979666
1510329938576	9.442732	5.90889	1.0630256
1510329938586	9.682152	5.085284	1.0726024
1510329938597	9.710882	4.4244847	0.93852705
1510329938609	9.519346	4.0892963	0.81402856
1510329938617	9.299079	3.8594532	0.5650316
1510329938627	9.165004	3.572149	0.12449849
1510329938637	9.088389	3.2752678	-0.90021986
1510329938647	8.973468	2.930503	-0.6512229
1510329938659	8.7532015	2.633622	-0.8714894
1510329938667	8.437167	1.8674773	-0.80445176
1510329938677	8.130709	2.3654714	-0.7182605
1510329938687	7.9104424	2.3558946	-0.59376204
1510329938697	7.6614456	2.2601264	-0.47884035
1510329938709	7.52737	2.0590134	-0.37349546
1510329938717	7.393295	1.8866309	-0.15322891
1510329938727	7.28795	1.8291701	0.2681506
1510329938737	7.297527	1.8770541	0.5554548
1510329938748	7.517793	2.0015526	0.60333884
1510329938759	7.785944	2.231396	0.6607997
1510329938767	7.9391727	2.4420857	0.7374141
1510329938777	7.9583263	2.4612393	0.79487497
1510329938792	7.8912888	2.3942018	0.89064306
1510329938797	7.9008656	2.336741	0.8810662
1510329938808	8.073248	2.2026656	0.7278373
1510329938817	8.312668	1.9919758	0.50757074
1510329938828	8.475474	1.8962077	0.32561144
1510329938837	8.542512	2.0494366	0.30645782
1510329938848	8.590396	2.4708161	0.40222588
1510329938858	8.762778	2.9879637	0.545878
1510329938867	9.011775	3.3039982	0.641646
1510329938877	9.184157	3.2752678	0.7757214
1510329938887	9.32781	2.9783869	1.13964
1510329938897	9.624691	2.528277	1.5514427
1510329938908	9.998186	1.9632454	1.6089035
1510329938917	10.189722	1.4748282	1.4269443
1510329938927	10.141838	1.283292	1.2449849
1510329938937	9.998186	1.3120226	1.0151415
1510329938948	9.883265	1.5610195	0.6895301
1510329938958	9.825804	1.9919758	0.2873042
1510329938968	9.787497	2.480393	-0.10534488
1510329938979	9.749189	2.8443117	-0.47884035
1510329938988	9.730036	2.9975405	-0.7757214
1510329938998	9.701305	3.0358477	-0.8810662
1510329939008	9.653421	3.074155	-0.79487497
1510329939018	9.605537	3.083732	-0.6799533
1510329939028	9.5385	3.074155	-0.59376204
1510329939038	9.433155	3.0454245	-0.48841715
1510329939053	9.299079	3.0262709	-0.11492168
1510329939058	9.14585	3.0358477	-0.10534488
1510329939068	9.002198	3.169923	0.18195933
1510329939079	8.887277	3.4476504	0.50757074
1510329939088	8.839393	3.7445314	0.7086837
1510329939098	8.791509	3.916914	0.7757214
1510329939108	8.66701	3.8977604	0.6991069
1510329939118	8.494628	3.763685	0.62249243
1510329939128	8.350976	3.6487634	0.7086837
1510329939142	8.322245	3.5338416	0.91937345
1510329939149	8.37013	3.323152	1.2066777
1510329939159	8.418014	3.0262709	1.2162545
1510329939169	8.39886	2.72939	1.2354081
1510329939179	8.274361	2.5187001	1.2449849
1510329939192	8.121132	2.4037786	1.0342951
1510329939199	8.082825	2.5570073	0.80445176
1510329939209	8.178593	2.7006595	0.50757074
1510329939219	8.360553	2.8060043	0.23942018
1510329939229	8.408437	2.873042	0.076614454
1510329939241	8.456321	2.882619	0.0
1510329939249	8.542512	2.777274	-0.076614454
1510329939259	8.695741	2.6431987	-0.1436521
1510329939269	8.887277	2.5570073	-0.15322891
1510329939279	9.030929	2.5378537	-0.038307227
1510329939290	9.059659	2.5570073	0.2681506
1510329939299	9.030929	2.566584	0.59376204
1510329939310	9.069236	2.4899697	0.7565677
1510329939319	9.184157	2.4420857	0.81402856
1510329939330	9.356541	2.5187001	0.78529817
1510329939339	9.481039	2.5953147	0.641646
1510329939349	9.452309	2.8060043	0.39264908
1510329939360	9.251195	3.3135753	0.2873042
1510329939369	9.078813	4.012682	0.25857377
1510329939383	9.184157	4.721366	0.1436521
1510329939389	9.56723	5.257667	0.076614454
1510329939399	9.969456	5.3821654	-0.047884032
1510329939410	10.132261	4.865018	-0.37349546
1510329939419	9.988609	3.5434184	-0.79487497
1510329939430	9.816227	1.6184803	-1.3311762
1510329939439	9.931149	-0.1340753	-1.7717092
1510329939449	10.237606	-1.0630256	-1.8866309
1510329939460	10.457873	-1.0247183	-1.8291701
1510329939469	10.572795	-0.1340753	-1.7812861
1510329939481	10.601525	1.2641385	-1.8100165
1510329939490	10.524911	2.719813	-1.9728222
1510329939500	10.352529	3.7732618	-2.1164744
1510329939511	10.1226845	4.2042184	-2.1930888
1510329939523	9.911995	3.9839516	-2.1547816
1510329939530	9.892841	3.3518825	-1.9057846
1510329939540	10.093954	2.681506	-1.5610195
1510329939550	10.371682	2.135628	-1.1971009
1510329939561	10.6398325	1.8387469	-0.81402856
1510329939574	10.965444	1.8674773	-0.46926352
1510329939581	11.377247	2.0590134	-0.22026655
1510329939591	11.645397	2.135628	-0.076614454
1510329939601	11.463438	1.982399	0.0
1510329939612	10.869676	1.7046716	0.047884032
1510329939624	10.218452	1.4460979	-0.009576807
1510329939631	9.797073	1.340753	-0.19153613
1510329939641	9.56723	1.5035586	-0.35434186
1510329939651	9.3661175	1.9249382	-0.47884035
1510329939661	9.14585	2.4899697	-0.6703765
1510329939673	9.040505	3.0262709	-0.8331822
1510329939681	9.107543	3.4380736	-0.9959879
1510329939691	9.279925	3.620033	-1.043872
1510329939701	9.414001	3.5817258	-1.0726024
1510329939713	9.471462	3.1507695	-1.043872
1510329939723	9.394848	2.8538885	-1.0151415
1510329939736	9.404425	2.5570073	-0.9672575
1510329939741	9.519346	2.2984335	-0.89064306
1510329939751	9.624691	2.1452048	-0.82360536
1510329939761	9.634268	2.231396	-0.81402856
1510329939771	9.557653	2.4995465	-0.90979666
1510329939781	9.442732	2.777274	-1.0630256
1510329939792	9.394848	2.9400797	-1.1779473
1510329939801	9.471462	2.9879637	-1.1971009
1510329939811	9.576807	3.0262709	-1.1587936
1510329939821	9.586384	3.064578	-1.0630256
1510329939831	9.5385	3.0071173	-0.89064306
1510329939842	9.490616	2.777274	-0.6991069
1510329939852	9.423578	2.4995465	-0.51714754
1510329939862	9.375694	2.3175871	-0.37349546
1510329939873	9.404425	2.2505496	-0.31603462
1510329939883	9.461885	2.2697031	-0.36391866
1510329939893	9.481039	2.3750482	-0.49799395
1510329939901	9.471462	2.5187001	-0.7182605
1510329939912	9.442732	2.633622	-0.9576807
1510329939921	9.461885	2.7006595	-1.1683705
1510329939931	9.500193	2.7485435	-1.2737153
1510329939942	9.519346	2.7102363	-1.2641385
1510329939956	9.528923	2.5953147	-1.2066777
1510329939963	9.500193	2.5187001	-1.1204864
1510329939973	9.509769	2.4995465	-1.0534488
1510329939984	9.528923	2.4708161	-1.0055647
1510329939993	9.500193	2.4899697	-0.93852705
1510329940006	9.414001	2.585738	-0.8523358
1510329940013	9.356541	2.6719291	-0.7757214
1510329940023	9.3661175	2.7485435	-0.7182605
1510329940034	9.385271	2.825158	-0.6895301
1510329940043	9.404425	2.873042	-0.7278373
1510329940057	9.394848	2.882619	-0.80445176
1510329940063	9.375694	2.9017725	-0.8810662
1510329940073	9.385271	2.9113493	-0.91937345
1510329940083	9.404425	2.8921957	-0.92895025
1510329940093	9.461885	2.8538885	-0.90021986
1510329940106	9.500193	2.825158	-0.8331822
1510329940114	9.490616	2.767697	-0.7661445
1510329940123	9.471462	2.72939	-0.6991069
1510329940133	9.442732	2.7389667	-0.6703765
1510329940144	9.423578	2.7868507	-0.6895301
1510329940156	9.433155	2.8634653	-0.7469909
1510329940164	9.471462	2.930503	-0.80445176
1510329940174	9.490616	2.96881	-0.8523358
1510329940184	9.471462	2.9783869	-0.91937345
1510329940194	9.442732	2.9113493	-0.8810662
1510329940204	9.452309	2.920926	-0.81402856
1510329940213	9.433155	2.8060043	-0.7374141
1510329940227	9.423578	2.834735	-0.6991069
1510329940233	9.442732	2.9400797	-0.6895301
1510329940243	9.500193	2.9879637	-0.7086837
1510329940262	9.528923	2.9400797	-0.7469909
1510329940264	9.519346	2.8060043	-0.82360536
1510329940279	9.509769	2.6431987	-0.90979666
1510329940284	9.519346	2.5091233	-0.9576807
1510329940296	9.500193	2.4995465	-0.9672575
1510329940304	9.519346	2.6144683	-0.94810385
1510329940314	9.56723	2.72939	-0.92895025
1510329940324	9.586384	2.834735	-0.89064306
1510329940334	9.595961	2.930503	-0.8523358
1510329940344	9.56723	3.0454245	-0.842759
1510329940354	9.5385	3.1411927	-0.8619126
1510329940364	9.500193	3.217807	-0.8331822
1510329940374	9.442732	3.2465374	-0.78529817
1510329940386	9.423578	3.217807	-0.81402856
1510329940394	9.433155	3.064578	-0.90979666
1510329940404	9.461885	2.777274	-0.94810385
1510329940414	9.500193	2.4899697	-0.93852705
1510329940424	9.576807	2.2697031	-0.9768343
1510329940438	9.662998	2.1164744	-1.0821792
1510329940444	9.749189	2.1452048	-1.4269443
1510329940454	10.04607	2.4899697	-2.0494366
1510329940464	10.668563	3.1507695	-2.873042
1510329940475	11.444284	3.8307228	-3.9552212
1510329940486	11.769896	3.9360676	-4.76925
1510329940494	11.319786	3.3039982	-4.6351743
1510329940504	10.802638	2.27928	-3.620033
1510329940514	10.764331	1.091756	-2.1547816
1510329940525	10.888829	0.06703765	-0.62249243
1510329940537	11.070788	-0.33518824	0.59376204
1510329940545	11.319786	-0.15322891	1.1971009
1510329940555	11.645397	0.2873042	1.13964
1510329940565	12.047623	0.8714894	0.61291564
1510329940576	12.287044	1.3790601	-0.05746084
1510329940587	12.29662	1.5035586	-0.61291564
1510329940595	12.066776	1.2449849	-0.80445176
1510329940606	11.664551	0.92895025	-0.7086837
1510329940615	11.262324	0.82360536	-0.46926352
1510329940625	10.840945	1.0342951	-0.095768064
1510329940637	10.400413	1.5801731	0.2777274
1510329940645	10.0269165	2.2601264	0.5650316
1510329940655	9.634268	2.9113493	0.8523358
1510329940665	9.050082	3.5338416	1.1779473
1510329940676	8.37013	4.185065	1.5897499
1510329940686	7.642292	4.8937483	2.0590134
1510329940695	6.9240313	5.659893	2.5378537
1510329940705	6.1195793	6.646304	3.2273839
1510329940715	5.1906295	7.7667904	3.8019924
1510329940726	4.414908	8.590396	3.1986535
1510329940736	4.003105	8.839393	2.681506
1510329940745	4.060566	8.0924015	1.5897499
1510329940756	4.548983	7.785944	0.50757074
1510329940769	5.3821654	7.2783732	-0.32561144
1510329940776	7.2304893	6.540959	-0.78529817
1510329940786	7.97748	5.592855	-0.9768343
1510329940796	8.532935	4.2999864	-0.94810385
1510329940805	8.916007	2.9400797	-0.5650316
1510329940819	9.203311	1.8291701	0.0
1510329940826	9.500193	0.9672575	0.45010993
1510329940835	9.787497	0.31603462	0.7757214
1510329940845	9.844957	-0.019153614	1.2449849
1510329940856	9.672575	-0.009576807	1.8291701
1510329940867	9.519346	0.2681506	2.1930888
1510329940875	9.509769	0.63206923	2.336741
1510329940888	9.519346	1.0726024	2.3654714
1510329940896	9.414001	1.6280571	2.2218192
1510329940906	9.184157	2.1164744	1.9440918
1510329940918	8.896853	2.4133554	1.5993267
1510329940926	8.714894	2.4995465	1.2545617
1510329940936	8.686164	2.5187001	1.0151415
1510329940946	8.7053175	2.6527755	0.9768343
1510329940956	8.743625	2.834735	1.0055647
1510329940969	8.820239	2.7581203	0.90021986
1510329940977	8.90643	2.4708161	0.6607997
1510329940986	8.954314	2.1547816	0.4213795
1510329940996	8.992621	1.8195933	0.2777274
1510329941006	9.097966	1.541866	0.16280572
1510329941019	9.260772	1.5227122	-0.02873042
1510329941026	9.346964	1.8291701	-0.22984336
1510329941036	9.356541	2.4037786	-0.31603462
1510329941046	9.3661175	3.0550013	-0.2777274
1510329941058	9.356541	3.4572272	-0.047884032
1510329941068	9.32781	3.5625722	0.36391866
1510329941077	9.203311	3.2561142	0.80445176
1510329941087	8.992621	2.566584	1.1875241
1510329941097	8.868123	1.982399	1.5705963
1510329941107	8.896853	1.7238252	1.934515
1510329941118	8.925584	1.733402	2.183512
1510329941127	8.848969	1.9057846	2.1739352
1510329941137	8.590396	2.2697031	1.9440918
1510329941147	8.159439	2.815581	1.7142484
1510329941161	7.747637	3.4763808	1.5610195
1510329941167	7.575254	3.9552212	1.3311762
1510329941176	7.73806	4.2042184	0.93852705
1510329941187	8.073248	4.5394063	0.545878
1510329941197	8.341399	5.00867	0.2777274
1510329941207	8.39886	5.4204726	0.1436521
1510329941217	8.226477	5.659893	0.22026655
1510329941227	7.9870567	5.497087	0.48841715
1510329941237	7.795521	4.663905	0.94810385
1510329941247	7.8146744	3.1603463	1.3503298
1510329941257	8.111555	1.484405	1.5801731
1510329941267	8.580819	0.4309563	1.8770541
1510329941277	9.040505	0.35434186	2.0973208
1510329941287	9.375694	3.0262709	1.4077905
1510329941299	9.5385	4.510676	0.62249243
1510329941307	9.548077	5.4779334	-0.21068975
1510329941317	9.519346	5.9184666	-0.94810385
1510329941327	9.56723	5.5641246	-1.4269443
1510329941338	9.624691	4.510676	-1.5705963
1510329941349	9.691729	2.96881	-1.388637
1510329941357	9.787497	1.3982137	-0.92895025
1510329941368	9.864111	0.2873042	-0.32561144
1510329941378	9.969456	-0.038307227	0.17238252
1510329941388	10.084377	0.46926352	0.30645782
1510329941401	10.103531	1.484405	0.047884032
1510329941408	9.9790325	2.5187001	-0.33518824
1510329941418	9.902418	3.1890767	-0.7278373
1510329941428	10.04607	3.1986535	-0.9864111
1510329941438	10.199299	2.566584	-0.8714894
1510329941448	10.1226845	1.8004397	-0.45010993
1510329941470	9.892841	1.3599066	-0.019153614
1510329941472	9.691729	1.3311762	0.076614454
1510329941483	9.404425	1.685518	-0.2777274
1510329941491	8.954314	2.2505496	-1.0342951
1510329941499	8.523358	2.7868507	-1.7621324
1510329941507	8.389283	3.1986535	-2.231396
1510329941519	8.762778	3.6774938	-2.4420857
1510329941527	9.653421	4.223372	-2.3750482
1510329941538	11.042058	4.5872903	-2.087744
1510329941548	12.650962	4.6160207	-1.532289
1510329941558	13.781025	4.0701427	-0.7757214
1510329941568	13.64695	2.8443117	-0.05746084
1510329941578	12.344504	1.3120226	0.35434186
1510329941588	10.783484	0.18195933	0.33518824
1510329941599	9.710882	-0.12449849	-0.08619126
1510329941608	9.260772	0.2777274	-0.7565677
1510329941619	9.184157	1.1109096	-1.4269443
1510329941628	9.165004	2.2122424	-1.8483237
1510329941638	9.203311	3.41892	-1.9728222
1510329941648	9.32781	4.367024	-1.8770541
1510329941658	9.433155	4.7979803	-1.6280571
1510329941668	9.461885	4.663905	-1.2162545
1510329941678	9.481039	4.10845	-0.6799533
1510329941688	9.471462	3.3039982	-0.18195933
1510329941698	9.385271	2.4899697	0.18195933
1510329941708	9.260772	1.8674773	0.32561144
1510329941719	9.184157	1.5993267	0.22026655
1510329941731	9.203311	1.6663644	-0.10534488
1510329941738	9.299079	1.982399	-0.5650316
1510329941749	9.404425	2.4516625	-1.0726024
1510329941759	9.490616	2.8921957	-1.5610195
1510329941769	9.557653	3.1603463	-1.9057846
1510329941782	9.595961	3.265691	-2.0398598
1510329941789	9.605537	3.2848446	-1.9728222
1510329941798	9.557653	3.2369606	-1.7525556
1510329941808	9.500193	3.1411927	-1.4556746
1510329941819	9.433155	2.9783869	-1.0151415
1510329941830	9.385271	2.767697	-1.0055647
1510329941839	9.394848	2.585738	-0.9576807
1510329941850	9.461885	2.5474305	-1.0534488
1510329941859	9.471462	2.585738	-1.1971009
1510329941870	9.500193	2.5953147	-1.3120226
1510329941881	9.509769	2.5570073	-1.3215994
1510329941889	9.490616	2.566584	-1.2737153
1510329941899	9.500193	2.6144683	-1.2066777
1510329941909	9.509769	2.6910827	-1.1492168
1510329941919	9.500193	2.767697	-1.1204864
1510329941931	9.490616	2.7964275	-1.1109096
1510329941941	9.471462	2.767697	-1.1204864
1510329941950	9.452309	2.7102363	-1.1109096
1510329941965	9.461885	2.6431987	-1.0630256
1510329941970	9.452309	2.6240451	-1.0055647
1510329941982	9.471462	2.633622	-0.9576807
1510329941990	9.490616	2.6144683	-0.92895025
1510329942005	9.500193	2.6240451	-0.90979666
1510329942010	9.490616	2.633622	-0.90021986
1510329942023	9.500193	2.6240451	-0.91937345
1510329942031	9.490616	2.6048915	-0.94810385
1510329942039	9.500193	2.5570073	-0.9864111
1510329942051	9.509769	2.4708161	-1.0247183
1510329942060	9.519346	2.3654714	-1.0534488
1510329942069	9.528923	2.27928	-1.043872
1510329942079	9.5385	2.2218192	-1.0151415
1510329942089	9.548077	2.231396	-0.9864111
1510329942100	9.5385	2.2697031	-0.9768343
1510329942109	9.548077	2.336741	-0.9672575
1510329942119	9.557653	2.384625	-0.9768343
1510329942129	9.519346	2.4516625	-0.93852705
1510329942139	9.490616	2.5187001	-0.8714894
1510329942150	9.500193	2.5474305	-0.81402856
1510329942159	9.509769	2.528277	-0.7757214
1510329942170	9.500193	2.480393	-0.7086837
1510329942179	9.509769	2.4708161	-0.6512229
1510329942189	9.481039	2.5091233	-0.61291564
1510329942200	9.471462	2.566584	-0.63206923
1510329942213	9.481039	2.6527755	-0.6799533
1510329942220	9.461885	2.7102363	-0.7565677
1510329942230	9.471462	2.72939	-0.82360536
1510329942240	9.509769	2.6527755	-0.8619126
1510329942250	9.528923	2.4899697	-0.90021986
1510329942264	9.5385	2.3175871	-0.90979666
1510329942271	9.548077	2.2026656	-0.90021986
1510329942280	9.56723	2.1164744	-0.93852705
1510329942290	9.605537	2.0494366	-0.9959879
1510329942300	9.682152	2.0015526	-1.1204864
1510329942314	9.844957	1.982399	-1.3311762
1510329942321	10.0748005	1.9536686	-1.685518
1510329942331	10.208876	1.8195933	-2.078167
1510329942342	10.093954	1.5705963	-2.96881
1510329942350	9.873688	1.3215994	-2.4708161
1510329942361	9.691729	1.1013328	-2.4037786
1510329942370	9.624691	0.94810385	-1.5514427
1510329942381	9.653421	0.89064306	-1.3790601
1510329942390	9.739613	0.90979666	-1.043872
1510329942401	9.749189	1.3694834	-0.90021986
1510329942411	9.615114	1.7238252	-0.89064306
1510329942420	9.576807	2.0973208	-0.93852705
1510329942431	9.557653	2.4995465	-0.90979666
1510329942440	9.548077	2.8921957	-0.6991069
1510329942453	9.500193	3.1890767	-0.36391866
1510329942463	9.414001	3.3806129	0.0
1510329942471	9.32781	3.5051112	0.2681506
1510329942482	9.289502	3.620033	0.45968673
1510329942491	9.32781	3.7445314	0.58418524
1510329942501	9.442732	3.763685	0.6607997
1510329942511	9.643845	3.6391866	0.6895301
1510329942521	9.892841	3.4572272	0.641646
1510329942532	10.132261	3.2752678	0.5363012
1510329942541	10.342952	3.1603463	0.45010993
1510329942551	10.524911	3.074155	0.36391866
1510329942561	10.6877165	2.930503	0.30645782
1510329942571	10.831368	2.777274	0.32561144
1510329942582	10.888829	2.7964275	0.33518824
1510329942591	10.793061	3.074155	0.40222588
1510329942601	10.572795	3.4763808	0.60333884
1510329942613	10.295067	3.8498764	0.79487497
1510329942621	9.959879	4.1659107	1.0534488
1510329942631	9.643845	4.414908	1.3024458
1510329942645	9.356541	4.644751	1.484405
1510329942652	8.963891	4.951209	1.7429788
1510329942661	8.446744	5.410896	1.934515
1510329942671	8.015787	5.947197	1.9440918
1510329942681	7.7093296	6.2823853	1.8866309
1510329942691	7.565677	6.205771	1.6280571
1510329942701	7.6614456	5.9184666	1.1971009
1510329942711	7.9008656	5.7365074	0.8619126
1510329942721	8.1881695	5.66947	0.51714754
1510329942732	8.494628	5.506664	0.20111294
1510329942746	8.848969	5.2385135	0.0
1510329942753	9.155427	4.9799395	-0.095768064
1510329942763	9.279925	4.7500963	-0.12449849
1510329942773	9.222465	4.4915223	-0.076614454
1510329942782	9.097966	4.2521024	0.06703765
1510329942796	9.059659	3.964798	0.22026655
1510329942803	9.088389	3.5817258	0.29688102
1510329942815	9.174581	3.1890767	0.31603462
1510329942823	9.222465	2.873042	0.32561144
1510329942832	9.155427	2.7102363	0.38307226
1510329942844	8.954314	2.719813	0.47884035
1510329942852	8.66701	2.7485435	0.48841715
1510329942862	8.456321	2.7006595	0.39264908
1510329942873	8.379706	2.633622	0.30645782
1510329942883	8.39886	2.5953147	0.31603462
1510329942896	8.418014	2.5570073	0.34476504
1510329942903	8.341399	2.5187001	0.51714754
1510329942914	8.169016	2.4995465	0.6895301
1510329942923	8.015787	2.4708161	0.80445176
1510329942933	7.920019	2.528277	0.89064306
1510329942945	7.824251	2.6719291	0.7661445
1510329942953	7.8146744	2.873042	0.49799395
1510329942963	8.025364	3.064578	0.2681506
1510329942973	8.274361	3.0933087	0.18195933
1510329942985	8.408437	2.9592333	0.36391866
1510329942995	8.465898	2.72939	0.6799533
1510329943003	8.504205	2.5091233	0.9576807
1510329943013	8.599973	2.3942018	1.1109096
1510329943023	8.801085	2.4229321	1.0342951
1510329943033	9.059659	2.528277	0.7374141
1510329943045	9.251195	2.6527755	0.34476504
1510329943053	9.346964	2.8443117	0.1436521
1510329943063	9.414001	3.1890767	0.11492168
1510329943078	9.519346	3.4955344	0.08619126
1510329943084	9.653421	3.5817258	0.12449849
1510329943095	9.730036	3.4859576	0.21068975
1510329943104	9.653421	3.2273839	0.31603462
1510329943113	9.375694	2.9496565	0.4405331
1510329943128	9.059659	2.873042	0.60333884
1510329943134	8.90643	2.9783869	0.7086837
1510329943144	8.916007	3.1411927	0.7469909
1510329943154	9.011775	3.466804	0.8523358
1510329943163	9.088389	3.9456444	1.0055647
1510329943176	9.078813	4.3287168	1.0534488
1510329943184	8.992621	4.5394063	1.0726024
1510329943194	8.868123	4.6351743	1.1013328
1510329943203	8.801085	4.6160207	1.0821792
1510329943215	8.7532015	4.405331	0.9864111
1510329943227	8.63828	3.9743748	0.8619126
1510329943234	8.42759	3.466804	0.78529817
1510329943245	8.226477	3.1794999	0.80445176
1510329943254	8.274361	3.3614593	0.90979666
1510329943264	8.590396	3.8881836	1.0726024
1510329943277	8.90643	4.3957543	1.1492168
1510329943284	8.916007	4.6830587	1.1109096
1510329943294	8.647857	4.596867	0.89064306
1510329943304	8.360553	4.050989	0.36391866
1510329943314	8.283937	3.2561142	-0.22026655
1510329943327	8.322245	2.5091233	-0.4213795
1510329943334	8.331821	1.9249382	-0.2777274
1510329943344	8.465898	1.5035586	-0.19153613
1510329943354	8.963891	1.3503298	-0.17238252
1510329943364	9.557653	1.4077905	-0.1340753
1510329943376	9.80665	1.5227122	-0.21068975
1510329943384	9.77792	1.6472107	-0.4213795
1510329943394	9.749189	1.6663644	-0.6799533
1510329943405	9.844957	1.484405	-0.90979666
1510329943415	9.9790325	1.2449849	-1.0151415
1510329943426	10.01734	1.1683705	-0.5650316
1510329943434	10.065224	1.3215994	-0.45968673
1510329943445	10.237606	1.7046716	-0.4213795
1510329943454	10.46745	1.7142484	-0.4309563
1510329943465	10.668563	1.5705963	-0.4213795
1510329943475	10.630256	1.3120226	-0.39264908
1510329943484	10.496181	1.1013328	-0.35434186
1510329943496	10.28549	1.0342951	-0.41180268
1510329943504	10.093954	1.1109096	-0.60333884
1510329943514	9.9790325	1.340753	-0.8810662
1510329943525	9.873688	1.7046716	-1.2354081
1510329943535	9.787497	2.0015526	-1.5897499
1510329943545	9.701305	2.1547816	-1.7812861
1510329943555	9.605537	2.327164	-1.7908629
1510329943565	9.548077	2.4516625	-1.7621324
1510329943576	9.595961	2.2984335	-1.7908629
1510329943585	9.691729	1.8291701	-1.8387469
1510329943595	9.873688	1.2545617	-1.8291701
1510329943609	10.371682	0.8331822	-1.7429788
1510329943616	11.089942	0.6607997	-1.4460979
1510329943625	11.626244	0.7374141	-0.8619126
1510329943635	11.741165	0.90979666	-0.15322891
1510329943645	11.386824	1.0247183	0.38307226
1510329943659	10.7356	1.091756	0.641646
1510329943666	10.132261	1.2449849	0.6799533
1510329943676	9.730036	1.5993267	0.48841715
1510329943685	9.423578	2.2218192	0.1436521
1510329943696	9.270349	3.0262709	-0.20111294
1510329943707	9.251195	3.7541082	-0.5746084
1510329943715	9.193734	4.1946416	-0.8619126
1510329943725	9.14585	4.280833	-0.9864111
1510329943735	9.241618	4.0797195	-0.9768343
1510329943746	9.375694	3.6391866	-0.842759
1510329943757	9.481039	3.0071173	-0.59376204
1510329943765	9.557653	2.2888567	-0.31603462
1510329943775	9.605537	1.6759412	-0.11492168
1510329943787	9.634268	1.292869	-0.047884032
1510329943796	9.624691	1.1492168	-0.12449849
1510329943807	9.615114	1.1875241	-0.34476504
1510329943815	9.624691	1.340753	-0.6512229
1510329943826	9.634268	1.5610195	-0.9768343
1510329943836	9.605537	1.8579005	-1.3120226
1510329943846	9.624691	2.1739352	-1.5993267
1510329943859	9.682152	2.3942018	-1.7812861
1510329943866	9.758766	2.432509	-1.8387469
1510329943876	9.787497	2.327164	-1.7717092
1510329943886	9.749189	2.1164744	-1.6280571
1510329943896	9.701305	1.7908629	-1.3982137
1510329943909	9.720459	1.3790601	-1.1204864
1510329943916	9.797073	0.9576807	-0.8331822
1510329943926	9.844957	0.59376204	-0.5267244
1510329943936	9.825804	0.38307226	-0.2777274
1510329943946	9.758766	0.39264908	-0.12449849
1510329943958	9.739613	0.5650316	-0.19153613
1510329943966	9.749189	0.842759	-0.41180268
1510329943976	9.739613	1.3694834	-0.6703765
1510329943986	9.720459	1.541866	-0.8331822
1510329943997	9.710882	1.6663644	-0.8810662
1510329944008	9.701305	1.7238252	-0.82360536
1510329944017	9.710882	1.733402	-0.6991069
1510329944027	9.701305	1.685518	-0.5554548
1510329944041	9.672575	1.5993267	-0.4213795
1510329944048	9.662998	1.4652514	-0.30645782
1510329944056	9.672575	1.3024458	-0.22984336
1510329944066	9.701305	1.1587936	-0.21068975
1510329944077	9.720459	1.1109096	-0.24899697
1510329944089	9.730036	1.1683705	-0.2777274
1510329944096	9.701305	1.3024458	-0.2873042
1510329944107	9.682152	1.4173675	-0.29688102
1510329944116	9.691729	1.4652514	-0.33518824
1510329944127	9.701305	1.436521	-0.36391866
1510329944139	9.710882	1.3503298	-0.33518824
1510329944147	9.720459	1.2258313	-0.23942018
1510329944158	9.739613	1.1109096	-0.1340753
1510329944167	9.758766	1.043872	-0.038307227
1510329944177	9.787497	1.0151415	0.009576807
1510329944190	9.816227	0.9768343	0.019153614
1510329944197	9.835381	0.90979666	-0.02873042
1510329944207	9.797073	0.842759	-0.12449849
1510329944217	9.730036	0.8523358	-0.20111294
1510329944227	9.691729	0.92895025	-0.22026655
1510329944241	9.701305	1.1013328	-0.19153613
1510329944248	9.749189	1.292869	-0.1340753
1510329944257	9.787497	1.436521	-0.06703765
1510329944268	9.77792	1.4460979	-0.019153614
1510329944277	9.720459	1.3790601	0.038307227
1510329944291	9.653421	1.340753	0.06703765
1510329944298	9.615114	1.3503298	0.076614454
1510329944308	9.653421	1.3982137	0.06703765
1510329944318	9.710882	1.4748282	0.02873042
1510329944328	9.720459	1.5227122	-0.038307227
1510329944340	9.691729	1.484405	-0.11492168
1510329944348	9.682152	1.3694834	-0.20111294
1510329944360	9.701305	1.2354081	-0.25857377
1510329944374	9.710882	1.0821792	-0.24899697
1510329944378	9.720459	1.091756	-0.25857377
1510329944388	9.749189	1.1013328	-0.24899697
1510329944398	9.787497	1.1109096	-0.2873042
1510329944409	9.77792	1.1492168	-0.31603462
1510329944418	9.720459	1.2162545	-0.36391866
1510329944428	9.710882	1.2737153	-0.4405331
1510329944438	9.739613	1.3024458	-0.5267244
1510329944448	9.758766	1.3215994	-0.61291564
1510329944459	9.768343	1.3311762	-0.7182605
1510329944468	9.758766	1.2737153	-0.7086837
1510329944479	9.768343	1.1971009	-0.641646
1510329944489	9.739613	1.2545617	-0.5267244
1510329944499	9.720459	1.3503298	-0.39264908
1510329944509	9.749189	1.388637	-0.2681506
1510329944523	9.739613	1.3982137	-0.1340753
1510329944530	9.691729	1.4173675	0.0
1510329944539	9.643845	1.532289	0.17238252
1510329944549	9.605537	1.6759412	0.39264908
1510329944559	9.615114	1.7908629	0.5554548
1510329944573	9.624691	1.8195933	0.641646
1510329944579	9.615114	1.7908629	0.6703765
1510329944589	9.624691	1.7238252	0.6512229
1510329944599	9.634268	1.6280571	0.5746084
1510329944609	9.643845	1.532289	0.46926352
1510329944622	9.662998	1.436521	0.35434186
1510329944634	9.701305	1.3503298	0.22984336
1510329944640	9.730036	1.2641385	0.12449849
1510329944649	9.739613	1.2162545	0.06703765
1510329944659	9.749189	1.1971009	0.038307227
1510329944671	9.787497	1.2066777	0.0
1510329944679	9.825804	1.1683705	-0.05746084
1510329944689	9.816227	1.1300632	-0.10534488
1510329944699	9.797073	1.0821792	-0.1436521
1510329944711	9.80665	1.0055647	-0.18195933
1510329944722	9.816227	0.91937345	-0.17238252
1510329944730	9.768343	0.89064306	-0.10534488
1510329944740	9.701305	0.94810385	-0.009576807
1510329944750	9.672575	1.1013328	0.06703765
1510329944760	9.720459	1.2737153	0.10534488
1510329944770	9.77792	1.388637	0.12449849
1510329944779	9.768343	1.3982137	0.15322891
1510329944791	9.691729	1.3503298	0.21068975
1510329944799	9.634268	1.3120226	0.31603462
1510329944810	9.643845	1.292869	0.4309563
1510329944820	9.672575	1.283292	0.49799395
1510329944830	9.710882	1.2641385	0.50757074
1510329944840	9.605537	1.685518	0.4309563
1510329944850	9.509769	2.384625	0.19153613
1510329944861	9.701305	2.4516625	-0.08619126
1510329944871	9.854534	2.1452048	-0.31603462
1510329944880	9.80665	1.5131354	-0.30645782
1510329944890	9.892841	0.4213795	-0.24899697
1510329944900	9.883265	0.19153613	0.095768064
1510329944910	9.576807	0.82360536	0.8331822
1510329944920	9.624691	1.1013328	1.1013328
1510329944930	10.007763	1.1109096	0.90979666
1510329944941	10.103531	1.043872	0.6991069
1510329944953	9.883265	0.9576807	0.60333884
1510329944961	9.576807	0.9672575	0.62249243
1510329944971	9.414001	0.9768343	0.6607997
1510329944981	9.461885	0.9576807	0.7182605
1510329944991	9.615114	0.9672575	0.7757214
1510329945004	9.662998	1.6950948	0.82360536
1510329945011	9.634268	1.4077905	0.7757214
1510329945021	9.643845	1.4652514	0.63206923
1510329945031	9.787497	1.532289	0.4405331
1510329945041	9.873688	1.6184803	0.20111294
1510329945054	9.883265	1.6280571	-0.02873042
1510329945061	9.80665	1.6663644	-0.39264908
1510329945071	9.720459	2.030283	-0.7757214
1510329945081	9.595961	2.327164	-0.7469909
1510329945091	9.519346	1.934515	-0.29688102
1510329945102	9.653421	1.043872	0.25857377
1510329945111	9.892841	0.36391866	0.80445176
1510329945122	10.036493	0.23942018	1.1875241
1510329945131	10.084377	0.4405331	1.3311762
1510329945141	10.055647	0.58418524	1.2641385
1510329945151	9.816227	0.6607997	1.1492168
1510329945161	9.519346	0.78529817	1.043872
1510329945171	9.394848	0.8714894	0.93852705
1510329945181	9.500193	0.9576807	0.92895025
1510329945192	9.710882	0.9672575	1.0247183
1510329945204	9.873688	0.9576807	1.0342951
1510329945212	9.844957	1.1109096	0.89064306
1510329945221	9.548077	1.4460979	0.6799533
1510329945231	9.375694	1.6950948	0.49799395
