timestamp	x	y	z
1512033871904	0.909	-10.247	3.696
1512033871923	1.063	-9.289	3.754
1512033871924	0.89	-8.772	3.562
1512033871935	0.517	-8.916	3.466
1512033871949	0.517	-8.916	3.313
1512033871951	0.603	-9.241	3.064
1512033871961	0.747	-9.596	2.882
1512033871973	1.015	-9.998	2.739
1512033871981	1.015	-9.998	2.509
1512033871991	1.302	-9.998	2.164
1512033872008	1.455	-9.921	1.992
1512033872011	1.762	-10.017	2.001
1512033872021	1.666	-10.19	2.078
1512033872037	1.771	-10.324	2.145
1512033872041	1.714	-10.381	2.087
1512033872056	1.446	-10.458	1.857
1512033872063	1.35	-10.467	1.666
1512033872071	1.359	-10.458	1.656
1512033872081	1.379	-10.314	1.714
1512033872110	1.321	-10.218	1.714
1512033872111	1.264	-9.998	1.723
1512033872111	1.254	-9.797	1.752
1512033872133	1.235	-9.596	1.886
1512033872142	1.225	-9.5	2.078
1512033872144	1.331	-9.462	2.183
1512033872152	1.465	-9.538	2.308
1512033872164	1.608	-9.73	2.317
1512033872178	1.714	-9.893	2.049
1512033872190	1.867	-10.132	1.819
1512033872195	1.819	-10.477	1.666
1512033872204	1.781	-10.87	1.608
1512033872218	1.561	-11.253	1.656
1512033872221	1.494	-11.396	1.695
1512033872234	1.465	-11.377	1.656
1512033872250	1.494	-11.186	1.618
1512033872251	1.541	-10.831	1.57
1512033872269	1.513	-10.467	1.513
1512033872273	1.474	-10.151	1.407
1512033872283	1.561	-9.941	1.359
1512033872292	1.541	-9.807	1.398
1512033872306	1.589	-9.778	1.551
1512033872311	1.599	-9.739	1.676
1512033872321	1.676	-9.653	1.704
1512033872336	1.752	-9.557	1.723
1512033872341	1.81	-9.5	1.79
1512033872351	1.905	-9.443	1.877
1512033872365	1.953	-9.5	1.944
1512033872371	2.116	-9.529	2.02
1512033872382	2.154	-9.557	2.03
1512033872400	2.221	-9.529	1.944
1512033872401	2.288	-9.471	1.733
1512033872413	2.221	-9.452	1.599
1512033872428	2.126	-9.452	1.484
1512033872431	2.317	-9.462	1.379
1512033872442	2.365	-9.462	1.359
1512033872456	2.346	-9.5	1.359
1512033872461	2.346	-9.529	1.465
1512033872471	2.298	-9.625	1.57
1512033872486	2.346	-9.787	1.685
1512033872491	2.25	-10.017	1.829
1512033872503	2.241	-10.276	1.982
1512033872519	2.126	-10.554	2.097
1512033872521	2.183	-10.822	2.212
1512033872533	2.317	-10.994	2.279
1512033872549	2.451	-11.176	2.355
1512033872551	2.528	-11.473	2.47
1512033872564	2.566	-11.799	2.7
1512033872602	2.566	-12.172	2.853
1512033872605	2.71	-12.488	2.844
1512033872610	2.681	-12.737	2.901
1512033872613	2.681	-12.775	2.901
1512033872616	2.777	-12.603	3.045
1512033872627	2.729	-12.479	3.16
1512033872639	2.691	-12.565	3.514
1512033872641	2.595	-12.718	3.428
1512033872657	2.279	-12.68	3.304
1512033872664	2.26	-12.517	2.997
1512033872671	2.288	-11.894	2.825
1512033872684	1.771	-11.272	2.681
1512033872691	1.723	-10.611	2.48
1512033872701	1.58	-9.874	2.365
1512033872713	1.264	-9.28	2.193
1512033872721	1.11	-8.705	2.001
1512033872731	0.948	-8.178	1.944
1512033872742	0.881	-7.249	1.819
1512033872751	0.632	-7.278	1.771
1512033872761	0.411	-7.01	1.771
1512033872771	0.296	-6.675	1.829
1512033872781	0.373	-6.502	1.925
1512033872791	0.469	-6.579	2.011
1512033872803	0.612	-6.55	2.078
1512033872811	0.756	-6.474	2.049
1512033872822	0.986	-6.454	2.059
1512033872835	1.254	-6.454	2.135
1512033872841	1.398	-6.617	2.269
1512033872851	1.608	-6.751	2.365
1512033872865	1.829	-6.953	2.403
1512033872871	2.068	-7.125	2.355
1512033872883	2.241	-7.221	2.231
1512033872895	2.269	-7.374	2.116
1512033872901	2.269	-7.556	2.011
1512033872914	2.327	-7.786	1.972
1512033872926	2.355	-8.111	2.02
1512033872931	2.394	-8.552	2.269
1512033872944	2.461	-8.945	2.499
1512033872955	2.442	-9.308	2.7
1512033872961	2.355	-9.634	2.825
1512033872972	2.202	-9.931	2.892
1512033872982	1.953	-10.132	2.988
1512033872991	1.762	-10.237	2.997
1512033873001	1.532	-10.199	2.901
1512033873012	1.359	-10.065	2.7
1512033873021	1.11	-9.902	2.442
1512033873031	0.737	-9.787	2.25
1512033873043	0.507	-9.883	2.183
1512033873051	0.632	-10.084	2.174
1512033873061	1.063	-10.429	2.298
1512033873074	1.158	-10.745	2.394
1512033873081	1.331	-10.965	2.308
1512033873092	1.608	-11.166	2.288
1512033873105	1.992	-11.348	2.595
1512033873111	2.365	-11.396	2.576
1512033873124	2.633	-11.233	2.643
1512033873135	2.863	-10.879	2.777
1512033873141	3.083	-10.563	2.777
1512033873153	3.342	-10.467	3.007
1512033873165	3.495	-10.554	3.265
1512033873196	3.533	-10.678	3.265
1512033873209	3.514	-10.716	3.246
1512033873219	3.428	-10.554	3.083
1512033873220	3.093	-10.314	2.844
1512033873221	2.825	-10.027	2.576
1512033873226	2.48	-9.912	2.47
1512033873232	1.867	-9.96	2.47
1512033873241	1.398	-10.103	2.442
1512033873256	1.187	-10.276	2.403
1512033873261	1.331	-10.41	2.375
1512033873273	1.494	-10.381	2.298
1512033873288	1.733	-10.237	2.068
1512033873291	1.666	-10.027	2.068
1512033873301	1.79	-9.749	2.059
1512033873314	1.896	-9.471	2.25
1512033873321	1.934	-9.184	2.174
1512033873331	1.953	-8.945	2.432
1512033873343	1.972	-8.887	2.499
1512033873351	2.011	-8.868	2.585
1512033873361	2.03	-8.849	2.557
1512033873373	2.039	-8.839	2.537
1512033873381	2.011	-8.916	2.614
1512033873391	2.202	-9.174	2.777
1512033873403	2.087	-9.692	2.844
1512033873411	2.087	-9.692	2.825
1512033873421	2.308	-9.778	2.729
1512033873433	2.413	-9.845	2.672
1512033873441	2.47	-9.845	2.662
1512033873451	2.461	-9.893	2.7
1512033873464	2.47	-10.18	2.729
1512033873471	2.557	-10.18	2.786
1512033873481	2.633	-10.18	2.767
1512033873495	2.681	-10.132	2.7
1512033873501	2.758	-10.103	2.547
1512033873513	2.719	-10.027	2.375
1512033873538	2.595	-9.893	2.241
1512033873540	2.461	-9.749	2.126
1512033873544	2.298	-9.605	2.039
1512033873555	2.183	-9.567	2.106
1512033873561	2.116	-9.644	2.241
1512033873571	2.135	-9.711	2.308
1512033873583	2.231	-9.845	2.298
1512033873591	2.375	-10.008	2.288
1512033873601	2.604	-10.151	2.308
1512033873613	2.786	-10.247	2.317
1512033873621	2.777	-10.247	2.317
1512033873644	2.7	-10.036	2.346
1512033873651	2.423	-9.893	2.365
1512033873661	2.241	-9.768	2.403
1512033873676	2.174	-9.72	2.423
1512033873681	2.097	-9.653	2.442
1512033873693	2.068	-9.567	2.375
1512033873706	2.049	-9.557	2.346
1512033873711	1.992	-9.567	2.317
1512033873721	1.934	-9.586	2.241
1512033873736	1.867	-9.663	2.116
1512033873741	1.905	-9.778	2.087
1512033873753	2.049	-9.902	2.068
1512033873765	2.126	-9.96	2.116
1512033873771	2.193	-9.979	2.145
1512033873783	2.26	-9.96	2.135
1512033873796	2.308	-9.941	2.193
1512033873857	2.327	-9.921	2.193
1512033873859	2.336	-9.902	2.26
1512033873861	2.327	-9.835	2.25
1512033873862	2.336	-9.787	2.25
1512033873863	2.365	-9.739	2.202
1512033873864	2.403	-9.692	2.174
1512033873865	2.442	-9.625	2.154
1512033873871	2.499	-9.557	2.174
1512033873893	2.566	-9.653	2.183
1512033873904	2.585	-9.701	2.145
1512033873917	2.576	-9.807	2.097
1512033873921	2.547	-9.797	2.106
1512033873931	2.499	-9.845	2.078
1512033873962	2.403	-9.864	2.241
1512033873968	2.317	-9.96	2.346
1512033873975	2.183	-9.941	2.442
1512033873981	2.183	-9.902	2.442
1512033873991	2.145	-9.921	2.47
1512033874001	2.087	-9.921	2.49
1512033874011	2.03	-9.95	2.47
1512033874021	2.097	-9.95	2.48
1512033874033	1.953	-9.931	2.49
1512033874041	1.953	-9.883	2.336
1512033874051	1.886	-9.864	2.432
1512033874063	1.704	-9.854	2.442
1512033874071	1.704	-9.854	2.48
1512033874081	1.656	-9.969	2.576
1512033874095	1.848	-10.142	2.7
1512033874101	1.771	-10.333	2.873
1512033874111	2.02	-10.515	2.959
1512033874123	1.953	-10.707	3.035
1512033874131	1.925	-10.707	3.102
1512033874142	1.886	-10.85	3.16
1512033874154	1.848	-11.157	3.256
1512033874161	1.8	-11.157	3.313
1512033874171	1.743	-11.55	3.352
1512033874184	1.743	-11.751	3.332
1512033874191	1.925	-11.894	3.332
1512033874201	2.011	-11.952	3.246
1512033874213	2.078	-11.885	3.256
1512033874221	2.106	-11.741	3.265
1512033874233	2.087	-11.569	3.323
1512033874243	1.944	-11.358	3.428
1512033874251	1.79	-11.119	3.457
1512033874261	1.733	-10.822	3.438
1512033874274	1.704	-10.467	3.323
1512033874281	1.695	-10.075	3.102
1512033874291	1.676	-9.73	2.863
1512033874303	1.599	-9.356	2.739
1512033874311	1.446	-8.973	2.624
1512033874321	1.292	-8.533	2.518
1512033874333	1.216	-8.083	2.413
1512033874341	1.158	-7.757	2.288
1512033874351	1.082	-7.489	2.174
1512033874364	1.034	-7.202	2.078
1512033874373	0.976	-6.933	1.992
1512033874381	1.043	-6.694	1.992
1512033874393	1.091	-6.541	2.02
1512033874401	1.187	-6.416	2.049
1512033874411	1.34	-6.34	2.078
1512033874424	1.589	-6.34	2.001
1512033874431	1.819	-6.512	1.896
1512033874443	2.001	-6.809	1.79
1512033874466	2.241	-6.876	1.522
1512033874467	2.375	-6.847	1.216
1512033874501	2.346	-7.144	1.091
1512033874505	2.202	-7.719	1.12
1512033874509	2.26	-8.188	1.235
1512033874512	2.394	-8.561	1.446
1512033874521	2.461	-8.935	1.762
1512033874522	2.384	-9.27	2.059
1512033874543	2.25	-9.577	2.25
1512033874544	2.145	-9.912	2.47
1512033874558	1.944	-10.084	2.557
1512033874573	1.819	-10.094	2.528
1512033874578	1.503	-10.113	2.557
1512033874589	1.331	-10.247	2.672
1512033874592	1.34	-10.352	2.844
1512033874602	1.359	-10.352	2.978
1512033874611	1.369	-10.247	2.949
1512033874621	1.446	-10.17	2.988
1512033874636	1.561	-10.123	3.026
1512033874641	1.695	-10.094	3.122
1512033874653	1.723	-10.075	3.122
1512033874668	1.781	-10.075	3.141
1512033874671	1.819	-10.18	3.198
1512033874681	1.915	-10.314	3.217
1512033874697	2.298	-10.41	3.246
1512033874701	2.308	-10.534	3.246
1512033874711	2.384	-10.64	3.217
1512033874724	2.432	-10.592	2.739
1512033874731	2.432	-10.506	2.739
1512033874741	2.346	-10.467	2.595
1512033874754	1.886	-10.429	2.518
1512033874761	1.886	-10.4	2.365
1512033874771	1.618	-10.362	2.375
1512033874785	1.426	-10.362	2.375
1512033874791	1.426	-10.352	2.375
1512033874801	1.474	-10.305	2.384
1512033874816	1.714	-10.17	2.394
1512033874821	1.867	-10.046	2.413
1512033874832	1.8	-9.893	2.518
1512033874847	1.762	-9.826	2.585
1512033874851	1.743	-9.768	2.681
1512033874862	1.676	-9.73	2.729
1512033874877	1.762	-9.749	2.729
1512033874881	1.79	-10.017	2.7
1512033874892	1.81	-9.998	2.614
1512033874907	1.867	-10.056	2.547
1512033874911	1.896	-10.084	2.547
1512033874922	1.953	-10.046	2.547
1512033874937	2.02	-10.008	2.509
1512033874941	2.059	-9.941	2.509
1512033874955	2.097	-9.845	2.528
1512033874970	2.164	-9.739	2.547
1512033874972	2.164	-9.625	2.49
1512033874982	2.135	-9.557	2.442
1512033874994	2.221	-9.586	2.451
1512033875001	2.231	-9.605	2.384
1512033875011	2.231	-9.615	2.317
1512033875025	2.269	-9.596	2.308
1512033875031	2.317	-9.577	2.26
1512033875041	2.298	-9.557	2.231
1512033875056	2.221	-9.548	2.231
1512033875061	2.174	-9.538	2.336
1512033875072	2.174	-9.538	2.413
1512033875114	2.145	-9.452	2.48
1512033875131	2.126	-9.318	2.48
1512033875135	1.963	-9.155	2.47
1512033875138	1.733	-9.28	2.355
1512033875142	1.704	-9.682	2.221
1512033875146	1.877	-10.199	2.183
1512033875149	2.231	-10.64	2.126
1512033875151	2.566	-10.889	1.953
1512033875164	2.719	-11.004	1.762
1512033875180	2.767	-11.023	1.704
1512033875181	2.691	-10.917	1.752
1512033875192	2.49	-10.649	1.838
1512033875213	2.298	-10.305	2.03
1512033875214	2.26	-10.017	2.183
1512033875227	2.212	-9.835	2.279
1512033875232	2.116	-9.692	2.384
1512033875242	2.03	-9.605	2.403
1512033875256	1.953	-9.557	2.413
1512033875265	1.925	-9.519	2.394
1512033875272	1.934	-9.529	2.279
1512033875287	1.944	-9.605	2.116
1512033875295	1.953	-9.692	1.972
1512033875302	1.963	-9.739	1.838
1512033875313	1.925	-9.778	1.771
1512033875322	1.934	-9.749	1.8
1512033875331	1.905	-9.72	1.867
1512033875341	1.963	-9.663	1.963
1512033875352	2.039	-9.701	2.164
1512033875361	2.135	-9.749	2.308
1512033875374	2.183	-9.759	2.384
1512033875399	2.193	-9.807	2.221
1512033875401	2.202	-9.845	2.116
1512033875405	2.164	-9.893	1.963
1512033875417	2.164	-9.941	1.963
1512033875421	2.135	-9.96	1.819
1512033875431	2.135	-9.95	1.743
1512033875445	2.135	-9.931	1.762
1512033875451	2.164	-9.874	1.771
1512033875461	2.145	-9.826	1.992
1512033875475	2.164	-9.759	1.963
1512033875481	2.202	-9.701	1.992
1512033875491	2.25	-9.672	2.011
1512033875526	2.279	-9.672	2.03
1512033875528	2.298	-9.682	2.03
1512033875529	2.317	-9.739	2.001
1512033875540	2.317	-9.778	1.953
1512033875542	2.327	-9.816	1.905
1512033875554	2.336	-9.883	1.896
1512033875569	2.413	-9.912	1.886
1512033875599	2.413	-9.921	1.896
1512033875599	2.423	-9.96	1.905
1512033875600	2.461	-9.979	1.934
1512033875604	2.461	-9.979	1.972
1512033875612	2.461	-9.979	2.087
1512033875624	2.432	-10.228	2.221
1512033875631	2.317	-10.381	2.384
1512033875641	2.212	-10.554	2.518
1512033875654	2.078	-10.783	2.681
1512033875661	1.905	-11.013	2.796
1512033875671	1.781	-11.243	2.892
1512033875687	1.656	-11.406	2.978
1512033875691	1.58	-11.473	3.007
1512033875702	1.513	-11.415	3.026
1512033875736	1.513	-11.454	3.083
1512033875741	1.532	-11.607	3.102
1512033875745	1.656	-11.77	3.141
1512033875747	1.656	-11.885	3.093
1512033875765	1.58	-11.933	3.026
1512033875767	1.599	-12.057	3.007
1512033875777	1.685	-12.143	2.892
1512033875782	1.81	-12.191	2.815
1512033875791	1.896	-12.067	2.7
1512033875803	1.896	-11.856	2.672
1512033875818	1.819	-11.473	2.71
1512033875824	1.743	-11.061	2.786
1512033875835	1.637	-10.659	2.786
1512033875841	1.608	-10.266	2.796
1512033875851	1.647	-9.854	2.758
1512033875866	1.637	-9.443	2.729
1512033875871	1.589	-9.021	2.71
1512033875881	1.494	-8.59	2.652
1512033875895	1.417	-8.159	2.547
1512033875901	1.292	-7.795	2.432
1512033875911	1.139	-7.479	2.298
1512033875927	1.015	-7.163	2.145
1512033875931	0.871	-6.905	2.106
1512033875941	0.775	-6.675	2.011
1512033875954	0.651	-6.522	1.982
1512033875963	0.67	-6.454	1.992
1512033875973	0.794	-6.368	1.963
1512033875985	0.976	-6.32	1.915
1512033875991	1.187	-6.359	1.915
1512033876001	1.235	-6.598	1.944
1512033876017	1.34	-6.885	2.25
1512033876021	1.599	-7.144	2.193
1512033876031	1.762	-7.422	2.202
1512033876045	1.915	-7.719	2.078
1512033876051	2.02	-8.083	1.896
1512033876061	2.039	-8.494	1.857
1512033876076	2.087	-8.925	1.992
1512033876081	2.116	-9.261	2.097
1512033876092	2.183	-9.519	2.164
1512033876109	2.279	-9.826	2.25
1512033876111	2.288	-9.988	2.298
1512033876123	2.212	-10.065	2.48
1512033876137	1.934	-10.075	2.48
1512033876141	1.656	-10.056	2.547
1512033876155	1.225	-9.998	2.537
1512033876167	1.225	-9.95	2.537
1512033876171	1.101	-9.845	2.499
1512033876183	1.063	-9.711	2.528
1512033876199	1.063	-9.51	2.451
1512033876201	1.053	-9.194	2.423
1512033876213	1.024	-8.858	2.518
1512033876221	1.024	-8.648	2.729
1512033876231	1.264	-8.772	3.045
1512033876244	1.484	-9.864	3.332
1512033876258	1.79	-9.902	3.601
1512033876261	1.944	-10.534	3.802
1512033876273	2.106	-11.368	3.782
1512033876288	2.317	-11.435	3.687
1512033876291	2.48	-11.856	3.591
1512033876303	2.566	-11.597	3.409
1512033876318	2.451	-10.984	3.141
1512033876321	2.202	-10.554	2.949
1512033876333	1.819	-10.065	2.873
1512033876366	1.426	-10.027	2.777
1512033876373	1.11	-10.199	2.652
1512033876375	0.852	-10.506	2.394
1512033876377	0.852	-10.764	2.135
1512033876383	1.072	-10.812	1.81
1512033876400	1.187	-10.668	1.465
1512033876404	1.235	-10.429	1.245
1512033876412	1.197	-10.065	1.245
1512033876422	1.216	-9.807	1.561
1512033876436	1.359	-9.72	2.011
1512033876474	1.34	-9.739	2.461
1512033876474	1.359	-9.682	2.786
1512033876475	1.359	-9.548	2.93
1512033876476	1.398	-9.471	2.997
1512033876481	1.436	-9.462	2.997
1512033876491	1.426	-9.548	3.007
1512033876501	1.474	-9.644	3.007
1512033876511	1.551	-9.692	2.988
1512033876521	1.637	-9.739	2.94
1512033876531	1.743	-9.787	2.901
1512033876541	1.848	-9.921	2.873
1512033876551	2.02	-10.103	2.844
1512033876584	2.193	-10.237	2.825
1512033876584	2.365	-10.362	2.796
1512033876585	2.403	-10.448	2.691
1512033876591	2.451	-10.419	2.557
1512033876602	2.413	-10.305	2.423
1512033876611	2.298	-10.142	2.308
1512033876621	2.279	-9.912	2.26
1512033876633	2.154	-9.711	2.193
1512033876641	2.039	-9.538	2.068
1512033876651	1.915	-9.395	1.953
1512033876688	1.819	-9.28	1.886
1512033876689	1.771	-9.222	1.925
1512033876690	1.704	-9.232	2.068
1512033876694	1.695	-9.299	2.231
1512033876701	1.723	-9.356	2.298
1512033876711	1.752	-9.395	2.384
1512033876721	1.8	-9.462	2.442
1512033876731	1.915	-9.529	2.48
1512033876741	2.02	-9.538	2.547
1512033876752	2.049	-9.586	2.547
1512033876761	2.087	-9.672	2.499
1512033876771	2.126	-9.902	2.461
1512033876781	2.202	-10.228	2.384
1512033876820	2.346	-10.496	2.288
1512033876821	2.557	-10.726	2.116
1512033876821	2.786	-10.85	1.963
1512033876822	2.921	-10.898	1.905
1512033876831	2.873	-10.889	1.896
1512033876842	2.672	-10.707	1.982
1512033876851	2.509	-10.372	1.982
1512033876861	2.298	-10.094	2.011
1512033876872	2.097	-9.874	2.135
1512033876881	1.944	-9.73	2.02
1512033876891	1.848	-9.663	2.279
1512033876902	1.608	-9.577	2.336
1512033876911	1.723	-9.481	2.413
1512033876921	1.704	-9.462	2.423
1512033876933	1.685	-9.49	2.423
1512033876941	1.685	-9.577	2.375
1512033876952	1.666	-9.596	2.317
1512033876963	1.618	-9.615	2.26
1512033876984	1.618	-9.615	2.212
1512033876987	1.695	-9.615	2.202
1512033876999	1.819	-9.653	2.193
1512033877001	1.953	-9.711	2.221
1512033877011	2.106	-9.759	2.25
1512033877024	2.164	-9.816	2.298
1512033877031	2.25	-9.845	2.308
1512033877041	2.384	-9.874	2.25
1512033877052	2.432	-9.912	2.145
1512033877079	2.48	-9.912	2.106
1512033877080	2.442	-9.95	2.039
1512033877084	2.423	-9.931	2.068
1512033877091	2.375	-9.893	2.068
1512033877101	2.346	-9.835	2.087
1512033877113	2.327	-9.778	2.097
1512033877121	2.317	-9.73	2.097
1512033877131	2.279	-9.682	2.126
1512033877142	2.241	-9.663	2.154
1512033877151	2.212	-9.653	2.154
1512033877161	2.183	-9.653	2.126
1512033877172	2.145	-9.682	2.116
1512033877181	2.097	-9.711	2.135
1512033877191	2.049	-9.73	2.145
1512033877203	2.011	-9.739	2.164
1512033877211	2.001	-9.778	2.145
1512033877221	2.03	-9.787	2.135
1512033877232	2.068	-9.874	2.135
1512033877241	2.145	-9.969	2.174
1512033877252	2.212	-10.075	2.212
1512033877262	2.269	-10.132	2.193
1512033877271	2.279	-10.151	2.241
1512033877281	2.298	-10.161	2.212
1512033877292	2.298	-10.142	2.154
1512033877301	2.308	-10.123	2.145
1512033877311	2.279	-10.056	2.087
1512033877322	2.269	-10.027	2.078
1512033877331	2.298	-10.075	2.097
1512033877341	2.317	-10.094	2.116
1512033877354	2.25	-10.123	2.078
1512033877361	2.174	-10.161	2.106
1512033877371	2.087	-10.19	2.145
1512033877385	2.039	-10.228	2.154
1512033877391	1.963	-10.247	2.221
1512033877401	1.925	-10.276	2.327
1512033877415	1.877	-10.257	2.48
1512033877421	1.819	-10.161	2.585
1512033877431	1.743	-10.075	2.614
1512033877445	1.656	-10.056	2.748
1512033877451	1.637	-10.075	2.748
1512033877461	1.656	-10.123	2.853
1512033877475	1.647	-10.237	3.102
1512033877481	1.58	-10.391	3.102
1512033877491	1.541	-10.601	3.17
1512033877505	1.503	-10.841	3.16
1512033877511	1.551	-11.166	3.16
1512033877521	1.628	-11.521	3.093
1512033877535	1.714	-11.875	2.93
1512033877541	1.714	-12.105	2.93
1512033877551	1.762	-12.191	2.662
1512033877565	1.628	-12.162	2.815
1512033877617	1.628	-12.086	2.968
1512033877618	1.685	-12.019	3.102
1512033877619	1.589	-12.0	3.083
1512033877638	1.541	-11.799	3.17
1512033877643	1.57	-11.463	3.198
1512033877644	1.503	-11.128	2.997
1512033877648	1.312	-10.86	2.719
1512033877650	1.273	-10.477	2.375
1512033877652	1.015	-10.046	2.049
1512033877663	1.283	-9.596	1.743
1512033877671	1.312	-9.251	1.455
1512033877683	1.561	-8.561	1.235
1512033877691	1.781	-8.552	1.091
1512033877714	2.03	-8.15	1.015
1512033877715	2.145	-6.953	1.005
1512033877721	2.288	-6.991	1.034
1512033877731	2.279	-6.004	1.091
1512033877742	2.097	-5.727	1.168
1512033877751	1.953	-5.42	1.235
1512033877761	2.049	-5.248	1.35
1512033877774	2.068	-5.104	1.503
1512033877781	1.982	-5.449	1.848
1512033877791	1.963	-5.832	2.135
1512033877802	1.857	-6.435	2.384
1512033877811	1.838	-7.144	2.413
1512033877821	1.982	-7.795	2.308
1512033877832	1.896	-8.408	2.154
1512033877841	1.561	-9.213	2.183
1512033877851	1.302	-9.854	2.26
1512033877862	1.082	-10.391	2.509
1512033877871	0.919	-10.86	2.691
1512033877882	0.852	-11.205	2.719
1512033877892	0.938	-11.511	2.652
1512033877901	1.216	-11.521	2.557
1512033877911	1.235	-11.281	2.442
1512033877924	1.513	-11.061	2.403
1512033877931	1.723	-10.755	2.355
1512033877941	1.8	-10.343	2.221
1512033877954	1.8	-9.921	2.116
1512033877961	1.771	-9.615	2.183
1512033877975	1.781	-9.51	2.336
1512033877982	1.838	-9.443	2.48
1512033877991	1.905	-9.395	2.547
1512033878001	1.953	-9.318	2.585
1512033878015	1.953	-9.395	2.7
1512033878022	1.982	-9.577	2.882
1512033878032	2.011	-9.682	2.921
1512033878045	1.972	-9.816	2.863
1512033878051	1.934	-9.921	2.796
1512033878061	1.905	-10.027	2.806
1512033878076	1.819	-10.132	2.652
1512033878081	1.58	-10.305	2.767
1512033878091	1.302	-10.439	2.672
1512033878106	1.101	-10.563	2.566
1512033878113	1.043	-10.525	2.432
1512033878123	1.091	-10.4	2.336
1512033878135	1.359	-10.237	2.317
1512033878141	1.618	-10.084	2.375
1512033878151	1.848	-10.094	2.499
1512033878167	2.279	-10.123	2.566
1512033878171	2.279	-10.113	2.566
1512033878181	2.279	-10.046	2.48
1512033878195	2.202	-9.988	2.365
1512033878201	2.126	-9.998	2.365
1512033878213	2.039	-9.921	2.327
1512033878226	1.925	-9.759	2.279
1512033878258	1.857	-9.634	2.298
1512033878262	1.848	-9.653	2.413
1512033878267	1.819	-9.73	2.47
1512033878271	1.829	-9.73	2.537
1512033878273	1.81	-9.663	2.537
1512033878284	1.8	-9.529	2.528
1512033878293	1.762	-9.433	2.528
1512033878301	1.656	-9.404	2.662
1512033878315	1.436	-9.471	2.691
1512033878321	1.225	-9.634	2.719
1512033878338	1.063	-9.797	2.71
1512033878342	0.957	-10.036	2.758
1512033878351	1.388	-10.305	2.719
1512033878361	1.474	-10.592	2.576
1512033878374	1.896	-10.726	2.394
1512033878381	1.944	-10.745	2.193
1512033878393	2.164	-10.611	2.135
1512033878405	2.154	-10.237	2.116
1512033878411	2.116	-9.807	2.202
1512033878421	2.059	-9.423	2.298
1512033878433	2.106	-9.251	2.346
1512033878441	2.126	-9.615	2.279
1512033878451	2.221	-9.835	2.106
1512033878464	2.47	-10.17	2.02
1512033878471	2.758	-10.391	1.953
1512033878481	2.825	-10.515	1.886
1512033878494	2.863	-10.621	1.953
1512033878501	2.844	-10.592	2.145
1512033878511	2.633	-10.525	2.394
1512033878526	2.423	-10.391	2.49
1512033878531	2.394	-10.314	2.547
1512033878541	2.423	-10.276	2.432
1512033878560	2.423	-10.17	2.308
1512033878563	2.394	-10.056	2.231
1512033878575	2.327	-9.893	2.279
1512033878586	2.212	-9.797	2.336
1512033878591	2.097	-9.73	2.336
1512033878601	1.953	-9.672	2.308
1512033878613	1.79	-9.605	2.174
1512033878621	1.666	-9.529	2.03
1512033878631	1.58	-9.471	1.953
1512033878646	1.57	-9.49	1.925
1512033878651	1.503	-9.577	1.963
1512033878662	1.484	-9.711	2.039
1512033878676	1.58	-9.787	2.126
1512033878681	1.656	-9.854	2.174
1512033878692	1.714	-9.874	2.231
1512033878707	1.79	-9.979	2.26
1512033878711	1.829	-10.036	2.298
1512033878721	1.896	-10.036	2.317
1512033878736	1.963	-10.027	2.308
1512033878741	1.982	-10.008	2.25
1512033878751	1.944	-10.008	2.212
1512033878766	1.972	-9.969	2.154
1512033878771	2.02	-9.883	2.126
1512033878782	2.097	-9.807	2.135
1512033878796	2.145	-9.759	2.154
1512033878801	2.212	-9.749	2.193
1512033878812	2.269	-9.682	2.221
1512033878826	2.317	-9.615	2.049
1512033878831	2.375	-9.548	2.126
1512033878841	2.375	-9.49	2.059
1512033878853	2.375	-9.529	1.992
1512033878875	2.327	-9.586	2.011
1512033878880	2.279	-9.672	2.02
1512033878892	2.174	-9.701	2.049
1512033878893	2.001	-9.72	2.097
1512033878920	1.915	-9.711	2.078
1512033878922	1.877	-9.73	2.106
1512033878939	1.982	-9.797	2.135
1512033878942	2.001	-9.835	2.126
1512033878943	2.068	-9.854	2.116
1512033878952	2.135	-9.883	2.126
1512033878964	2.154	-9.874	2.097
1512033878979	2.145	-9.864	2.039
1512033878981	2.164	-9.874	1.886
1512033879005	2.193	-9.893	1.992
1512033879013	2.202	-9.883	1.934
1512033879014	2.212	-9.864	1.733
1512033879026	2.212	-9.816	1.848
1512033879037	2.25	-9.787	1.934
1512033879041	2.241	-9.778	1.963
1512033879053	2.068	-9.749	2.03
1512033879067	2.174	-9.711	2.068
1512033879071	2.145	-9.701	2.126
1512033879087	2.087	-9.72	2.212
1512033879095	2.059	-9.768	2.317
1512033879101	2.049	-9.768	2.346
1512033879119	2.097	-9.72	2.394
1512033879123	2.174	-9.701	2.461
1512033879131	2.279	-9.739	2.509
1512033879143	2.308	-9.768	2.509
1512033879152	2.355	-9.768	2.518
1512033879161	2.317	-9.95	2.49
1512033879171	2.221	-9.807	2.423
1512033879185	2.116	-9.854	2.317
1512033879191	2.049	-9.893	2.174
1512033879201	2.001	-9.921	2.039
1512033879217	2.059	-9.921	1.905
1512033879221	2.154	-9.969	1.857
1512033879232	2.212	-10.008	1.819
1512033879242	2.164	-10.027	1.896
1512033879251	2.087	-10.017	1.934
1512033879261	1.992	-9.979	1.992
1512033879272	1.905	-9.969	2.078
1512033879281	1.867	-9.931	2.193
1512033879291	1.838	-9.902	2.26
1512033879307	1.877	-9.883	2.355
1512033879311	2.001	-9.816	2.394
1512033879321	2.097	-9.883	2.499
1512033879339	2.25	-9.969	2.576
1512033879341	2.327	-10.056	2.691
1512033879353	2.355	-10.228	2.758
1512033879368	2.231	-10.515	2.863
1512033879371	2.116	-10.783	2.921
1512033879384	2.02	-11.09	3.055
1512033879398	1.915	-11.339	3.102
1512033879401	1.905	-11.53	3.141
1512033879414	1.934	-11.722	3.102
1512033879423	2.049	-11.913	3.035
1512033879432	2.193	-11.981	2.911
1512033879444	2.26	-11.981	2.844
1512033879461	2.279	-12.0	2.873
1512033879462	2.384	-12.086	2.997
1512033879474	2.48	-12.172	3.035
1512033879491	2.614	-12.258	3.15
1512033879524	2.585	-12.297	3.237
1512033879529	2.49	-12.162	3.217
1512033879542	2.317	-11.827	3.083
1512033879545	2.049	-11.301	2.844
1512033879550	1.647	-10.697	2.595
1512033879552	1.58	-10.123	2.423
1512033879558	1.532	-9.605	2.298
1512033879564	1.494	-9.079	2.25
1512033879579	1.503	-8.609	2.432
1512033879581	1.503	-8.226	2.346
1512033879592	1.426	-7.757	2.308
1512033879607	1.369	-7.23	2.164
1512033879611	1.359	-6.771	2.068
1512033879621	1.216	-6.273	1.944
1512033879637	1.235	-5.746	1.819
1512033879641	1.12	-5.305	1.771
1512033879652	1.072	-4.989	1.723
1512033879667	0.976	-4.731	1.551
1512033879671	0.89	-4.654	1.666
1512033879683	0.852	-4.865	1.81
1512033879697	0.737	-5.315	1.733
1512033879701	0.708	-5.842	1.781
1512033879714	0.794	-6.474	1.972
1512033879723	0.948	-7.269	1.714
1512033879731	1.082	-8.025	1.685
1512033879741	1.321	-8.715	1.407
1512033879758	1.57	-9.395	1.312
1512033879761	1.81	-10.123	1.34
1512033879772	2.518	-10.812	1.474
1512033879788	2.681	-11.348	1.877
1512033879791	3.064	-11.655	2.336
1512033879803	2.978	-11.636	2.576
1512033879819	2.681	-11.243	2.643
1512033879821	2.518	-10.573	2.652
1512033879835	2.221	-9.826	2.604
1512033879851	1.81	-9.194	2.585
1512033879853	1.541	-9.194	2.633
1512033879866	1.446	-9.749	2.566
1512033879882	1.532	-9.979	2.423
1512033879883	1.57	-10.295	2.403
1512033879894	1.494	-10.611	2.355
1512033879901	1.484	-10.735	2.164
1512033879911	1.561	-10.716	1.934
1512033879925	2.078	-10.467	1.733
1512033879942	2.327	-10.352	1.972
1512033879943	2.499	-10.458	2.432
1512033879954	2.662	-10.668	2.786
1512033879983	2.748	-10.917	2.873
1512033879985	2.662	-11.166	2.853
1512033879987	2.499	-11.368	2.777
1512033880003	2.26	-11.348	2.691
1512033880005	1.992	-11.119	2.557
1512033880016	1.838	-10.697	2.442
1512033880021	1.465	-10.352	2.432
1512033880033	1.369	-10.199	2.403
1512033880050	1.541	-10.199	2.336
1512033880052	1.819	-10.209	2.135
1512033880062	2.087	-10.218	2.02
1512033880074	2.327	-10.295	2.001
1512033880084	2.547	-10.391	2.001
1512033880094	2.672	-10.4	2.011
1512033880108	2.595	-10.103	2.078
1512033880121	2.49	-9.874	2.116
1512033880161	2.308	-9.778	2.154
1512033880165	2.212	-9.778	2.193
1512033880165	2.26	-9.816	2.154
1512033880166	2.269	-9.854	2.097
1512033880171	2.308	-9.912	2.059
1512033880181	2.423	-9.931	2.059
1512033880192	2.432	-9.998	2.059
1512033880201	2.365	-9.969	2.087
1512033880211	2.269	-9.835	2.011
1512033880222	2.231	-9.663	2.078
1512033880231	2.174	-9.557	2.174
1512033880241	2.174	-9.538	2.221
1512033880253	2.202	-9.548	2.317
1512033880261	2.298	-9.634	2.288
1512033880273	2.327	-9.739	2.212
1512033880284	2.384	-9.854	2.135
1512033880291	2.48	-9.921	2.059
1512033880301	2.499	-10.027	2.001
1512033880312	2.47	-10.132	1.925
1512033880321	2.47	-10.113	1.8
1512033880331	2.298	-10.036	1.752
1512033880342	2.145	-9.874	1.886
1512033880351	2.03	-9.711	2.011
1512033880361	1.992	-9.615	2.126
1512033880372	1.972	-9.586	2.269
1512033880381	1.963	-9.557	2.394
1512033880391	1.972	-9.586	2.442
1512033880402	2.001	-9.682	2.212
1512033880415	2.068	-9.826	1.877
1512033880423	2.145	-9.941	1.848
1512033880434	2.336	-10.036	1.695
1512033880441	2.336	-10.103	1.618
1512033880451	2.432	-10.161	1.618
1512033880462	2.413	-10.142	1.637
1512033880471	2.442	-10.065	1.733
1512033880482	2.461	-10.017	1.838
1512033880492	2.442	-9.921	1.896
1512033880501	2.442	-9.921	1.915
1512033880511	2.432	-9.883	1.944
1512033880523	2.365	-9.787	1.982
1512033880531	2.327	-9.682	2.097
1512033880541	2.202	-9.605	2.193
1512033880553	2.145	-9.625	2.279
1512033880561	2.145	-9.778	2.279
1512033880571	2.183	-9.682	2.241
1512033880582	2.212	-9.663	2.174
1512033880591	2.308	-9.739	2.126
1512033880601	2.355	-9.778	2.068
1512033880615	2.288	-9.778	2.049
1512033880621	2.174	-9.749	2.097
1512033880631	2.059	-9.711	2.135
1512033880646	1.972	-9.692	2.212
1512033880651	1.915	-9.72	2.317
1512033880661	1.857	-9.759	2.336
1512033880676	1.8	-9.778	2.317
1512033880681	1.781	-9.778	2.288
1512033880692	1.8	-9.749	2.25
1512033880705	1.857	-9.759	2.202
1512033880712	1.905	-9.768	2.193
1512033880724	1.905	-9.778	2.202
1512033880736	1.877	-9.739	2.164
1512033880741	1.857	-9.749	2.174
1512033880751	1.838	-9.73	2.202
1512033880794	1.867	-9.759	2.212
1512033880800	1.905	-9.797	2.231
1512033880803	1.934	-9.826	2.279
1512033880805	1.982	-9.787	2.279
1512033880806	2.039	-9.797	2.25
1512033880832	2.049	-9.787	2.221
1512033880833	2.126	-9.759	2.174
1512033880834	2.174	-9.759	2.145
1512033880843	2.174	-9.73	2.126
1512033880856	2.231	-9.739	2.126
1512033880861	2.269	-9.768	2.135
1512033880872	2.269	-9.778	2.145
1512033880887	2.212	-9.778	2.116
1512033880891	2.183	-9.797	2.126
1512033880907	2.154	-9.845	2.164
1512033880918	2.116	-9.912	2.174
1512033880921	2.087	-9.912	2.174
1512033880931	2.087	-9.902	2.116
1512033880946	2.049	-9.941	2.106
1512033880951	2.02	-9.96	2.097
1512033880961	1.982	-9.893	2.039
1512033880981	1.963	-9.797	2.001
1512033880982	1.915	-9.711	2.001
1512033880993	1.944	-9.625	2.106
1512033881007	2.02	-9.577	2.212
1512033881011	2.097	-9.596	2.288
1512033881021	2.164	-9.739	2.336
1512033881034	2.221	-9.864	2.308
1512033881041	2.26	-9.941	2.25
1512033881051	2.269	-9.941	2.183
1512033881063	2.279	-9.96	2.135
1512033881071	2.26	-9.95	2.126
1512033881081	2.288	-9.969	2.135
1512033881093	2.336	-9.988	2.183
1512033881101	2.336	-10.017	2.183
1512033881112	2.346	-10.008	2.231
1512033881125	2.365	-10.008	2.241
1512033881131	2.317	-9.998	2.279
1512033881141	2.269	-9.998	2.221
1512033881153	2.193	-9.998	2.174
1512033881161	2.164	-9.998	2.135
1512033881171	2.097	-9.96	2.116
1512033881183	2.03	-9.902	2.164
1512033881191	2.03	-9.902	2.269
1512033881201	2.001	-9.902	2.336
1512033881214	2.001	-9.864	2.384
1512033881221	1.886	-9.883	2.413
1512033881232	1.925	-9.912	2.451
1512033881245	1.877	-9.902	2.451
1512033881251	1.79	-10.075	2.461
1512033881263	1.79	-10.199	2.499
1512033881277	1.733	-10.199	2.518
1512033881281	1.723	-10.237	2.557
1512033881293	1.695	-10.247	2.566
1512033881306	1.666	-10.266	2.662
1512033881311	1.628	-10.276	2.767
1512033881323	1.733	-10.247	2.834
1512033881336	1.685	-10.276	2.93
1512033881341	1.695	-10.314	3.007
1512033881353	1.676	-10.372	3.074
1512033881367	1.541	-10.506	3.083
1512033881371	1.513	-10.563	3.016
1512033881382	1.369	-10.735	2.949
1512033881419	1.388	-10.889	2.892
1512033881430	1.494	-11.119	2.873
1512033881432	1.551	-11.291	2.882
1512033881437	1.647	-11.377	2.825
1512033881440	1.8	-11.454	2.815
1512033881443	1.925	-11.521	2.777
1512033881453	2.049	-11.521	2.7
1512033881467	2.078	-11.511	2.719
1512033881477	2.087	-11.377	2.758
1512033881482	2.212	-11.233	2.844
1512033881491	2.355	-11.186	3.055
1512033881501	2.48	-11.061	3.112
1512033881518	2.547	-10.812	3.064
1512033881521	2.499	-10.515	2.988
1512033881531	2.355	-10.142	2.796
1512033881548	2.164	-9.787	2.652
1512033881551	1.925	-9.471	2.595
1512033881561	1.723	-9.194	2.48
1512033881575	1.561	-8.839	2.375
1512033881581	1.455	-8.427	2.174
1512033881591	1.254	-8.054	2.001
1512033881607	1.187	-7.613	1.81
1512033881611	1.063	-7.163	1.685
1512033881621	0.986	-6.751	1.666
1512033881634	0.89	-6.33	1.704
1512033881641	0.861	-6.004	1.714
1512033881651	0.871	-5.746	1.714
1512033881664	0.928	-5.573	1.752
1512033881671	0.967	-5.583	1.79
1512033881681	1.063	-5.64	1.867
1512033881694	1.082	-5.736	1.848
1512033881701	1.053	-5.947	1.848
1512033881711	1.245	-6.349	1.915
1512033881726	1.283	-6.895	2.097
1512033881731	1.426	-7.537	2.25
1512033881741	1.656	-8.265	2.432
1512033881754	1.8	-9.117	2.461
1512033881761	1.905	-9.969	2.403
1512033881771	1.925	-10.688	2.269
1512033881784	1.838	-11.224	1.934
1512033881791	1.695	-11.483	1.905
1512033881801	1.676	-11.626	2.451
1512033881816	1.723	-11.856	2.49
1512033881821	1.714	-11.77	2.566
1512033881834	1.599	-11.339	2.595
1512033881847	1.733	-10.994	2.643
1512033881851	1.838	-10.917	2.71
1512033881862	2.183	-10.889	2.719
1512033881877	2.097	-10.917	2.767
1512033881882	2.097	-10.927	2.806
1512033881894	2.039	-10.812	2.882
1512033881907	2.039	-10.668	2.901
1512033881911	1.819	-10.496	2.93
1512033881922	1.896	-10.458	2.921
1512033881937	1.8	-10.439	2.93
1512033881941	1.714	-10.247	2.786
1512033881952	1.685	-10.056	2.576
1512033881967	1.589	-10.056	2.432
1512033881971	1.532	-10.218	2.403
1512033881982	1.455	-10.372	2.346
1512033881999	1.35	-10.439	2.212
1512033882003	1.225	-10.41	2.116
1512033882026	1.302	-10.333	2.126
1512033882064	1.532	-10.218	2.145
1512033882072	1.8	-10.132	2.164
1512033882072	2.039	-9.979	2.174
1512033882074	2.164	-9.749	2.154
1512033882075	2.135	-9.768	2.126
1512033882092	2.135	-9.854	2.087
1512033882101	2.164	-9.95	2.068
1512033882108	2.25	-10.056	2.049
1512033882111	2.384	-10.036	2.078
1512033882121	2.423	-10.036	2.174
1512033882131	2.336	-9.988	2.212
1512033882147	2.384	-9.893	2.26
1512033882154	2.355	-9.749	2.279
1512033882164	2.308	-9.672	2.308
1512033882179	2.336	-9.605	2.288
1512033882181	2.365	-9.596	2.221
1512033882191	2.346	-9.596	2.097
1512033882207	2.221	-9.672	2.001
1512033882211	2.116	-9.768	1.905
1512033882221	1.992	-9.921	1.829
1512033882238	1.925	-10.036	1.714
1512033882241	1.877	-10.094	1.58
1512033882251	1.877	-10.132	1.58
1512033882264	2.011	-10.075	1.647
1512033882271	2.097	-10.151	1.714
1512033882283	2.231	-10.276	1.819
1512033882295	2.336	-10.429	1.925
1512033882301	2.336	-10.477	1.877
1512033882311	2.346	-10.486	1.886
1512033882324	2.327	-10.381	1.8
1512033882333	2.317	-10.305	1.8
1512033882341	2.279	-10.17	1.81
1512033882355	2.212	-10.046	1.857
1512033882361	2.106	-9.893	1.886
1512033882371	2.011	-9.797	1.915
1512033882385	1.886	-9.759	1.905
1512033882391	1.896	-9.759	1.877
1512033882401	1.944	-9.807	1.867
1512033882423	1.905	-9.816	1.857
1512033882431	1.867	-9.797	1.886
1512033882444	1.877	-9.749	1.905
1512033882451	1.838	-9.692	1.905
1512033882461	1.781	-9.72	2.011
1512033882475	1.79	-9.739	2.241
1512033882481	1.867	-9.759	2.241
1512033882493	1.953	-9.778	2.317
1512033882506	2.193	-9.73	2.336
1512033882511	2.135	-9.672	2.336
1512033882521	2.116	-9.605	2.241
1512033882535	2.116	-9.557	2.164
1512033882541	2.087	-9.567	2.135
1512033882551	2.106	-9.625	2.087
1512033882565	2.106	-9.701	2.087
1512033882571	2.068	-9.797	2.011
1512033882581	2.068	-9.845	1.982
1512033882592	1.905	-9.902	1.934
1512033882601	1.972	-9.96	1.982
1512033882614	2.011	-10.008	1.934
1512033882623	1.838	-10.027	1.915
1512033882631	1.762	-9.96	1.925
1512033882642	1.714	-9.931	1.944
1512033882657	1.57	-9.921	1.972
1512033882661	1.455	-9.912	2.001
1512033882684	1.474	-9.883	2.02
1512033882695	1.484	-9.826	2.039
1512033882696	1.426	-9.768	2.087
1512033882710	1.426	-9.778	2.145
1512033882714	1.474	-9.797	2.231
1512033882721	1.503	-9.816	2.269
1512033882732	1.58	-9.845	2.308
1512033882742	1.637	-9.941	2.327
1512033882751	1.733	-9.96	2.269
1512033882761	1.743	-9.96	2.183
1512033882776	1.829	-9.998	2.116
1512033882781	1.915	-10.017	1.982
1512033882792	2.011	-10.027	1.829
1512033882809	2.001	-10.056	1.771
1512033882811	2.059	-10.103	1.733
1512033882824	2.02	-10.123	1.656
1512033882841	2.078	-10.094	1.628
1512033882843	2.078	-10.046	1.57
1512033882855	1.992	-10.056	1.57
1512033882870	1.915	-10.036	1.57
1512033882871	1.829	-10.065	1.666
1512033882886	1.743	-10.094	1.723
1512033882900	1.685	-10.065	1.714
1512033882901	1.637	-10.056	1.743
1512033882916	1.666	-10.027	1.79
1512033882931	1.618	-10.027	1.925
1512033882933	1.628	-10.027	2.03
1512033882946	1.608	-10.046	2.116
1512033882959	1.714	-10.027	2.193
1512033882961	1.752	-10.027	2.212
1512033882976	1.848	-10.027	2.288
1512033882990	2.03	-10.036	2.384
1512033882991	2.097	-9.941	2.355
1512033883002	2.193	-9.835	2.279
1512033883015	2.26	-9.787	2.221
1512033883021	2.269	-9.768	2.145
1512033883032	2.212	-9.72	2.106
1512033883045	2.097	-9.692	2.059
1512033883051	2.03	-9.653	1.963
1512033883061	1.944	-9.672	1.886
1512033883075	1.848	-9.807	1.867
1512033883081	1.838	-9.931	1.963
1512033883092	1.733	-9.95	1.992
1512033883107	1.695	-9.988	2.106
1512033883111	1.676	-9.979	2.011
1512033883124	1.647	-9.979	2.059
1512033883138	1.656	-9.979	2.25
1512033883141	1.647	-10.008	2.164
1512033883156	1.685	-10.103	2.355
1512033883169	1.637	-10.17	2.509
1512033883171	1.714	-10.285	2.47
1512033883184	1.704	-10.573	3.055
1512033883202	1.695	-10.86	3.514
1512033883203	1.733	-11.147	3.917
1512033883214	1.829	-11.406	4.127
1512033883230	1.838	-11.636	4.28
1512033883232	1.905	-11.799	4.127
1512033883246	1.896	-11.789	4.022
1512033883261	1.877	-11.799	3.83
1512033883263	1.723	-11.866	3.562
1512033883276	1.58	-11.923	3.256
1512033883292	1.733	-11.875	2.853
1512033883293	1.877	-11.693	2.461
1512033883325	1.915	-11.348	2.231
1512033883338	2.087	-11.348	2.241
1512033883346	2.145	-11.157	2.432
1512033883350	2.145	-10.946	2.566
1512033883353	2.087	-10.544	2.691
1512033883355	1.953	-10.103	2.767
1512033883362	1.867	-9.261	2.767
1512033883378	1.695	-8.878	2.624
1512033883386	1.455	-8.37	2.461
1512033883400	1.13	-7.881	2.269
1512033883401	0.814	-7.479	2.193
1512033883411	0.555	-7.163	2.145
1512033883424	0.45	-6.905	2.154
1512033883438	0.517	-6.799	2.174
1512033883441	0.622	-6.818	2.212
1512033883454	0.641	-6.79	2.087
1512033883463	0.67	-6.627	1.915
1512033883476	0.737	-6.483	1.819
1512033883483	0.708	-6.349	1.637
1512033883491	0.737	-6.234	1.503
1512033883501	0.766	-6.205	1.522
1512033883519	0.785	-6.33	1.58
1512033883524	0.919	-6.569	1.714
1512033883531	1.015	-6.905	1.781
1512033883544	1.177	-7.403	1.819
1512033883551	1.283	-8.025	1.905
1512033883564	1.312	-8.686	1.953
1512033883573	1.35	-9.308	2.011
1512033883583	1.465	-9.912	2.097
1512033883591	1.532	-10.467	2.087
1512033883602	1.561	-10.85	2.039
1512033883611	1.647	-10.994	2.03
1512033883621	1.704	-10.946	2.174
1512033883632	1.857	-11.013	2.537
1512033883641	1.992	-11.08	2.882
1512033883651	1.992	-10.984	2.997
1512033883663	1.963	-10.965	2.997
1512033883671	1.925	-11.061	2.863
1512033883681	1.857	-11.119	2.672
1512033883692	1.781	-11.08	2.442
1512033883701	1.714	-10.86	2.317
1512033883711	1.647	-10.573	2.327
1512033883722	1.522	-10.209	2.375
1512033883731	1.369	-9.931	2.49
1512033883741	1.321	-9.921	2.604
1512033883752	1.302	-10.113	2.672
1512033883761	1.254	-10.477	2.7
1512033883771	1.216	-10.745	2.691
1512033883784	1.273	-10.774	2.442
1512033883791	1.264	-10.726	2.432
1512033883802	1.398	-10.678	2.308
1512033883815	1.57	-10.621	2.241
1512033883821	1.637	-10.439	2.231
1512033883833	1.666	-10.314	2.26
1512033883845	1.704	-10.247	2.269
1512033883851	1.733	-10.295	2.174
1512033883863	1.79	-10.343	2.097
1512033883875	1.819	-10.333	1.972
1512033883881	1.896	-10.228	1.896
1512033883894	1.953	-10.123	1.925
1512033883905	2.001	-10.017	1.905
1512033883911	2.039	-9.941	1.905
1512033883923	2.001	-9.969	1.925
1512033883962	2.049	-10.161	1.819
1512033883968	2.049	-10.161	1.81
1512033883971	2.078	-10.305	1.819
1512033883973	2.068	-10.439	1.905
1512033883974	2.365	-10.486	2.011
1512033883982	2.509	-10.477	2.106
1512033883993	2.604	-10.276	2.174
1512033884015	2.604	-10.276	2.231
1512033884016	2.375	-10.151	2.308
1512033884037	2.221	-10.075	2.279
1512033884038	2.097	-9.941	2.135
1512033884044	1.934	-9.835	2.039
1512033884052	1.838	-9.749	1.982
1512033884061	1.714	-9.739	1.953
1512033884071	1.608	-9.768	1.934
1512033884090	1.465	-9.682	1.896
1512033884091	1.35	-9.529	1.896
1512033884101	1.465	-9.672	1.867
1512033884113	1.522	-9.73	1.867
1512033884122	1.494	-9.807	1.819
1512033884131	1.608	-9.864	1.723
1512033884143	1.656	-9.988	1.647
1512033884151	1.714	-10.084	1.561
1512033884163	1.944	-10.151	1.494
1512033884173	2.116	-10.199	1.522
1512033884181	2.193	-10.237	1.532
1512033884191	2.279	-10.237	1.513
1512033884203	2.288	-10.295	1.494
1512033884218	2.26	-10.295	1.436
1512033884221	2.231	-10.199	1.494
1512033884234	2.145	-10.094	1.522
1512033884241	2.039	-10.017	1.685
1512033884252	1.992	-9.96	1.848
1512033884266	1.963	-9.95	1.963
1512033884271	1.944	-9.912	2.068
1512033884281	1.925	-9.874	2.097
1512033884296	1.934	-9.874	2.078
1512033884314	1.905	-9.826	2.049
1512033884315	1.81	-9.787	1.963
1512033884327	1.743	-9.711	1.877
1512033884331	1.656	-9.634	1.8
1512033884343	1.628	-9.663	1.752
1512033884358	1.561	-9.778	1.819
1512033884371	1.532	-9.787	1.829
1512033884386	1.513	-9.787	1.81
1512033884391	1.513	-9.797	1.81
1512033884406	1.513	-9.778	1.8
1512033884413	1.58	-9.807	1.781
1512033884421	1.666	-9.883	1.771
1512033884434	1.752	-9.941	1.723
1512033884448	2.068	-9.979	1.618
1512033884451	2.059	-9.969	1.618
1512033884463	2.154	-9.979	1.589
1512033884476	2.183	-9.941	1.608
1512033884481	2.183	-9.921	1.608
1512033884492	2.183	-9.921	1.676
1512033884506	2.106	-9.941	1.743
1512033884521	2.097	-9.912	1.762
1512033884523	1.992	-9.883	1.819
1512033884538	1.877	-9.73	1.848
1512033884551	1.8	-9.672	1.857
1512033884569	1.752	-9.615	1.762
1512033884581	1.714	-9.701	1.733
1512033884635	1.743	-9.979	1.685
1512033884640	1.752	-10.046	1.666
1512033884649	1.695	-10.103	1.656
1512033884651	1.733	-10.142	1.628
1512033884653	1.743	-10.17	1.819
1512033884655	1.656	-10.19	1.57
1512033884668	1.723	-10.209	1.666
1512033884681	1.762	-10.228	1.647
1512033884690	1.848	-10.305	1.685
1512033884691	1.848	-10.305	1.704
1512033884702	1.896	-10.305	1.704
1512033884718	2.03	-10.257	1.704
1512033884721	1.905	-10.17	1.704
1512033884731	1.963	-10.075	1.704
1512033884745	2.011	-9.883	1.714
1512033884751	2.02	-9.883	1.743
1512033884761	2.001	-9.835	1.733
1512033884774	2.03	-9.787	1.752
1512033884781	2.02	-9.787	1.752
1512033884791	2.049	-9.778	1.714
1512033884804	2.049	-9.778	1.666
1512033884811	2.059	-9.816	1.666
1512033884821	2.126	-9.874	1.656
1512033884833	2.135	-9.902	1.628
1512033884841	2.212	-9.912	1.58
1512033884851	2.279	-9.921	1.541
1512033884863	2.308	-9.95	1.541
1512033884871	2.346	-9.988	1.551
1512033884881	2.394	-10.008	1.561
1512033884894	2.442	-9.998	1.503
1512033884901	2.413	-9.95	1.417
1512033884911	2.451	-9.893	1.426
1512033884923	2.413	-9.845	1.426
1512033884931	2.451	-9.864	1.484
1512033884941	2.375	-9.95	1.561
1512033884953	2.394	-10.046	1.628
1512033884961	2.317	-10.19	1.695
1512033884971	2.26	-10.285	1.752
1512033884984	2.078	-10.352	1.8
1512033884991	1.953	-10.324	1.819
1512033885001	1.925	-10.381	1.848
1512033885012	1.905	-10.372	1.915
1512033885021	1.771	-10.295	1.934
1512033885033	1.81	-10.209	1.944
1512033885045	1.982	-10.209	1.934
1512033885051	1.925	-10.266	2.03
1512033885061	2.087	-10.285	2.068
1512033885073	2.059	-10.314	2.126
1512033885081	2.087	-10.391	2.183
1512033885091	2.145	-10.534	2.269
1512033885103	2.221	-10.668	2.308
1512033885111	2.221	-10.917	2.394
1512033885121	2.231	-11.128	2.432
1512033885135	2.451	-11.272	2.49
1512033885141	2.384	-11.377	2.49
1512033885151	2.308	-11.473	2.49
1512033885166	2.327	-11.578	2.643
1512033885171	2.298	-11.799	2.643
1512033885181	2.336	-11.885	2.633
1512033885197	2.442	-11.961	2.403
1512033885201	2.442	-11.942	2.403
1512033885212	2.585	-11.942	2.394
1512033885226	2.681	-11.846	2.442
1512033885267	2.681	-11.933	2.442
1512033885280	2.595	-11.866	2.518
1512033885285	2.518	-11.655	2.643
1512033885286	2.518	-11.645	2.643
1512033885287	2.384	-11.377	2.681
1512033885288	2.298	-10.927	2.643
1512033885301	2.145	-10.237	2.442
1512033885302	1.752	-9.615	2.298
1512033885318	1.245	-9.012	2.288
1512033885326	1.245	-8.533	2.288
1512033885336	1.12	-8.102	2.116
1512033885345	1.005	-7.336	1.905
1512033885351	1.005	-7.249	1.752
1512033885365	0.996	-6.771	1.58
1512033885378	0.881	-5.88	1.484
1512033885384	0.881	-5.966	1.503
1512033885392	0.804	-5.755	1.541
1512033885406	0.708	-5.688	1.637
1512033885411	0.66	-5.775	1.723
1512033885422	0.555	-5.803	1.79
1512033885435	0.584	-5.889	1.781
1512033885441	0.775	-6.071	1.752
1512033885451	1.101	-6.311	1.838
1512033885464	1.379	-6.751	1.972
1512033885471	1.561	-7.278	2.126
1512033885481	1.676	-8.504	2.346
1512033885494	1.915	-9.146	2.375
1512033885501	1.934	-9.529	2.317
1512033885511	1.762	-9.835	2.202
1512033885524	1.618	-10.19	2.011
1512033885531	1.484	-10.381	1.915
1512033885541	1.273	-10.582	1.857
1512033885556	1.302	-10.534	1.81
1512033885561	1.388	-10.218	1.838
1512033885572	1.551	-9.912	1.944
1512033885587	1.867	-9.797	2.164
1512033885591	2.183	-9.797	2.365
1512033885602	2.365	-9.854	2.566
1512033885617	2.566	-9.835	2.691
1512033885623	2.681	-9.778	2.786
1512033885635	2.604	-9.787	2.863
1512033885647	2.537	-9.816	2.959
1512033885651	2.47	-10.008	3.083
1512033885663	2.308	-10.314	3.179
1512033885678	2.059	-10.621	3.141
1512033885681	1.752	-10.965	2.988
1512033885694	1.484	-11.08	2.853
1512033885707	1.292	-11.004	2.777
1512033885711	1.13	-10.841	2.7
1512033885723	1.043	-10.582	2.585
1512033885737	0.919	-10.467	2.595
1512033885741	0.785	-10.477	2.595
1512033885752	0.67	-10.554	2.48
1512033885767	0.794	-10.592	2.346
1512033885771	0.976	-10.63	2.241
1512033885784	1.225	-10.659	2.154
1512033885797	1.474	-10.458	2.059
1512033885801	1.618	-10.209	1.992
1512033885812	1.819	-10.075	1.963
1512033885827	2.02	-10.17	1.963
1512033885831	2.174	-10.276	1.963
1512033885845	2.365	-10.4	1.944
1512033885857	2.672	-10.496	1.886
1512033885861	2.968	-10.563	1.915
1512033885902	3.237	-10.582	1.944
1512033885911	3.265	-10.534	2.145
1512033885917	3.275	-10.266	2.145
1512033885919	3.179	-9.893	2.154
1512033885920	3.055	-9.557	2.183
1512033885922	2.911	-9.318	2.193
1512033885932	2.7	-9.213	2.174
1512033885951	2.48	-9.308	2.279
1512033885952	2.308	-9.462	2.442
1512033885962	2.193	-9.625	2.643
1512033885976	1.925	-9.778	2.844
1512033885981	1.905	-9.883	2.844
1512033885991	1.8	-9.969	2.825
1512033886005	1.762	-10.056	2.643
1512033886011	1.81	-10.046	2.643
1512033886033	1.905	-9.931	2.461
1512033886034	2.221	-9.749	2.25
1512033886044	2.25	-9.586	2.25
1512033886052	2.451	-9.5	2.231
1512033886065	2.537	-9.366	2.279
1512033886071	2.614	-9.376	2.279
1512033886081	2.614	-9.471	2.164
1512033886095	2.604	-9.605	2.116
1512033886101	2.557	-9.739	2.049
1512033886111	2.308	-9.874	2.02
1512033886127	2.126	-9.969	2.011
1512033886131	1.752	-10.027	2.02
1512033886141	1.704	-10.056	2.068
1512033886155	1.551	-10.017	2.116
1512033886161	1.551	-9.979	2.193
1512033886171	1.561	-9.979	2.221
1512033886186	1.513	-9.998	2.26
1512033886191	1.541	-9.998	2.241
1512033886201	1.676	-9.988	2.164
1512033886217	1.79	-10.008	2.001
1512033886221	1.915	-10.046	1.829
1512033886231	1.992	-10.103	1.637
1512033886246	2.078	-10.161	1.513
1512033886251	2.174	-10.19	1.465
1512033886261	2.135	-10.151	1.436
1512033886276	2.135	-10.094	1.532
1512033886281	2.193	-9.998	1.656
1512033886291	2.193	-9.941	1.829
1512033886307	2.174	-9.893	2.039
1512033886314	2.135	-9.874	2.221
1512033886321	2.193	-9.854	2.394
1512033886335	2.183	-9.787	2.576
1512033886341	2.193	-9.692	2.71
1512033886351	2.202	-9.615	2.758
1512033886365	2.241	-9.586	2.767
1512033886371	2.26	-9.615	2.719
1512033886381	2.193	-9.663	2.566
1512033886397	2.068	-9.644	2.346
1512033886401	2.059	-9.73	2.183
1512033886412	2.03	-9.845	2.03
1512033886429	1.982	-9.912	1.905
1512033886431	1.972	-9.931	1.829
1512033886443	2.011	-9.921	1.8
1512033886458	2.011	-9.883	1.771
1512033886462	2.011	-9.816	1.8
1512033886473	1.972	-9.816	1.829
1512033886483	1.915	-9.854	1.886
1512033886492	1.867	-9.845	1.925
1512033886528	1.829	-9.787	1.953
1512033886529	1.848	-9.759	2.011
1512033886530	1.877	-9.768	2.059
1512033886532	1.905	-9.759	2.145
1512033886559	1.934	-9.73	2.164
1512033886561	1.972	-9.749	2.193
1512033886564	1.992	-9.797	2.212
1512033886590	1.953	-9.835	2.231
1512033886593	1.915	-9.854	2.269
1512033886598	1.877	-9.854	2.269
1512033886609	1.857	-9.864	2.279
1512033886611	1.857	-9.912	2.298
1512033886627	1.848	-9.902	2.308
1512033886642	1.877	-9.912	2.288
1512033886643	1.886	-9.883	2.288
1512033886652	1.905	-9.835	2.26
1512033886672	1.877	-9.787	2.279
1512033886672	1.829	-9.759	2.269
1512033886686	1.8	-9.768	2.279
1512033886697	1.781	-9.797	2.279
1512033886701	1.79	-9.854	2.241
1512033886713	1.81	-9.864	2.241
1512033886726	1.877	-9.864	2.212
1512033886731	1.925	-9.835	2.193
1512033886741	1.972	-9.845	2.135
1512033886756	1.972	-9.816	2.068
1512033886761	1.992	-9.778	1.886
1512033886771	1.982	-9.768	2.001
1512033886785	1.992	-9.759	1.963
1512033886791	2.011	-9.739	1.982
1512033886801	2.039	-9.73	2.001
1512033886816	2.087	-9.73	2.001
1512033886821	2.106	-9.73	2.02
1512033886831	2.126	-9.72	2.049
1512033886847	2.154	-9.749	2.097
1512033886851	2.202	-9.787	2.174
1512033886862	2.221	-9.826	2.174
1512033886880	2.221	-9.845	2.183
1512033886881	2.231	-9.864	2.193
1512033886894	2.231	-9.854	2.221
1512033886903	2.241	-9.864	2.212
1512033886913	2.231	-9.893	2.183
1512033886924	2.25	-9.931	2.154
1512033886934	2.269	-10.103	2.049
1512033886943	2.308	-9.998	1.963
1512033886955	2.346	-10.017	1.886
1512033886971	2.384	-10.084	1.81
1512033886972	2.413	-10.151	1.829
1512033886984	2.47	-10.247	1.829
1512033887001	2.461	-10.333	1.896
1512033887002	2.461	-10.381	1.886
1512033887014	2.499	-10.429	1.905
1512033887025	2.49	-10.506	1.934
1512033887034	2.537	-10.601	1.992
1512033887046	2.566	-10.63	2.039
1512033887059	2.652	-10.63	2.126
1512033887062	2.662	-10.678	2.193
1512033887073	2.566	-10.735	2.327
1512033887087	2.451	-10.688	2.423
1512033887091	2.279	-10.64	2.49
1512033887101	2.116	-10.554	2.604
1512033887116	1.963	-10.486	2.691
1512033887121	1.877	-10.439	2.748
1512033887132	1.81	-10.391	2.767
1512033887157	1.79	-10.41	2.786
1512033887170	1.8	-10.458	2.758
1512033887179	1.8	-10.544	2.748
1512033887180	1.905	-10.697	2.719
1512033887181	2.011	-10.917	2.7
1512033887198	2.03	-11.138	2.633
1512033887210	2.059	-11.32	2.633
1512033887211	2.126	-11.454	2.662
1512033887226	2.183	-11.607	2.786
1512033887231	2.145	-11.722	2.911
1512033887251	2.039	-11.626	2.911
1512033887258	1.972	-11.444	2.834
1512033887268	1.829	-11.138	2.7
1512033887274	1.685	-10.812	2.585
1512033887281	1.398	-10.506	2.442
1512033887294	1.158	-10.237	2.317
1512033887311	0.919	-9.969	2.26
1512033887313	0.718	-9.893	2.279
1512033887328	0.632	-9.778	2.212
1512033887336	0.641	-9.653	2.097
1512033887348	0.67	-9.452	1.771
1512033887351	0.785	-9.098	1.57
1512033887361	1.053	-8.667	1.494
1512033887373	1.407	-8.236	1.599
1512033887381	1.733	-7.853	1.676
1512033887391	2.049	-7.422	1.695
1512033887402	2.413	-7.058	1.8
1512033887411	2.336	-6.694	1.905
1512033887421	2.25	-6.024	1.8
1512033887432	2.298	-5.506	1.771
1512033887441	2.384	-5.334	1.829
1512033887451	2.375	-5.363	1.963
1512033887462	2.336	-5.478	2.269
1512033887471	2.241	-5.746	2.269
1512033887481	2.135	-6.158	2.078
1512033887493	1.608	-6.589	2.154
1512033887501	1.618	-7.154	2.48
1512033887511	1.733	-7.805	2.93
1512033887523	1.752	-8.466	3.342
1512033887531	1.656	-9.04	3.553
1512033887541	1.561	-9.433	3.715
1512033887553	1.321	-9.605	3.802
1512033887561	1.139	-9.749	3.802
1512033887571	1.264	-9.893	3.744
1512033887582	1.302	-9.998	3.639
1512033887591	1.264	-9.998	3.572
1512033887601	1.398	-10.324	3.543
1512033887612	1.599	-10.506	3.514
1512033887621	1.81	-10.707	3.438
1512033887631	1.934	-10.831	3.323
1512033887643	2.02	-10.716	3.208
1512033887651	2.164	-10.707	3.083
1512033887661	2.269	-10.668	2.988
1512033887673	2.308	-10.697	2.988
1512033887681	2.308	-10.716	2.978
1512033887691	2.279	-10.611	2.921
1512033887703	2.231	-10.554	2.882
1512033887711	2.078	-10.496	2.949
1512033887721	1.944	-10.352	3.007
1512033887733	1.819	-10.142	2.988
1512033887741	1.532	-9.988	2.94
1512033887751	1.197	-9.864	2.825
1512033887763	1.053	-9.807	2.729
1512033887771	0.919	-9.921	2.739
1512033887799	0.89	-10.075	2.748
1512033887820	0.928	-10.218	2.853
1512033887828	1.12	-10.352	2.968
1512033887829	1.369	-10.429	3.007
1512033887830	1.551	-10.429	2.988
1512033887833	1.762	-10.391	3.045
1512033887843	1.992	-10.41	3.141
1512033887853	2.221	-10.477	3.352
1512033887861	2.47	-10.496	3.447
1512033887877	2.624	-10.486	3.447
1512033887887	2.786	-10.439	3.39
1512033887891	2.882	-10.266	3.237
1512033887901	2.959	-9.988	3.083
1512033887917	3.045	-9.692	3.026
1512033887921	2.988	-9.404	2.921
1512033887931	2.901	-9.203	2.94
1512033887945	2.796	-9.088	2.968
1512033887951	2.739	-9.079	3.083
1512033887961	2.652	-9.079	3.141
1512033887973	2.633	-9.069	3.16
1512033887981	2.624	-9.04	3.141
1512033887991	2.595	-9.107	3.112
1512033888002	2.614	-9.184	3.074
1512033888011	2.652	-9.241	2.978
1512033888021	2.71	-9.299	2.949
1512033888035	2.748	-9.308	2.863
1512033888064	2.786	-9.385	2.863
1512033888065	2.719	-9.443	2.767
1512033888065	2.719	-9.462	2.767
1512033888071	2.652	-9.471	2.652
1512033888081	2.604	-9.51	2.614
1512033888093	2.557	-9.548	2.557
1512033888109	2.528	-9.625	2.537
1512033888111	2.48	-9.73	2.547
1512033888124	2.451	-9.854	2.576
1512033888131	2.413	-9.941	2.576
1512033888141	2.346	-9.95	2.566
1512033888154	2.145	-9.931	2.499
1512033888161	2.145	-9.921	2.499
1512033888171	2.116	-9.874	2.336
1512033888183	2.135	-9.663	2.432
1512033888191	2.135	-9.749	2.375
1512033888201	2.193	-9.653	2.365
1512033888213	2.298	-9.423	2.423
1512033888221	2.451	-9.423	2.432
1512033888231	2.365	-9.452	2.47
1512033888246	2.576	-9.289	2.49
1512033888251	2.576	-9.289	2.403
1512033888261	2.672	-9.28	2.394
1512033888273	2.71	-9.241	2.384
1512033888281	2.796	-9.241	2.432
1512033888291	2.892	-9.318	2.49
1512033888304	2.968	-9.433	2.47
1512033888311	3.045	-9.433	2.47
1512033888321	3.16	-9.443	2.48
1512033888334	3.15	-9.433	2.509
1512033888341	3.131	-9.433	2.576
1512033888351	3.083	-9.433	2.633
1512033888363	3.007	-9.51	2.71
1512033888371	2.93	-9.557	2.7
1512033888381	2.882	-9.557	2.633
1512033888394	2.786	-9.529	2.566
1512033888401	2.748	-9.481	2.49
1512033888427	2.691	-9.462	2.442
1512033888434	2.633	-9.414	2.432
1512033888457	2.585	-9.376	2.432
1512033888458	2.537	-9.414	2.442
1512033888459	2.509	-9.433	2.403
1512033888467	2.461	-9.481	2.403
1512033888476	2.432	-9.481	2.394
1512033888486	2.394	-9.471	2.394
1512033888491	2.365	-9.471	2.394
1512033888506	2.365	-9.5	2.451
1512033888517	2.384	-9.557	2.499
1512033888521	2.346	-9.529	2.499
1512033888531	2.355	-9.529	2.518
1512033888547	2.336	-9.567	2.547
1512033888551	2.308	-9.586	2.614
1512033888561	2.308	-9.625	2.643
1512033888574	2.308	-9.634	2.7
1512033888581	2.327	-9.625	2.691
1512033888591	2.394	-9.596	2.7
1512033888604	2.423	-9.5	2.652
1512033888611	2.413	-9.443	2.576
1512033888621	2.423	-9.433	2.547
1512033888633	2.365	-9.423	2.518
1512033888641	2.432	-9.462	2.528
1512033888651	2.355	-9.51	2.537
1512033888664	2.442	-9.538	2.518
1512033888671	2.423	-9.529	2.461
1512033888681	2.461	-9.529	2.423
1512033888694	2.461	-9.51	2.413
1512033888701	2.499	-9.529	2.403
1512033888711	2.537	-9.538	2.442
1512033888724	2.528	-9.529	2.442
1512033888731	2.537	-9.586	2.442
1512033888741	2.557	-9.586	2.461
1512033888753	2.528	-9.586	2.423
1512033888761	2.48	-9.567	2.423
1512033888771	2.442	-9.557	2.394
1512033888783	2.432	-9.557	2.394
1512033888791	2.403	-9.596	2.423
1512033888801	2.49	-9.634	2.413
1512033888813	2.662	-9.711	2.49
1512033888821	2.595	-9.759	2.49
1512033888831	2.547	-9.759	2.509
1512033888843	2.547	-9.768	2.585
1512033888851	2.547	-9.759	2.585
1512033888861	2.566	-9.663	2.566
1512033888874	2.547	-9.567	2.451
1512033888881	2.547	-9.567	2.413
1512033888891	2.557	-9.577	2.365
1512033888904	2.537	-9.653	2.269
1512033888911	2.537	-9.653	2.231
1512033888921	2.518	-9.701	2.317
1512033888934	2.672	-9.538	2.288
1512033888941	2.518	-9.625	2.241
1512033888951	2.595	-9.577	2.202
1512033888964	2.403	-9.557	2.126
1512033888971	2.135	-9.529	2.097
1512033888981	1.886	-9.328	2.001
1512033888995	1.532	-9.184	1.886
1512033889001	1.35	-9.328	1.925
1512033889011	1.302	-9.366	2.154
1512033889022	1.398	-9.749	2.413
1512033889033	1.589	-10.103	2.672
1512033889126	1.714	-10.544	2.863
1512033889127	1.944	-10.803	3.102
1512033889128	2.03	-10.745	3.323
1512033889128	2.126	-10.486	3.371
1512033889129	2.221	-10.218	3.38
1512033889130	2.403	-10.008	3.294
1512033889131	2.461	-9.988	3.208
1512033889132	2.595	-10.113	3.198
1512033889132	2.748	-10.276	3.16
1512033889133	2.93	-10.496	3.17
1512033889144	2.93	-10.668	3.102
1512033889151	3.055	-10.774	2.997
1512033889161	2.892	-10.898	2.863
1512033889174	2.308	-11.119	2.748
1512033889192	1.944	-11.243	2.719
1512033889193	1.685	-11.368	2.643
1512033889205	1.599	-11.53	2.509
1512033889211	1.752	-11.674	2.49
1512033889228	2.001	-11.799	2.585
1512033889236	2.116	-11.818	2.748
1512033889241	2.336	-11.76	2.911
1512033889251	2.413	-11.789	3.064
1512033889264	2.423	-11.846	3.131
1512033889271	2.499	-11.818	3.112
1512033889281	2.518	-11.569	3.007
1512033889295	2.499	-11.176	2.93
1512033889301	2.499	-10.668	2.844
1512033889311	2.509	-10.17	2.729
1512033889329	2.528	-9.672	2.614
1512033889331	2.461	-9.232	2.49
1512033889341	2.375	-8.801	2.336
1512033889355	2.269	-8.38	2.145
1512033889361	2.26	-8.044	2.011
1512033889371	2.183	-7.834	1.944
1512033889384	2.03	-7.747	1.905
1512033889391	1.838	-7.623	1.896
1512033889401	1.589	-7.489	1.838
1512033889415	1.245	-7.316	1.838
1512033889421	0.948	-7.23	1.838
1512033889431	0.794	-7.202	1.848
1512033889446	0.689	-7.202	1.79
1512033889451	0.689	-7.192	1.79
1512033889461	0.584	-7.115	1.733
1512033889474	0.545	-7.02	1.666
1512033889481	0.545	-6.933	1.666
1512033889491	0.555	-7.01	1.743
1512033889504	0.593	-7.077	1.886
1512033889511	0.565	-7.096	1.972
1512033889521	0.488	-7.182	2.068
1512033889535	0.565	-7.364	2.346
1512033889541	0.526	-7.671	2.499
1512033889551	0.689	-8.092	2.509
1512033889566	0.775	-8.485	2.662
1512033889571	0.919	-8.839	2.739
1512033889582	1.063	-9.155	2.806
1512033889594	1.35	-9.462	2.806
1512033889601	1.292	-9.73	2.691
1512033889611	1.58	-10.027	2.758
1512033889625	1.848	-10.419	2.873
1512033889631	2.078	-10.841	2.968
1512033889641	2.384	-11.166	3.083
1512033889655	2.585	-11.463	3.294
1512033889661	2.719	-11.569	3.38
1512033889671	2.786	-11.53	3.371
1512033889693	2.825	-11.147	3.246
1512033889694	2.777	-10.965	3.083
1512033889707	2.624	-10.956	2.94
1512033889712	2.432	-10.927	2.834
1512033889728	2.269	-11.205	2.7
1512033889743	2.164	-11.444	2.585
1512033889745	2.106	-11.569	2.528
1512033889758	2.25	-11.521	2.509
1512033889765	2.537	-11.291	2.528
1512033889780	2.633	-11.071	2.528
1512033889781	2.748	-10.994	2.643
1512033889791	2.786	-10.984	2.786
1512033889806	2.901	-10.965	2.786
1512033889811	2.959	-10.783	2.71
1512033889827	3.045	-10.534	2.576
1512033889834	3.064	-10.276	2.451
1512033889847	2.815	-9.874	2.221
1512033889855	2.423	-9.462	2.068
1512033889866	2.068	-9.203	1.992
1512033889871	1.848	-9.021	2.02
1512033889881	1.589	-8.945	2.059
1512033889892	1.446	-8.945	2.154
1512033889901	1.494	-9.012	2.288
1512033889911	1.589	-9.04	2.298
1512033889925	1.676	-9.136	2.317
1512033889931	1.762	-9.28	2.355
1512033889941	1.905	-9.423	2.403
1512033889956	2.068	-9.567	2.375
1512033889961	2.126	-9.672	2.26
1512033889974	2.183	-9.778	2.164
1512033889982	2.327	-9.902	2.087
1512033889991	2.442	-10.017	2.087
1512033890001	2.566	-10.084	2.097
1512033890012	2.7	-10.19	2.193
1512033890021	2.873	-10.237	2.355
1512033890031	2.997	-10.218	2.518
1512033890049	3.016	-10.151	2.672
1512033890066	2.901	-10.027	2.767
1512033890067	2.624	-9.845	2.739
1512033890084	2.566	-9.682	2.652
1512033890086	2.423	-9.586	2.614
1512033890094	2.298	-9.5	2.499
1512033890109	2.288	-9.443	2.432
1512033890111	2.26	-9.404	2.384
1512033890126	2.154	-9.443	2.221
1512033890141	2.154	-9.557	2.106
1512033890151	2.193	-9.605	2.011
1512033890166	2.241	-9.625	1.953
1512033890175	2.308	-9.605	1.963
1512033890181	2.336	-9.586	1.992
1512033890192	2.355	-9.644	2.011
1512033890201	2.365	-9.711	2.011
1512033890211	2.355	-9.816	1.857
1512033890227	2.308	-9.893	2.135
1512033890231	2.26	-9.969	2.02
1512033890241	2.241	-9.979	2.202
1512033890259	2.221	-9.969	2.308
1512033890262	2.241	-10.017	2.269
1512033890272	2.202	-9.998	2.25
1512033890282	2.154	-9.998	2.135
1512033890291	2.078	-9.95	2.001
1512033890301	2.049	-9.931	1.915
1512033890316	2.02	-9.854	1.867
1512033890321	2.02	-9.807	1.848
1512033890342	2.011	-9.768	1.905
1512033890350	2.001	-9.711	1.972
1512033890357	2.001	-9.692	2.02
1512033890367	2.011	-9.73	2.097
1512033890380	2.02	-9.768	2.116
1512033890384	2.049	-9.768	2.193
1512033890395	2.059	-9.615	2.221
1512033890403	2.087	-9.615	2.308
1512033890412	2.145	-9.586	2.432
1512033890421	2.269	-9.682	2.518
1512033890437	2.365	-9.759	2.49
1512033890441	2.394	-9.797	2.384
1512033890451	2.432	-9.787	2.212
1512033890467	2.432	-9.768	2.087
1512033890471	2.403	-9.826	2.03
1512033890481	2.394	-9.864	2.039
1512033890492	2.423	-9.864	2.03
1512033890501	2.403	-9.845	2.001
1512033890511	2.48	-9.95	2.039
1512033890527	2.442	-9.931	1.992
1512033890531	2.346	-9.864	1.915
1512033890542	2.221	-9.826	1.838
1512033890556	2.164	-9.759	1.829
1512033890562	2.068	-9.768	1.819
1512033890571	1.992	-9.778	1.829
1512033890594	1.925	-9.807	1.896
1512033890598	1.944	-9.902	1.992
1512033890604	1.925	-9.969	2.001
1512033890618	1.934	-9.941	1.953
1512033890621	1.972	-9.893	1.944
1512033890631	2.011	-9.874	1.963
1512033890647	1.963	-9.835	1.972
1512033890651	2.001	-9.854	2.039
1512033890661	2.039	-9.807	2.087
1512033890678	2.039	-9.768	2.097
1512033890681	2.03	-9.739	2.049
1512033890692	2.068	-9.72	2.059
1512033890706	2.126	-9.701	2.049
1512033890711	2.126	-9.73	2.03
1512033890721	2.135	-9.778	2.001
1512033890737	2.126	-9.826	1.963
1512033890741	2.106	-9.826	1.953
1512033890751	2.126	-9.854	1.944
1512033890769	2.126	-9.845	1.934
1512033890771	2.164	-9.864	1.934
1512033890783	2.221	-9.816	1.915
1512033890801	2.26	-9.778	1.838
1512033890803	2.308	-9.797	1.857
1512033890814	2.346	-9.826	1.963
1512033890823	2.375	-9.835	1.963
1512033890836	2.394	-9.826	1.972
1512033890845	2.432	-9.816	1.982
1512033890858	2.442	-9.835	1.972
1512033890870	2.423	-9.807	1.934
1512033890878	2.432	-9.759	1.915
1512033890891	2.432	-9.787	1.934
1512033890892	2.403	-9.835	1.896
1512033890906	2.375	-9.874	1.896
1512033890922	2.384	-9.883	1.896
1512033890941	2.241	-9.902	1.886
1512033890952	2.25	-9.883	1.886
1512033890954	2.25	-9.883	1.905
1512033890963	2.288	-9.874	1.925
1512033890997	2.135	-9.902	1.886
1512033891016	2.174	-9.826	1.857
1512033891021	2.241	-9.854	1.819
1512033891032	2.241	-9.874	1.8
1512033891038	2.288	-9.921	1.79
1512033891044	2.269	-9.921	1.781
1512033891045	2.317	-9.921	1.781
1512033891052	2.346	-9.902	1.81
1512033891061	2.365	-9.921	1.829
1512033891071	2.451	-9.902	1.867
1512033891085	2.432	-9.931	1.848
1512033891091	2.518	-9.931	1.838
1512033891101	2.557	-9.921	1.8
1512033891118	2.643	-9.902	1.762
1512033891121	2.652	-9.902	1.743
1512033891132	2.681	-9.902	1.733
1512033891147	2.844	-9.921	1.656
1512033891153	2.834	-9.931	1.628
1512033891170	2.834	-9.902	1.628
1512033891174	2.921	-9.893	1.541
1512033891182	2.978	-9.921	1.513
1512033891191	3.045	-9.95	1.474
1512033891204	3.189	-9.969	1.446
1512033891211	3.294	-10.027	1.417
1512033891221	3.275	-10.027	1.398
1512033891234	3.572	-10.065	1.436
1512033891241	3.591	-10.036	1.532
1512033891251	3.533	-9.988	1.628
1512033891262	3.514	-9.931	1.743
1512033891271	3.39	-9.845	1.79
1512033891281	3.17	-9.701	1.819
1512033891292	3.007	-9.519	1.81
1512033891301	2.863	-9.529	1.896
1512033891311	2.442	-9.596	1.944
1512033891322	2.039	-9.749	2.001
1512033891331	1.608	-9.95	2.02
1512033891341	1.273	-10.19	2.02
1512033891353	1.043	-10.372	2.02
1512033891361	0.833	-10.554	2.078
1512033891371	0.651	-10.793	2.26
1512033891383	0.632	-11.128	2.528
1512033891391	0.909	-11.377	2.777
1512033891401	1.197	-11.454	2.968
1512033891413	1.187	-11.55	3.189
1512033891421	1.35	-11.693	3.447
1512033891431	1.589	-11.846	3.62
1512033891443	1.848	-11.894	3.629
1512033891451	1.8	-12.057	3.648
1512033891461	1.944	-12.182	3.773
1512033891473	2.011	-12.431	3.964
1512033891481	2.451	-12.814	4.194
1512033891491	2.873	-13.034	4.3
1512033891503	3.083	-13.034	4.328
1512033891511	3.189	-12.584	4.146
1512033891521	3.179	-11.712	3.782
1512033891533	2.959	-10.573	3.265
1512033891541	2.691	-9.529	2.767
1512033891551	2.413	-8.715	2.413
1512033891563	2.02	-8.312	2.202
1512033891571	1.666	-8.15	2.049
1512033891581	1.302	-7.939	1.829
1512033891591	0.967	-7.671	1.58
1512033891601	0.689	-7.355	1.254
1512033891611	0.632	-7.039	0.89
1512033891630	0.565	-6.723	0.469
1512033891631	0.565	-6.387	0.469
1512033891648	0.699	-5.995	0.43
1512033891661	1.082	-5.64	0.679
1512033891665	1.436	-5.363	0.957
1512033891675	1.541	-5.238	1.235
1512033891684	1.733	-5.315	1.561
1512033891691	1.819	-5.468	1.857
1512033891701	1.628	-5.688	2.25
1512033891714	1.896	-5.899	2.537
1512033891721	2.02	-6.1	2.806
1512033891731	2.212	-6.349	2.921
1512033891743	2.212	-7.23	2.988
1512033891751	2.068	-7.345	3.045
1512033891761	2.049	-8.016	3.141
1512033891773	2.068	-9.49	3.17
1512033891781	2.011	-9.816	3.16
1512033891791	1.896	-10.352	3.083
1512033891803	1.8	-10.735	3.131
1512033891811	1.8	-11.109	3.361
1512033891821	1.944	-11.157	3.438
1512033891832	1.857	-11.004	3.399
1512033891841	1.733	-10.937	3.39
1512033891851	1.551	-10.937	3.533
1512033891862	1.647	-11.013	3.706
1512033891871	1.848	-11.128	3.744
1512033891881	2.02	-11.205	3.696
1512033891892	2.068	-11.233	3.658
1512033891901	1.905	-11.301	3.476
1512033891911	2.001	-11.377	3.208
1512033891923	2.193	-11.291	2.978
1512033891931	2.432	-11.061	2.796
1512033891941	2.384	-10.994	2.557
1512033891954	2.269	-10.965	2.279
1512033891961	2.087	-10.783	1.992
1512033891971	1.704	-10.486	1.81
1512033891984	1.436	-10.123	1.838
1512033891991	1.541	-9.921	1.972
1512033892001	1.551	-9.845	2.193
1512033892014	1.723	-9.883	2.355
1512033892021	1.982	-9.854	2.451
1512033892031	2.288	-9.807	2.423
1512033892042	2.47	-9.711	2.403
1512033892051	2.566	-9.567	2.403
1512033892061	2.643	-9.49	2.47
1512033892073	2.662	-9.443	2.566
1512033892086	2.624	-9.49	2.604
1512033892092	2.7	-9.51	2.595
1512033892102	2.786	-9.548	2.576
1512033892111	2.892	-9.605	2.518
1512033892124	3.064	-9.663	2.47
1512033892135	3.256	-9.701	2.451
1512033892141	3.38	-9.682	2.432
1512033892151	3.428	-9.625	2.403
1512033892162	3.399	-9.557	2.403
1512033892171	3.323	-9.538	2.423
1512033892181	3.256	-9.529	2.461
1512033892192	3.131	-9.605	2.451
1512033892201	3.026	-9.807	2.451
1512033892211	2.93	-10.027	2.451
1512033892222	2.806	-10.18	2.394
1512033892231	2.681	-10.266	2.308
1512033892241	2.557	-10.247	2.212
1512033892252	2.403	-10.19	2.116
1512033892271	2.231	-10.142	2.059
1512033892272	2.106	-10.084	2.03
1512033892282	2.039	-9.998	2.02
1512033892291	2.039	-9.969	2.039
1512033892304	2.078	-9.893	2.087
1512033892316	2.078	-9.778	2.097
1512033892321	2.087	-9.692	2.087
1512033892331	2.116	-9.73	2.135
1512033892344	2.135	-9.73	2.097
1512033892351	2.164	-9.692	2.059
1512033892364	2.241	-9.663	2.097
1512033892374	2.451	-9.701	2.154
1512033892381	2.451	-9.778	2.231
1512033892391	2.547	-9.807	2.279
1512033892402	2.71	-9.749	2.26
1512033892412	2.806	-9.653	2.308
1512033892421	2.901	-9.653	2.365
1512033892432	2.921	-9.653	2.365
1512033892441	2.949	-9.682	2.451
1512033892451	2.901	-9.739	2.413
1512033892462	2.71	-9.816	2.365
1512033892471	2.48	-9.874	2.308
1512033892481	2.327	-9.902	2.279
1512033892493	2.212	-9.931	2.221
1512033892501	2.193	-9.931	2.193
1512033892511	2.241	-9.941	2.183
1512033892522	2.202	-9.921	2.145
1512033892531	2.154	-9.902	2.154
1512033892543	2.106	-9.874	2.145
1512033892554	2.02	-9.835	2.164
1512033892561	2.011	-9.759	2.116
1512033892571	1.905	-9.692	2.116
1512033892584	1.79	-9.605	2.116
1512033892591	1.8	-9.567	2.135
1512033892601	1.848	-9.567	2.135
1512033892612	1.762	-9.605	2.183
1512033892621	1.771	-9.644	2.221
1512033892631	1.848	-9.644	2.221
1512033892643	1.992	-9.596	2.231
1512033892651	2.087	-9.586	2.26
1512033892661	2.174	-9.663	2.288
1512033892672	2.413	-9.72	2.403
1512033892681	2.585	-9.701	2.442
1512033892691	2.662	-9.72	2.442
1512033892702	2.748	-9.701	2.442
1512033892711	2.815	-9.663	2.375
1512033892721	2.777	-9.711	2.241
1512033892732	2.767	-9.749	2.126
1512033892741	2.499	-9.797	2.001
1512033892751	2.317	-9.787	1.896
1512033892762	2.231	-9.749	1.819
1512033892771	2.193	-9.739	1.896
1512033892781	2.106	-9.739	1.963
1512033892792	2.087	-9.73	2.126
1512033892801	2.049	-9.72	2.26
1512033892811	2.001	-9.672	2.365
1512033892823	1.944	-9.682	2.384
1512033892831	1.877	-9.663	2.375
1512033892841	1.819	-9.72	2.355
1512033892852	1.771	-9.778	2.355
1512033892861	1.79	-9.864	2.327
1512033892871	1.781	-9.912	2.327
1512033892883	1.771	-9.912	2.327
1512033892891	1.829	-9.845	2.327
1512033892909	1.829	-9.759	2.288
1512033892922	1.857	-9.663	2.432
1512033892925	1.953	-9.605	2.317
1512033892936	2.097	-9.634	2.308
1512033892944	2.154	-9.701	2.384
1512033892951	2.241	-9.797	2.384
1512033892962	2.355	-9.883	2.451
1512033892974	2.384	-9.921	2.461
1512033892981	2.413	-9.893	2.442
1512033892991	2.403	-9.854	2.394
1512033893005	2.413	-9.845	2.327
1512033893011	2.413	-9.883	2.174
1512033893021	2.451	-9.941	2.269
1512033893032	2.451	-9.979	2.02
1512033893041	2.48	-9.96	1.944
1512033893051	2.442	-9.883	1.79
1512033893063	2.26	-9.797	1.743
1512033893071	2.298	-9.72	1.733
1512033893081	2.078	-9.711	1.781
1512033893093	2.202	-9.711	1.944
1512033893101	2.355	-9.72	2.02
1512033893111	2.26	-9.749	2.02
1512033893124	2.298	-9.797	2.001
1512033893131	2.327	-9.816	1.953
1512033893141	2.317	-9.864	1.848
1512033893153	2.317	-9.845	1.79
1512033893161	2.288	-9.854	1.781
1512033893171	2.269	-9.864	1.743
1512033893183	2.25	-9.912	1.743
1512033893191	2.221	-9.969	1.704
1512033893201	2.183	-9.941	1.666
1512033893213	2.212	-9.921	1.647
1512033893221	2.221	-9.912	1.589
1512033893231	2.212	-9.931	1.608
1512033893243	2.231	-9.988	1.676
1512033893251	2.231	-10.027	1.704
1512033893261	2.25	-10.036	1.771
1512033893273	2.241	-10.027	1.829
1512033893281	2.269	-9.95	1.877
1512033893291	2.25	-9.845	1.886
1512033893303	2.231	-9.711	1.953
1512033893311	2.26	-9.615	1.963
1512033893321	2.193	-9.557	2.02
1512033893333	2.116	-9.672	2.154
1512033893341	2.106	-9.615	2.183
1512033893351	2.154	-9.615	2.231
1512033893363	2.241	-9.663	2.288
1512033893371	2.298	-9.72	2.317
1512033893381	2.365	-9.807	2.231
1512033893395	2.49	-9.883	2.183
1512033893401	2.537	-9.902	2.059
1512033893411	2.557	-9.912	1.992
1512033893424	2.576	-9.883	2.03
1512033893431	2.566	-9.864	2.116
1512033893441	2.547	-9.835	2.164
1512033893453	2.48	-9.749	2.221
1512033893461	2.461	-9.759	2.241
1512033893471	2.423	-9.826	2.298
1512033893484	2.327	-9.902	2.384
1512033893491	2.231	-10.027	2.432
1512033893501	2.183	-10.142	2.461
1512033893513	2.135	-10.276	2.48
1512033893521	2.078	-10.372	2.451
1512033893539	2.039	-10.439	2.375
1512033893553	2.03	-10.506	2.394
1512033893555	2.039	-10.506	2.423
1512033893567	2.011	-10.486	2.528
1512033893575	1.905	-10.4	2.815
1512033893581	1.838	-10.247	2.786
1512033893591	1.723	-10.027	2.882
1512033893606	1.57	-9.902	2.901
1512033893611	1.455	-9.749	2.853
1512033893621	1.35	-9.682	2.786
1512033893635	1.245	-9.739	2.806
1512033893641	1.206	-9.854	2.911
1512033893651	1.197	-10.008	3.016
1512033893665	1.177	-10.132	3.055
1512033893671	1.225	-10.247	3.007
1512033893681	1.34	-10.362	2.921
1512033893695	1.369	-10.544	2.882
1512033893701	1.417	-10.659	2.834
1512033893711	1.494	-10.774	2.844
1512033893724	1.503	-10.86	2.988
1512033893731	1.474	-10.984	3.141
1512033893741	1.465	-11.09	3.256
1512033893754	1.522	-11.272	3.419
1512033893761	1.618	-11.483	3.629
1512033893771	1.695	-11.751	3.754
1512033893784	1.781	-11.961	3.84
1512033893791	1.8	-11.99	3.83
1512033893801	1.618	-11.885	3.754
1512033893814	1.695	-11.617	3.629
1512033893821	1.762	-11.291	3.505
1512033893831	1.8	-10.85	3.38
1512033893844	1.877	-10.343	3.17
1512033893851	1.905	-9.27	2.988
1512033893861	2.02	-8.983	2.863
1512033893874	2.126	-8.657	2.681
1512033893881	2.241	-8.389	2.423
1512033893891	2.164	-7.977	2.087
1512033893904	1.992	-7.518	1.8
1512033893911	1.781	-7.144	1.685
1512033893922	1.599	-6.809	1.618
1512033893937	1.407	-6.445	1.541
1512033893941	1.312	-6.052	1.388
1512033893951	1.254	-5.707	1.245
1512033893964	1.273	-5.516	1.168
1512033893971	1.283	-5.478	1.216
1512033893981	1.245	-5.612	1.34
1512033893994	1.245	-5.727	1.474
1512033894001	1.302	-5.899	1.561
1512033894011	1.273	-6.081	1.637
1512033894024	1.101	-6.301	1.762
1512033894031	0.919	-6.704	1.963
1512033894042	0.928	-7.288	2.231
1512033894054	0.967	-7.987	2.566
1512033894061	1.139	-8.763	2.959
1512033894071	1.273	-9.395	3.284
1512033894090	1.35	-9.749	3.447
1512033894091	1.245	-9.73	3.409
1512033894101	1.13	-9.615	3.352
1512033894115	1.043	-9.548	3.371
1512033894121	1.024	-9.711	3.486
1512033894131	1.158	-10.027	3.639
1512033894145	1.321	-10.324	3.744
1512033894151	1.551	-10.582	3.859
1512033894169	1.714	-10.831	3.945
1512033894174	1.934	-11.042	3.955
1512033894187	2.154	-11.166	3.936
1512033894194	2.298	-11.186	3.897
1512033894206	2.346	-11.032	3.802
1512033894213	2.279	-10.774	3.658
1512033894222	2.183	-10.688	3.543
1512033894238	2.068	-10.831	3.629
1512033894241	2.011	-11.291	3.792
1512033894252	1.944	-11.799	3.907
1512033894268	1.944	-12.239	3.782
1512033894271	1.953	-12.66	3.505
1512033894284	2.116	-12.929	3.237
1512033894297	2.432	-12.919	2.863
1512033894301	2.719	-12.536	2.509
1512033894313	2.959	-11.837	2.202
1512033894327	3.083	-11.195	1.743
1512033894331	2.863	-10.697	1.417
1512033894341	2.547	-10.247	1.34
1512033894356	2.279	-9.874	1.407
1512033894361	1.925	-9.462	1.656
1512033894371	1.618	-9.136	2.011
1512033894385	1.407	-8.83	2.231
1512033894391	1.283	-8.552	2.375
1512033894401	1.292	-8.303	2.604
1512033894415	1.254	-8.226	2.719
1512033894421	1.216	-8.255	2.662
1512033894431	1.225	-8.284	2.739
1512033894445	1.321	-8.408	2.825
1512033894451	1.426	-8.657	2.853
1512033894461	1.886	-8.935	2.93
1512033894475	1.81	-9.241	3.007
1512033894481	2.384	-9.615	3.007
1512033894491	2.672	-9.931	2.997
1512033894505	2.825	-10.142	2.978
1512033894511	3.16	-10.218	2.978
1512033894521	3.246	-10.199	2.968
1512033894535	3.15	-10.142	2.911
1512033894541	2.844	-10.008	2.815
1512033894551	2.719	-9.941	2.777
1512033894565	2.576	-9.912	2.691
1512033894571	2.346	-9.672	2.595
1512033894581	1.896	-9.567	2.518
1512033894595	1.695	-9.596	2.375
1512033894601	1.618	-9.615	2.231
1512033894611	1.494	-9.768	2.078
1512033894621	1.608	-9.921	1.963
1512033894631	1.676	-10.027	1.838
1512033894641	1.743	-9.998	1.781
1512033894651	1.781	-9.988	1.829
1512033894661	1.752	-9.835	1.963
1512033894671	1.714	-9.692	2.106
1512033894681	1.685	-9.615	2.288
1512033894691	1.714	-9.663	2.509
1512033894701	1.676	-9.644	2.662
1512033894711	1.637	-9.672	2.815
1512033894721	1.58	-9.672	2.93
1512033894731	1.656	-9.653	3.035
1512033894741	1.58	-9.634	3.131
1512033894751	1.714	-9.663	3.189
1512033894771	1.905	-9.759	3.102
1512033894781	2.001	-9.845	2.901
1512033894791	2.126	-9.988	2.758
1512033894801	2.059	-10.113	2.547
1512033894820	2.145	-10.237	2.317
1512033894832	2.212	-10.324	2.145
1512033894838	2.298	-10.314	2.068
1512033894850	2.308	-10.161	2.001
1512033894861	2.298	-9.921	2.106
1512033894871	2.25	-9.864	2.288
1512033894884	2.174	-9.787	2.394
1512033894891	2.039	-9.711	2.442
1512033894901	1.982	-9.701	2.509
1512033894918	1.915	-9.625	2.566
1512033894921	1.867	-9.557	2.614
1512033894931	1.81	-9.471	2.652
1512033894943	1.848	-9.404	2.652
1512033894951	1.896	-9.376	2.633
1512033894961	2.011	-9.452	2.604
1512033894973	2.202	-9.5	2.547
1512033894981	2.317	-9.577	2.509
1512033894991	2.49	-9.672	2.47
1512033895003	2.547	-9.73	2.394
1512033895011	2.595	-9.749	2.241
1512033895021	2.48	-9.797	2.154
1512033895032	2.375	-9.826	2.078
1512033895041	2.317	-9.883	2.116
1512033895051	2.25	-9.902	2.241
1512033895065	2.221	-9.893	2.336
1512033895071	2.183	-9.864	2.432
1512033895082	2.174	-9.845	2.451
1512033895095	2.097	-9.653	2.413
1512033895101	2.097	-9.778	2.413
1512033895111	2.059	-9.787	2.279
1512033895124	2.059	-9.653	2.241
1512033895131	2.059	-9.787	2.231
1512033895141	2.059	-9.749	2.231
1512033895152	2.174	-9.72	2.174
1512033895161	2.174	-9.692	2.154
1512033895171	2.212	-9.672	2.154
1512033895182	2.279	-9.663	2.212
1512033895191	2.279	-9.701	2.231
1512033895201	2.298	-9.749	2.288
1512033895214	2.279	-9.95	2.327
1512033895221	2.308	-9.826	2.346
1512033895232	2.25	-9.874	2.355
1512033895244	2.25	-9.854	2.327
1512033895251	2.154	-9.682	2.298
1512033895261	2.135	-9.778	2.269
1512033895274	2.087	-9.749	2.231
1512033895281	2.068	-9.73	2.221
1512033895291	2.078	-9.845	2.279
1512033895304	2.097	-9.931	2.288
1512033895311	2.078	-9.902	2.241
1512033895321	2.059	-9.845	2.25
1512033895333	1.992	-9.835	2.26
1512033895341	2.039	-9.969	2.336
1512033895351	2.106	-10.123	2.49
1512033895364	2.221	-10.113	2.604
1512033895371	2.241	-9.979	2.719
1512033895381	2.308	-9.797	2.796
1512033895394	2.355	-9.625	2.892
1512033895401	2.317	-9.481	2.949
1512033895411	2.126	-9.423	3.016
1512033895424	2.02	-9.347	3.141
1512033895431	1.743	-9.28	3.275
1512033895441	1.474	-9.404	3.428
1512033895484	1.225	-9.625	3.601
1512033895490	1.005	-9.787	3.648
1512033895493	0.909	-9.883	3.639
1512033895500	0.881	-9.883	3.658
1512033895511	0.785	-9.835	3.524
1512033895513	0.737	-9.692	3.399
1512033895518	0.699	-9.5	3.208
1512033895523	0.766	-9.28	3.093
1512033895533	0.89	-9.127	3.035
1512033895545	1.072	-9.117	3.045
1512033895551	1.369	-9.222	3.016
1512033895564	1.618	-9.318	2.93
1512033895574	1.829	-9.423	2.825
1512033895581	1.953	-9.586	2.652
1512033895593	2.202	-9.883	2.48
1512033895608	2.557	-10.228	2.231
1512033895611	2.93	-10.496	1.8
1512033895621	3.131	-10.563	1.369
1512033895633	3.284	-10.448	1.072
1512033895641	3.332	-10.295	0.919
1512033895651	3.294	-10.266	0.996
1512033895663	3.227	-10.381	1.771
1512033895671	3.102	-10.563	1.838
1512033895681	2.882	-10.678	2.384
1512033895692	2.853	-10.735	2.844
1512033895701	2.806	-10.898	3.237
1512033895711	2.825	-11.147	3.533
1512033895725	2.815	-11.387	3.897
1512033895731	2.739	-11.607	3.897
1512033895741	2.672	-11.77	3.869
1512033895754	2.518	-11.961	3.735
1512033895761	2.518	-12.134	3.735
1512033895771	2.355	-12.239	3.457
1512033895784	1.848	-12.191	3.371
1512033895791	1.848	-12.028	3.371
1512033895801	1.628	-11.904	3.189
1512033895815	1.494	-11.597	3.16
1512033895821	1.494	-11.617	3.064
1512033895831	1.513	-11.454	2.949
1512033895845	1.58	-11.109	2.863
1512033895851	1.58	-10.668	2.844
1512033895861	1.57	-10.094	2.873
1512033895875	1.379	-9.557	2.796
1512033895881	1.379	-8.964	2.758
1512033895891	1.225	-8.341	2.681
1512033895905	1.245	-7.403	2.557
1512033895911	1.283	-7.47	2.451
1512033895921	1.225	-7.163	2.26
1512033895935	1.13	-6.483	2.126
1512033895941	1.082	-6.177	1.963
1512033895951	0.986	-5.832	1.896
1512033895965	0.948	-5.631	1.925
1512033895971	0.976	-5.545	2.011
1512033895982	1.082	-5.64	2.193
1512033895996	1.283	-5.794	2.394
1512033896001	1.551	-5.909	2.509
1512033896011	1.848	-6.129	2.614
1512033896022	2.106	-6.359	2.652
1512033896031	2.193	-6.483	2.518
1512033896041	2.174	-6.617	2.336
1512033896053	2.212	-6.771	2.116
1512033896061	2.308	-7.173	2.049
1512033896071	2.509	-7.814	2.241
1512033896089	2.576	-8.504	2.528
1512033896116	2.595	-9.098	2.748
1512033896122	2.48	-9.443	2.758
1512033896124	2.231	-9.596	2.585
1512033896125	1.896	-9.596	2.48
1512033896135	1.522	-9.51	2.423
1512033896144	1.35	-9.586	2.451
1512033896161	1.264	-9.864	2.614
1512033896162	1.321	-10.276	2.796
1512033896175	1.388	-10.707	2.997
1512033896181	1.407	-11.128	3.256
1512033896191	1.426	-11.435	3.466
1512033896204	1.388	-11.607	3.601
1512033896211	1.541	-11.636	3.687
1512033896221	1.666	-11.597	3.61
1512033896233	1.8	-11.511	3.514
1512033896241	1.944	-11.32	3.447
1512033896251	2.039	-11.052	3.342
1512033896263	2.116	-10.831	3.189
1512033896271	2.241	-10.515	3.045
1512033896281	2.336	-10.285	2.863
1512033896295	2.423	-10.113	2.537
1512033896301	2.595	-9.883	2.614
1512033896311	2.748	-9.682	2.48
1512033896325	2.691	-9.519	2.384
1512033896331	2.614	-9.5	2.384
1512033896343	2.547	-9.711	2.413
1512033896356	2.499	-10.084	2.432
1512033896361	2.557	-10.381	2.432
1512033896371	2.7	-10.601	2.346
1512033896386	2.988	-10.803	2.336
1512033896391	2.988	-10.917	2.336
1512033896401	3.141	-10.831	2.355
1512033896415	3.093	-10.697	2.47
1512033896421	2.949	-10.486	2.652
1512033896432	2.777	-10.237	2.834
1512033896445	2.614	-10.017	2.911
1512033896451	2.518	-9.874	2.968
1512033896461	2.451	-9.807	3.026
1512033896476	2.288	-9.72	2.815
1512033896481	2.145	-9.625	2.882
1512033896491	2.039	-9.605	2.633
1512033896505	1.934	-9.548	2.432
1512033896511	1.857	-9.481	2.202
1512033896521	1.762	-9.423	2.03
1512033896535	1.685	-9.356	1.896
1512033896541	1.666	-9.395	1.867
1512033896551	1.656	-9.471	1.867
1512033896565	1.599	-9.519	1.915
1512033896571	1.886	-9.615	1.886
1512033896581	1.953	-9.72	1.838
1512033896600	1.925	-9.768	1.934
1512033896602	1.905	-9.816	2.126
1512033896616	1.963	-9.797	2.317
1512033896627	1.925	-9.759	2.461
1512033896631	1.992	-9.692	2.566
1512033896643	2.03	-9.797	2.7
1512033896656	2.135	-9.95	2.739
1512033896661	2.174	-9.988	2.748
1512033896671	2.25	-10.008	2.719
1512033896686	2.212	-9.95	2.595
1512033896691	2.231	-9.883	2.48
1512033896702	2.193	-9.787	2.355
1512033896716	2.183	-9.759	2.231
1512033896721	2.193	-9.778	2.116
1512033896756	2.087	-9.835	2.011
1512033896762	2.126	-9.931	1.905
1512033896765	2.106	-9.979	1.848
1512033896767	2.059	-9.979	1.857
1512033896773	2.03	-9.96	1.886
1512033896800	2.001	-9.921	1.982
1512033896801	1.982	-9.854	2.049
1512033896802	2.02	-9.816	2.174
1512033896811	2.078	-9.854	2.279
1512033896821	2.202	-9.874	2.327
1512033896835	2.288	-9.883	2.365
1512033896841	2.25	-9.826	2.269
1512033896851	2.327	-9.787	2.221
1512033896865	2.365	-9.826	2.193
1512033896871	2.288	-9.845	2.135
1512033896881	2.336	-9.921	2.097
1512033896895	2.327	-9.96	2.03
1512033896901	2.269	-9.931	1.896
1512033896911	2.231	-9.826	1.752
1512033896925	2.174	-9.797	1.628
1512033896931	2.154	-9.797	1.561
1512033896941	2.126	-9.864	1.522
1512033896953	2.078	-9.893	1.608
1512033896961	2.078	-9.902	1.704
1512033896971	2.049	-9.874	1.848
1512033896984	2.03	-9.816	1.953
1512033896991	2.02	-9.816	2.059
1512033897001	2.039	-9.874	2.126
1512033897015	2.135	-9.969	2.174
1512033897021	2.231	-9.969	2.106
1512033897031	2.279	-9.893	2.059
1512033897046	2.308	-9.835	1.857
1512033897051	2.375	-9.787	1.982
1512033897062	2.365	-9.739	1.944
1512033897076	2.231	-9.759	1.867
1512033897081	2.154	-9.807	1.867
1512033897092	2.087	-9.845	1.829
1512033897107	1.992	-9.854	1.771
1512033897111	1.953	-9.835	1.79
1512033897122	1.934	-9.835	1.867
1512033897134	1.915	-9.826	2.078
1512033897141	1.934	-9.807	2.011
1512033897151	1.925	-9.816	2.039
1512033897164	1.905	-9.835	2.039
1512033897171	1.848	-9.835	1.877
1512033897181	1.81	-9.807	2.02
1512033897196	1.81	-9.807	1.982
1512033897201	1.819	-9.778	1.953
1512033897212	2.001	-9.72	1.905
1512033897227	1.915	-9.653	1.915
1512033897231	1.972	-9.634	1.905
1512033897242	2.03	-9.634	1.867
1512033897257	2.03	-9.701	1.838
1512033897261	1.972	-9.749	1.934
1512033897272	2.087	-9.902	1.982
1512033897287	2.097	-9.931	1.934
1512033897291	2.154	-9.969	1.915
1512033897302	2.154	-10.19	1.857
1512033897317	2.135	-10.113	1.829
1512033897321	2.106	-10.19	1.829
1512033897331	2.078	-10.228	1.781
1512033897342	2.078	-10.218	1.771
1512033897351	2.087	-10.209	1.771
1512033897375	2.164	-10.209	1.762
1512033897383	2.279	-10.218	1.8
1512033897384	2.375	-10.257	1.886
1512033897395	2.403	-10.333	1.925
1512033897410	2.423	-10.305	1.886
1512033897419	2.47	-10.276	1.848
1512033897422	2.423	-10.103	1.752
1512033897439	2.308	-9.893	1.714
1512033897442	2.183	-9.816	1.781
1512033897452	2.059	-9.912	1.915
1512033897470	2.001	-10.036	2.097
1512033897474	1.905	-10.123	2.193
1512033897485	1.79	-10.142	2.231
1512033897498	1.752	-10.18	2.279
1512033897501	1.676	-10.151	2.298
1512033897511	1.589	-10.19	2.355
1512033897529	1.599	-10.257	2.451
1512033897531	1.561	-10.285	2.509
1512033897543	1.589	-10.429	2.681
1512033897558	1.551	-10.592	2.796
1512033897561	1.561	-10.783	2.796
1512033897573	1.513	-11.013	2.911
1512033897583	1.455	-11.253	3.055
1512033897591	1.292	-11.387	3.237
1512033897605	1.101	-11.444	3.332
1512033897615	0.9	-11.425	3.323
1512033897622	0.727	-11.425	3.323
1512033897631	0.66	-11.463	3.371
1512033897642	0.622	-11.511	3.419
1512033897651	0.641	-11.463	3.419
1512033897662	0.545	-11.243	3.313
1512033897673	0.612	-11.013	3.198
1512033897681	0.679	-10.86	3.17
1512033897692	0.775	-10.697	3.131
1512033897704	0.938	-10.563	3.217
1512033897712	1.12	-10.458	3.304
1512033897722	1.321	-10.324	3.419
1512033897732	1.551	-10.18	3.543
1512033897741	1.743	-9.893	3.466
1512033897751	1.867	-9.557	3.294
1512033897762	2.011	-9.261	3.17
1512033897771	2.078	-9.04	3.074
1512033897781	2.154	-8.849	2.93
1512033897793	2.221	-8.667	2.806
1512033897801	2.288	-8.456	2.614
1512033897812	2.25	-8.044	2.298
1512033897824	2.327	-7.709	2.02
1512033897831	2.49	-7.412	1.647
1512033897843	2.576	-7.115	1.522
1512033897854	2.557	-6.713	1.522
1512033897863	2.336	-6.32	1.254
1512033897874	1.944	-5.909	1.359
1512033897884	1.57	-5.64	1.34
1512033897893	1.379	-5.554	1.264
1512033897904	0.948	-5.506	1.197
1512033897914	0.699	-5.64	1.273
1512033897923	0.526	-5.899	1.407
1512033897934	0.268	-6.196	1.676
1512033897944	0.162	-6.704	2.039
1512033897953	-0.038	-7.374	2.528
1512033897965	-0.076	-8.236	2.997
1512033897974	-0.028	-9.174	3.399
1512033897987	0.076	-10.448	3.514
1512033897995	-0.086	-10.86	3.399
1512033898031	-0.191	-10.994	3.189
1512033898047	-0.181	-10.889	3.198
1512033898049	-0.067	-11.157	3.352
1512033898051	0.249	-11.272	3.476
1512033898052	0.622	-11.262	3.572
1512033898053	0.957	-11.166	3.581
1512033898063	1.149	-11.032	3.725
1512033898074	1.35	-10.908	3.974
1512033898085	1.446	-10.927	4.041
1512033898101	1.474	-10.898	3.936
1512033898106	1.388	-10.678	3.61
1512033898119	1.302	-10.314	3.256
1512033898123	1.35	-10.027	2.93
1512033898135	1.513	-10.008	2.652
1512033898149	1.838	-10.19	2.346
1512033898161	2.202	-10.4	2.078
1512033898177	2.681	-10.668	1.781
1512033898178	3.227	-11.166	1.752
1512033898181	3.658	-11.674	1.398
1512033898191	3.974	-12.23	0.976
1512033898209	4.28	-12.814	0.785
1512033898211	4.424	-12.996	1.063
1512033898221	4.252	-12.536	1.733
1512033898233	3.83	-11.645	2.241
1512033898241	3.304	-11.042	2.576
1512033898254	2.509	-10.678	2.633
1512033898262	1.886	-10.036	2.317
1512033898271	1.474	-9.519	2.039
1512033898281	1.082	-9.49	1.915
1512033898292	0.833	-9.615	1.963
1512033898306	0.679	-9.739	2.039
1512033898311	0.517	-9.845	1.982
1512033898323	0.22	-9.854	1.925
1512033898331	-0.105	-9.797	1.819
1512033898341	-0.459	-9.682	1.685
1512033898354	-0.545	-9.49	1.541
1512033898361	-0.469	-9.337	1.398
1512033898371	-0.162	-9.203	1.101
1512033898383	0.411	-9.069	0.833
1512033898394	0.641	-9.059	0.66
1512033898401	1.12	-9.347	0.545
1512033898412	1.608	-10.132	0.737
1512033898421	2.087	-10.783	0.967
1512033898431	2.384	-10.745	0.9
1512033898443	2.978	-10.898	1.541
1512033898451	3.342	-10.496	1.436
1512033898461	3.246	-10.41	1.589
1512033898473	3.562	-10.458	2.039
1512033898481	3.601	-9.845	2.039
1512033898493	3.304	-9.376	2.231
1512033898503	2.921	-9.222	2.039
1512033898511	2.461	-9.538	2.068
1512033898521	1.704	-8.447	3.016
1512033898533	2.719	-8.427	0.747
1512033898541	2.777	-11.013	-1.091
1512033898551	2.681	-10.946	-2.097
1512033898562	2.442	-10.314	-2.183
1512033898571	0.689	-8.59	-0.651
1512033898581	-0.392	-8.063	0.67
1512033898594	1.79	-12.057	1.666
1512033898612	1.177	-12.057	1.857
1512033898613	1.407	-11.923	1.551
1512033898624	2.355	-10.745	1.398
1512033898631	2.815	-10.745	0.957
1512033898655	2.672	-11.004	0.584
1512033898677	2.116	-10.898	0.296
1512033898678	1.149	-10.458	0.124
1512033898679	0.861	-9.874	0.191
1512033898681	0.622	-9.107	0.086
1512033898692	0.507	-8.897	-0.028
1512033898701	0.651	-10.075	0.354
1512033898718	1.628	-10.668	0.804
1512033898721	2.432	-11.875	1.072
1512033898737	1.063	-12.852	1.379
1512033898745	1.216	-11.243	0.45
1512033898751	1.743	-8.935	-0.89
1512033898762	2.681	-7.949	-1.446
1512033898775	3.792	-9.05	-1.254
1512033898781	3.888	-10.621	-0.258
1512033898791	2.403	-13.321	1.043
1512033898805	0.44	-14.461	1.57
1512033898811	-0.996	-13.532	1.283
1512033898821	-2.355	-13.178	1.13
1512033898837	-4.003	-14.451	1.35
1512033898841	-4.903	-15.534	1.704
1512033898851	-3.792	-16.089	2.518
1512033898869	-2.087	-16.788	5.296
1512033898871	0.498	-17.88	5.315
1512033898881	3.198	-18.665	7.738
1512033898892	3.026	-19.029	9.117
1512033898901	2.537	-18.206	9.979
1512033898911	3.869	-17.468	8.887
1512033898925	5.018	-17.162	1.494
1512033898931	4.97	-16.817	1.522
1512033898941	2.106	-16.415	-15.649
1512033898954	0.0	-17.861	-9.95
1512033898961	1.465	-13.877	-3.284
1512033898971	3.639	-13.408	1.302
1512033898983	5.449	-12.823	3.668
1512033898991	6.062	-12.45	4.941
1512033899001	3.936	-10.295	5.535
1512033899013	5.018	-9.222	3.39
1512033899021	6.885	-9.692	1.925
1512033899031	5.813	-9.711	1.101
1512033899044	4.759	-9.759	0.814
1512033899051	4.118	-9.692	0.823
1512033899061	5.114	-9.366	1.005
1512033899074	7.47	-7.805	2.758
1512033899081	8.504	-6.435	5.229
1512033899091	5.861	-7.431	6.177
1512033899104	0.976	-8.954	5.018
1512033899111	-1.905	-8.561	2.652
1512033899121	-2.087	-7.01	1.082
1512033899133	-1.398	-8.13	0.584
1512033899141	-1.312	-7.824	0.124
1512033899151	0.354	-4.654	1.206
1512033899164	-4.529	-4.434	0.996
1512033899171	-5.458	-3.304	-1.053
1512033899184	-1.312	-2.777	-0.881
1512033899195	-0.737	-4.108	4.223
1512033899201	-2.423	-5.573	5.353
1512033899211	-1.034	-3.265	5.334
1512033899223	-2.48	-0.948	6.981
1512033899239	-2.48	-0.181	6.981
1512033899244	-1.8	0.105	7.106
1512033899253	-0.306	0.344	8.561
1512033899261	1.436	0.114	10.984
1512033899283	3.505	-0.258	12.977
1512033899284	4.07	-0.66	13.666
1512033899305	2.691	-0.66	13.12
1512033899312	1.005	-0.622	12.028
1512033899315	0.43	0.727	10.822
1512033899324	-0.517	0.727	9.538
1512033899339	-0.948	-0.306	7.968
1512033899341	-0.258	0.076	6.914
1512033899351	-0.775	1.465	6.589
1512033899361	-1.608	2.49	6.598
1512033899389	-1.666	3.304	6.885
1512033899390	-1.474	3.917	7.211
1512033899391	-1.398	3.84	7.288
1512033899405	-0.89	3.888	7.192
1512033899411	-0.057	3.945	6.885
1512033899421	-0.66	3.897	6.043
1512033899436	-0.823	3.553	5.181
1512033899441	-0.756	3.122	4.865
1512033899451	-0.612	3.083	5.056
1512033899463	-0.507	2.921	5.267
1512033899471	-0.689	2.93	5.363
1512033899481	-0.737	3.466	5.209
1512033899494	-0.641	3.591	5.717
1512033899501	-0.411	3.466	7.163
1512033899514	0.201	3.457	8.447
1512033899523	0.019	3.668	8.916
1512033899531	-0.316	3.438	8.983
1512033899543	-0.766	3.38	9.203
1512033899554	-0.488	3.399	9.739
1512033899561	0.632	2.949	10.314
1512033899571	1.321	2.633	10.218
1512033899583	1.676	2.662	9.625
1512033899591	1.561	2.528	9.079
1512033899601	1.532	2.786	8.198
1512033899614	1.053	2.988	7.479
1512033899621	2.739	3.562	5.324
1512033899631	10.247	2.518	2.212
1512033899646	3.237	1.781	2.413
1512033899651	0.354	2.949	3.936
1512033899661	-1.79	3.246	6.933
1512033899673	-3.064	2.384	17.851
1512033899681	3.83	2.94	9.577
1512033899691	4.108	2.585	9.692
1512033899704	1.561	2.892	10.458
1512033899711	1.867	3.16	11.166
1512033899721	2.365	4.185	10.822
1512033899734	2.413	3.055	11.157
1512033899741	1.848	1.963	9.807
1512033899751	0.545	1.618	8.878
1512033899764	0.488	2.633	10.381
1512033899771	0.249	3.658	10.381
1512033899781	0.047	3.533	10.266
1512033899795	1.091	2.853	9.931
1512033899801	1.091	2.03	9.931
1512033899811	1.091	1.618	10.027
1512033899827	0.632	1.321	9.874
1512033899831	0.632	1.264	9.874
1512033899841	0.89	1.359	9.998
1512033899857	1.379	2.7	9.04
1512033899861	1.379	2.729	9.04
1512033899871	1.024	3.064	8.466
1512033899887	1.417	3.371	8.475
1512033899891	1.417	3.313	8.322
1512033899932	1.503	3.265	8.542
1512033899946	1.369	3.227	8.447
1512033899948	1.292	3.189	8.753
1512033899949	1.12	3.342	6.502
1512033899951	0.976	3.371	7.968
1512033899953	2.193	2.863	6.866
1512033899964	1.043	3.007	8.102
1512033899982	1.302	3.055	8.284
1512033899984	1.455	2.949	8.973
1512033899993	1.245	3.112	9.012
1512033900014	0.842	3.112	9.414
1512033900193	0.622	3.811	9.548
1512033900247	0.833	4.041	9.749
1512033900248	0.881	3.84	9.682
1512033900248	0.306	3.821	9.261
1512033900249	1.139	2.988	9.318
1512033900249	1.015	2.614	8.916
1512033900250	0.928	3.141	9.04
1512033900251	1.197	3.112	8.533
1512033900252	1.494	2.786	8.159
1512033900252	1.465	2.806	7.929
1512033900253	1.369	3.179	7.939
1512033900254	1.273	3.361	8.006
1512033900255	0.919	3.045	9.031
1512033900255	1.149	2.786	9.069
1512033900261	1.455	2.643	9.012
1512033900275	1.455	2.576	8.887
