timestamp	x	y	z
1517160860507	-10.324	0.402	-0.871
1517160860531	-10.305	0.411	-0.852
1517160860532	-10.276	0.402	-0.794
1517160860534	-10.247	0.373	-0.775
1517160860561	-10.142	0.383	-0.766
1517160860572	-10.075	0.363	-0.727
1517160860573	-10.036	0.411	-0.727
1517160860581	-9.979	0.45	-0.679
1517160860594	-9.96	0.459	-0.622
1517160860601	-9.931	0.44	-0.612
1517160860611	-9.921	0.392	-0.603
1517160860631	-9.921	0.344	-0.593
1517160860641	-9.912	0.335	-0.565
1517160860655	-9.931	0.335	-0.536
1517160860661	-9.902	0.287	-0.574
1517160860673	-9.874	0.239	-0.584
1517160860685	-9.807	0.201	-0.555
1517160860691	-9.73	0.172	-0.517
1517160860701	-9.596	0.162	-0.44
1517160860719	-9.481	0.105	-0.478
1517160860776	-9.5	0.114	-0.593
1517160860776	-9.538	0.124	-0.43
1517160860778	-9.443	0.076	-0.43
1517160860779	-9.376	-0.009	-0.268
1517160860781	-9.385	-0.038	-0.268
1517160860784	-9.414	-0.028	-0.402
1517160860794	-9.423	-0.009	-0.584
1517160860821	-9.299	-0.028	-0.44
1517160860831	-9.146	-0.028	-0.44
1517160860838	-9.021	-0.057	-0.316
1517160860839	-9.05	-0.028	-0.306
1517160860854	-9.098	0.067	-0.306
1517160860856	-9.117	0.134	-0.383
1517160860865	-9.194	0.201	-0.363
1517160860884	-9.194	0.191	-0.363
1517160860885	-9.232	0.162	-0.249
1517160860901	-9.251	-0.067	-0.229
1517160860905	-9.251	-0.067	-0.229
1517160860911	-9.261	-0.172	-0.344
1517160860924	-9.328	-0.335	-0.402
1517160860931	-9.328	-0.335	-0.392
1517160860947	-9.376	-0.43	-0.383
1517160860952	-9.414	-0.459	-0.383
1517160860961	-9.404	-0.44	-0.44
1517160860971	-9.376	-0.392	-0.517
1517160860982	-9.165	-0.335	-0.555
1517160860991	-9.012	-0.22	-0.565
1517160861001	-9.002	-0.057	-0.612
1517160861015	-8.983	0.268	-0.641
1517160861021	-8.973	0.249	-0.622
1517160861031	-8.973	0.306	-0.555
1517160861044	-8.973	0.325	-0.478
1517160861051	-8.992	0.172	-0.469
1517160861061	-8.954	0.277	-0.469
1517160861074	-8.887	0.047	-0.507
1517160861081	-8.772	0.124	-0.555
1517160861091	-8.676	-0.019	-0.632
1517160861104	-8.638	0.047	-0.67
1517160861111	-8.724	0.22	-0.679
1517160861121	-8.878	0.459	-0.622
1517160861134	-9.117	0.622	-0.545
1517160861151	-9.548	0.66	-0.306
1517160861165	-9.634	0.517	-0.162
1517160861171	-9.586	0.296	-0.114
1517160861181	-9.443	0.047	-0.21
1517160861195	-9.414	-0.076	-0.354
1517160861201	-9.51	0.067	-0.478
1517160861225	-10.056	0.383	-0.373
1517160861231	-10.362	0.325	-0.124
1517160861241	-10.563	0.114	0.124
1517160861255	-10.515	-0.143	0.287
1517160861261	-10.228	-0.392	0.028
1517160861285	-9.807	-0.344	-0.737
1517160861291	-9.921	-0.076	-0.814
1517160861301	-10.276	0.134	-0.641
1517160861315	-10.803	0.191	-0.277
1517160861321	-11.301	0.105	0.076
1517160861331	-11.664	0.0	0.162
1517160861345	-11.722	-0.105	0.019
1517160861351	-11.454	-0.134	-0.268
1517160861361	-10.946	-0.153	-0.526
1517160861375	-10.448	-0.047	-0.66
1517160861381	-10.056	0.239	-0.699
1517160861391	-9.787	0.526	-0.622
1517160861405	-9.644	0.66	-0.555
1517160861411	-9.605	0.708	-0.45
1517160861421	-9.672	0.593	-0.459
1517160861435	-9.778	0.44	-0.488
1517160861441	-9.787	0.296	-0.354
1517160861451	-9.739	0.181	-0.201
1517160861465	-9.759	0.172	-0.153
1517160861471	-9.835	0.277	-0.277
1517160861481	-9.912	0.411	-0.373
1517160861495	-10.027	0.469	-0.191
1517160861501	-10.19	0.469	0.162
1517160861511	-10.496	0.402	0.536
1517160861525	-10.793	0.287	0.928
1517160861531	-10.956	0.134	0.861
1517160861562	-10.621	-0.402	0.459
1517160861563	-10.419	-0.603	0.306
1517160861580	-10.151	-0.67	0.296
1517160861581	-9.883	-0.699	0.411
1517160861591	-9.663	-0.679	0.526
1517160861602	-9.577	-0.651	0.555
1517160861614	-9.577	-0.584	0.536
1517160861621	-9.644	-0.507	0.488
1517160861631	-9.701	-0.411	0.545
1517160861643	-9.701	-0.373	0.66
1517160861651	-9.701	-0.392	0.66
1517160861661	-9.634	-0.43	0.881
1517160861673	-9.538	-0.536	0.871
1517160861681	-9.443	-0.632	1.024
1517160861691	-9.356	-0.756	1.005
1517160861703	-9.328	-0.833	0.967
1517160861711	-9.328	-0.89	0.89
1517160861721	-9.529	-0.881	0.9
1517160861734	-9.471	-0.842	0.948
1517160861741	-9.701	-0.766	0.967
1517160861773	-9.653	-0.718	0.986
1517160861774	-9.893	-0.651	0.976
1517160861774	-9.768	-0.622	0.957
1517160861781	-9.768	-0.593	0.967
1517160861793	-9.787	-0.565	0.948
1517160861801	-9.768	-0.536	0.909
1517160861811	-9.768	-0.316	0.852
1517160861823	-9.759	-0.421	0.804
1517160861830	-9.739	-0.354	0.747
1517160861841	-9.711	-0.287	0.718
1517160861853	-9.672	-0.239	0.699
1517160861861	-9.682	-0.229	0.689
1517160861871	-9.682	-0.239	0.689
1517160861883	-9.663	-0.229	0.67
1517160861891	-9.663	-0.22	0.622
1517160861901	-9.672	-0.22	0.632
1517160861914	-9.682	-0.181	0.622
1517160861921	-9.692	-0.153	0.67
1517160861931	-9.701	-0.134	0.689
1517160861944	-9.692	-0.105	0.679
1517160861951	-9.682	-0.105	0.67
1517160861961	-9.663	-0.143	0.718
1517160861976	-9.672	-0.22	0.727
1517160861981	-9.672	-0.277	0.747
1517160861991	-9.711	-0.325	0.756
1517160862006	-9.759	-0.363	0.718
1517160862011	-9.778	-0.383	0.689
1517160862021	-9.797	-0.373	0.699
1517160862036	-9.826	-0.373	0.67
1517160862041	-9.874	-0.363	0.679
1517160862051	-9.921	-0.383	0.632
1517160862066	-9.96	-0.421	0.603
1517160862071	-9.969	-0.43	0.593
1517160862082	-9.921	-0.44	0.651
1517160862096	-9.883	-0.421	0.641
1517160862101	-9.864	-0.383	0.574
1517160862111	-9.874	-0.402	0.517
1517160862123	-9.854	-0.488	0.536
1517160862131	-9.759	-0.584	0.689
1517160862141	-9.663	-0.612	0.804
1517160862154	-9.634	-0.565	0.804
1517160862161	-9.692	-0.469	0.651
1517160862171	-9.797	-0.43	0.517
1517160862183	-9.797	-0.392	0.565
1517160862191	-9.73	-0.344	0.67
1517160862201	-9.72	-0.363	0.747
1517160862214	-9.739	-0.383	0.718
1517160862221	-9.739	-0.45	0.67
1517160862231	-9.682	-0.488	0.67
1517160862246	-9.653	-0.526	0.641
1517160862251	-9.682	-0.574	0.679
1517160862261	-9.739	-0.593	0.708
1517160862277	-9.739	-0.584	0.747
1517160862281	-9.739	-0.593	0.794
1517160862291	-9.73	-0.584	0.775
1517160862306	-9.73	-0.574	0.766
1517160862311	-9.72	-0.517	0.708
1517160862321	-9.692	-0.469	0.699
1517160862336	-9.682	-0.421	0.737
1517160862369	-9.663	-0.402	0.718
1517160862376	-9.663	-0.363	0.699
1517160862379	-9.653	-0.373	0.737
1517160862381	-9.653	-0.383	0.747
1517160862383	-9.634	-0.373	0.747
1517160862391	-9.634	-0.373	0.689
1517160862401	-9.634	-0.421	0.632
1517160862411	-9.653	-0.44	0.651
1517160862426	-9.653	-0.45	0.66
1517160862431	-9.672	-0.44	0.66
1517160862441	-9.701	-0.421	0.593
1517160862454	-9.692	-0.383	0.593
1517160862461	-9.644	-0.335	0.565
1517160862471	-9.605	-0.296	0.555
1517160862485	-9.596	-0.22	0.536
1517160862491	-9.596	-0.229	0.478
1517160862501	-9.625	-0.22	0.421
1517160862511	-9.644	-0.239	0.383
1517160862521	-9.682	-0.296	0.373
1517160862531	-9.73	-0.316	0.335
1517160862545	-9.739	-0.344	0.354
1517160862551	-9.72	-0.316	0.325
1517160862561	-9.749	-0.258	0.258
1517160862579	-9.759	-0.229	0.239
1517160862581	-9.787	-0.249	0.21
1517160862591	-9.826	-0.287	0.162
1517160862604	-9.864	-0.45	0.162
1517160862611	-9.883	-0.258	0.201
1517160862624	-9.893	-0.21	0.239
1517160862636	-9.883	-0.181	0.335
1517160862641	-9.874	-0.181	0.383
1517160862651	-9.854	-0.172	0.354
1517160862666	-9.835	-0.201	0.306
1517160862671	-9.816	-0.172	0.229
1517160862681	-9.835	-0.162	0.181
1517160862695	-9.835	-0.124	0.162
1517160862702	-9.835	-0.086	0.191
1517160862711	-9.835	-0.076	0.191
1517160862725	-9.835	-0.086	0.21
1517160862731	-9.826	-0.124	0.22
1517160862741	-9.854	-0.162	0.239
1517160862755	-9.854	-0.201	0.287
1517160862761	-9.854	-0.21	0.306
1517160862771	-9.893	-0.181	0.21
1517160862785	-9.96	-0.114	0.057
1517160862791	-10.008	-0.067	-0.086
1517160862801	-10.008	-0.009	-0.076
1517160862816	-9.969	-0.019	0.095
1517160862821	-9.969	0.0	0.21
1517160862831	-10.065	0.057	0.143
1517160862844	-10.199	0.095	0.009
1517160862851	-10.237	0.086	-0.076
1517160862861	-10.199	0.076	0.067
1517160862874	-10.161	0.067	0.306
1517160862881	-10.218	0.143	0.325
1517160862891	-10.305	0.21	0.162
1517160862906	-10.314	0.22	0.019
1517160862911	-10.305	0.172	-0.038
1517160862921	-10.343	0.095	-0.057
1517160862937	-10.41	0.134	-0.019
1517160862941	-10.477	0.172	0.019
1517160862952	-10.554	0.181	-0.047
1517160862967	-10.659	0.22	-0.153
1517160862971	-10.803	0.249	-0.296
1517160862982	-10.965	0.277	-0.325
1517160862997	-11.119	0.325	-0.277
1517160863001	-11.281	0.325	-0.268
1517160863012	-11.339	0.249	-0.306
1517160863027	-11.377	0.229	-0.363
1517160863031	-11.329	0.258	-0.402
1517160863042	-11.262	0.287	-0.335
1517160863057	-11.186	0.239	-0.363
1517160863061	-11.052	0.229	-0.43
1517160863072	-10.889	0.21	-0.574
1517160863087	-10.707	0.22	-0.555
1517160863091	-10.4	0.239	-0.488
1517160863102	-10.036	0.239	-0.517
1517160863119	-9.711	0.239	-0.517
1517160863121	-9.385	0.22	-0.612
1517160863154	-8.657	0.229	-0.622
1517160863157	-8.542	0.268	-0.469
1517160863161	-8.169	0.306	-0.574
1517160863169	-7.862	0.296	-0.565
1517160863172	-7.604	0.277	-0.584
1517160863191	-7.192	0.191	-0.43
1517160863201	-7.01	0.162	-0.354
1517160863211	-6.943	0.153	-0.363
1517160863221	-6.924	0.105	-0.296
1517160863236	-6.943	0.057	-0.239
1517160863241	-7.096	0.0	-0.22
1517160863251	-7.087	-0.028	-0.316
1517160863261	-7.288	0.124	-0.43
1517160863271	-7.47	0.287	-0.44
1517160863281	-7.824	0.344	-0.277
1517160863291	-8.293	0.354	-0.057
1517160863301	-8.743	0.344	0.114
1517160863311	-9.165	0.363	0.172
1517160863321	-9.395	0.191	0.114
1517160863331	-9.519	0.076	-0.038
1517160863341	-9.72	-0.22	-0.201
1517160863351	-9.931	-0.373	-0.258
1517160863361	-10.237	-0.229	-0.239
1517160863371	-10.544	-0.076	-0.057
1517160863381	-10.831	-0.009	0.162
1517160863391	-11.147	-0.076	0.316
1517160863402	-11.31	-0.21	0.383
1517160863411	-11.224	-0.373	0.316
1517160863422	-10.937	-0.565	0.21
1517160863433	-10.621	-0.67	0.057
1517160863441	-10.352	-0.612	-0.076
1517160863452	-10.161	-0.344	-0.181
1517160863463	-9.893	0.0	0.105
1517160863471	-9.73	0.21	0.373
1517160863481	-9.778	0.296	0.43
1517160863493	-10.056	0.325	0.344
1517160863501	-10.343	0.258	0.229
1517160863511	-10.448	0.153	0.249
1517160863523	-10.343	-0.019	0.373
1517160863531	-10.237	-0.076	0.43
1517160863542	-10.276	0.028	0.373
1517160863553	-10.4	0.268	0.239
1517160863561	-10.63	0.392	0.258
1517160863571	-10.937	0.45	0.498
1517160863584	-11.281	0.411	0.747
1517160863591	-11.559	0.354	0.909
1517160863605	-11.578	0.277	0.833
1517160863613	-11.348	0.181	0.612
1517160863621	-11.004	0.047	0.373
1517160863631	-10.611	-0.095	0.201
1517160863643	-10.199	-0.134	0.21
1517160863651	-9.835	-0.124	0.306
1517160863661	-9.51	-0.038	0.488
1517160863673	-9.28	0.095	0.565
1517160863681	-9.146	0.249	0.612
1517160863691	-9.117	0.363	0.593
1517160863703	-9.174	0.44	0.622
1517160863711	-9.28	0.44	0.679
1517160863721	-9.356	0.354	0.747
1517160863733	-9.462	0.229	0.747
1517160863741	-9.462	0.067	0.804
1517160863751	-9.433	-0.057	0.909
1517160863763	-9.356	-0.181	1.015
1517160863771	-9.376	-0.258	1.063
1517160863781	-9.443	-0.335	1.043
1517160863793	-9.538	-0.363	1.197
1517160863801	-9.634	-0.373	1.091
1517160863811	-9.759	-0.344	1.13
1517160863823	-9.854	-0.287	1.158
1517160863831	-9.95	-0.22	1.158
1517160863841	-9.998	-0.153	1.187
1517160863853	-10.008	-0.076	1.168
1517160863861	-9.998	-0.057	1.168
1517160863871	-9.979	-0.076	1.197
1517160863883	-9.749	-0.114	1.206
1517160863891	-9.816	-0.201	1.206
1517160863901	-9.739	-0.249	1.206
1517160863912	-9.692	-0.268	1.187
1517160863921	-9.634	-0.258	1.187
1517160863944	-9.567	-0.239	0.948
1517160863951	-9.567	-0.028	1.015
1517160863955	-9.567	-0.105	1.043
1517160863982	-9.615	-0.076	1.072
1517160863986	-9.682	-0.134	1.13
1517160863987	-9.749	-0.249	1.197
1517160863999	-9.787	-0.363	1.264
1517160864002	-9.787	-0.488	1.321
1517160864016	-9.787	-0.67	1.254
1517160864021	-9.778	-0.833	1.158
1517160864040	-9.759	-0.967	1.168
1517160864041	-9.73	-1.015	1.206
1517160864054	-9.682	-1.063	1.302
1517160864063	-9.663	-1.072	1.388
1517160864071	-9.605	-1.11	1.436
1517160864082	-9.538	-1.149	1.522
1517160864094	-9.5	-1.197	1.561
1517160864101	-9.548	-1.177	1.532
1517160864114	-9.615	-1.168	1.455
1517160864123	-9.653	-1.091	1.35
1517160864131	-9.596	-1.091	1.436
1517160864141	-9.49	-1.063	1.513
1517160864153	-9.529	-0.967	1.494
1517160864161	-9.653	-0.861	1.321
1517160864171	-9.73	-0.804	1.168
1517160864184	-9.672	-0.785	1.187
1517160864191	-9.586	-0.727	1.359
1517160864202	-9.577	-0.66	1.455
1517160864212	-9.634	-0.565	1.426
1517160864221	-9.605	-0.488	1.273
1517160864231	-9.538	-0.421	1.158
1517160864242	-9.519	-0.392	1.13
1517160864251	-9.548	-0.335	1.168
1517160864261	-9.567	-0.296	1.254
1517160864273	-9.586	-0.306	1.35
1517160864281	-9.586	-0.316	1.331
1517160864291	-9.615	-0.325	1.254
1517160864305	-9.653	-0.325	1.177
1517160864311	-9.653	-0.287	1.158
1517160864335	-9.577	-0.153	1.225
1517160864341	-9.548	-0.124	1.254
1517160864351	-9.529	-0.095	1.264
1517160864366	-9.557	-0.095	1.273
1517160864371	-9.586	-0.114	1.321
1517160864381	-9.615	-0.134	1.264
1517160864396	-9.634	-0.181	1.015
1517160864401	-9.653	-0.239	1.034
1517160864414	-9.653	-0.316	0.996
1517160864428	-9.711	-0.402	1.063
1517160864431	-9.73	-0.488	1.13
1517160864445	-9.778	-0.603	1.158
1517160864452	-9.797	-0.689	1.235
1517160864461	-9.768	-0.766	1.245
1517160864471	-9.749	-0.842	1.254
1517160864483	-9.701	-0.919	1.264
1517160864491	-9.663	-0.967	1.302
1517160864501	-9.634	-0.986	1.264
1517160864513	-9.615	-1.005	1.273
1517160864521	-9.615	-1.005	1.302
1517160864531	-9.634	-0.986	1.302
1517160864545	-9.644	-0.948	1.302
1517160864551	-9.663	-0.909	1.302
1517160864561	-9.692	-0.881	1.34
1517160864574	-9.759	-0.871	1.34
1517160864583	-9.816	-0.804	1.34
1517160864591	-9.835	-0.785	1.245
1517160864611	-9.807	-0.622	1.091
1517160864621	-9.835	-0.545	1.101
1517160864634	-9.902	-0.507	1.149
1517160864641	-9.931	-0.469	1.091
1517160864651	-9.988	-0.44	0.881
1517160864664	-10.036	-0.392	0.622
1517160864671	-10.075	-0.335	0.43
1517160864681	-10.132	-0.268	0.383
1517160864693	-10.18	-0.143	0.574
1517160864701	-10.199	0.019	0.507
1517160864711	-10.209	0.172	0.632
1517160864724	-10.228	0.45	0.679
1517160864731	-10.228	0.363	0.526
1517160864754	-10.266	0.421	0.632
1517160864763	-10.285	0.469	0.612
1517160864767	-10.285	0.526	0.526
1517160864773	-10.467	0.565	0.363
1517160864785	-11.032	0.612	0.21
1517160864793	-11.176	0.632	0.229
1517160864801	-11.291	0.584	0.344
1517160864820	-11.415	0.526	0.344
1517160864821	-11.569	0.469	0.191
1517160864834	-11.597	0.459	-0.009
1517160864857	-11.502	0.44	-0.067
1517160864859	-11.291	0.344	0.067
1517160864868	-11.099	0.028	0.134
1517160864875	-10.927	-0.105	0.095
1517160864881	-10.659	0.153	0.0
1517160864891	-10.314	0.047	-0.153
1517160864906	-10.046	0.191	-0.277
1517160864911	-9.826	0.239	-0.325
1517160864927	-9.538	0.335	-0.316
1517160864934	-9.146	0.402	-0.201
1517160864941	-8.801	0.488	-0.153
1517160864951	-8.485	0.526	-0.114
1517160864965	-8.15	0.574	-0.067
1517160864971	-7.776	0.565	-0.038
1517160864981	-7.46	0.507	-0.047
1517160864993	-7.297	0.287	-0.143
1517160865002	-7.307	0.153	-0.21
1517160865011	-7.307	0.086	-0.277
1517160865023	-7.326	0.047	-0.249
1517160865030	-7.316	0.067	-0.21
1517160865041	-7.345	0.067	-0.191
1517160865054	-7.355	0.057	-0.181
1517160865061	-7.326	0.076	-0.162
1517160865071	-7.278	0.134	-0.162
1517160865084	-7.288	0.277	-0.268
1517160865091	-7.46	0.459	-0.43
1517160865101	-7.853	0.555	-0.478
1517160865118	-8.36	0.507	-0.421
1517160865121	-8.897	0.392	-0.239
1517160865132	-9.328	0.239	0.009
1517160865151	-9.739	-0.028	0.411
1517160865161	-9.663	-0.143	0.354
1517160865174	-9.596	-0.22	0.153
1517160865181	-9.72	-0.22	-0.057
1517160865191	-10.036	-0.067	-0.191
1517160865205	-10.544	0.153	-0.162
1517160865211	-10.994	0.316	0.105
1517160865221	-11.377	0.402	0.488
1517160865235	-11.645	0.421	0.747
1517160865241	-11.722	0.411	0.747
1517160865251	-11.492	0.306	0.565
1517160865264	-11.109	0.067	0.392
1517160865271	-10.707	-0.201	0.277
1517160865281	-10.372	-0.363	0.22
1517160865294	-10.123	-0.373	0.229
1517160865301	-9.979	-0.249	0.335
1517160865311	-9.874	-0.076	0.536
1517160865326	-9.874	0.114	0.718
1517160865331	-9.912	0.277	0.699
1517160865341	-9.95	0.306	0.679
1517160865354	-9.988	0.229	0.574
1517160865361	-10.017	0.028	0.478
1517160865371	-9.998	-0.191	0.402
1517160865384	-9.941	-0.354	0.335
1517160865391	-9.826	-0.383	0.335
1517160865401	-9.73	-0.287	0.354
1517160865416	-9.701	-0.114	0.325
1517160865421	-9.672	0.028	0.287
1517160865431	-9.692	0.143	0.306
1517160865447	-9.615	0.162	0.679
1517160865451	-9.567	0.134	0.641
1517160865462	-9.605	0.076	0.45
1517160865477	-9.711	-0.047	0.316
1517160865481	-9.797	-0.162	0.335
1517160865492	-9.988	-0.249	0.507
1517160865509	-9.902	-0.21	0.622
1517160865511	-10.027	-0.095	0.603
1517160865523	-10.333	0.067	0.545
1517160865537	-10.295	0.181	0.622
1517160865588	-10.314	0.114	0.689
1517160865592	-10.247	-0.086	0.718
1517160865597	-10.103	-0.363	0.747
1517160865602	-9.979	-0.565	0.785
1517160865608	-9.883	-0.689	0.842
1517160865612	-9.749	-0.708	0.794
1517160865617	-9.672	-0.67	0.747
1517160865630	-9.653	-0.459	0.727
1517160865638	-9.644	-0.536	0.708
1517160865649	-9.663	-0.316	0.737
1517160865653	-9.711	-0.44	0.785
1517160865661	-9.73	-0.469	0.794
1517160865672	-9.749	-0.507	0.861
1517160865692	-9.749	-0.488	0.909
1517160865693	-9.73	-0.498	0.948
1517160865702	-9.653	-0.507	0.976
1517160865721	-9.596	-0.574	1.082
1517160865722	-9.529	-0.641	1.149
1517160865738	-9.471	-0.651	1.139
1517160865742	-9.49	-0.679	1.11
1517160865751	-9.519	-0.641	1.091
1517160865763	-9.596	-0.632	1.072
1517160865772	-9.682	-0.584	1.053
1517160865781	-9.797	-0.498	1.015
1517160865793	-9.874	-0.45	0.948
1517160865802	-9.941	-0.411	0.842
1517160865813	-9.979	-0.363	0.747
1517160865821	-10.008	-0.373	0.679
1517160865840	-10.008	-0.363	0.651
1517160865841	-10.008	-0.363	0.632
1517160865852	-9.988	-0.325	0.632
1517160865864	-9.988	-0.296	0.66
1517160865871	-9.96	-0.258	0.651
1517160865881	-9.96	-0.229	0.651
1517160865894	-9.96	-0.229	0.622
1517160865901	-9.941	-0.21	0.612
1517160865911	-9.931	-0.201	0.622
1517160865926	-9.912	-0.201	0.641
1517160865931	-9.921	-0.22	0.679
1517160865941	-9.921	-0.201	0.699
1517160865956	-9.883	-0.201	0.708
1517160865961	-9.835	-0.181	0.756
1517160865972	-9.778	-0.21	0.794
1517160865986	-9.739	-0.22	0.842
1517160865991	-9.711	-0.229	0.89
1517160866002	-9.701	-0.239	0.948
1517160866017	-9.701	-0.296	0.957
1517160866021	-9.711	-0.354	0.967
1517160866032	-9.73	-0.421	0.957
1517160866047	-9.759	-0.478	0.957
1517160866051	-9.778	-0.536	0.976
1517160866062	-9.768	-0.536	0.976
1517160866076	-9.835	-0.507	0.928
1517160866081	-9.95	-0.498	0.823
1517160866092	-9.969	-0.555	0.785
1517160866107	-9.864	-0.612	0.871
1517160866111	-9.72	-0.612	1.005
1517160866122	-9.672	-0.574	1.072
1517160866137	-9.739	-0.565	0.833
1517160866141	-9.797	-0.584	0.833
1517160866152	-9.749	-0.66	0.996
1517160866166	-9.644	-0.699	1.168
1517160866171	-9.653	-0.718	1.13
1517160866182	-9.682	-0.708	0.976
1517160866195	-9.634	-0.718	1.053
1517160866201	-9.557	-0.718	1.063
1517160866211	-9.567	-0.756	1.235
1517160866224	-9.586	-0.804	1.149
1517160866231	-9.577	-0.833	1.369
1517160866241	-9.567	-0.842	1.302
1517160866257	-9.567	-0.861	1.273
1517160866261	-9.557	-0.833	1.225
1517160866272	-9.557	-0.794	1.225
1517160866287	-9.529	-0.766	1.235
1517160866291	-9.51	-0.699	1.264
1517160866302	-9.51	-0.679	1.273
1517160866317	-9.51	-0.651	1.273
1517160866321	-9.596	-0.632	1.302
1517160866332	-9.615	-0.612	1.321
1517160866367	-9.625	-0.574	1.35
1517160866378	-9.653	-0.565	1.302
1517160866381	-9.672	-0.737	1.254
1517160866386	-9.653	-0.632	1.264
1517160866389	-9.663	-0.66	1.302
1517160866393	-9.663	-0.699	1.264
1517160866408	-9.692	-0.689	1.254
1517160866416	-9.692	-0.641	1.245
1517160866424	-9.701	-0.612	1.283
1517160866437	-9.672	-0.555	1.35
1517160866441	-9.644	-0.545	1.465
1517160866453	-9.615	-0.593	1.513
1517160866466	-9.615	-0.632	1.503
1517160866471	-9.586	-0.679	1.465
1517160866485	-9.548	-0.737	1.474
1517160866496	-9.577	-0.775	1.532
1517160866501	-9.605	-0.785	1.474
1517160866511	-9.701	-0.775	1.407
1517160866525	-9.787	-0.756	1.331
1517160866531	-9.883	-0.727	1.254
1517160866541	-9.95	-0.641	1.168
1517160866555	-9.998	-0.565	1.082
1517160866561	-10.036	-0.459	0.976
1517160866571	-10.065	-0.354	0.842
1517160866592	-10.142	-0.258	0.737
1517160866593	-10.228	-0.162	0.718
1517160866601	-10.314	-0.038	0.699
1517160866615	-10.343	0.047	0.679
1517160866621	-10.352	0.076	0.689
1517160866631	-10.372	0.095	0.747
1517160866646	-10.4	0.038	0.833
1517160866651	-10.448	-0.009	0.881
1517160866662	-10.515	-0.076	0.909
1517160866677	-10.611	-0.143	0.9
1517160866681	-10.735	-0.181	0.89
1517160866694	-10.86	-0.172	0.919
1517160866707	-10.927	-0.076	0.881
1517160866711	-10.841	0.086	0.766
1517160866722	-10.764	0.22	0.699
1517160866739	-10.735	0.354	0.612
1517160866741	-10.86	0.421	0.555
1517160866753	-11.119	0.411	0.44
1517160866768	-11.387	0.335	0.287
1517160866771	-11.607	0.181	0.201
1517160866784	-11.578	-0.067	0.335
1517160866798	-11.329	-0.239	0.421
1517160866801	-10.984	-0.306	0.411
1517160866814	-10.659	-0.296	0.172
1517160866830	-10.276	-0.354	-0.047
1517160866832	-9.797	-0.44	0.0
1517160866843	-9.289	-0.478	0.114
1517160866858	-8.801	-0.45	0.191
1517160866861	-8.408	-0.383	0.105
1517160866887	-7.498	-0.105	0.047
1517160866891	-7.527	-0.067	-0.038
1517160866903	-7.364	-0.038	0.028
1517160866919	-7.106	0.009	0.028
1517160866921	-7.039	0.076	-0.009
1517160866948	-6.953	0.057	-0.124
1517160866951	-7.067	0.067	-0.162
1517160866963	-7.259	0.028	-0.201
1517160866978	-7.259	0.009	-0.201
1517160866981	-7.278	0.038	-0.469
1517160866993	-7.383	0.105	-0.612
1517160867008	-7.383	0.172	-0.545
1517160867013	-7.632	0.306	-0.335
1517160867023	-8.466	0.459	-0.095
1517160867031	-8.925	0.526	0.143
1517160867041	-9.241	0.44	0.363
1517160867053	-9.395	0.124	0.488
1517160867068	-9.548	0.124	0.363
1517160867071	-9.653	0.028	0.105
1517160867085	-9.931	0.019	-0.105
1517160867091	-10.324	0.019	-0.191
1517160867101	-10.659	0.086	-0.229
1517160867113	-10.965	0.134	-0.162
1517160867121	-11.253	0.143	-0.095
1517160867131	-11.339	0.105	-0.038
1517160867143	-11.32	0.047	-0.114
1517160867179	-11.176	0.047	-0.268
1517160867186	-10.965	0.086	-0.45
1517160867189	-10.793	0.172	-0.488
1517160867192	-10.592	0.239	-0.43
1517160867194	-10.448	0.201	-0.229
1517160867204	-10.343	0.047	-0.057
1517160867217	-10.247	-0.181	0.0
1517160867223	-10.142	-0.344	-0.047
1517160867234	-10.008	-0.411	-0.095
1517160867241	-9.778	-0.43	-0.134
1517160867251	-9.538	-0.344	-0.153
1517160867262	-9.404	-0.143	-0.22
1517160867271	-9.404	0.057	-0.201
1517160867281	-9.586	0.153	-0.067
1517160867297	-9.807	0.124	0.172
1517160867301	-10.017	0.047	0.373
1517160867311	-10.151	-0.038	0.402
1517160867321	-10.17	-0.124	0.258
1517160867331	-10.065	-0.162	0.105
1517160867341	-9.883	-0.181	-0.086
1517160867352	-9.759	-0.114	-0.162
1517160867361	-9.797	0.038	-0.239
1517160867371	-9.988	0.258	-0.153
1517160867382	-10.257	0.411	0.181
1517160867391	-10.611	0.459	0.507
1517160867401	-10.927	0.411	0.766
1517160867411	-11.166	0.239	0.986
1517160867420	-11.224	0.009	1.005
1517160867431	-11.004	-0.21	1.034
1517160867441	-10.716	-0.363	0.89
1517160867451	-10.496	-0.335	0.66
1517160867461	-10.295	-0.191	0.373
1517160867474	-10.075	-0.105	0.21
1517160867481	-9.845	-0.047	0.277
1517160867491	-9.634	0.009	0.507
1517160867504	-9.538	0.047	0.651
1517160867511	-9.538	0.038	0.67
1517160867521	-9.538	-0.028	0.67
1517160867534	-9.471	-0.124	0.727
1517160867541	-9.414	-0.258	0.785
1517160867551	-9.356	-0.373	0.871
1517160867564	-9.261	-0.43	0.976
1517160867571	-9.194	-0.498	0.986
1517160867581	-9.203	-0.603	0.986
1517160867594	-9.433	-0.727	1.043
1517160867601	-9.423	-0.852	1.043
1517160867616	-9.596	-0.909	1.091
1517160867625	-9.941	-0.986	1.187
1517160867631	-9.902	-1.015	1.187
1517160867641	-9.998	-0.996	1.197
1517160867655	-10.036	-0.976	1.216
1517160867661	-10.046	-0.976	1.216
1517160867671	-10.008	-0.957	1.235
1517160867684	-9.998	-0.976	1.158
1517160867691	-10.008	-0.976	1.158
1517160867701	-10.027	-0.957	1.091
1517160867714	-9.95	-0.775	1.149
1517160867721	-9.95	-0.909	1.149
1517160867731	-9.874	-0.852	1.206
1517160867744	-9.701	-0.852	1.206
1517160867751	-9.701	-0.833	1.254
1517160867761	-9.586	-0.842	1.264
1517160867774	-9.462	-0.842	1.264
1517160867781	-9.308	-0.814	1.216
1517160867791	-9.414	-0.747	1.197
1517160867804	-9.423	-0.66	1.13
1517160867811	-9.462	-0.593	1.091
1517160867821	-9.5	-0.536	1.053
1517160867834	-9.538	-0.507	1.034
1517160867841	-9.605	-0.517	1.091
1517160867851	-9.663	-0.737	1.13
1517160867864	-9.672	-0.842	1.225
1517160867871	-9.682	-0.775	1.331
1517160867881	-9.663	-1.034	1.388
1517160867894	-9.663	-0.928	1.379
1517160867901	-9.644	-0.976	1.388
1517160867911	-9.644	-1.024	1.398
1517160867924	-9.663	-1.043	1.331
1517160867931	-9.682	-1.053	1.302
1517160867962	-9.739	-1.072	1.225
1517160867963	-9.768	-1.091	1.264
1517160867965	-9.739	-1.101	1.264
1517160867986	-9.701	-1.101	1.302
1517160867987	-9.634	-1.091	1.35
1517160867993	-9.586	-1.072	1.359
1517160868001	-9.529	-1.063	1.35
1517160868016	-9.529	-1.053	1.312
1517160868021	-9.548	-0.986	1.245
1517160868032	-9.577	-0.986	1.216
1517160868043	-9.567	-1.024	1.273
1517160868051	-9.49	-1.024	1.369
1517160868061	-9.471	-1.024	1.407
1517160868073	-9.529	-1.005	1.35
1517160868081	-9.634	-0.996	1.177
1517160868091	-9.644	-1.015	1.12
1517160868103	-9.548	-1.091	1.168
1517160868111	-9.481	-1.12	1.312
1517160868121	-9.529	-1.024	1.321
1517160868132	-9.692	-0.928	1.177
1517160868140	-9.787	-0.881	0.986
1517160868151	-9.749	-0.881	0.948
1517160868162	-9.692	-0.89	1.12
1517160868171	-9.672	-0.852	1.273
1517160868181	-9.672	-0.794	1.321
1517160868192	-9.596	-0.766	1.273
1517160868201	-9.529	-0.794	1.225
1517160868211	-9.529	-0.833	1.216
1517160868225	-9.577	-0.881	1.292
1517160868231	-9.586	-0.852	1.34
1517160868241	-9.567	-0.785	1.34
1517160868255	-9.557	-0.737	1.34
1517160868261	-9.548	-0.689	1.331
1517160868271	-9.529	-0.679	1.34
1517160868285	-9.519	-0.689	1.426
1517160868291	-9.49	-0.737	1.426
1517160868301	-9.471	-0.756	1.465
1517160868315	-9.443	-0.785	1.455
1517160868321	-9.462	-0.804	1.455
1517160868331	-9.471	-0.794	1.446
1517160868345	-9.481	-0.775	1.494
1517160868351	-9.5	-0.775	1.494
1517160868361	-9.538	-0.804	1.513
1517160868375	-9.577	-0.794	1.484
1517160868381	-9.577	-0.852	1.484
1517160868391	-9.596	-0.871	1.561
1517160868405	-9.615	-0.919	1.599
1517160868411	-9.625	-0.909	1.599
1517160868421	-9.682	-0.9	1.522
1517160868436	-9.759	-0.842	1.484
1517160868451	-9.845	-0.842	1.465
1517160868465	-9.988	-0.881	1.245
1517160868471	-9.988	-0.9	0.938
1517160868481	-10.046	-0.9	0.928
1517160868496	-10.094	-0.823	0.9
1517160868501	-10.113	-0.775	0.976
1517160868511	-10.132	-0.67	0.996
1517160868525	-10.094	-0.555	0.996
1517160868531	-10.094	-0.45	0.996
1517160868541	-10.094	-0.392	0.986
1517160868555	-10.295	-0.373	0.976
1517160868561	-10.362	-0.383	0.967
1517160868571	-10.525	-0.402	0.976
1517160868585	-10.697	-0.402	0.928
1517160868597	-10.841	-0.383	0.871
1517160868618	-11.013	-0.325	0.804
1517160868619	-11.166	-0.172	0.708
1517160868621	-11.31	-0.268	0.651
1517160868631	-11.415	-0.019	0.584
1517160868642	-11.521	0.095	0.421
1517160868651	-11.645	0.229	0.268
1517160868661	-11.645	0.344	0.363
1517160868672	-11.607	0.44	0.612
1517160868681	-11.54	0.411	0.747
1517160868691	-11.435	0.306	0.67
1517160868703	-11.128	0.21	0.488
1517160868711	-10.879	0.191	0.316
1517160868721	-10.563	0.181	0.201
1517160868734	-10.276	0.22	0.172
1517160868767	-10.065	0.21	0.086
1517160868772	-9.404	0.143	-0.191
1517160868775	-9.05	0.201	-0.229
1517160868798	-8.447	0.22	-0.076
1517160868802	-7.862	0.258	0.067
1517160868810	-7.498	0.316	0.067
1517160868812	-7.364	0.363	-0.153
1517160868825	-7.221	0.344	-0.306
1517160868831	-7.01	0.268	-0.201
1517160868841	-6.876	0.239	0.0
1517160868851	-6.933	0.22	0.124
1517160868866	-7.106	0.22	0.114
1517160868877	-7.259	0.201	-0.047
1517160868885	-7.355	0.143	-0.124
1517160868894	-7.46	0.095	-0.191
1517160868903	-7.46	0.047	-0.249
1517160868919	-7.383	0.019	-0.287
1517160868921	-7.393	0.095	-0.383
1517160868932	-7.556	0.258	-0.488
1517160868946	-7.881	0.402	-0.402
1517160868951	-8.389	0.507	-0.162
1517160868961	-8.887	0.526	0.172
1517160868980	-9.289	0.469	0.469
1517160868981	-9.538	0.287	0.612
1517160868994	-9.711	0.057	0.478
1517160869008	-9.768	-0.143	0.201
1517160869011	-9.854	-0.249	0.095
1517160869021	-10.056	-0.229	0.191
1517160869039	-10.343	-0.114	0.383
1517160869041	-10.793	-0.019	0.383
1517160869051	-11.176	0.0	0.459
1517160869064	-11.377	-0.086	0.478
1517160869071	-11.444	-0.181	0.383
1517160869081	-11.463	-0.258	0.086
1517160869094	-11.387	-0.306	-0.21
1517160869103	-11.138	-0.392	-0.43
1517160869112	-10.793	-0.383	-0.43
1517160869127	-10.496	-0.22	-0.229
1517160869131	-10.41	0.009	0.067
1517160869141	-10.41	0.172	0.411
1517160869154	-10.4	0.201	0.67
1517160869161	-10.333	0.21	0.823
1517160869171	-10.247	0.239	0.737
1517160869185	-10.17	0.268	0.593
1517160869191	-10.084	0.249	0.488
1517160869201	-9.921	0.095	0.383
1517160869216	-9.73	-0.086	0.411
1517160869221	-9.519	-0.201	0.43
1517160869233	-9.395	-0.229	0.45
1517160869248	-9.366	-0.162	0.469
1517160869251	-9.414	-0.086	0.488
1517160869261	-9.529	-0.019	0.44
1517160869276	-9.672	0.057	0.392
1517160869281	-9.826	0.124	0.354
1517160869291	-9.95	0.153	0.363
1517160869305	-10.027	0.162	0.478
1517160869311	-10.036	0.134	0.555
1517160869322	-10.008	0.095	0.622
1517160869335	-10.056	0.086	0.641
1517160869341	-10.199	0.134	0.699
1517160869351	-10.391	0.229	0.814
1517160869369	-10.554	0.287	0.986
1517160869371	-10.668	0.287	1.158
1517160869383	-10.668	0.076	1.331
1517160869397	-10.544	-0.076	1.436
1517160869401	-10.295	-0.239	1.503
1517160869413	-10.075	-0.421	1.407
1517160869428	-9.902	-0.574	1.187
1517160869431	-9.73	-0.679	1.034
1517160869443	-9.577	-0.679	1.053
1517160869458	-9.443	-0.651	1.197
1517160869461	-9.452	-0.565	1.225
1517160869473	-9.567	-0.45	1.101
1517160869490	-9.653	-0.325	0.89
1517160869492	-9.682	-0.277	0.804
1517160869505	-9.634	-0.277	0.967
1517160869513	-9.567	-0.277	1.187
1517160869522	-9.548	-0.287	1.34
1517160869535	-9.538	-0.373	1.312
1517160869576	-9.462	-0.469	1.283
1517160869585	-9.414	-0.622	1.273
1517160869600	-9.462	-0.718	1.235
1517160869604	-9.567	-0.747	1.235
1517160869605	-9.653	-0.756	1.235
1517160869606	-9.692	-0.737	1.245
1517160869607	-9.701	-0.737	1.283
1517160869618	-9.653	-0.737	1.302
1517160869628	-9.615	-0.785	1.369
1517160869632	-9.605	-0.842	1.426
1517160869641	-9.538	-0.881	1.503
1517160869652	-9.49	-0.948	1.551
1517160869667	-9.5	-0.967	1.58
1517160869671	-9.519	-0.976	1.561
1517160869682	-9.557	-0.957	1.541
1517160869697	-9.586	-0.919	1.494
1517160869702	-9.615	-0.881	1.398
1517160869714	-9.653	-0.842	1.312
1517160869726	-9.653	-0.814	1.264
1517160869731	-9.615	-0.804	1.398
1517160869742	-9.557	-0.833	1.494
1517160869758	-9.577	-0.833	1.503
1517160869761	-9.625	-0.833	1.436
1517160869771	-9.644	-0.804	1.417
1517160869783	-9.615	-0.794	1.446
1517160869791	-9.596	-0.747	1.446
1517160869801	-9.605	-0.699	1.426
1517160869816	-9.586	-0.641	1.417
1517160869821	-9.577	-0.641	1.436
1517160869831	-9.567	-0.632	1.455
1517160869846	-9.577	-0.651	1.503
1517160869851	-9.567	-0.699	1.484
1517160869862	-9.548	-0.718	1.474
1517160869876	-9.51	-0.718	1.426
1517160869881	-9.519	-0.718	1.407
1517160869891	-9.567	-0.737	1.359
1517160869907	-9.634	-0.737	1.312
1517160869911	-9.663	-0.727	1.321
1517160869922	-9.663	-0.708	1.302
1517160869939	-9.653	-0.66	1.331
1517160869941	-9.605	-0.679	1.34
1517160869953	-9.586	-0.651	1.331
1517160869971	-9.557	-0.66	1.331
1517160869972	-9.538	-0.66	1.379
1517160869984	-9.529	-0.66	1.388
1517160870001	-9.51	-0.679	1.417
1517160870002	-9.51	-0.718	1.465
1517160870014	-9.5	-0.708	1.484
1517160870029	-9.51	-0.708	1.503
1517160870031	-9.51	-0.689	1.503
1517160870044	-9.519	-0.66	1.465
1517160870060	-9.538	-0.603	1.426
1517160870062	-9.529	-0.574	1.426
1517160870077	-9.481	-0.565	1.484
1517160870089	-9.51	-0.584	1.474
1517160870091	-9.577	-0.593	1.407
1517160870105	-9.701	-0.632	1.283
1517160870119	-9.739	-0.632	1.292
1517160870121	-9.682	-0.651	1.407
1517160870134	-9.625	-0.689	1.58
1517160870149	-9.692	-0.689	1.599
1517160870151	-9.854	-0.459	1.484
1517160870164	-9.969	-0.498	1.35
1517160870180	-9.941	-0.526	1.388
1517160870182	-9.864	-0.603	1.589
1517160870194	-9.826	-0.641	1.704
1517160870210	-9.807	-0.679	1.714
1517160870212	-9.711	-0.679	1.647
1517160870224	-9.567	-0.718	1.608
1517160870241	-9.519	-0.737	1.637
1517160870243	-9.49	-0.718	1.685
1517160870254	-9.5	-0.689	1.685
1517160870270	-9.51	-0.641	1.637
1517160870272	-9.51	-0.555	1.58
1517160870284	-9.51	-0.488	1.57
1517160870301	-9.538	-0.459	1.589
1517160870303	-9.557	-0.402	1.599
1517160870314	-9.577	-0.373	1.532
1517160870331	-9.557	-0.335	1.494
1517160870379	-9.577	-0.296	1.474
1517160870388	-9.663	-0.287	1.388
1517160870389	-9.672	-0.268	1.359
1517160870390	-9.615	-0.239	1.417
1517160870398	-9.567	-0.22	1.503
1517160870399	-9.567	-0.229	1.551
1517160870401	-9.615	-0.229	1.494
1517160870406	-9.72	-0.21	1.398
1517160870419	-9.835	-0.162	1.369
1517160870426	-9.921	-0.114	1.321
1517160870435	-10.017	-0.153	1.264
1517160870441	-10.094	-0.162	1.254
1517160870451	-10.132	-0.229	1.254
1517160870462	-10.161	-0.229	1.216
1517160870471	-10.151	-0.21	1.187
1517160870481	-10.123	-0.162	1.149
1517160870491	-10.142	-0.095	1.082
1517160870501	-10.161	-0.009	0.967
1517160870511	-10.199	0.067	0.928
1517160870523	-10.276	0.105	0.938
1517160870531	-10.333	0.153	0.9
1517160870541	-10.419	0.191	0.852
1517160870561	-10.745	0.344	0.833
1517160870571	-10.956	0.488	0.842
1517160870585	-11.214	0.641	1.082
1517160870599	-11.473	0.641	1.082
1517160870609	-11.684	0.526	0.699
1517160870612	-11.703	0.545	0.134
1517160870634	-11.569	0.708	-0.689
1517160870643	-11.636	0.727	-0.727
1517160870651	-11.655	0.603	-0.632
1517160870661	-11.511	0.402	-0.383
1517160870673	-11.186	0.201	-0.268
1517160870681	-10.755	0.067	-0.268
1517160870691	-10.314	0.095	-0.229
1517160870702	-9.883	0.172	0.009
1517160870711	-9.462	0.258	-0.114
1517160870723	-9.088	0.316	-0.143
1517160870734	-8.389	0.402	-0.258
1517160870741	-8.389	0.459	-0.258
1517160870751	-7.929	0.498	-0.028
1517160870762	-7.661	0.469	-0.057
1517160870771	-7.479	0.383	-0.162
1517160870781	-7.269	0.383	-0.268
1517160870792	-6.924	0.392	-0.325
1517160870801	-6.809	0.43	-0.067
1517160870811	-6.684	0.44	0.114
1517160870823	-6.818	0.421	0.047
1517160870831	-7.125	0.45	-0.095
1517160870841	-7.106	0.45	-0.114
1517160870852	-7.01	0.124	0.028
1517160870861	-6.933	0.105	0.0
1517160870871	-7.029	0.076	-0.143
1517160870882	-7.307	0.526	-0.191
1517160870891	-7.642	0.833	-0.057
1517160870904	-8.102	0.967	0.268
1517160870913	-8.667	0.823	0.536
1517160870921	-9.203	0.766	0.603
1517160870931	-9.644	0.584	0.603
1517160870942	-9.893	0.363	0.584
1517160870954	-9.931	0.105	0.488
1517160870961	-9.883	-0.009	0.258
1517160870972	-9.95	0.028	-0.038
1517160870980	-10.161	0.114	-0.22
1517160870991	-10.41	0.143	-0.181
1517160871004	-10.678	0.143	-0.038
1517160871011	-10.908	0.153	0.0
1517160871021	-11.109	0.296	-0.114
1517160871032	-11.176	0.45	-0.229
1517160871048	-11.166	0.555	-0.201
1517160871051	-11.08	0.603	-0.162
1517160871062	-10.908	0.632	-0.095
1517160871070	-10.793	0.718	0.0
1517160871081	-10.793	0.785	0.076
1517160871094	-10.86	0.804	0.229
1517160871101	-10.908	0.775	0.402
1517160871114	-10.908	0.699	0.478
1517160871127	-10.822	0.641	0.478
1517160871131	-10.668	0.641	0.402
1517160871169	-10.544	0.603	0.383
1517160871170	-10.467	0.536	0.402
1517160871172	-10.429	0.507	0.402
1517160871173	-10.429	0.478	0.402
1517160871195	-10.477	0.498	0.335
1517160871196	-10.515	0.574	0.268
1517160871201	-10.496	0.603	0.258
1517160871218	-10.391	0.603	0.306
1517160871221	-10.237	0.584	0.392
1517160871231	-10.046	0.545	0.44
1517160871242	-9.883	0.488	0.421
1517160871251	-9.692	0.44	0.402
1517160871263	-9.557	0.411	0.402
1517160871273	-9.462	0.402	0.392
1517160871281	-9.462	0.421	0.402
1517160871291	-9.51	0.459	0.45
1517160871303	-9.605	0.459	0.536
1517160871311	-9.739	0.411	0.593
1517160871321	-9.845	0.325	0.718
1517160871333	-9.912	0.22	0.785
1517160871341	-9.931	0.086	0.804
1517160871351	-9.902	-0.009	0.823
1517160871363	-9.864	-0.067	0.794
1517160871371	-9.826	-0.057	0.794
1517160871381	-9.807	-0.047	0.794
1517160871392	-9.797	-0.047	0.823
1517160871400	-9.835	-0.038	0.823
1517160871411	-9.874	-0.038	0.727
1517160871424	-9.921	-0.047	0.66
1517160871431	-9.921	-0.057	0.66
1517160871442	-9.864	-0.124	0.976
1517160871455	-9.835	-0.277	1.11
1517160871471	-9.826	-0.296	0.938
1517160871486	-9.711	-0.325	1.015
1517160871491	-9.711	-0.325	1.168
1517160871501	-9.548	-0.363	1.235
1517160871516	-9.529	-0.402	1.187
1517160871521	-9.529	-0.402	0.967
1517160871534	-9.644	-0.402	0.909
1517160871546	-9.567	-0.545	1.091
1517160871551	-9.567	-0.545	1.331
1517160871563	-9.519	-0.603	1.388
1517160871576	-9.625	-0.612	1.34
1517160871581	-9.625	-0.622	1.245
1517160871595	-9.548	-0.641	1.158
1517160871603	-9.548	-0.641	1.12
1517160871615	-9.567	-0.622	1.139
1517160871621	-9.577	-0.459	1.158
1517160871633	-9.605	-0.574	1.206
1517160871641	-9.615	-0.574	1.187
1517160871651	-9.644	-0.574	1.139
1517160871663	-9.653	-0.603	1.139
1517160871671	-9.634	-0.584	1.13
1517160871681	-9.596	-0.545	1.12
1517160871693	-9.567	-0.536	1.11
1517160871701	-9.557	-0.498	1.13
1517160871711	-9.548	-0.44	1.225
1517160871724	-9.548	-0.411	1.254
1517160871731	-9.567	-0.373	1.225
1517160871741	-9.625	-0.335	1.149
1517160871755	-9.692	-0.316	1.072
1517160871761	-9.72	-0.354	1.015
1517160871772	-9.682	-0.335	1.034
1517160871786	-9.692	-0.335	1.024
1517160871791	-9.682	-0.325	1.015
1517160871804	-9.663	-0.344	1.005
1517160871816	-9.644	-0.373	1.034
1517160871821	-9.644	-0.421	1.053
1517160871833	-9.653	-0.43	1.043
1517160871846	-9.625	-0.411	1.034
1517160871851	-9.615	-0.411	1.043
1517160871863	-9.634	-0.411	1.015
1517160871877	-9.672	-0.44	0.967
1517160871881	-9.672	-0.44	0.957
1517160871893	-9.682	-0.43	0.957
1517160871906	-9.663	-0.459	1.005
1517160871911	-9.653	-0.459	1.015
1517160871922	-9.634	-0.488	1.053
1517160871936	-9.596	-0.507	1.11
1517160871963	-9.577	-0.536	1.149
1517160871972	-9.596	-0.565	1.139
1517160871981	-9.615	-0.565	1.12
1517160871985	-9.644	-0.545	1.101
1517160871989	-9.682	-0.517	1.091
1517160871993	-9.72	-0.478	1.091
1517160872008	-9.701	-0.459	1.101
1517160872011	-9.711	-0.478	1.12
1517160872031	-9.711	-0.498	1.13
1517160872033	-9.711	-0.469	1.139
1517160872043	-9.692	-0.421	1.139
1517160872058	-9.682	-0.402	1.168
1517160872066	-9.711	-0.421	1.177
1517160872076	-9.701	-0.421	1.158
1517160872086	-9.692	-0.411	1.11
1517160872091	-9.701	-0.402	1.053
1517160872106	-9.672	-0.392	1.024
1517160872118	-9.653	-0.411	1.206
1517160872121	-9.625	-0.421	1.206
1517160872137	-9.663	-0.43	1.168
1517160872144	-9.711	-0.421	1.063
1517160872151	-9.787	-0.44	0.967
1517160872161	-9.711	-0.421	1.015
1517160872172	-9.605	-0.45	1.149
1517160872186	-9.538	-0.45	1.245
1517160872194	-9.586	-0.392	1.216
1517160872206	-9.701	-0.383	1.091
1517160872211	-9.72	-0.392	1.034
1517160872221	-9.682	-0.411	1.312
1517160872237	-9.605	-0.45	1.379
1517160872241	-9.586	-0.469	1.379
1517160872251	-9.615	-0.498	1.283
1517160872265	-9.596	-0.574	1.283
1517160872271	-9.577	-0.632	1.273
1517160872281	-9.625	-0.67	1.245
1517160872293	-9.672	-0.679	1.235
1517160872301	-9.701	-0.66	1.245
1517160872311	-9.72	-0.66	1.216
1517160872323	-9.73	-0.612	1.235
1517160872331	-9.73	-0.612	1.245
1517160872341	-9.739	-0.632	1.254
1517160872353	-9.692	-0.651	1.292
1517160872361	-9.663	-0.689	1.34
1517160872371	-9.634	-0.679	1.359
1517160872385	-9.586	-0.632	1.369
1517160872391	-9.51	-0.574	1.34
1517160872401	-9.462	-0.526	1.273
1517160872416	-9.462	-0.536	1.225
1517160872421	-9.519	-0.498	1.216
1517160872431	-9.605	-0.421	1.149
1517160872445	-9.682	-0.402	1.091
1517160872451	-9.73	-0.373	1.034
1517160872461	-9.835	-0.392	0.986
1517160872476	-9.921	-0.421	0.909
1517160872481	-9.969	-0.43	0.814
1517160872491	-9.969	-0.383	0.699
1517160872511	-9.969	-0.373	0.66
1517160872514	-9.969	-0.354	0.632
1517160872527	-9.979	-0.316	0.612
1517160872539	-10.046	-0.287	0.488
1517160872541	-10.103	-0.22	0.363
1517160872551	-10.151	-0.143	0.268
1517160872563	-10.218	-0.047	0.181
1517160872571	-10.305	0.019	0.105
1517160872581	-10.419	0.047	0.086
1517160872593	-10.486	0.067	0.134
1517160872601	-10.534	0.114	0.105
1517160872618	-10.573	0.143	0.114
1517160872636	-10.611	0.134	0.095
1517160872639	-10.649	0.153	0.038
1517160872646	-10.707	0.172	0.0
1517160872655	-10.716	0.181	-0.057
1517160872661	-10.707	0.143	-0.076
1517160872671	-10.697	0.134	-0.086
1517160872691	-10.688	0.124	-0.134
1517160872693	-10.755	0.172	-0.124
1517160872702	-10.879	0.191	-0.162
1517160872716	-11.042	0.172	-0.191
1517160872721	-11.214	0.124	-0.172
1517160872755	-11.377	0.057	-0.143
1517160872759	-11.502	-0.038	-0.134
1517160872765	-11.521	-0.076	-0.134
1517160872768	-11.415	-0.067	-0.134
1517160872779	-11.128	-0.028	-0.086
1517160872781	-10.707	0.009	0.0
1517160872794	-10.372	0.019	-0.019
1517160872805	-10.19	-0.028	-0.153
1517160872811	-9.96	-0.076	-0.277
1517160872822	-9.663	-0.124	-0.325
1517160872834	-9.251	-0.153	-0.086
1517160872870	-8.743	-0.181	0.153
1517160872871	-8.351	-0.114	0.153
1517160872872	-8.15	-0.057	0.009
1517160872872	-7.92	-0.028	-0.153
1517160872881	-7.556	-0.038	-0.105
1517160872894	-7.154	-0.095	0.076
1517160872901	-6.933	-0.134	0.114
1517160872913	-6.866	-0.134	0.028
1517160872923	-6.828	-0.086	-0.076
1517160872931	-6.818	-0.028	-0.047
1517160872941	-6.876	-0.067	-0.019
1517160872952	-7.0	-0.086	-0.028
1517160872961	-7.125	-0.172	0.0
1517160872971	-7.182	-0.191	0.019
1517160872984	-7.307	-0.114	-0.162
1517160872991	-7.546	0.076	-0.316
1517160873001	-7.891	0.287	-0.383
1517160873015	-8.303	0.421	-0.172
1517160873021	-8.696	0.45	-0.229
1517160873031	-9.098	0.363	-0.134
1517160873044	-9.366	0.22	-0.181
1517160873051	-9.529	0.114	-0.258
1517160873061	-9.605	0.086	-0.402
1517160873074	-9.625	0.114	-0.584
1517160873081	-10.036	0.162	-0.708
1517160873105	-10.544	0.249	-0.737
1517160873111	-10.841	0.306	-0.555
1517160873121	-11.157	0.383	-0.268
1517160873134	-11.31	0.478	-0.086
1517160873146	-11.243	0.555	-0.028
1517160873151	-11.013	0.584	-0.086
1517160873164	-10.735	0.421	-0.201
1517160873171	-10.477	0.287	-0.316
1517160873181	-10.285	-0.086	-0.383
1517160873194	-10.18	-0.287	-0.363
1517160873201	-10.237	-0.373	-0.306
1517160873211	-10.391	-0.306	-0.191
1517160873224	-10.534	-0.134	-0.076
1517160873231	-10.697	0.076	0.086
1517160873241	-10.803	0.229	0.22
1517160873255	-10.783	0.268	0.402
1517160873261	-10.688	0.277	0.526
1517160873271	-10.496	0.344	0.507
1517160873284	-10.247	0.325	0.43
1517160873291	-10.113	0.287	0.335
1517160873301	-10.151	0.229	0.335
1517160873314	-10.362	0.201	0.392
1517160873321	-10.649	0.22	0.469
1517160873335	-10.927	0.249	0.565
1517160873342	-11.09	0.287	0.612
1517160873351	-11.119	0.268	0.641
1517160873361	-11.013	0.22	0.632
1517160873374	-10.764	0.153	0.699
1517160873381	-10.391	0.019	0.718
1517160873391	-9.988	-0.153	0.718
1517160873406	-9.663	-0.268	0.651
1517160873411	-9.414	-0.383	0.565
1517160873421	-9.261	-0.43	0.555
1517160873437	-9.184	-0.392	0.612
1517160873441	-9.241	-0.306	0.679
1517160873452	-9.443	-0.22	0.689
1517160873467	-9.634	-0.181	0.708
1517160873483	-9.73	-0.249	0.967
1517160873498	-9.653	-0.373	1.101
1517160873501	-9.577	-0.459	1.187
1517160873512	-9.586	-0.526	1.091
1517160873527	-9.567	-0.622	0.986
1517160873531	-9.529	-0.737	0.986
1517160873564	-9.548	-0.766	1.063
1517160873573	-9.644	-0.747	1.34
1517160873576	-9.835	-0.689	1.273
1517160873586	-9.95	-0.622	1.264
1517160873590	-10.008	-0.565	1.264
1517160873592	-10.008	-0.536	1.292
1517160873604	-9.969	-0.536	1.292
1517160873618	-9.902	-0.507	1.312
1517160873625	-9.797	-0.498	1.35
1517160873634	-9.653	-0.469	1.359
1517160873646	-9.548	-0.488	1.369
1517160873697	-9.481	-0.526	1.359
1517160873698	-9.452	-0.584	1.359
1517160873699	-9.462	-0.622	1.398
1517160873699	-9.481	-0.67	1.465
1517160873700	-9.5	-0.708	1.513
1517160873701	-9.529	-0.718	1.522
1517160873711	-9.538	-0.718	1.57
1517160873721	-9.567	-0.66	1.541
1517160873735	-9.567	-0.555	1.503
1517160873741	-9.605	-0.488	1.379
1517160873751	-9.672	-0.488	1.254
1517160873764	-9.72	-0.517	1.245
1517160873771	-9.72	-0.565	1.407
1517160873781	-9.672	-0.641	1.474
1517160873805	-9.605	-0.737	1.541
1517160873806	-9.538	-0.823	1.561
1517160873811	-9.318	-0.881	1.618
1517160873825	-9.414	-0.928	1.704
1517160873831	-9.356	-0.938	1.762
1517160873855	-9.414	-0.919	1.723
1517160873861	-9.481	-0.909	1.656
1517160873871	-9.548	-0.919	1.618
1517160873885	-9.596	-0.928	1.628
1517160873900	-9.644	-0.766	1.618
1517160873901	-9.663	-0.9	1.637
1517160873921	-9.663	-0.823	1.608
1517160873931	-9.625	-0.737	1.58
1517160873946	-9.586	-0.679	1.561
1517160873951	-9.548	-0.632	1.541
1517160873961	-9.529	-0.584	1.551
1517160873975	-9.529	-0.545	1.58
1517160873981	-9.557	-0.507	1.608
1517160873991	-9.586	-0.507	1.608
1517160874005	-9.596	-0.507	1.618
1517160874011	-9.586	-0.488	1.676
1517160874021	-9.577	-0.517	1.733
1517160874036	-9.557	-0.565	1.771
1517160874041	-9.51	-0.603	1.771
1517160874051	-9.452	-0.641	1.781
1517160874061	-9.395	-0.67	1.8
1517160874071	-9.366	-0.689	1.838
1517160874081	-9.385	-0.679	1.896
1517160874091	-9.443	-0.641	1.848
1517160874101	-9.548	-0.612	1.771
1517160874111	-9.644	-0.612	1.676
1517160874121	-9.644	-0.67	1.695
1517160874131	-9.538	-0.756	1.79
1517160874141	-9.433	-0.794	1.905
1517160874151	-9.414	-0.747	1.886
1517160874162	-9.49	-0.727	1.771
1517160874171	-9.567	-0.699	1.656
1517160874181	-9.586	-0.737	1.637
1517160874191	-9.5	-0.766	1.762
1517160874201	-9.5	-0.785	1.838
1517160874211	-9.519	-0.766	1.829
1517160874221	-9.5	-0.775	1.762
1517160874231	-9.433	-0.747	1.714
1517160874240	-9.423	-0.756	1.676
1517160874251	-9.443	-0.737	1.685
1517160874262	-9.49	-0.737	1.714
1517160874271	-9.5	-0.766	1.733
1517160874281	-9.529	-0.766	1.714
1517160874293	-9.538	-0.775	1.733
1517160874301	-9.567	-0.794	1.695
1517160874311	-9.567	-0.804	1.676
1517160874323	-9.529	-0.804	1.637
1517160874331	-9.519	-0.804	1.628
1517160874341	-9.49	-0.775	1.599
1517160874374	-9.471	-0.804	1.647
1517160874377	-9.471	-0.794	1.647
1517160874383	-9.5	-0.804	1.666
1517160874385	-9.529	-0.804	1.618
1517160874396	-9.529	-0.794	1.513
1517160874412	-9.557	-0.785	1.474
1517160874416	-9.557	-0.794	1.484
1517160874423	-9.519	-0.814	1.484
1517160874431	-9.548	-0.842	1.474
1517160874442	-9.567	-0.823	1.503
1517160874453	-9.577	-0.775	1.503
1517160874461	-9.586	-0.718	1.503
1517160874473	-9.596	-0.641	1.273
1517160874481	-9.711	-0.555	1.158
1517160874491	-9.768	-0.488	1.015
1517160874502	-9.845	-0.43	0.996
1517160874510	-9.864	-0.392	0.986
1517160874521	-9.854	-0.363	0.967
1517160874531	-9.864	-0.335	0.948
1517160874541	-9.883	-0.335	0.957
1517160874551	-10.036	-0.344	0.967
1517160874562	-9.912	-0.335	0.919
1517160874570	-9.912	-0.325	0.871
1517160874581	-9.96	-0.296	0.814
1517160874592	-10.017	-0.258	0.814
1517160874601	-10.113	-0.239	0.852
1517160874611	-10.199	-0.239	0.881
1517160874622	-10.305	-0.43	0.919
1517160874632	-10.448	-0.306	0.919
1517160874644	-10.611	-0.162	0.948
1517160874652	-10.774	-0.277	0.871
1517160874661	-10.822	-0.229	0.699
1517160874680	-10.841	-0.162	0.421
1517160874681	-10.812	-0.019	0.21
1517160874701	-10.726	0.153	0.095
1517160874702	-10.64	0.268	0.143
1517160874712	-10.592	0.325	0.373
1517160874720	-10.621	0.287	0.536
1517160874731	-10.735	0.172	0.622
1517160874742	-10.85	0.114	0.507
1517160874751	-10.822	0.095	0.392
1517160874761	-10.688	0.038	0.44
1517160874773	-10.601	-0.019	0.526
1517160874781	-10.649	0.009	0.526
1517160874791	-10.803	0.038	0.344
1517160874805	-10.86	0.047	0.038
1517160874811	-10.831	-0.028	-0.067
1517160874821	-10.812	-0.143	0.047
1517160874836	-10.707	-0.239	0.22
1517160874841	-10.592	-0.239	0.258
1517160874851	-10.362	-0.201	0.239
1517160874864	-9.988	-0.143	0.22
1517160874871	-9.567	-0.124	0.181
1517160874882	-9.165	-0.134	0.114
1517160874894	-8.791	-0.124	0.124
1517160874901	-8.351	-0.095	0.134
1517160874911	-7.91	-0.038	0.143
1517160874925	-7.537	-0.019	0.067
1517160874931	-7.278	0.019	0.019
1517160874941	-7.154	0.057	-0.038
1517160874954	-7.106	0.047	-0.114
1517160874961	-7.115	0.028	-0.162
1517160874971	-7.154	-0.057	-0.191
1517160874984	-7.154	-0.124	-0.172
1517160874991	-7.087	-0.22	-0.124
1517160875001	-7.029	-0.306	-0.172
1517160875015	-7.0	-0.239	-0.383
1517160875029	-7.02	-0.067	-0.603
1517160875031	-7.269	0.153	-0.67
1517160875044	-7.661	0.363	0.028
1517160875051	-8.121	0.517	0.028
1517160875061	-8.686	0.488	0.383
1517160875074	-9.174	0.325	0.373
1517160875081	-9.443	0.086	0.373
1517160875091	-9.5	-0.124	0.181
1517160875104	-9.423	-0.172	-0.239
1517160875111	-9.462	-0.076	-0.239
1517160875121	-9.739	0.181	-0.383
1517160875136	-10.917	0.402	-0.498
1517160875165	-10.917	0.45	-0.498
1517160875170	-11.521	0.354	-0.124
1517160875173	-12.115	0.296	0.268
1517160875175	-12.105	0.306	0.268
1517160875189	-11.942	0.277	-0.047
1517160875192	-11.454	0.153	-0.344
1517160875202	-10.879	0.076	-0.44
1517160875211	-10.391	0.067	-0.249
1517160875224	-10.142	0.057	0.095
1517160875231	-10.142	0.057	0.459
1517160875243	-10.247	-0.067	0.794
1517160875253	-10.362	-0.21	0.919
1517160875261	-10.391	-0.363	0.814
1517160875271	-10.151	-0.488	0.603
1517160875283	-9.893	-0.574	0.392
1517160875291	-9.739	-0.603	0.268
1517160875301	-9.72	-0.565	0.268
1517160875313	-9.72	-0.45	0.316
1517160875321	-10.008	-0.296	0.373
1517160875331	-10.333	-0.153	0.488
1517160875343	-10.573	0.153	0.67
1517160875351	-10.745	0.153	0.67
1517160875361	-10.831	0.201	0.584
1517160875387	-10.783	0.249	0.411
1517160875388	-10.573	0.239	0.44
1517160875392	-10.266	0.019	0.565
1517160875402	-10.017	0.009	0.632
1517160875410	-9.883	0.0	0.593
1517160875421	-9.845	-0.019	0.469
1517160875435	-9.816	0.0	0.459
1517160875441	-9.816	0.047	0.536
1517160875451	-9.807	0.134	0.737
1517160875465	-9.874	0.191	0.842
1517160875471	-9.969	0.22	0.861
1517160875481	-9.95	0.22	0.852
1517160875496	-9.845	0.162	0.919
1517160875501	-9.72	0.047	0.938
1517160875511	-9.625	-0.095	0.996
1517160875524	-9.51	-0.201	1.043
1517160875531	-9.385	-0.335	1.139
1517160875541	-9.328	-0.478	1.187
1517160875555	-9.347	-0.603	1.216
1517160875561	-9.452	-0.67	1.206
1517160875571	-9.596	-0.737	1.149
1517160875586	-9.72	-0.718	1.168
1517160875591	-9.816	-0.737	1.206
1517160875601	-9.931	-0.708	1.216
1517160875615	-9.95	-0.679	1.187
1517160875621	-9.921	-0.679	1.225
1517160875631	-9.864	-0.689	1.283
1517160875646	-9.826	-0.737	1.283
1517160875651	-9.759	-0.794	1.283
1517160875663	-9.672	-0.89	1.302
1517160875675	-9.625	-0.967	1.35
1517160875681	-9.634	-1.015	1.398
1517160875691	-9.701	-1.034	1.312
1517160875705	-9.759	-1.053	1.197
1517160875711	-9.778	-1.034	1.206
1517160875721	-9.739	-1.005	1.292
1517160875735	-9.682	-0.996	1.407
1517160875741	-9.605	-0.967	1.494
1517160875751	-9.538	-0.938	1.532
1517160875765	-9.471	-0.919	1.561
1517160875771	-9.423	-0.938	1.599
1517160875781	-9.404	-0.948	1.608
1517160875795	-9.385	-0.957	1.628
1517160875801	-9.433	-0.909	1.628
1517160875811	-9.462	-0.842	1.637
1517160875824	-9.529	-0.833	1.589
1517160875831	-9.567	-0.823	1.551
1517160875841	-9.586	-0.814	1.513
1517160875855	-9.586	-0.785	1.484
1517160875861	-9.596	-0.756	1.474
1517160875871	-9.596	-0.708	1.455
1517160875887	-9.596	-0.67	1.474
1517160875902	-9.596	-0.622	1.484
1517160875903	-9.605	-0.593	1.474
1517160875916	-9.596	-0.584	1.474
1517160875921	-9.577	-0.574	1.474
1517160875939	-9.567	-0.612	1.494
1517160875941	-9.557	-0.66	1.494
1517160875957	-9.567	-0.679	1.455
1517160875973	-9.586	-0.727	1.455
1517160875974	-9.615	-0.775	1.589
1517160875981	-9.605	-0.804	1.637
1517160875991	-9.596	-0.842	1.522
1517160876004	-9.596	-0.833	1.407
1517160876012	-9.634	-0.804	1.302
1517160876021	-9.481	-0.785	1.426
1517160876034	-9.519	-0.775	1.541
1517160876041	-9.452	-0.756	1.589
1517160876058	-9.615	-0.708	1.522
1517160876065	-9.739	-0.679	1.379
1517160876071	-9.739	-0.718	1.369
1517160876081	-9.653	-0.794	1.503
1517160876094	-9.586	-0.814	1.589
1517160876101	-9.596	-0.775	1.551
1517160876111	-9.605	-0.737	1.436
1517160876124	-9.548	-0.708	1.369
1517160876131	-9.5	-0.9	1.398
1517160876141	-9.51	-0.766	1.417
1517160876154	-9.529	-0.794	1.484
1517160876161	-9.577	-0.823	1.532
1517160876171	-9.577	-0.852	1.561
1517160876183	-9.586	-0.89	1.57
1517160876191	-9.596	-0.9	1.561
1517160876201	-9.615	-0.919	1.589
1517160876215	-9.615	-0.938	1.599
1517160876221	-9.596	-0.938	1.618
1517160876231	-9.586	-0.976	1.618
1517160876245	-9.557	-0.996	1.647
1517160876251	-9.519	-0.996	1.723
1517160876261	-9.481	-0.986	1.8
1517160876275	-9.433	-0.928	1.829
1517160876281	-9.414	-0.9	1.838
1517160876291	-9.404	-0.861	1.848
1517160876305	-9.376	-0.823	1.905
1517160876311	-9.366	-0.823	1.953
1517160876321	-9.366	-0.823	1.963
1517160876335	-9.404	-0.804	1.944
1517160876341	-9.433	-0.794	1.915
1517160876351	-9.471	-0.785	1.896
1517160876365	-9.462	-0.823	1.867
1517160876371	-9.443	-0.842	1.857
1517160876381	-9.414	-0.89	1.877
1517160876395	-9.414	-0.9	1.838
1517160876401	-9.414	-0.928	1.762
1517160876411	-9.443	-0.9	1.733
1517160876426	-9.481	-0.861	1.704
1517160876431	-9.519	-0.785	1.704
1517160876443	-9.586	-0.718	1.676
1517160876456	-9.663	-0.651	1.599
1517160876461	-9.711	-0.632	1.484
1517160876473	-9.73	-0.603	1.407
1517160876485	-9.73	-0.622	1.388
1517160876491	-9.711	-0.67	1.379
1517160876501	-9.692	-0.66	1.359
1517160876516	-9.682	-0.622	1.321
1517160876521	-9.672	-0.565	1.292
1517160876532	-9.701	-0.545	1.197
1517160876546	-9.739	-0.517	1.091
1517160876551	-9.787	-0.507	1.034
1517160876561	-9.854	-0.478	0.957
1517160876576	-9.912	-0.478	0.89
1517160876581	-9.95	-0.421	0.89
1517160876591	-9.96	-0.316	0.823
1517160876606	-9.969	-0.229	0.641
1517160876611	-9.931	-0.124	0.641
1517160876621	-9.912	-0.028	0.641
1517160876636	-9.931	0.028	0.593
1517160876645	-10.036	0.095	0.478
1517160876669	-10.19	0.134	0.306
1517160876671	-10.19	0.153	0.306
1517160876672	-10.161	0.134	0.344
1517160876682	-10.123	0.153	0.411
1517160876696	-10.19	0.249	0.249
1517160876701	-10.343	0.325	-0.057
1517160876712	-10.515	0.402	-0.067
1517160876753	-10.601	0.402	0.105
1517160876756	-10.601	0.354	0.181
1517160876758	-10.64	0.287	0.086
1517160876760	-10.716	0.239	-0.076
1517160876766	-10.946	0.239	-0.162
1517160876780	-11.032	0.22	-0.229
1517160876785	-10.975	0.201	-0.258
1517160876798	-11.272	0.114	-0.268
1517160876804	-11.396	0.028	-0.354
1517160876816	-11.569	-0.162	-0.507
1517160876825	-11.722	-0.296	-0.775
1517160876832	-11.684	-0.287	-1.072
1517160876846	-11.492	-0.191	-1.158
1517160876851	-11.176	-0.019	-1.015
1517160876862	-10.822	0.095	-0.708
1517160876875	-10.486	-0.076	-0.268
1517160876881	-10.094	-0.201	0.191
1517160876893	-9.634	-0.354	0.43
1517160876906	-9.261	-0.325	0.363
1517160876911	-8.887	-0.296	0.162
1517160876921	-8.533	-0.153	-0.067
1517160876935	-8.226	0.057	-0.191
1517160876941	-8.025	0.287	-0.191
1517160876951	-7.91	0.392	-0.172
1517160876965	-7.805	0.402	-0.191
1517160876971	-7.652	0.335	-0.239
1517160876981	-7.498	0.181	-0.287
1517160876994	-7.355	0.076	-0.277
1517160877001	-7.249	0.019	-0.239
1517160877011	-7.163	0.009	-0.268
1517160877027	-7.058	0.057	-0.316
1517160877031	-6.933	0.086	-0.392
1517160877043	-6.914	0.162	-0.517
1517160877057	-7.01	0.22	-0.67
1517160877061	-7.192	0.344	-0.708
1517160877072	-7.546	0.44	-0.651
1517160877088	-7.987	0.507	-0.459
1517160877091	-8.408	0.507	-0.143
1517160877102	-8.743	0.488	0.095
1517160877117	-9.031	0.402	0.239
1517160877121	-9.174	0.201	0.296
1517160877132	-9.241	-0.067	0.22
1517160877147	-9.328	-0.296	0.076
1517160877151	-9.548	-0.44	-0.114
1517160877162	-9.874	-0.402	-0.162
1517160877178	-10.266	-0.239	-0.095
1517160877181	-10.755	-0.153	0.124
1517160877192	-11.147	-0.172	0.392
1517160877207	-11.492	-0.239	0.593
1517160877211	-11.684	-0.287	0.603
1517160877223	-11.578	-0.344	0.593
1517160877238	-11.272	-0.469	0.622
1517160877242	-10.86	-0.612	0.641
1517160877253	-10.554	-0.727	0.679
1517160877269	-10.563	-0.747	0.622
1517160877271	-10.764	-0.679	0.737
1517160877283	-11.004	-0.536	0.957
1517160877297	-11.176	-0.43	1.225
1517160877301	-11.233	-0.296	1.637
1517160877312	-11.233	-0.201	1.781
1517160877327	-11.147	-0.095	1.676
1517160877331	-10.831	-0.134	1.398
1517160877343	-10.372	-0.268	0.794
1517160877357	-9.883	-0.402	0.928
1517160877361	-9.538	-0.526	0.919
1517160877372	-9.423	-0.593	0.919
1517160877387	-9.51	-0.498	1.072
1517160877391	-9.605	-0.335	0.957
1517160877402	-9.73	-0.134	1.225
1517160877417	-9.864	0.086	1.225
1517160877421	-10.027	0.258	1.254
1517160877432	-10.094	0.316	1.331
1517160877447	-10.027	0.22	1.331
1517160877451	-9.845	-0.009	1.331
1517160877462	-9.462	-0.277	1.369
1517160877477	-9.462	-0.498	1.474
1517160877481	-9.356	-0.679	1.58
1517160877492	-9.433	-0.756	1.676
1517160877507	-9.586	-0.727	1.81
1517160877543	-9.73	-0.67	1.992
1517160877552	-9.845	-0.612	2.202
1517160877560	-9.845	-0.584	2.375
1517160877562	-9.883	-0.612	2.413
1517160877564	-9.778	-0.651	2.346
1517160877566	-9.625	-0.785	2.279
1517160877580	-9.404	-0.938	2.26
1517160877583	-9.194	-1.11	2.212
1517160877597	-9.079	-1.235	2.183
1517160877601	-9.04	-1.273	2.183
1517160877619	-9.079	-1.11	2.26
1517160877630	-9.213	-1.187	2.375
1517160877638	-9.328	-1.187	2.432
1517160877645	-9.404	-1.216	2.528
1517160877651	-9.452	-1.283	2.547
1517160877661	-9.423	-1.302	2.547
1517160877673	-9.328	-1.283	2.518
1517160877683	-9.241	-1.273	2.49
1517160877691	-9.194	-1.264	2.461
1517160877702	-9.155	-1.216	2.451
1517160877719	-9.155	-1.168	2.394
1517160877722	-9.184	-1.12	2.327
1517160877732	-9.251	-1.053	2.308
1517160877741	-9.251	-1.015	2.355
1517160877751	-9.222	-1.015	2.423
1517160877761	-9.203	-1.053	2.432
1517160877773	-9.117	-1.072	2.547
1517160877781	-9.031	-1.063	2.662
1517160877792	-8.983	-1.091	2.777
1517160877801	-8.992	-1.082	2.844
1517160877811	-9.031	-1.082	2.834
1517160877821	-9.117	-1.091	2.777
1517160877830	-9.222	-1.12	2.767
1517160877841	-9.289	-1.139	2.691
1517160877851	-9.289	-1.177	2.681
1517160877861	-9.261	-1.225	2.633
1517160877871	-9.203	-1.206	2.643
1517160877883	-9.127	-1.187	2.7
1517160877891	-9.146	-1.177	2.71
1517160877901	-9.251	-1.158	2.652
1517160877913	-9.347	-1.206	2.557
1517160877928	-9.395	-1.273	2.509
1517160877931	-9.385	-1.331	2.547
1517160877943	-9.462	-1.35	2.652
1517160877951	-9.519	-1.321	2.652
1517160877961	-9.596	-1.331	2.518
1517160877973	-9.586	-1.331	2.432
1517160877981	-9.414	-1.379	2.49
1517160877991	-9.203	-1.388	2.643
1517160878003	-9.069	-1.398	2.719
1517160878011	-9.021	-1.331	2.652
1517160878021	-9.021	-1.264	2.528
1517160878033	-9.031	-1.206	2.49
1517160878041	-9.107	-1.177	2.509
1517160878051	-9.194	-1.187	2.48
1517160878063	-9.251	-1.216	2.375
1517160878071	-9.251	-1.197	2.327
1517160878081	-9.241	-1.177	2.365
1517160878093	-9.27	-1.197	2.585
1517160878101	-9.337	-1.302	2.585
1517160878111	-9.433	-1.426	2.537
1517160878123	-9.49	-1.503	2.365
1517160878131	-9.49	-1.494	2.365
1517160878141	-9.423	-1.455	2.355
1517160878153	-9.174	-1.407	2.595
1517160878161	-9.241	-1.369	2.748
1517160878171	-9.174	-1.465	2.672
1517160878184	-9.213	-1.752	2.451
1517160878191	-9.213	-1.704	2.451
1517160878202	-9.232	-1.628	2.317
1517160878216	-9.136	-1.513	2.442
1517160878221	-9.136	-1.379	2.461
1517160878231	-9.174	-1.321	2.327
1517160878243	-9.347	-1.101	2.164
1517160878251	-9.347	-1.177	1.982
1517160878261	-9.423	-1.149	1.963
1517160878273	-9.385	-1.11	1.963
1517160878281	-9.443	-1.101	1.838
1517160878291	-9.5	-1.139	1.618
1517160878324	-9.49	-1.13	1.446
1517160878332	-9.462	-1.091	1.331
1517160878335	-9.462	-0.842	1.388
1517160878338	-9.538	-0.9	1.388
1517160878351	-9.663	-0.842	1.273
1517160878355	-9.768	-0.842	1.168
1517160878365	-9.893	-0.909	1.149
1517160878371	-9.979	-0.957	1.168
1517160878381	-10.036	-1.063	1.177
1517160878393	-10.027	-1.091	1.139
1517160878401	-9.979	-1.072	1.053
1517160878411	-9.893	-1.034	0.957
1517160878423	-9.787	-0.957	0.928
1517160878431	-9.692	-0.861	0.928
1517160878441	-9.615	-0.794	0.976
1517160878452	-9.557	-0.756	1.053
1517160878461	-9.548	-0.718	1.072
1517160878471	-9.557	-0.651	1.015
1517160878483	-9.577	-0.603	0.976
1517160878491	-9.577	-0.555	0.976
1517160878501	-9.557	-0.545	0.967
1517160878514	-9.51	-0.574	1.024
1517160878521	-9.49	-0.593	0.967
1517160878531	-9.548	-0.555	0.823
1517160878542	-9.596	-0.555	0.785
1517160878551	-9.692	-0.517	0.747
1517160878561	-9.644	-0.478	0.928
1517160878572	-9.586	-0.498	1.034
1517160878580	-9.634	-0.565	0.996
1517160878591	-9.711	-0.737	0.689
1517160878602	-9.835	-0.852	0.383
1517160878611	-9.912	-0.89	0.402
1517160878621	-9.931	-0.871	0.555
1517160878634	-9.931	-0.775	0.622
1517160878641	-9.96	-0.651	0.584
1517160878653	-9.95	-0.478	0.526
1517160878673	-9.96	-0.354	0.402
1517160878675	-9.96	-0.296	0.268
1517160878682	-9.979	-0.249	0.153
1517160878694	-9.941	-0.21	0.076
1517160878701	-9.902	-0.124	0.057
1517160878712	-9.835	-0.067	0.009
1517160878726	-9.807	-0.038	0.114
1517160878731	-9.778	-0.019	0.114
1517160878741	-9.797	-0.009	0.124
1517160878754	-9.826	0.028	0.0
1517160878761	-9.874	0.057	0.0
1517160878772	-9.95	0.028	-0.028
1517160878784	-9.998	-0.019	-0.038
1517160878791	-10.017	-0.095	-0.038
1517160878801	-10.008	-0.143	0.028
1517160878816	-10.056	-0.153	-0.172
1517160878821	-10.18	-0.143	-0.172
1517160878831	-10.276	-0.114	-0.306
1517160878845	-10.276	-0.067	-0.277
1517160878851	-10.276	-0.057	-0.277
1517160878861	-10.295	-0.057	-0.383
1517160878875	-10.333	-0.067	-0.402
1517160878881	-10.333	-0.086	-0.402
1517160878891	-10.343	-0.057	-0.584
1517160878908	-10.496	0.028	-0.679
1517160878911	-10.496	0.114	-0.679
1517160878921	-10.601	0.114	-0.747
1517160878934	-10.707	0.124	-0.881
1517160878941	-10.812	0.143	-1.082
1517160878951	-11.004	0.086	-1.388
1517160878964	-11.31	-0.124	-1.541
1517160878971	-11.31	-0.019	-1.513
1517160878981	-11.406	-0.038	-1.321
1517160878994	-11.109	-0.047	-1.216
1517160879001	-10.956	-0.028	-1.158
1517160879011	-10.716	-0.057	-1.158
1517160879025	-10.506	-0.076	-1.168
1517160879031	-10.295	-0.114	-1.235
1517160879041	-9.969	-0.105	-1.216
1517160879055	-9.653	0.124	-1.302
1517160879061	-9.337	0.028	-1.359
1517160879071	-9.002	0.067	-1.331
1517160879085	-8.772	0.086	-1.321
1517160879124	-8.657	0.086	-1.503
1517160879130	-8.581	0.019	-1.551
1517160879134	-8.456	-0.009	-1.628
1517160879141	-8.284	-0.057	-1.647
1517160879144	-8.006	-0.172	-1.484
1517160879150	-7.738	-0.354	-1.264
1517160879152	-7.527	-0.536	-1.12
1517160879162	-7.249	-0.603	-0.996
1517160879175	-6.933	-0.67	-0.689
1517160879181	-6.885	-0.641	-0.747
1517160879192	-7.106	-0.488	-1.063
1517160879204	-7.297	-0.239	-1.35
1517160879211	-7.297	-0.047	-1.216
1517160879221	-7.383	0.086	-0.785
1517160879238	-7.872	0.086	-0.67
1517160879242	-8.542	0.0	-0.747
1517160879251	-9.155	-0.086	-0.928
1517160879263	-9.452	-0.095	-1.082
1517160879271	-9.538	-0.162	-1.063
1517160879281	-9.634	-0.296	-1.197
1517160879293	-9.854	-0.392	-1.417
1517160879301	-10.199	-0.43	-1.589
1517160879311	-10.563	-0.488	-1.532
1517160879325	-10.793	-0.517	-1.35
1517160879331	-10.87	-0.469	-1.177
1517160879341	-10.917	-0.373	-0.996
1517160879352	-10.975	-0.143	-0.996
1517160879361	-11.004	0.057	-1.053
1517160879371	-10.994	0.124	-1.072
1517160879382	-10.841	0.076	-0.996
1517160879391	-10.659	0.057	-1.005
1517160879401	-10.439	0.134	-1.043
1517160879415	-10.228	0.296	-1.005
1517160879421	-10.103	0.44	-0.928
1517160879431	-9.998	0.469	-0.823
1517160879445	-9.931	0.402	-0.689
1517160879451	-9.864	0.287	-0.584
1517160879461	-9.893	0.191	-0.517
1517160879475	-9.979	0.0	-0.823
1517160879481	-9.988	-0.201	-0.833
1517160879491	-9.921	-0.325	-0.89
1517160879505	-9.826	-0.354	-1.043
1517160879511	-9.826	-0.239	-0.919
1517160879521	-9.883	0.009	-0.967
1517160879536	-10.027	0.201	-0.89
1517160879541	-10.19	0.306	-0.545
1517160879551	-10.343	0.316	-0.306
1517160879567	-10.467	0.181	-0.277
1517160879571	-10.573	0.057	-0.316
1517160879581	-10.64	-0.047	-0.306
1517160879596	-10.688	-0.162	-0.373
1517160879601	-10.621	-0.277	-0.402
1517160879611	-10.467	-0.335	-0.296
1517160879625	-10.161	-0.306	-0.249
1517160879631	-10.18	-0.249	-0.249
1517160879641	-10.132	-0.162	-0.249
1517160879656	-10.123	-0.095	-0.047
1517160879661	-10.151	-0.086	-0.047
1517160879671	-10.084	-0.124	0.019
1517160879686	-9.816	-0.21	0.047
1517160879692	-9.835	-0.287	0.067
1517160879702	-9.711	-0.325	0.143
1517160879716	-9.567	-0.363	0.143
1517160879721	-9.423	-0.44	0.162
1517160879731	-9.347	-0.488	0.181
1517160879745	-9.385	-0.526	0.191
1517160879751	-9.538	-0.507	0.249
1517160879761	-9.452	-0.45	0.277
1517160879775	-9.634	-0.43	0.373
1517160879781	-9.692	-0.383	0.459
1517160879791	-9.701	-0.344	0.469
1517160879806	-9.692	-0.316	0.383
1517160879811	-9.672	-0.335	0.325
1517160879821	-9.605	-0.153	0.354
1517160879835	-9.567	-0.268	0.498
1517160879841	-9.567	-0.201	0.574
1517160879851	-9.711	-0.143	0.44
1517160879865	-9.826	-0.143	0.363
1517160879871	-9.854	-0.143	0.383
1517160879901	-9.816	-0.201	0.545
1517160879905	-9.692	-0.229	0.727
1517160879914	-9.615	-0.191	0.66
1517160879917	-9.653	-0.124	0.469
1517160879938	-9.739	-0.057	0.258
1517160879940	-9.787	-0.086	0.201
1517160879941	-9.692	-0.143	0.306
1517160879960	-9.644	-0.229	0.469
1517160879961	-9.672	-0.287	0.555
1517160879975	-9.739	-0.363	0.536
1517160879991	-9.778	-0.45	0.574
1517160879992	-9.768	-0.507	0.632
1517160880012	-9.768	-0.574	0.622
1517160880014	-9.768	-0.536	0.584
1517160880025	-9.73	-0.459	0.651
1517160880038	-9.711	-0.296	0.737
1517160880047	-9.749	-0.114	0.747
1517160880051	-9.902	-0.095	0.747
1517160880061	-10.123	-0.172	0.737
1517160880075	-10.257	-0.363	0.689
1517160880081	-10.333	-0.536	0.622
1517160880098	-10.285	-0.699	0.641
1517160880105	-10.151	-0.699	0.641
1517160880111	-9.96	-0.737	0.708
1517160880121	-9.835	-0.775	0.814
1517160880135	-9.816	-0.833	0.823
1517160880141	-9.854	-0.833	0.775
1517160880151	-9.816	-0.766	0.708
1517160880164	-9.739	-0.622	0.699
1517160880171	-9.663	-0.488	0.66
1517160880181	-9.663	-0.421	0.584
1517160880194	-9.682	-0.43	0.584
1517160880201	-9.634	-0.459	0.651
1517160880211	-9.538	-0.507	0.737
1517160880226	-9.289	-0.555	0.842
1517160880231	-9.376	-0.593	0.842
1517160880243	-9.404	-0.603	0.814
1517160880257	-9.462	-0.612	0.794
1517160880261	-9.519	-0.574	0.794
1517160880273	-9.586	-0.545	0.823
1517160880287	-9.672	-0.478	0.775
1517160880291	-9.701	-0.44	0.775
1517160880302	-9.711	-0.383	0.718
1517160880317	-9.682	-0.344	0.66
1517160880321	-9.663	-0.325	0.66
1517160880332	-9.644	-0.316	0.67
1517160880348	-9.644	-0.268	0.641
1517160880351	-9.663	-0.162	0.641
1517160880363	-9.682	-0.143	0.612
1517160880379	-9.692	-0.162	0.641
1517160880381	-9.682	-0.22	0.488
1517160880396	-9.672	-0.249	0.622
1517160880408	-9.682	-0.22	0.545
1517160880411	-9.692	-0.172	0.545
1517160880423	-9.701	-0.114	0.679
1517160880433	-9.711	-0.114	0.718
1517160880446	-9.749	-0.181	0.747
1517160880451	-9.778	-0.249	0.766
1517160880465	-9.797	-0.306	0.785
1517160880472	-9.807	-0.373	0.708
1517160880481	-9.778	-0.373	0.699
1517160880496	-9.596	-0.354	0.699
1517160880501	-9.739	-0.354	0.679
1517160880511	-9.711	-0.354	0.708
1517160880525	-9.653	-0.344	0.67
1517160880531	-9.682	-0.316	0.469
1517160880541	-9.692	-0.287	0.507
1517160880556	-9.644	-0.268	0.632
1517160880561	-9.538	-0.43	0.852
1517160880571	-9.529	-0.153	0.814
1517160880587	-9.615	-0.095	0.603
1517160880591	-9.711	-0.143	0.354
1517160880605	-9.797	-0.067	0.258
1517160880620	-9.739	-0.114	0.43
1517160880621	-9.644	-0.134	0.689
1517160880632	-9.634	-0.124	0.775
1517160880647	-9.672	-0.095	0.66
1517160880651	-9.73	-0.047	0.459
1517160880663	-9.739	0.019	0.402
1517160880684	-9.739	0.057	0.392
1517160880696	-9.807	0.134	0.363
1517160880699	-9.893	0.229	0.354
1517160880703	-9.969	0.201	0.306
1517160880733	-10.008	0.124	0.22
1517160880738	-10.046	0.009	0.124
1517160880739	-10.084	-0.143	0.067
1517160880748	-10.094	-0.277	0.105
1517160880751	-10.065	-0.258	0.143
1517160880763	-10.056	-0.114	0.134
1517160880771	-10.084	0.114	0.153
1517160880793	-10.113	0.316	0.153
1517160880794	-10.17	0.43	0.134
1517160880804	-10.199	0.44	-0.067
1517160880817	-10.218	0.373	-0.316
1517160880837	-10.19	0.277	-0.478
1517160880839	-10.132	0.229	-0.555
1517160880848	-10.123	0.287	-0.641
1517160880857	-10.237	0.363	-0.775
1517160880861	-10.381	0.469	-0.775
1517160880874	-10.506	0.545	-0.66
1517160880890	-10.592	0.536	-0.632
1517160880894	-10.688	0.507	-0.651
1517160880908	-10.783	0.469	-0.756
1517160880914	-10.879	0.45	-0.89
1517160880921	-10.984	0.43	-0.996
1517160880931	-11.071	0.411	-1.043
1517160880944	-11.119	0.402	-1.091
1517160880951	-11.157	0.421	-1.12
1517160880961	-11.119	0.354	-1.101
1517160880974	-11.09	0.22	-1.043
1517160880987	-11.052	0.086	-0.957
1517160880992	-10.984	0.028	-0.967
1517160881004	-10.927	-0.019	-1.091
1517160881011	-10.764	0.028	-1.072
1517160881022	-10.506	0.105	-0.996
1517160881035	-10.285	0.162	-0.957
1517160881041	-10.027	0.277	-0.948
1517160881051	-9.759	0.344	-0.852
1517160881066	-9.481	0.277	-0.737
1517160881071	-9.27	-0.009	-0.517
1517160881082	-8.964	-0.383	-0.459
1517160881096	-8.619	-0.804	-0.814
1517160881101	-8.36	-0.89	-0.775
1517160881112	-8.198	-0.622	-1.321
1517160881127	-7.987	-0.239	-1.35
1517160881131	-7.872	0.086	-1.292
1517160881143	-7.881	0.229	-1.359
1517160881157	-7.834	0.229	-1.513
1517160881161	-7.738	0.095	-1.235
1517160881172	-7.594	-0.009	-1.177
1517160881187	-7.451	-0.038	-1.206
1517160881191	-7.383	-0.009	-1.522
1517160881202	-7.451	0.134	-1.551
1517160881217	-7.537	0.354	-1.58
1517160881221	-7.843	0.498	-1.541
1517160881233	-8.121	0.651	-1.388
1517160881247	-8.427	0.842	-1.273
1517160881251	-8.715	0.996	-1.101
1517160881262	-9.127	0.861	-1.072
1517160881277	-9.404	0.909	-0.948
1517160881281	-9.577	0.641	-0.852
1517160881293	-9.759	0.124	-0.9
1517160881307	-9.988	0.124	-1.139
1517160881311	-10.199	-0.229	-1.312
1517160881323	-10.343	-0.335	-1.283
1517160881337	-10.448	-0.335	-1.177
1517160881341	-10.506	-0.43	-1.187
1517160881353	-10.534	-0.392	-1.206
1517160881367	-10.534	-0.249	-1.254
1517160881371	-10.515	-0.086	-1.273
1517160881383	-10.458	-0.038	-1.283
1517160881391	-10.429	-0.095	-1.292
1517160881401	-10.419	-0.134	-1.273
1517160881413	-10.372	-0.191	-1.168
1517160881427	-10.295	-0.316	-0.948
1517160881431	-10.18	-0.421	-0.737
1517160881443	-10.084	-0.498	-0.545
1517160881457	-9.988	-0.574	-0.277
1517160881490	-9.921	-0.612	-0.277
1517160881493	-9.883	-0.651	-0.383
1517160881496	-9.768	-0.67	-0.488
1517160881503	-9.557	-0.641	-0.603
1517160881505	-9.318	-0.545	-0.651
1517160881519	-9.222	-0.402	-0.699
1517160881532	-9.289	-0.229	-0.727
1517160881533	-9.471	-0.047	-0.641
1517160881541	-9.749	0.105	-0.45
1517160881551	-9.988	0.258	-0.287
1517160881562	-10.151	0.287	-0.191
1517160881571	-10.19	0.335	-0.249
1517160881581	-10.209	0.392	-0.363
1517160881592	-10.123	0.421	-0.469
1517160881601	-10.027	0.44	-0.632
1517160881611	-9.979	0.469	-0.727
1517160881621	-9.96	0.536	-0.612
1517160881631	-10.094	0.536	-0.43
1517160881641	-10.314	0.478	-0.21
1517160881651	-10.601	0.411	0.0
1517160881661	-10.908	0.296	0.124
1517160881671	-11.099	0.21	0.124
1517160881683	-11.138	0.134	0.162
1517160881691	-11.08	0.076	0.162
1517160881701	-10.937	0.038	0.143
1517160881712	-10.688	0.009	0.114
1517160881721	-10.448	-0.067	0.076
1517160881731	-10.199	-0.134	0.019
1517160881741	-10.017	-0.181	0.047
1517160881751	-9.864	-0.162	0.124
1517160881761	-9.749	-0.124	0.21
1517160881772	-9.653	-0.076	0.249
1517160881780	-9.548	-0.028	0.268
1517160881791	-9.452	-0.019	0.383
1517160881802	-9.395	-0.047	0.498
1517160881811	-9.337	-0.143	0.603
1517160881821	-9.308	-0.287	0.622
1517160881833	-9.366	-0.469	0.555
1517160881841	-9.433	-0.622	0.555
1517160881851	-9.462	-0.718	0.718
1517160881863	-9.663	-0.775	0.957
1517160881871	-9.605	-0.794	0.957
1517160881881	-9.73	-0.737	0.679
1517160881893	-9.96	-0.603	0.718
1517160881901	-9.96	-0.488	0.718
1517160881911	-9.979	-0.45	0.804
1517160881923	-9.807	-0.45	0.986
1517160881931	-9.883	-0.498	1.149
1517160881941	-9.845	-0.507	1.177
1517160881953	-9.883	-0.545	1.254
1517160881961	-9.883	-0.584	1.283
1517160881971	-9.644	-0.679	1.216
1517160881983	-9.634	-0.9	1.216
1517160881991	-9.634	-0.861	1.254
1517160882001	-9.567	-0.938	1.388
1517160882013	-9.538	-0.938	1.484
1517160882021	-9.519	-0.938	1.455
1517160882031	-9.529	-0.928	1.388
1517160882043	-9.538	-0.881	1.331
1517160882051	-9.548	-0.871	1.302
1517160882061	-9.557	-0.871	1.273
1517160882073	-9.567	-0.833	1.292
1517160882081	-9.596	-0.794	1.34
1517160882091	-9.615	-0.881	1.455
1517160882103	-9.672	-0.881	1.494
1517160882111	-9.72	-0.861	1.484
1517160882121	-9.768	-0.823	1.388
1517160882133	-9.72	-0.804	1.407
1517160882141	-9.653	-0.833	1.561
1517160882151	-9.596	-0.89	1.637
1517160882163	-9.519	-0.967	1.704
1517160882171	-9.443	-1.015	1.848
1517160882181	-9.423	-1.043	1.982
1517160882193	-9.462	-1.053	2.135
1517160882201	-9.538	-1.034	2.231
1517160882211	-9.567	-1.005	2.384
1517160882223	-9.557	-0.967	2.48
1517160882231	-9.519	-0.928	2.528
1517160882241	-9.471	-0.919	2.451
1517160882274	-9.423	-0.909	2.432
1517160882277	-9.376	-0.928	2.499
1517160882282	-9.347	-0.986	2.652
1517160882283	-9.289	-1.015	2.758
1517160882302	-9.213	-0.976	2.758
1517160882304	-9.117	-0.814	2.672
1517160882314	-9.069	-0.679	2.528
1517160882321	-9.165	-0.565	2.375
1517160882331	-9.28	-0.526	2.308
1517160882343	-9.356	-0.747	2.269
1517160882351	-9.376	-1.139	2.365
1517160882361	-9.328	-1.474	2.71
1517160882373	-9.241	-1.666	3.016
1517160882381	-9.117	-1.743	3.15
1517160882391	-8.925	-1.771	3.294
1517160882403	-8.82	-1.771	3.39
1517160882411	-8.734	-1.81	3.476
1517160882421	-8.696	-1.838	3.533
1517160882432	-8.705	-1.829	3.533
1517160882441	-8.715	-1.771	3.505
1517160882451	-8.724	-1.743	3.533
1517160882462	-8.696	-1.704	3.62
1517160882471	-8.705	-1.685	3.725
1517160882481	-8.743	-1.685	3.744
1517160882492	-8.82	-1.695	3.715
1517160882501	-8.916	-1.704	3.62
1517160882513	-8.868	-1.743	3.562
1517160882523	-8.753	-1.752	3.553
1517160882531	-8.724	-1.714	3.591
1517160882541	-8.858	-1.676	3.476
1517160882553	-8.925	-1.599	3.38
1517160882561	-8.858	-1.541	3.38
1517160882571	-8.743	-1.541	3.648
1517160882584	-8.772	-1.561	4.003
1517160882601	-8.839	-1.513	3.84
1517160882614	-8.696	-1.331	3.668
1517160882621	-8.696	-1.158	3.821
1517160882631	-8.715	-1.216	3.399
1517160882644	-8.6	-1.465	3.533
1517160882651	-8.6	-1.417	3.687
1517160882661	-8.523	-1.369	3.696
1517160882689	-8.485	-1.235	3.639
1517160882691	-8.59	-1.197	3.591
1517160882692	-8.609	-1.187	3.648
1517160882704	-8.715	-1.379	3.763
1517160882711	-8.753	-1.561	3.782
1517160882721	-8.81	-1.666	3.735
1517160882735	-8.81	-1.743	3.744
1517160882741	-8.772	-1.81	3.84
1517160882751	-8.801	-1.886	3.792
1517160882764	-8.801	-1.896	3.696
1517160882771	-8.791	-1.867	3.629
1517160882781	-8.782	-1.829	3.639
1517160882795	-8.801	-1.771	3.591
1517160882801	-8.878	-1.762	3.61
1517160882811	-8.945	-1.781	3.62
1517160882825	-8.954	-1.829	3.601
1517160882831	-8.925	-1.743	3.62
1517160882841	-8.83	-1.704	3.668
1517160882854	-8.734	-1.723	3.735
1517160882861	-8.753	-1.762	3.773
1517160882871	-8.743	-1.752	3.696
1517160882884	-8.715	-1.79	3.668
1517160882891	-8.657	-1.8	3.677
1517160882901	-8.619	-1.79	3.735
1517160882916	-8.609	-1.81	3.763
1517160882921	-8.629	-1.829	3.792
1517160882931	-8.705	-1.877	3.754
1517160882944	-8.782	-1.915	3.648
1517160882951	-8.858	-1.877	3.543
1517160882961	-8.906	-1.81	3.524
1517160882974	-8.935	-1.714	3.533
1517160882981	-8.925	-1.637	3.514
1517160882991	-8.849	-1.599	3.486
1517160883004	-8.81	-1.618	3.533
1517160883011	-8.782	-1.704	3.562
1517160883021	-8.83	-1.877	3.514
1517160883035	-8.916	-2.011	3.466
1517160883041	-8.935	-2.049	3.371
1517160883073	-8.925	-2.02	3.237
1517160883074	-8.935	-1.953	3.093
1517160883079	-9.012	-1.857	3.026
1517160883081	-9.079	-1.819	2.988
1517160883100	-9.098	-1.79	3.035
1517160883101	-9.021	-1.733	3.131
1517160883111	-9.069	-1.695	3.237
1517160883127	-9.146	-1.704	3.227
1517160883131	-9.174	-1.704	3.17
1517160883143	-8.945	-1.608	2.48
1517160883153	-8.791	-1.369	1.982
1517160883161	-9.127	-1.838	2.595
1517160883174	-9.002	-1.771	2.796
1517160883184	-8.839	-1.886	2.825
1517160883191	-8.906	-2.049	2.949
1517160883201	-8.887	-2.068	3.256
1517160883214	-9.079	-1.925	3.735
1517160883221	-9.28	-1.819	3.782
1517160883231	-9.337	-1.743	3.811
1517160883244	-9.232	-1.752	3.639
1517160883253	-9.002	-1.752	3.371
1517160883261	-8.82	-1.743	3.371
1517160883273	-8.763	-1.733	3.38
1517160883282	-8.782	-1.743	3.438
1517160883291	-8.935	-1.81	3.533
1517160883303	-9.031	-1.867	3.83
1517160883310	-9.107	-1.886	3.84
1517160883323	-9.107	-1.925	4.166
1517160883336	-9.107	-1.925	4.146
1517160883341	-9.088	-1.896	4.146
1517160883351	-9.079	-1.896	3.313
1517160883366	-8.849	-1.896	2.403
1517160883371	-8.849	-1.944	2.403
