timestamp	x	y	z
1515959446803	-9.95	-1.082	0.775
1515959446842	-10.123	-0.976	0.718
1515959446844	-10.257	-0.766	0.689
1515959446845	-10.333	-0.852	0.727
1515959446846	-10.343	-1.063	0.823
1515959446868	-10.324	-1.11	0.814
1515959446895	-10.266	-1.158	0.785
1515959446896	-10.237	-1.177	0.689
1515959446899	-10.151	-1.158	0.66
1515959446908	-10.075	-1.072	0.737
1515959446909	-10.046	-1.015	0.823
1515959446910	-10.151	-0.9	0.766
1515959446933	-10.276	-0.852	0.622
1515959446934	-10.314	-0.804	0.507
1515959446940	-10.314	-0.766	0.584
1515959446950	-10.372	-0.785	0.756
1515959446962	-10.515	-0.804	0.823
1515959446972	-10.659	-0.804	0.708
1515959446983	-10.783	-0.737	0.584
1515959446995	-10.908	-0.689	0.517
1515959447000	-11.052	-0.737	0.498
1515959447014	-11.119	-0.881	0.507
1515959447025	-11.214	-1.015	0.498
1515959447030	-11.253	-1.11	0.545
1515959447040	-11.291	-1.158	0.699
1515959447055	-11.32	-1.082	0.699
1515959447065	-11.31	-0.967	0.526
1515959447072	-11.281	-0.871	0.306
1515959447085	-11.157	-0.842	0.086
1515959447145	-10.975	-0.747	-0.019
1515959447147	-10.764	-0.641	-0.019
1515959447148	-10.534	-0.507	-0.009
1515959447153	-10.343	-0.469	0.028
1515959447155	-10.209	-0.43	0.057
1515959447157	-10.036	-0.421	0.076
1515959447158	-9.893	-0.373	0.067
1515959447160	-9.73	-0.335	0.038
1515959447171	-9.5	-0.249	-0.047
1515959447209	-9.241	-0.22	-0.057
1515959447219	-8.983	-0.229	-0.067
1515959447228	-8.724	-0.239	-0.086
1515959447230	-8.456	-0.229	-0.172
1515959447238	-8.198	-0.22	-0.268
1515959447239	-7.987	-0.201	-0.325
1515959447240	-7.776	-0.143	-0.392
1515959447254	-7.575	-0.114	-0.43
1515959447266	-7.412	-0.134	-0.402
1515959447283	-7.24	-0.134	-0.325
1515959447284	-7.048	-0.181	-0.239
1515959447298	-6.857	-0.249	-0.239
1515959447300	-6.675	-0.344	-0.229
1515959447310	-6.483	-0.402	-0.258
1515959447323	-6.349	-0.44	-0.354
1515959447329	-6.32	-0.402	-0.517
1515959447340	-6.483	-0.249	-0.612
1515959447351	-6.799	-0.028	-0.44
1515959447360	-7.259	0.172	-0.191
1515959447370	-7.767	0.239	0.134
1515959447382	-8.284	0.229	0.45
1515959447390	-8.743	0.124	0.66
1515959447400	-9.184	-0.105	0.699
1515959447415	-9.452	-0.421	0.306
1515959447420	-9.605	-0.766	0.306
1515959447445	-9.854	-1.149	-0.143
1515959447450	-9.998	-1.158	-0.143
1515959447460	-10.276	-1.101	0.363
1515959447474	-10.563	-1.024	0.478
1515959447480	-10.793	-0.938	0.718
1515959447490	-10.927	-0.919	0.526
1515959447504	-10.879	-1.043	0.287
1515959447510	-10.774	-1.235	0.287
1515959447520	-10.621	-1.388	0.114
1515959447534	-10.515	-1.398	0.153
1515959447540	-10.458	-1.254	0.277
1515959447550	-10.41	-1.053	0.469
1515959447564	-10.4	-0.9	0.555
1515959447570	-10.592	-0.804	0.526
1515959447580	-10.707	-0.785	0.44
1515959447595	-10.697	-0.766	0.392
1515959447600	-10.774	-0.718	0.421
1515959447610	-10.841	-0.67	0.507
1515959447624	-10.956	-0.612	0.622
1515959447630	-11.109	-0.584	0.612
1515959447640	-11.243	-0.526	0.373
1515959447654	-11.205	-0.469	-0.057
1515959447660	-10.984	-0.229	-0.43
1515959447670	-10.688	-0.277	-0.469
1515959447684	-10.352	-0.229	-0.287
1515959447690	-10.056	-0.22	-0.067
1515959447700	-9.864	-0.325	0.114
1515959447715	-9.72	-0.277	0.191
1515959447720	-9.625	-0.239	0.22
1515959447730	-9.653	-0.229	0.383
1515959447744	-9.749	-0.201	0.536
1515959447750	-9.864	-0.181	0.536
1515959447760	-9.912	-0.191	0.469
1515959447775	-9.874	-0.258	0.411
1515959447780	-9.787	-0.373	0.363
1515959447811	-9.701	-0.498	0.354
1515959447818	-9.672	-0.612	0.411
1515959447821	-9.701	-0.699	0.488
1515959447822	-9.797	-0.727	0.574
1515959447843	-9.95	-0.747	0.699
1515959447845	-10.103	-0.785	0.737
1515959447850	-10.18	-0.814	0.67
1515959447864	-10.19	-0.881	0.632
1515959447870	-10.142	-0.976	0.651
1515959447880	-10.113	-1.082	0.632
1515959447895	-10.036	-1.158	0.545
1515959447900	-9.931	-1.245	0.469
1515959447910	-9.816	-1.292	0.488
1515959447923	-9.749	-1.312	0.574
1515959447930	-9.778	-1.312	0.593
1515959447940	-9.845	-1.235	0.584
1515959447954	-9.902	-1.158	0.545
1515959447960	-9.921	-1.063	0.545
1515959447970	-9.893	-0.996	0.574
1515959447983	-9.874	-0.986	0.641
1515959447990	-9.835	-1.034	0.718
1515959448000	-9.787	-1.091	0.747
1515959448012	-9.72	-1.149	0.747
1515959448019	-9.663	-1.187	0.737
1515959448030	-9.615	-1.245	0.66
1515959448050	-9.596	-1.292	0.584
1515959448060	-9.625	-1.302	0.603
1515959448075	-9.625	-1.273	0.632
1515959448080	-9.634	-1.225	0.66
1515959448090	-9.634	-1.158	0.67
1515959448105	-9.663	-1.11	0.708
1515959448110	-9.692	-1.082	0.747
1515959448120	-9.739	-1.091	0.775
1515959448135	-9.768	-1.13	0.641
1515959448140	-9.778	-1.197	0.756
1515959448150	-9.778	-1.292	0.708
1515959448165	-9.778	-1.331	0.593
1515959448170	-9.759	-1.35	0.517
1515959448180	-9.739	-1.302	0.44
1515959448195	-9.711	-1.254	0.45
1515959448200	-9.682	-1.168	0.45
1515959448211	-9.682	-1.082	0.478
1515959448225	-9.682	-1.053	0.498
1515959448230	-9.653	-1.024	0.593
1515959448241	-9.625	-1.053	0.66
1515959448255	-9.605	-1.091	0.9
1515959448260	-9.577	-1.139	0.785
1515959448271	-9.567	-1.158	0.804
1515959448285	-9.567	-1.158	0.756
1515959448290	-9.577	-1.168	0.737
1515959448301	-9.577	-1.216	0.785
1515959448315	-9.615	-1.312	0.842
1515959448320	-9.625	-1.321	0.833
1515959448331	-9.663	-1.292	0.785
1515959448345	-9.682	-1.235	0.766
1515959448350	-9.692	-1.168	0.766
1515959448361	-9.672	-1.101	0.775
1515959448375	-9.692	-1.091	0.794
1515959448380	-9.72	-1.11	0.823
1515959448391	-9.682	-1.216	0.909
1515959448405	-9.605	-1.254	1.024
1515959448410	-9.586	-1.273	0.948
1515959448421	-9.701	-1.206	0.804
1515959448436	-9.701	-1.187	0.756
1515959448440	-9.739	-1.187	0.842
1515959448451	-9.625	-1.206	0.986
1515959448465	-9.625	-1.206	1.015
1515959448470	-9.625	-1.235	0.89
1515959448481	-9.586	-1.264	0.823
1515959448495	-9.557	-1.302	0.833
1515959448500	-9.557	-1.302	0.861
1515959448511	-9.596	-1.302	0.89
1515959448526	-9.605	-1.283	0.938
1515959448557	-9.605	-1.245	0.948
1515959448561	-9.615	-1.072	0.919
1515959448563	-9.605	-1.369	0.89
1515959448564	-9.577	-1.254	0.881
1515959448576	-9.605	-1.273	0.881
1515959448589	-9.596	-1.264	0.861
1515959448590	-9.586	-1.245	0.842
1515959448600	-9.567	-1.187	0.823
1515959448616	-9.557	-1.168	0.833
1515959448620	-9.557	-1.168	0.823
1515959448630	-9.548	-1.13	0.823
1515959448644	-9.557	-1.091	0.794
1515959448650	-9.567	-1.063	0.794
1515959448660	-9.567	-1.043	0.794
1515959448674	-9.577	-1.015	0.785
1515959448680	-9.615	-0.996	0.737
1515959448690	-9.634	-0.967	0.699
1515959448704	-9.682	-0.938	0.708
1515959448710	-9.72	-0.919	0.727
1515959448720	-9.768	-0.919	0.718
1515959448735	-9.826	-0.938	0.679
1515959448740	-9.902	-0.928	0.603
1515959448750	-9.96	-0.9	0.565
1515959448760	-10.008	-0.861	0.555
1515959448770	-10.046	-0.881	0.488
1515959448780	-10.046	-0.871	0.43
1515959448794	-10.036	-0.814	0.43
1515959448799	-10.036	-0.747	0.459
1515959448810	-10.017	-0.699	0.545
1515959448824	-10.036	-0.612	0.622
1515959448830	-10.046	-0.517	0.574
1515959448842	-10.084	-0.392	0.498
1515959448857	-10.103	-0.296	0.43
1515959448860	-10.161	-0.296	0.469
1515959448872	-10.228	-0.373	0.469
1515959448896	-10.362	-0.536	0.469
1515959448897	-10.573	-0.66	0.43
1515959448905	-10.841	-0.775	0.363
1515959448910	-11.138	-0.842	0.21
1515959448920	-11.415	-0.852	0.019
1515959448932	-11.559	-0.823	-0.172
1515959448940	-11.664	-0.823	-0.277
1515959448954	-11.77	-0.775	-0.229
1515959448963	-11.856	-0.737	-0.21
1515959448970	-11.827	-0.651	-0.21
1515959448980	-11.722	-0.584	-0.124
1515959448992	-11.578	-0.622	0.0
1515959449000	-11.473	-0.679	0.047
1515959449011	-11.406	-0.785	0.057
1515959449022	-11.339	-0.919	0.201
1515959449030	-11.253	-1.015	0.392
1515959449040	-11.119	-1.082	0.459
1515959449050	-10.956	-1.024	0.392
1515959449060	-10.735	-0.842	0.277
1515959449069	-10.458	-0.679	0.172
1515959449080	-10.161	-0.507	-0.009
1515959449090	-9.893	-0.392	-0.191
1515959449100	-9.692	-0.277	-0.143
1515959449110	-9.49	-0.114	0.21
1515959449119	-9.337	-0.105	0.459
1515959449129	-9.232	-0.306	0.268
1515959449140	-8.82	-0.392	-1.024
1515959449150	-8.581	-0.402	-1.321
1515959449160	-8.485	-0.478	-0.67
1515959449172	-7.518	-0.306	-0.43
1515959449180	-7.518	-0.162	-0.277
1515959449190	-7.058	-0.162	0.009
1515959449202	-6.713	-0.229	-0.057
1515959449210	-6.646	-0.287	-0.277
1515959449220	-6.531	-0.258	-0.411
1515959449233	-6.435	-0.162	-0.526
1515959449240	-6.435	0.0	-0.44
1515959449250	-6.483	0.114	-0.181
1515959449262	-6.981	-0.009	-0.153
1515959449295	-7.23	-0.229	-0.316
1515959449298	-7.489	-0.383	-0.411
1515959449304	-7.767	-0.402	-0.229
1515959449307	-8.073	-0.392	0.009
1515959449310	-8.38	-0.402	0.268
1515959449324	-8.676	-0.411	0.383
1515959449330	-8.925	-0.421	0.498
1515959449340	-9.107	-0.383	0.612
1515959449360	-9.213	-0.363	0.555
1515959449370	-9.241	-0.181	0.363
1515959449381	-9.318	-0.45	0.153
1515959449390	-9.5	-0.306	0.019
1515959449400	-9.797	-0.593	0.028
1515959449410	-10.17	-0.737	0.009
1515959449419	-10.486	-0.747	0.114
1515959449429	-10.707	-0.833	0.22
1515959449441	-10.774	-0.89	0.277
1515959449450	-10.688	-0.967	0.258
1515959449460	-10.467	-1.091	0.21
1515959449474	-10.142	-1.245	0.095
1515959449480	-9.807	-1.359	0.057
1515959449490	-9.577	-1.331	0.162
1515959449500	-9.462	-1.197	0.316
1515959449510	-9.452	-1.053	0.478
1515959449520	-9.567	-0.871	0.593
1515959449531	-9.768	-0.66	0.632
1515959449540	-10.046	-0.459	0.641
1515959449551	-10.362	-0.363	0.641
1515959449560	-10.649	-0.383	0.689
1515959449569	-10.86	-0.498	0.804
1515959449580	-10.956	-0.727	0.919
1515959449591	-10.975	-0.909	0.852
1515959449599	-10.994	-0.957	0.641
1515959449610	-10.975	-0.861	0.651
1515959449622	-10.927	-0.775	0.871
1515959449630	-10.889	-0.679	1.034
1515959449640	-10.87	-0.689	0.986
1515959449653	-10.879	-0.766	0.852
1515959449660	-10.85	-0.871	0.708
1515959449670	-10.783	-1.005	0.612
1515959449683	-10.716	-1.168	0.584
1515959449690	-10.601	-1.225	0.603
1515959449700	-10.439	-1.187	0.66
1515959449713	-10.257	-1.082	0.737
1515959449720	-10.094	-1.015	0.814
1515959449730	-10.046	-0.909	0.909
1515959449743	-10.056	-0.833	0.976
1515959449750	-10.046	-0.861	0.938
1515959449760	-9.95	-0.986	0.919
1515959449772	-9.778	-1.11	0.881
1515959449780	-9.596	-1.206	0.852
1515959449790	-9.433	-1.254	0.766
1515959449803	-9.308	-1.273	0.67
1515959449810	-9.251	-1.225	0.612
1515959449820	-9.28	-1.158	0.584
1515959449833	-9.385	-0.996	0.612
1515959449840	-9.548	-0.89	0.641
1515959449850	-9.701	-0.804	0.747
1515959449863	-9.826	-0.775	0.881
1515959449870	-9.893	-0.833	0.976
1515959449880	-9.969	-0.948	1.043
1515959449893	-10.008	-1.063	1.12
1515959449900	-10.008	-1.197	1.12
1515959449910	-10.027	-1.302	1.082
1515959449923	-10.046	-1.369	0.852
1515959449948	-10.056	-1.35	0.852
1515959449950	-10.017	-1.292	0.775
1515959449952	-9.921	-1.254	0.986
1515959449960	-9.835	-1.177	0.976
1515959449970	-9.749	-1.13	1.11
1515959449983	-9.672	-1.101	1.13
1515959449990	-9.548	-1.11	1.13
1515959450000	-9.376	-1.13	1.245
1515959450013	-9.289	-1.158	1.426
1515959450045	-9.251	-1.264	1.513
1515959450049	-9.308	-1.312	1.235
1515959450052	-9.385	-1.331	1.206
1515959450054	-9.423	-1.35	1.13
1515959450063	-9.471	-1.379	1.35
1515959450076	-9.529	-1.426	1.34
1515959450090	-9.538	-1.465	1.302
1515959450101	-9.577	-1.455	1.34
1515959450110	-9.577	-1.494	1.292
1515959450120	-9.605	-1.532	1.235
1515959450131	-9.682	-1.58	1.197
1515959450140	-9.682	-1.618	1.206
1515959450191	-9.893	-1.618	1.254
1515959450192	-9.778	-1.599	1.245
1515959450192	-9.797	-1.589	1.197
1515959450193	-9.787	-1.58	1.139
1515959450193	-9.749	-1.541	1.101
1515959450200	-9.663	-1.532	1.11
1515959450210	-9.596	-1.522	1.177
1515959450221	-9.567	-1.522	1.177
1515959450229	-9.538	-1.513	1.139
1515959450240	-9.49	-1.513	1.12
1515959450251	-9.452	-1.455	1.149
1515959450259	-9.433	-1.455	1.158
1515959450270	-9.452	-1.321	1.13
1515959450281	-9.462	-1.245	1.091
1515959450293	-9.462	-1.206	1.11
1515959450300	-9.462	-1.187	1.158
1515959450312	-9.443	-1.177	1.187
1515959450320	-9.443	-1.177	1.177
1515959450330	-9.471	-1.187	1.158
1515959450341	-9.471	-1.187	1.149
1515959450350	-9.471	-1.216	1.12
1515959450382	-9.51	-1.216	1.13
1515959450383	-9.538	-1.264	1.091
1515959450384	-9.586	-1.312	1.072
1515959450390	-9.615	-1.359	1.082
1515959450401	-9.605	-1.388	1.13
1515959450410	-9.615	-1.398	1.12
1515959450420	-9.625	-1.436	1.101
1515959450433	-9.644	-1.446	1.101
1515959450439	-9.634	-1.474	1.11
1515959450450	-9.625	-1.503	1.12
1515959450461	-9.625	-1.541	1.101
1515959450481	-9.615	-1.58	1.072
1515959450482	-9.644	-1.57	1.034
1515959450492	-9.653	-1.551	0.996
1515959450500	-9.644	-1.503	0.986
1515959450510	-9.625	-1.465	0.967
1515959450522	-9.634	-1.465	0.976
1515959450530	-9.644	-1.436	0.967
1515959450540	-9.644	-1.388	0.967
1515959450554	-9.644	-1.34	0.948
1515959450560	-9.634	-1.292	0.967
1515959450570	-9.615	-1.292	0.928
1515959450581	-9.615	-1.264	0.919
1515959450589	-9.625	-1.264	0.909
1515959450600	-9.615	-1.235	0.871
1515959450613	-9.634	-1.197	0.833
1515959450620	-9.615	-1.197	0.852
1515959450630	-9.625	-1.187	0.881
1515959450652	-9.615	-1.187	0.948
1515959450653	-9.596	-1.206	0.976
1515959450660	-9.615	-1.216	0.996
1515959450671	-9.672	-1.254	0.967
1515959450680	-9.634	-1.273	0.919
1515959450690	-9.586	-1.302	0.928
1515959450702	-9.557	-1.292	1.063
1515959450709	-9.557	-1.292	1.177
1515959450720	-9.634	-1.302	1.11
1515959450732	-9.663	-1.35	1.034
1515959450739	-9.663	-1.417	1.072
1515959450750	-9.615	-1.494	1.254
1515959450764	-9.567	-1.57	1.398
1515959450798	-9.557	-1.618	1.398
1515959450805	-9.557	-1.666	1.216
1515959450815	-9.538	-1.656	1.13
1515959450823	-9.548	-1.618	1.101
1515959450830	-9.567	-1.58	1.11
1515959450833	-9.557	-1.551	1.168
1515959450834	-9.529	-1.532	1.187
1515959450846	-9.51	-1.541	1.197
1515959450855	-9.471	-1.57	1.158
1515959450860	-9.433	-1.561	1.158
1515959450870	-9.414	-1.58	1.177
1515959450883	-9.481	-1.561	1.177
1515959450905	-9.5	-1.541	1.177
1515959450906	-9.5	-1.522	1.158
1515959450914	-9.538	-1.465	1.177
1515959450920	-9.548	-1.407	1.177
1515959450930	-9.538	-1.34	1.139
1515959450942	-9.548	-1.283	1.082
1515959450950	-9.577	-1.292	1.072
1515959450963	-9.625	-1.302	1.091
1515959450972	-9.682	-1.283	1.101
1515959450980	-9.711	-1.292	1.063
1515959450990	-9.768	-1.312	0.957
1515959451003	-9.826	-1.302	0.881
1515959451010	-10.027	-1.283	0.814
1515959451020	-9.969	-1.273	0.747
1515959451032	-10.017	-1.216	0.679
1515959451046	-10.103	-1.158	0.66
1515959451051	-10.19	-1.11	0.679
1515959451062	-10.314	-1.072	0.66
1515959451069	-10.439	-0.996	0.612
1515959451080	-10.515	-0.708	0.574
1515959451094	-10.554	-0.584	0.526
1515959451100	-10.659	-0.593	0.411
1515959451110	-10.803	-0.507	0.162
1515959451122	-10.898	-0.45	-0.009
1515959451135	-10.908	-0.316	0.019
1515959451141	-10.908	-0.076	-0.009
1515959451152	-11.032	0.191	-0.22
1515959451160	-11.243	0.325	-0.478
1515959451170	-11.339	0.306	-0.383
1515959451184	-11.348	0.172	-0.067
1515959451190	-11.339	-0.028	0.239
1515959451200	-11.32	-0.316	0.411
1515959451212	-11.301	-0.641	0.555
1515959451219	-11.262	-0.881	0.679
1515959451235	-11.176	-0.967	0.66
1515959451244	-11.032	-0.9	0.469
1515959451250	-10.927	-0.881	0.181
1515959451260	-10.85	-0.928	-0.028
1515959451273	-10.86	-1.034	0.067
1515959451280	-10.86	-1.149	0.22
1515959451290	-10.822	-1.235	0.344
1515959451302	-10.726	-1.216	0.363
1515959451310	-10.525	-1.12	0.296
1515959451320	-10.314	-0.919	0.172
1515959451331	-10.094	-0.727	0.114
1515959451339	-9.854	-0.517	-0.019
1515959451350	-9.557	-0.325	-0.268
1515959451363	-9.088	-0.172	-0.603
1515959451370	-8.743	-0.067	-0.498
1515959451380	-8.59	-0.134	0.057
1515959451395	-8.322	-0.153	0.019
1515959451400	-8.265	-0.201	-0.114
1515959451410	-7.929	-0.258	-0.095
1515959451424	-7.834	-0.306	-0.162
1515959451430	-7.556	-0.277	-0.172
1515959451441	-7.441	-0.306	-0.095
1515959451455	-7.345	-0.344	0.105
1515959451460	-7.096	-0.335	0.296
1515959451471	-6.828	-0.306	0.239
1515959451485	-6.675	-0.335	-0.028
1515959451490	-6.646	-0.411	-0.229
1515959451501	-6.694	-0.44	-0.316
1515959451538	-6.809	-0.45	-0.249
1515959451544	-6.876	-0.363	-0.153
1515959451551	-7.01	-0.229	0.028
1515959451553	-7.249	-0.124	0.201
1515959451558	-7.575	-0.124	0.363
1515959451562	-7.958	-0.172	0.555
1515959451582	-8.274	-0.258	0.699
1515959451586	-8.629	-0.354	0.641
1515959451593	-8.925	-0.507	0.574
1515959451604	-9.098	-0.747	0.526
1515959451610	-9.289	-0.928	0.44
1515959451620	-9.538	-0.976	0.402
1515959451636	-9.835	-0.948	0.612
1515959451640	-10.209	-0.852	0.612
1515959451650	-10.592	-0.814	0.785
1515959451664	-10.917	-0.823	0.986
1515959451670	-11.09	-0.919	0.986
1515959451680	-11.109	-1.024	0.919
1515959451695	-10.898	-1.197	0.718
1515959451700	-10.525	-1.388	0.603
1515959451710	-10.209	-1.436	0.555
1515959451724	-9.921	-1.359	0.584
1515959451730	-9.739	-1.235	0.612
1515959451740	-9.711	-1.139	0.603
1515959451755	-9.787	-0.986	0.574
1515959451760	-9.902	-0.718	0.526
1515959451770	-10.046	-0.526	0.459
1515959451780	-10.199	-0.517	0.335
1515959451789	-10.333	-0.737	0.306
1515959451800	-10.525	-1.034	0.22
1515959451813	-10.688	-1.245	0.095
1515959451819	-10.755	-1.35	0.019
1515959451830	-10.755	-1.312	0.057
1515959451840	-10.764	-1.063	0.162
1515959451850	-10.956	-0.708	0.296
1515959451861	-10.937	-0.344	0.411
1515959451872	-10.908	-0.105	0.488
1515959451880	-10.812	-0.038	0.43
1515959451895	-10.63	-0.402	0.383
1515959451907	-10.362	-0.402	0.306
1515959451910	-10.113	-0.986	0.335
1515959451924	-9.845	-0.919	0.392
1515959451934	-9.701	-1.053	0.507
1515959451940	-9.701	-0.881	0.603
1515959451950	-9.864	-0.766	0.641
1515959451960	-10.123	-0.593	0.651
1515959451969	-10.362	-0.517	0.679
1515959451980	-10.544	-0.536	0.699
1515959451990	-10.601	-0.632	0.747
1515959451999	-10.573	-0.804	0.766
1515959452010	-10.477	-0.967	0.823
1515959452020	-10.295	-1.139	0.881
1515959452030	-10.132	-1.331	0.919
1515959452050	-9.893	-1.551	0.996
1515959452060	-9.807	-1.541	1.015
1515959452071	-9.72	-1.465	1.063
1515959452080	-9.672	-1.379	1.072
1515959452090	-9.605	-1.312	1.101
1515959452103	-9.529	-1.264	1.149
1515959452117	-9.452	-1.273	1.13
1515959452120	-9.376	-1.302	1.13
1515959452131	-9.308	-1.331	1.11
1515959452148	-9.299	-1.379	1.082
1515959452150	-9.299	-1.436	1.072
1515959452162	-9.347	-1.541	1.13
1515959452176	-9.395	-1.599	1.225
1515959452180	-9.433	-1.695	1.302
1515959452191	-9.49	-1.733	1.273
1515959452200	-9.577	-1.723	1.13
1515959452210	-9.634	-1.733	1.053
1515959452221	-9.625	-1.752	1.12
1515959452230	-9.615	-1.714	1.312
1515959452240	-9.596	-1.637	1.369
1515959452273	-9.615	-1.57	1.273
1515959452277	-9.625	-1.532	1.149
1515959452281	-9.625	-1.541	1.187
1515959452286	-9.615	-1.57	1.283
1515959452302	-9.634	-1.589	1.369
1515959452308	-9.682	-1.608	1.369
1515959452312	-9.701	-1.599	1.245
1515959452321	-9.672	-1.58	1.11
1515959452330	-9.644	-1.589	1.063
1515959452340	-9.625	-1.589	1.101
1515959452357	-9.596	-1.608	1.12
1515959452360	-9.557	-1.618	1.072
1515959452370	-9.519	-1.637	1.005
1515959452390	-9.481	-1.618	0.938
1515959452391	-9.481	-1.541	0.823
1515959452400	-9.5	-1.513	0.747
1515959452414	-9.529	-1.484	0.737
1515959452420	-9.577	-1.503	0.842
1515959452430	-9.557	-1.532	0.986
1515959452444	-9.529	-1.57	1.091
1515959452450	-9.481	-1.628	1.197
1515959452460	-9.414	-1.666	1.264
1515959452474	-9.376	-1.733	1.302
1515959452480	-9.395	-1.704	1.35
1515959452490	-9.443	-1.666	1.331
1515959452504	-9.49	-1.57	1.273
1515959452509	-9.538	-1.503	1.158
1515959452520	-9.596	-1.465	1.063
1515959452534	-9.634	-1.522	1.024
1515959452539	-9.625	-1.561	1.024
1515959452550	-9.605	-1.551	1.082
1515959452567	-9.586	-1.522	1.11
1515959452570	-9.557	-1.474	1.072
1515959452582	-9.567	-1.398	0.967
1515959452597	-9.586	-1.379	0.967
1515959452600	-9.605	-1.388	0.996
1515959452612	-9.577	-1.388	1.168
1515959452627	-9.577	-1.426	1.168
1515959452630	-9.557	-1.446	1.206
1515959452642	-9.538	-1.436	1.168
1515959452650	-9.538	-1.465	1.168
1515959452660	-9.548	-1.484	1.12
1515959452672	-9.548	-1.656	1.12
1515959452680	-9.548	-1.541	1.12
1515959452691	-9.577	-1.551	1.149
1515959452702	-9.596	-1.561	1.149
1515959452720	-9.596	-1.551	1.13
1515959452732	-9.596	-1.503	1.063
1515959452740	-9.586	-1.503	1.024
1515959452750	-9.586	-1.503	1.034
1515959452762	-9.577	-1.503	1.034
1515959452770	-9.567	-1.503	1.091
1515959452780	-9.557	-1.503	1.12
1515959452792	-9.519	-1.465	1.149
1515959452800	-9.529	-1.465	1.168
1515959452810	-9.529	-1.474	1.187
1515959452823	-9.557	-1.484	1.225
1515959452830	-9.586	-1.465	1.168
1515959452840	-9.605	-1.436	1.158
1515959452860	-9.596	-1.417	1.187
1515959452870	-9.557	-1.436	1.216
1515959452883	-9.529	-1.484	1.216
1515959452899	-9.5	-1.494	1.187
1515959452922	-9.481	-1.503	1.139
1515959452923	-9.634	-1.465	1.12
1515959452931	-9.692	-1.446	1.072
1515959452942	-9.768	-1.407	0.986
1515959452950	-9.835	-1.398	0.919
1515959452960	-9.902	-1.35	0.881
1515959452974	-9.96	-1.302	0.823
1515959452980	-9.921	-1.273	0.842
1515959452991	-9.864	-1.264	0.9
1515959453003	-9.835	-1.197	0.9
1515959453039	-9.921	-1.091	0.842
1515959453048	-10.075	-0.996	0.679
1515959453056	-10.18	-0.928	0.584
1515959453060	-10.458	-0.794	0.909
1515959453061	-10.63	-0.785	1.005
1515959453074	-10.783	-0.756	0.881
1515959453080	-10.87	-0.756	0.718
1515959453092	-10.956	-0.785	0.632
1515959453100	-10.984	-0.833	0.603
1515959453110	-10.927	-0.861	0.593
1515959453122	-10.841	-0.89	0.574
1515959453130	-10.755	-0.871	0.545
1515959453140	-10.726	-0.833	0.498
1515959453154	-10.764	-0.756	0.459
1515959453160	-10.822	-0.651	0.373
1515959453170	-10.937	-0.593	0.287
1515959453181	-11.138	-0.622	0.268
1515959453197	-11.301	-0.67	0.325
1515959453200	-11.358	-0.727	0.373
1515959453211	-11.291	-0.699	0.373
1515959453220	-11.166	-0.67	0.402
1515959453230	-10.965	-0.612	0.44
1515959453241	-10.774	-0.517	0.43
1515959453249	-10.64	-0.469	0.402
1515959453260	-10.554	-0.44	0.459
1515959453272	-10.496	-0.43	0.498
1515959453280	-10.391	-0.421	0.296
1515959453291	-10.305	-0.459	0.057
1515959453303	-10.17	-0.469	-0.249
1515959453310	-9.864	-0.44	-0.143
1515959453320	-9.548	-0.43	-0.153
1515959453334	-9.127	-0.459	0.181
1515959453340	-9.079	-0.488	0.181
1515959453350	-8.782	-0.517	0.229
1515959453363	-8.475	-0.565	-0.383
1515959453370	-8.13	-0.622	-0.383
1515959453380	-7.757	-0.603	-0.679
1515959453393	-7.345	-0.402	-0.679
1515959453400	-7.182	-0.22	-0.679
1515959453410	-7.096	-0.038	-0.172
1515959453423	-7.029	0.162	-0.354
1515959453430	-7.029	0.354	-0.201
1515959453440	-7.02	0.44	-0.268
1515959453454	-6.943	0.526	-0.201
1515959453460	-6.953	0.536	-0.047
1515959453470	-6.953	0.488	-0.134
1515959453483	-7.01	0.402	-0.114
1515959453490	-7.01	0.277	-0.028
1515959453500	-7.144	0.201	0.162
1515959453513	-7.881	0.095	0.373
1515959453520	-8.341	0.009	0.536
1515959453530	-8.81	-0.076	0.632
1515959453543	-8.906	-0.134	0.727
1515959453550	-9.059	-0.143	0.66
1515959453560	-9.069	-0.201	0.306
1515959453574	-9.184	-0.718	-0.057
1515959453580	-9.395	-0.708	-0.153
1515959453590	-9.692	-0.938	0.019
1515959453603	-10.017	-1.024	0.296
1515959453610	-10.352	-0.938	0.565
1515959453620	-10.668	-0.632	0.718
1515959453633	-10.937	-0.488	0.842
1515959453640	-11.09	-0.363	0.747
1515959453650	-10.994	-0.603	0.373
1515959453663	-10.735	-0.842	0.095
1515959453670	-10.324	-1.034	0.095
1515959453680	-9.883	-1.101	0.22
1515959453694	-9.615	-1.015	0.555
1515959453700	-9.529	-0.871	0.833
1515959453710	-9.5	-0.747	0.996
1515959453723	-9.596	-0.727	1.168
1515959453730	-9.807	-0.814	1.101
1515959453740	-9.979	-0.948	0.861
1515959453774	-10.132	-1.101	0.584
1515959453778	-10.285	-1.063	0.498
1515959453787	-10.4	-0.833	0.641
1515959453790	-10.544	-0.536	0.881
1515959453793	-10.822	-0.344	1.177
1515959453808	-11.186	-0.344	1.331
1515959453815	-11.521	-0.383	1.11
1515959453820	-11.664	-0.469	0.804
1515959453830	-11.588	-0.574	0.612
1515959453843	-11.31	-0.679	0.651
1515959453850	-10.927	-0.747	0.689
1515959453860	-10.582	-0.737	0.718
1515959453873	-10.362	-0.766	0.747
1515959453880	-10.285	-0.794	0.814
1515959453890	-10.305	-0.881	0.861
1515959453905	-10.391	-1.005	0.9
1515959453910	-10.467	-1.101	0.948
1515959453920	-10.448	-1.149	0.938
1515959453932	-10.352	-1.13	0.881
1515959453940	-10.18	-1.091	0.89
1515959453950	-9.96	-1.034	0.89
1515959453962	-9.759	-1.043	0.938
1515959453970	-9.577	-1.043	0.957
1515959453980	-9.462	-1.082	1.043
1515959453993	-9.395	-1.091	1.12
1515959454000	-9.385	-1.139	1.149
1515959454010	-9.423	-1.235	1.12
1515959454022	-9.443	-1.283	1.177
1515959454029	-9.414	-1.34	1.245
1515959454040	-9.366	-1.417	1.283
1515959454051	-9.308	-1.484	1.34
1515959454059	-9.289	-1.541	1.379
1515959454070	-9.337	-1.608	1.426
1515959454083	-9.423	-1.637	1.503
1515959454090	-9.548	-1.685	1.532
1515959454100	-9.663	-1.714	1.541
1515959454113	-9.73	-1.714	1.474
1515959454120	-9.778	-1.695	1.426
1515959454130	-9.787	-1.676	1.474
1515959454144	-9.768	-1.676	1.541
1515959454150	-9.701	-1.695	1.551
1515959454160	-9.634	-1.666	1.522
1515959454174	-9.557	-1.656	1.484
1515959454180	-9.49	-1.608	1.465
1515959454190	-9.443	-1.58	1.503
1515959454204	-9.376	-1.551	1.608
1515959454210	-9.318	-1.551	1.714
1515959454220	-9.261	-1.551	1.781
1515959454234	-9.241	-1.541	1.752
1515959454240	-9.251	-1.561	1.714
1515959454264	-9.318	-1.618	1.829
1515959454270	-9.337	-1.676	1.714
1515959454280	-9.366	-1.723	1.81
1515959454294	-9.366	-1.733	1.838
1515959454300	-9.385	-1.733	1.666
1515959454310	-9.395	-1.723	1.656
1515959454325	-9.433	-1.723	1.771
1515959454330	-9.519	-1.781	1.848
1515959454340	-9.548	-1.886	1.857
1515959454354	-9.548	-1.972	1.886
1515959454360	-9.5	-2.049	1.857
1515959454385	-9.471	-2.068	1.762
1515959454390	-9.51	-2.049	1.771
1515959454400	-9.538	-2.02	1.79
1515959454414	-9.538	-1.982	1.781
1515959454420	-9.443	-1.896	1.733
1515959454430	-9.385	-1.867	1.685
1515959454444	-9.347	-1.877	1.704
1515959454450	-9.328	-1.896	1.762
1515959454460	-9.347	-1.905	1.771
1515959454475	-9.404	-1.915	1.733
1515959454480	-9.433	-1.905	1.637
1515959454490	-9.423	-1.714	1.561
1515959454524	-9.414	-1.819	1.608
1515959454528	-9.414	-1.618	1.666
1515959454555	-9.481	-1.541	1.618
1515959454557	-9.519	-1.503	1.522
1515959454558	-9.51	-1.532	1.57
1515959454562	-9.471	-1.599	1.676
1515959454564	-9.443	-1.685	1.8
1515959454570	-9.423	-1.771	1.762
1515959454580	-9.385	-1.848	1.647
1515959454593	-9.337	-1.905	1.57
1515959454603	-9.308	-1.992	1.58
1515959454613	-9.28	-2.02	1.637
1515959454623	-9.241	-2.02	1.676
1515959454630	-9.222	-2.03	1.723
1515959454640	-9.213	-2.049	1.704
1515959454650	-9.203	-2.059	1.647
1515959454670	-9.28	-2.087	1.637
1515959454683	-9.337	-2.078	1.628
1515959454690	-9.376	-2.087	1.637
1515959454700	-9.385	-2.087	1.628
1515959454713	-9.404	-2.106	1.628
1515959454720	-9.414	-2.135	1.637
1515959454730	-9.423	-2.154	1.714
1515959454742	-9.395	-2.154	1.8
1515959454749	-9.376	-2.126	1.81
1515959454760	-9.385	-2.059	1.8
1515959454772	-9.376	-2.001	1.771
1515959454780	-9.366	-1.896	1.714
1515959454790	-9.328	-1.829	1.676
1515959454805	-9.328	-1.762	1.685
1515959454810	-9.289	-1.723	1.762
1515959454820	-9.28	-1.695	1.829
1515959454835	-9.261	-1.704	1.886
1515959454840	-9.27	-1.743	1.934
1515959454850	-9.28	-1.79	1.925
1515959454866	-9.328	-1.81	1.905
1515959454870	-9.395	-1.838	1.877
1515959454882	-9.471	-1.819	1.81
1515959454896	-9.567	-1.819	1.723
1515959454915	-9.625	-1.79	1.637
1515959454918	-9.692	-1.81	1.541
1515959454937	-9.807	-1.829	1.484
1515959454939	-9.96	-1.819	1.455
1515959454940	-10.142	-1.838	1.455
1515959454952	-10.324	-1.81	1.503
1515959454961	-10.439	-1.781	1.532
1515959454974	-10.439	-1.723	1.541
1515959454989	-10.314	-1.647	1.57
1515959454991	-10.161	-1.551	1.608
1515959455001	-10.046	-1.494	1.723
1515959455019	-10.056	-1.494	1.743
1515959455032	-10.324	-1.398	1.398
1515959455034	-10.324	-1.398	1.398
1515959455044	-10.496	-1.235	1.254
1515959455049	-10.611	-1.053	1.13
1515959455074	-10.898	-0.747	1.101
1515959455080	-10.85	-0.67	1.101
1515959455090	-10.927	-0.651	1.245
1515959455105	-10.822	-0.67	1.417
1515959455110	-10.937	-0.67	1.417
1515959455121	-10.812	-0.699	1.426
1515959455134	-10.649	-0.727	1.273
1515959455140	-10.601	-0.823	1.35
1515959455150	-10.668	-0.967	1.216
1515959455161	-10.774	-1.072	1.11
1515959455169	-10.841	-1.187	1.034
1515959455180	-10.85	-1.245	0.976
1515959455195	-10.764	-1.264	1.043
1515959455203	-10.649	-1.225	1.024
1515959455210	-10.372	-1.101	0.9
1515959455224	-10.056	-0.957	0.775
1515959455229	-10.027	-0.814	0.632
1515959455240	-10.017	-0.737	0.565
1515959455269	-9.739	-0.67	0.536
1515959455278	-9.538	-0.478	0.584
1515959455281	-9.27	-0.555	0.679
1515959455288	-8.954	-0.478	0.785
1515959455291	-8.705	-0.229	0.756
1515959455306	-8.466	-0.105	0.737
1515959455317	-8.245	0.114	0.699
1515959455320	-8.054	0.268	0.603
1515959455334	-7.929	0.191	0.402
1515959455345	-7.719	0.239	-0.028
1515959455353	-7.393	0.153	-0.44
1515959455369	-7.23	-0.086	-0.009
1515959455380	-7.058	-0.316	0.469
1515959455381	-7.029	-0.402	0.612
1515959455390	-7.297	-0.354	0.565
1515959455405	-7.7	-0.268	0.469
1515959455411	-7.949	-0.143	0.354
1515959455421	-8.13	-0.047	0.268
1515959455436	-8.245	-0.057	0.134
1515959455440	-8.293	-0.181	-0.114
1515959455450	-8.322	-0.363	-0.249
1515959455464	-8.389	-0.45	-0.038
1515959455469	-8.657	-0.507	0.335
1515959455480	-8.973	-0.545	0.622
1515959455496	-9.222	-0.708	0.9
1515959455500	-9.385	-0.996	1.177
1515959455521	-9.385	-1.35	1.35
1515959455522	-9.318	-1.695	1.34
1515959455532	-9.194	-2.011	1.359
1515959455543	-9.021	-2.202	1.245
1515959455555	-8.925	-2.355	1.024
1515959455559	-8.954	-2.298	0.699
1515959455570	-9.107	-2.03	0.478
1515959455585	-9.443	-1.685	0.44
1515959455590	-9.874	-1.283	0.603
1515959455600	-10.285	-0.938	0.804
1515959455617	-10.582	-0.689	0.909
1515959455620	-10.659	-0.536	0.996
1515959455631	-10.41	-0.478	0.909
1515959455649	-9.864	-0.565	0.708
1515959455651	-9.347	-0.756	0.574
1515959455662	-8.992	-0.948	0.545
1515959455680	-8.801	-1.015	0.44
1515959455681	-8.753	-0.928	0.335
1515959455692	-8.858	-0.852	0.229
1515959455710	-9.146	-0.718	0.249
1515959455711	-9.577	-0.526	0.354
1515959455722	-9.979	-0.325	0.44
1515959455738	-10.295	-0.239	0.555
1515959455740	-10.439	-0.316	0.727
1515959455753	-10.41	-0.517	0.881
1515959455769	-10.4	-0.718	0.976
1515959455771	-10.429	-0.804	0.976
1515959455783	-10.477	-0.804	0.957
1515959455800	-10.515	-0.737	1.034
1515959455801	-10.477	-0.67	1.149
1515959455813	-10.429	-0.708	1.216
1515959455823	-10.429	-0.775	1.254
1515959455832	-10.496	-0.833	1.245
1515959455844	-10.592	-0.785	1.177
1515959455852	-10.649	-0.747	1.177
1515959455862	-10.697	-0.756	1.245
1515959455876	-10.678	-0.89	1.12
1515959455891	-10.611	-1.082	1.235
1515959455892	-10.534	-1.206	1.225
1515959455909	-10.419	-1.225	1.206
1515959455914	-10.305	-1.149	1.388
1515959455923	-10.19	-1.072	1.283
1515959455935	-10.17	-1.034	1.426
1515959455946	-10.199	-1.063	1.426
1515959455952	-10.257	-1.101	1.417
1515959455961	-10.314	-1.177	1.369
1515959455975	-10.372	-1.292	1.369
1515959455995	-10.333	-1.426	1.388
1515959456007	-10.113	-1.561	1.369
1515959456009	-10.142	-1.628	1.388
1515959456013	-9.854	-1.666	1.34
1515959456020	-9.874	-1.589	1.321
1515959456032	-9.625	-1.522	1.283
1515959456045	-9.519	-1.417	1.369
1515959456052	-9.452	-1.388	1.541
1515959456069	-9.404	-1.379	1.666
1515959456078	-9.404	-1.388	1.599
1515959456092	-9.433	-1.436	1.426
1515959456094	-9.433	-1.436	1.398
1515959456102	-9.385	-1.465	1.474
1515959456110	-9.356	-1.532	1.628
1515959456128	-9.376	-1.532	1.647
1515959456130	-9.462	-1.57	1.522
1515959456140	-9.548	-1.503	1.369
1515959456151	-9.596	-1.379	1.225
1515959456160	-9.672	-1.264	1.13
1515959456170	-9.72	-1.197	1.015
1515959456186	-9.73	-1.177	0.996
1515959456190	-9.739	-1.158	1.072
1515959456200	-9.72	-1.149	1.158
1515959456218	-9.711	-1.216	1.312
1515959456220	-9.682	-1.312	1.426
1515959456232	-9.615	-1.407	1.494
1515959456240	-9.519	-1.474	1.551
1515959456250	-9.423	-1.484	1.561
1515959456264	-9.356	-1.494	1.541
1515959456270	-9.308	-1.57	1.561
1515959456280	-9.299	-1.618	1.58
1515959456294	-9.28	-1.733	1.58
1515959456300	-9.289	-1.781	1.551
1515959456310	-9.299	-1.8	1.541
1515959456324	-9.328	-1.79	1.494
1515959456338	-9.366	-1.733	1.503
1515959456340	-9.395	-1.666	1.494
1515959456353	-9.452	-1.656	1.503
1515959456360	-9.471	-1.656	1.513
1515959456372	-9.5	-1.704	1.532
1515959456383	-9.49	-1.714	1.522
1515959456390	-9.462	-1.771	1.503
1515959456402	-9.452	-1.81	1.532
1515959456415	-9.404	-1.867	1.589
1515959456420	-9.376	-1.953	1.647
1515959456432	-9.366	-2.03	1.676
1515959456443	-9.414	-2.049	1.704
1515959456450	-9.462	-2.068	1.695
1515959456462	-9.471	-2.049	1.656
1515959456484	-9.462	-2.039	1.647
1515959456487	-9.414	-2.03	1.695
1515959456497	-9.404	-2.011	1.771
1515959456507	-9.366	-1.963	1.771
1515959456510	-9.376	-1.925	1.762
1515959456520	-9.366	-1.819	1.723
1515959456531	-9.328	-1.733	1.666
1515959456540	-9.28	-1.676	1.666
1515959456550	-9.213	-1.666	1.743
1515959456561	-9.194	-1.723	1.886
1515959456570	-9.194	-1.762	1.982
1515959456580	-9.241	-1.81	2.02
1515959456591	-9.328	-1.877	1.982
1515959456600	-9.443	-1.886	1.886
1515959456610	-9.519	-1.896	1.848
1515959456623	-9.529	-1.896	1.781
1515959456630	-9.519	-1.886	1.762
1515959456640	-9.481	-1.886	1.752
1515959456651	-9.423	-1.896	1.8
1515959456660	-9.347	-1.905	1.81
1515959456670	-9.308	-1.944	1.838
1515959456681	-9.308	-1.972	1.848
1515959456690	-9.337	-2.001	1.819
1515959456700	-9.337	-1.992	1.8
1515959456722	-9.366	-1.934	1.704
1515959456724	-9.404	-1.877	1.704
1515959456754	-9.462	-1.81	1.647
1515959456754	-9.519	-1.781	1.656
1515959456755	-9.567	-1.714	1.666
1515959456761	-9.625	-1.666	1.455
1515959456778	-9.625	-1.618	1.589
1515959456780	-9.548	-1.58	1.723
1515959456790	-9.433	-1.503	1.886
1515959456803	-9.385	-1.455	1.867
1515959456810	-9.404	-1.436	1.79
1515959456827	-9.452	-1.455	1.762
1515959456835	-9.462	-1.532	1.848
1515959456840	-9.462	-1.628	1.953
1515959456857	-9.481	-1.752	1.867
1515959456867	-9.615	-1.857	1.676
1515959456870	-9.672	-1.886	1.666
1515959456880	-9.72	-1.934	1.723
1515959456894	-9.72	-1.944	1.752
1515959456900	-9.692	-1.934	1.79
1515959456910	-9.644	-1.915	1.819
1515959456923	-9.596	-1.905	1.829
1515959456936	-9.586	-1.886	1.8
1515959456940	-9.634	-1.685	1.781
1515959456952	-9.701	-1.723	1.752
1515959456959	-9.72	-1.656	1.8
1515959456970	-9.749	-1.676	1.886
1515959456983	-9.797	-1.723	2.001
1515959456989	-9.845	-1.762	2.087
1515959457000	-9.854	-1.752	2.097
1515959457012	-9.854	-1.704	2.039
1515959457020	-9.921	-1.647	1.982
1515959457030	-10.056	-1.513	1.925
1515959457042	-10.161	-1.379	1.857
1515959457050	-10.247	-1.292	1.79
1515959457060	-10.324	-1.235	1.829
1515959457073	-10.372	-1.206	1.81
1515959457080	-10.429	-1.216	1.771
1515959457090	-10.506	-1.197	1.79
1515959457101	-10.573	-1.139	1.829
1515959457110	-10.64	-1.063	1.819
1515959457122	-10.707	-1.015	1.704
1515959457132	-10.831	-0.976	1.599
1515959457140	-10.927	-1.005	1.628
1515959457150	-10.984	-1.091	1.685
1515959457165	-10.965	-1.245	1.771
1515959457170	-10.908	-1.407	1.925
1515959457180	-10.793	-1.494	1.905
1515959457191	-10.64	-1.503	1.771
1515959457200	-10.506	-1.455	1.503
1515959457212	-10.372	-1.379	0.986
1515959457221	-10.314	-1.292	0.498
1515959457230	-10.218	-1.283	0.268
1515959457240	-10.008	-1.302	0.44
1515959457252	-9.711	-1.312	0.689
1515959457268	-9.443	-1.292	0.909
1515959457270	-9.232	-1.168	0.986
1515959457282	-8.983	-0.976	0.928
1515959457290	-8.753	-0.756	0.871
1515959457300	-8.514	-0.565	0.766
1515959457312	-8.284	-0.44	0.651
1515959457320	-8.111	-0.287	0.565
1515959457330	-7.881	-0.153	0.555
1515959457342	-7.632	-0.067	0.565
1515959457351	-7.364	-0.057	0.574
1515959457360	-7.163	-0.057	0.498
1515959457372	-7.039	-0.076	0.459
1515959457380	-7.058	-0.067	0.43
1515959457390	-7.144	-0.038	0.411
1515959457402	-7.316	-0.019	0.44
1515959457410	-7.508	-0.028	0.43
1515959457421	-7.719	-0.028	0.402
1515959457436	-7.862	-0.134	0.383
1515959457471	-7.958	-0.249	0.392
1515959457480	-7.996	-0.354	0.402
1515959457482	-8.073	-0.402	0.459
1515959457486	-8.14	-0.402	0.622
1515959457498	-8.245	-0.411	0.881
1515959457502	-8.542	-0.459	1.273
1515959457506	-8.648	-0.536	1.273
1515959457524	-8.983	-0.545	1.245
1515959457526	-9.241	-0.574	1.13
1515959457550	-9.328	-0.689	1.053
1515959457551	-9.27	-0.852	0.919
1515959457552	-9.251	-1.053	0.66
1515959457560	-9.289	-1.187	0.383
1515959457570	-9.452	-1.235	0.383
1515959457583	-9.663	-1.177	0.689
1515959457590	-9.845	-1.063	0.996
1515959457600	-9.979	-0.957	1.12
1515959457612	-10.228	-0.881	0.9
1515959457620	-10.228	-0.909	0.536
1515959457630	-10.266	-0.928	0.277
1515959457642	-10.276	-0.928	0.21
1515959457650	-10.276	-0.928	0.306
1515959457660	-10.065	-0.881	0.488
1515959457672	-9.988	-0.67	0.612
1515959457680	-9.988	-0.67	0.727
1515959457690	-9.95	-0.526	0.871
1515959457702	-10.075	-0.402	1.053
1515959457710	-10.199	-0.402	1.216
1515959457720	-10.247	-0.421	1.292
1515959457735	-10.257	-0.689	1.216
1515959457740	-10.362	-0.689	1.13
1515959457750	-10.515	-1.034	1.024
1515959457762	-10.716	-1.072	0.909
1515959457769	-10.917	-1.072	0.814
1515959457780	-11.09	-0.967	0.718
1515959457792	-11.233	-0.967	0.67
1515959457800	-11.329	-0.833	0.67
1515959457810	-11.377	-0.689	0.794
1515959457824	-11.32	-0.603	0.928
1515959457830	-11.157	-0.603	1.034
1515959457841	-10.937	-0.708	1.11
1515959457856	-10.668	-0.871	1.13
1515959457860	-10.4	-1.024	1.101
1515959457870	-10.142	-1.13	1.053
1515959457886	-9.979	-1.149	1.043
1515959457890	-9.902	-1.101	1.005
1515959457914	-9.893	-1.053	0.967
1515959457915	-9.96	-0.967	0.976
1515959457922	-10.036	-0.881	1.005
1515959457931	-10.075	-0.804	1.005
1515959457944	-10.008	-0.766	0.976
1515959457950	-9.902	-0.833	0.976
1515959457960	-9.759	-0.919	1.005
1515959457972	-9.644	-1.043	0.967
1515959457980	-9.577	-1.187	0.9
1515959457990	-9.519	-1.292	0.804
1515959458002	-9.51	-1.34	0.747
1515959458010	-9.519	-1.321	0.756
1515959458020	-9.529	-1.235	0.823
1515959458033	-9.567	-1.149	0.957
1515959458040	-9.672	-1.063	1.13
1515959458050	-9.72	-1.024	1.245
1515959458063	-9.739	-1.053	1.321
1515959458070	-9.711	-1.063	1.35
1515959458080	-9.644	-1.12	1.34
1515959458092	-9.567	-1.216	1.369
1515959458100	-9.49	-1.312	1.359
1515959458110	-9.471	-1.398	1.283
1515959458123	-9.462	-1.436	1.235
1515959458130	-9.462	-1.417	1.216
1515959458140	-9.452	-1.407	1.235
1515959458157	-9.471	-1.388	1.273
1515959458160	-9.481	-1.34	1.245
1515959458179	-9.519	-1.359	1.197
1515959458189	-9.567	-1.417	1.197
1515959458198	-9.625	-1.522	1.273
1515959458204	-9.625	-1.637	1.35
1515959458210	-9.644	-1.743	1.446
1515959458224	-9.663	-1.857	1.474
1515959458234	-9.653	-1.944	1.446
1515959458244	-9.605	-1.953	1.379
1515959458256	-9.548	-1.944	1.312
1515959458266	-9.51	-1.915	1.245
1515959458278	-9.462	-1.905	1.35
1515959458282	-9.395	-1.992	1.35
1515959458292	-9.289	-2.097	1.551
1515959458310	-9.213	-2.193	1.762
1515959458311	-9.222	-2.25	1.733
1515959458320	-9.261	-2.221	1.494
1515959458337	-9.356	-2.174	1.235
1515959458340	-9.471	-2.097	1.254
1515959458352	-9.538	-2.039	1.426
1515959458364	-9.557	-1.972	1.407
1515959458370	-9.557	-1.915	1.407
1515959458380	-9.519	-1.79	1.216
1515959458394	-9.49	-1.618	1.187
1515959458400	-9.49	-1.522	1.34
1515959458417	-9.5	-1.474	1.302
1515959458426	-9.49	-1.465	1.34
1515959458430	-9.49	-1.513	1.283
1515959458441	-9.51	-1.522	1.206
1515959458453	-9.519	-1.57	1.245
1515959458460	-9.519	-1.608	1.321
1515959458470	-9.701	-1.704	1.359
1515959458486	-9.625	-1.819	1.245
1515959458490	-9.625	-1.819	1.12
1515959458501	-9.672	-1.762	0.976
1515959458516	-9.682	-1.656	0.948
1515959458520	-9.672	-1.57	1.024
1515959458530	-9.653	-1.551	1.149
1515959458543	-9.634	-1.551	1.273
1515959458550	-9.548	-1.771	1.369
1515959458560	-9.51	-1.714	1.359
1515959458574	-9.49	-1.953	1.312
1515959458580	-9.5	-1.848	1.331
1515959458590	-9.529	-1.857	1.407
1515959458605	-9.529	-1.944	1.494
1515959458610	-9.5	-1.982	1.503
1515959458621	-9.452	-2.049	1.484
1515959458636	-9.395	-2.059	1.465
1515959458640	-9.328	-2.078	1.465
1515959458652	-9.27	-2.049	1.494
1515959458669	-9.27	-2.039	1.561
1515959458670	-9.289	-2.097	1.541
1515959458682	-9.347	-2.154	1.522
1515959458697	-9.423	-2.241	1.503
1515959458700	-9.471	-2.269	1.474
1515959458712	-9.51	-2.25	1.455
1515959458727	-9.538	-2.193	1.494
1515959458730	-9.567	-2.154	1.503
1515959458742	-9.586	-2.154	1.522
1515959458760	-9.519	-2.164	1.436
1515959458761	-9.471	-2.174	1.331
1515959458773	-9.452	-2.116	1.225
1515959458788	-9.471	-2.039	1.187
1515959458790	-9.538	-1.963	1.292
1515959458803	-9.634	-1.877	1.398
1515959458817	-9.749	-1.8	1.388
1515959458820	-9.864	-1.79	1.369
1515959458834	-9.941	-1.752	1.302
1515959458847	-9.998	-1.695	1.216
1515959458850	-10.084	-1.589	1.015
1515959458864	-10.18	-1.484	0.67
1515959458880	-10.324	-1.541	0.43
1515959458881	-10.429	-1.618	0.622
1515959458895	-10.439	-1.551	1.053
1515959458931	-10.381	-1.35	1.743
1515959458934	-10.362	-1.283	1.743
1515959458947	-10.439	-1.331	1.915
1515959458967	-10.601	-1.321	1.8
1515959458968	-10.755	-1.245	1.503
1515959458969	-10.841	-1.254	1.302
1515959458970	-10.86	-1.359	1.283
1515959458970	-10.879	-1.494	1.254
1515959458985	-10.879	-1.561	1.225
1515959458999	-10.984	-1.618	1.197
1515959459015	-11.071	-1.647	1.101
1515959459016	-11.128	-1.637	1.024
1515959459024	-11.032	-1.58	1.455
1515959459030	-10.841	-1.436	1.455
1515959459043	-10.649	-1.359	1.513
1515959459055	-10.486	-1.35	1.015
1515959459071	-10.218	-1.455	0.871
1515959459088	-10.027	-1.513	1.034
1515959459103	-9.72	-1.465	1.043
1515959459120	-9.51	-1.417	0.689
1515959459121	-9.251	-1.312	0.689
1515959459131	-9.165	-1.273	0.766
1515959459153	-9.098	-1.283	0.689
1515959459156	-8.887	-1.225	0.66
1515959459162	-8.648	-1.273	0.66
1515959459176	-8.418	-1.283	0.679
1515959459182	-8.15	-1.292	0.66
1515959459190	-7.949	-1.35	0.45
1515959459206	-7.776	-1.379	0.306
1515959459210	-7.565	-1.321	-0.019
1515959459220	-7.345	-1.225	-0.191
1515959459235	-7.182	-1.101	-0.009
1515959459240	-7.163	-0.986	-0.124
1515959459250	-7.259	-0.909	-0.028
1515959459265	-7.374	-0.833	0.201
1515959459270	-7.451	-0.823	0.488
1515959459280	-7.316	-0.938	0.622
1515959459298	-7.422	-1.034	0.651
1515959459300	-7.565	-1.11	0.67
1515959459311	-7.46	-1.12	0.67
1515959459327	-7.891	-1.082	0.814
1515959459330	-7.977	-1.043	0.967
1515959459345	-8.236	-1.034	1.053
1515959459360	-8.571	-1.034	1.158
1515959459361	-8.964	-1.101	1.264
1515959459373	-9.328	-1.359	1.254
1515959459390	-9.749	-1.513	1.216
1515959459391	-10.161	-1.628	1.465
1515959459403	-10.458	-1.589	1.628
1515959459419	-10.63	-1.618	1.58
1515959459421	-10.678	-1.676	1.331
1515959459434	-10.668	-1.771	1.015
1515959459450	-10.621	-1.934	0.823
1515959459451	-10.573	-2.106	0.823
1515959459462	-10.467	-2.298	1.168
1515959459479	-10.295	-2.308	1.168
1515959459481	-10.142	-2.279	1.158
1515959459506	-10.046	-2.279	1.13
1515959459507	-10.008	-2.231	1.063
1515959459514	-9.854	-2.135	0.957
1515959459524	-9.596	-2.011	0.909
1515959459536	-9.308	-1.886	0.928
1515959459540	-9.069	-1.752	0.967
1515959459553	-8.906	-1.647	1.034
1515959459565	-8.925	-1.541	1.101
1515959459570	-9.04	-1.474	1.158
1515959459580	-9.184	-1.446	1.13
1515959459595	-9.289	-1.484	0.986
1515959459600	-9.385	-1.522	0.852
1515959459610	-9.557	-1.589	0.718
1515959459625	-9.797	-1.647	0.66
1515959459630	-10.103	-1.647	0.651
1515959459642	-10.381	-1.666	0.699
1515959459675	-10.611	-1.647	0.737
1515959459681	-10.783	-1.58	0.756
1515959459691	-10.85	-1.474	0.737
1515959459698	-10.86	-1.321	0.67
1515959459704	-10.735	-1.158	0.641
1515959459705	-10.573	-1.101	0.641
1515959459720	-10.343	-1.082	0.718
1515959459728	-10.113	-1.101	0.861
1515959459734	-9.95	-1.091	1.053
1515959459747	-9.931	-1.091	1.11
1515959459752	-9.969	-1.12	1.005
1515959459766	-10.075	-1.177	0.919
1515959459772	-10.132	-1.245	0.967
1515959459780	-10.132	-1.312	1.063
1515959459793	-10.142	-1.398	1.158
1515959459800	-10.151	-1.494	1.12
1515959459810	-10.113	-1.608	1.072
1515959459820	-10.046	-1.618	0.996
1515959459830	-10.036	-1.589	1.034
1515959459840	-10.065	-1.503	1.13
1515959459850	-10.094	-1.465	1.283
1515959459860	-10.151	-1.532	1.388
1515959459870	-10.151	-1.599	1.388
1515959459880	-10.065	-1.656	1.35
1515959459891	-9.921	-1.714	1.283
1515959459900	-9.701	-1.733	1.264
1515959459912	-9.5	-1.733	1.225
1515959459922	-9.356	-1.733	1.235
1515959459931	-9.289	-1.723	1.292
1515959459943	-9.318	-1.704	1.34
1515959459950	-9.423	-1.685	1.34
1515959459960	-9.5	-1.618	1.398
1515959459973	-9.644	-1.656	1.618
1515959459988	-9.644	-1.762	1.618
1515959459990	-9.644	-1.896	1.503
1515959460012	-9.605	-1.992	1.359
1515959460020	-9.605	-2.078	1.359
1515959460021	-9.567	-2.106	1.34
1515959460034	-9.49	-2.154	1.388
1515959460042	-9.471	-2.145	1.541
1515959460050	-9.481	-2.135	1.398
1515959460061	-9.519	-2.106	1.455
1515959460105	-9.529	-2.039	1.465
1515959460106	-9.5	-1.963	1.484
1515959460107	-9.5	-1.896	1.513
1515959460107	-9.471	-1.867	1.484
1515959460113	-9.308	-1.848	1.484
1515959460120	-9.433	-1.877	1.484
1515959460129	-9.395	-1.925	1.541
1515959460140	-9.337	-1.992	1.58
1515959460150	-9.289	-1.992	1.618
1515959460159	-9.299	-1.992	1.618
1515959460170	-9.347	-2.02	1.608
1515959460182	-9.366	-2.02	1.608
1515959460190	-9.404	-2.039	1.618
1515959460200	-9.414	-2.03	1.618
1515959460213	-9.395	-1.857	1.57
1515959460220	-9.366	-1.953	1.589
1515959460230	-9.328	-1.934	1.599
1515959460241	-9.299	-1.886	1.618
1515959460249	-9.27	-1.877	1.618
1515959460260	-9.27	-1.905	1.666
1515959460271	-9.27	-1.925	1.704
1515959460279	-9.28	-1.944	1.733
1515959460290	-9.27	-1.972	1.8
1515959460301	-9.308	-2.001	1.838
1515959460310	-9.337	-2.03	1.848
1515959460320	-9.385	-2.03	1.819
1515959460331	-9.423	-2.011	1.762
1515959460339	-9.433	-2.001	1.714
1515959460350	-9.423	-1.972	1.752
1515959460362	-9.385	-1.972	1.8
1515959460369	-9.366	-1.982	1.848
1515959460393	-9.337	-2.001	1.81
1515959460401	-9.299	-1.972	1.781
1515959460403	-9.289	-1.925	1.762
1515959460413	-9.299	-1.848	1.8
1515959460427	-9.337	-1.829	1.819
1515959460430	-9.414	-1.848	1.829
1515959460440	-9.433	-1.953	1.762
1515959460451	-9.385	-2.049	1.733
1515959460460	-9.347	-2.087	1.8
1515959460488	-9.347	-2.097	1.819
1515959460489	-9.366	-2.059	1.79
1515959460493	-9.376	-2.068	1.685
1515959460500	-9.376	-2.087	1.656
1515959460511	-9.347	-2.078	1.752
1515959460520	-9.376	-2.087	1.838
1515959460530	-9.404	-2.068	1.714
1515959460550	-9.328	-2.011	1.474
1515959460560	-9.299	-2.001	1.541
1515959460571	-9.27	-2.001	1.647
1515959460581	-9.28	-2.03	1.714
1515959460590	-9.261	-2.03	1.676
1515959460601	-9.27	-2.001	1.637
1515959460609	-9.27	-1.944	1.608
1515959460620	-9.289	-1.925	1.58
1515959460631	-9.299	-1.915	1.57
1515959460639	-9.376	-1.915	1.599
1515959460650	-9.423	-1.896	1.656
1515959460661	-9.462	-1.819	1.647
1515959460669	-9.462	-1.714	1.589
1515959460680	-9.433	-1.647	1.513
1515959460693	-9.376	-1.608	1.455
1515959460700	-9.376	-1.647	1.426
1515959460710	-9.433	-1.695	1.407
1515959460723	-9.672	-1.8	1.541
1515959460730	-9.663	-1.867	1.541
1515959460740	-9.854	-1.934	1.513
1515959460755	-10.228	-1.752	1.302
1515959460760	-10.228	-1.829	1.302
1515959460772	-10.314	-1.685	1.206
1515959460790	-10.285	-1.551	1.11
1515959460792	-10.199	-1.436	1.063
1515959460800	-10.151	-1.359	1.034
1515959460812	-10.132	-1.312	1.015
1515959460820	-10.123	-1.312	0.948
1515959460830	-10.161	-1.331	0.881
1515959460841	-10.237	-1.359	0.871
1515959460850	-10.276	-1.331	0.852
1515959460860	-10.266	-1.283	0.842
1515959460873	-10.209	-1.13	0.909
1515959460890	-10.199	-1.072	0.909
1515959460905	-10.343	-0.976	0.861
1515959460910	-10.343	-0.976	0.775
1515959460920	-10.601	-0.928	0.689
1515959460935	-10.64	-0.948	0.804
1515959460940	-10.793	-0.948	0.871
1515959460950	-10.534	-0.957	0.861
1515959460965	-10.554	-0.689	1.216
1515959460970	-10.573	-0.689	1.35
1515959460980	-10.573	-0.689	0.967
1515959460995	-10.649	-0.996	0.507
1515959461016	-10.783	-0.996	0.191
1515959461025	-10.889	-1.331	-0.038
1515959461027	-11.013	-1.312	-0.047
1515959461042	-11.119	-1.158	-0.057
1515959461043	-11.09	-1.034	-0.057
1515959461053	-10.86	-0.66	-0.086
1515959461060	-10.515	-0.747	-0.181
1515959461073	-10.247	-0.622	-0.373
1515959461083	-10.065	-0.612	-0.488
1515959461090	-9.921	-0.622	-0.545
1515959461100	-9.739	-0.612	-0.517
1515959461113	-9.5	-0.565	-0.536
1515959461120	-9.232	-0.555	-0.526
1515959461155	-9.002	-0.555	-0.526
1515959461165	-8.772	-0.488	-0.632
1515959461169	-8.6	-0.469	-0.756
1515959461171	-8.38	-0.43	-0.823
1515959461171	-8.111	-0.469	-0.766
1515959461190	-7.661	-0.43	-0.785
1515959461191	-7.278	-0.296	-0.727
1515959461209	-7.134	-0.229	-0.44
1515959461214	-7.077	-0.124	-0.612
1515959461220	-7.087	0.0	-0.775
1515959461237	-7.0	0.105	-0.689
1515959461240	-6.943	0.114	-0.603
1515959461250	-7.01	0.057	-0.699
1515959461264	-7.106	0.028	-0.775
1515959461270	-7.221	-0.038	-0.775
1515959461280	-7.451	-0.086	-0.766
1515959461293	-7.795	-0.086	-0.612
1515959461302	-8.236	-0.067	-0.325
1515959461311	-8.638	-0.019	-0.277
1515959461323	-9.002	0.0	-0.296
1515959461329	-9.318	-0.047	-0.373
1515959461340	-9.538	-0.172	-0.316
1515959461351	-9.672	-0.373	-0.325
1515959461370	-9.874	-0.66	-0.459
1515959461382	-10.132	-0.67	-0.488
1515959461391	-10.439	-0.66	-0.507
1515959461400	-10.774	-0.603	-0.411
1515959461412	-11.032	-0.565	-0.316
1515959461420	-11.099	-0.536	-0.287
1515959461430	-10.975	-0.517	-0.383
1515959461445	-10.697	-0.526	-0.545
1515959461449	-10.391	-0.66	-0.718
1515959461460	-10.103	-0.814	-0.775
1515959461482	-9.835	-0.919	-0.756
1515959461483	-9.73	-0.967	-0.565
1515959461490	-9.72	-1.005	-0.268
1515959461503	-9.816	-0.938	0.229
1515959461513	-9.883	-0.871	0.258
1515959461520	-9.921	-0.766	0.229
1515959461533	-9.941	-0.699	0.047
1515959461539	-9.969	-0.612	0.047
1515959461550	-9.912	-0.574	-0.172
1515959461563	-9.797	-0.632	-0.344
1515959461569	-9.682	-0.699	-0.44
1515959461580	-9.634	-0.785	-0.459
1515959461593	-10.036	-0.823	-0.181
1515959461600	-10.036	-0.737	-0.181
1515959461610	-10.305	-0.565	0.047
1515959461624	-10.582	-0.181	0.287
1515959461630	-10.582	-0.172	0.287
1515959461640	-10.668	-0.114	0.124
1515959461655	-10.601	-0.45	-0.134
1515959461660	-10.601	-0.316	-0.44
1515959461670	-10.419	-0.565	-0.296
1515959461685	-10.199	-0.766	-0.181
1515959461690	-10.199	-0.842	0.067
1515959461701	-10.257	-0.775	0.335
1515959461718	-10.534	-0.526	0.526
1515959461720	-10.534	-0.498	0.574
1515959461732	-10.889	-0.306	0.545
1515959461748	-11.013	-0.402	0.507
1515959461750	-11.013	-0.325	0.45
1515959461762	-10.688	-0.517	0.373
1515959461777	-10.448	-0.804	0.316
1515959461780	-10.027	-1.053	0.239
1515959461793	-9.797	-1.206	0.181
1515959461806	-9.663	-1.312	0.162
1515959461810	-9.692	-1.245	0.22
1515959461821	-9.797	-0.785	0.421
1515959461835	-9.931	-0.756	0.565
1515959461840	-10.056	-0.517	0.632
1515959461851	-10.151	-0.373	0.593
1515959461866	-10.132	-0.373	0.66
1515959461904	-10.036	-0.565	0.814
1515959461911	-9.912	-0.747	0.948
1515959461914	-9.749	-0.957	0.996
1515959461916	-9.625	-1.11	0.881
1515959461919	-9.548	-1.216	0.679
1515959461921	-9.529	-1.273	0.651
1515959461951	-9.538	-1.292	0.785
1515959461953	-9.672	-1.292	0.986
1515959461954	-9.797	-1.292	1.063
1515959461960	-9.864	-1.235	0.996
1515959461971	-9.864	-1.216	0.89
1515959461983	-9.854	-1.245	0.871
1515959461990	-9.807	-1.331	0.928
1515959462000	-9.701	-1.455	1.063
1515959462014	-9.625	-1.561	1.177
1515959462020	-9.557	-1.656	1.197
1515959462030	-9.529	-1.695	1.197
1515959462043	-9.548	-1.676	1.168
1515959462077	-9.567	-1.637	1.187
1515959462078	-9.557	-1.599	1.206
1515959462079	-9.557	-1.57	1.235
1515959462080	-9.529	-1.57	1.264
1515959462090	-9.49	-1.57	1.302
1515959462121	-9.423	-1.532	1.283
1515959462122	-9.376	-1.474	1.245
1515959462123	-9.337	-1.436	1.254
1515959462134	-9.337	-1.407	1.312
1515959462145	-9.366	-1.407	1.34
1515959462154	-9.395	-1.446	1.359
1515959462163	-9.404	-1.474	1.273
1515959462169	-9.443	-1.446	1.245
1515959462180	-9.49	-1.446	1.273
1515959462193	-9.529	-1.465	1.35
1515959462233	-9.529	-1.532	1.369
1515959462234	-9.519	-1.589	1.312
1515959462234	-9.529	-1.618	1.254
1515959462235	-9.519	-1.647	1.283
1515959462240	-9.519	-1.666	1.264
1515959462250	-9.519	-1.723	1.283
1515959462260	-9.519	-1.733	1.273
1515959462270	-9.519	-1.743	1.283
1515959462283	-9.5	-1.733	1.283
1515959462290	-9.49	-1.685	1.292
1515959462301	-9.481	-1.647	1.359
1515959462313	-9.471	-1.628	1.522
1515959462320	-9.471	-1.599	1.426
1515959462333	-9.433	-1.58	1.407
1515959462342	-9.433	-1.57	1.379
1515959462350	-9.404	-1.57	1.398
1515959462360	-9.414	-1.551	1.436
1515959462374	-9.423	-1.513	1.474
1515959462380	-9.414	-1.474	1.455
1515959462390	-9.452	-1.446	1.426
1515959462403	-9.443	-1.436	1.398
1515959462409	-9.462	-1.465	1.455
1515959462420	-9.471	-1.417	1.465
1515959462436	-9.471	-1.417	1.513
1515959462442	-9.462	-1.436	1.455
1515959462450	-9.471	-1.446	1.398
1515959462464	-9.49	-1.446	1.331
1515959462470	-9.519	-1.494	1.321
1515959462480	-9.567	-1.513	1.283
1515959462496	-9.567	-1.522	1.312
1515959462500	-9.586	-1.522	1.312
1515959462510	-9.577	-1.522	1.302
1515959462521	-9.567	-1.532	1.283
1515959462538	-9.538	-1.513	1.359
1515959462543	-9.471	-1.513	1.388
1515959462551	-9.462	-1.513	1.455
1515959462560	-9.481	-1.503	1.436
1515959462570	-9.72	-1.474	1.388
1515959462580	-9.605	-1.494	1.331
1515959462589	-9.452	-1.503	1.359
1515959462612	-9.548	-1.494	1.455
1515959462621	-9.519	-1.465	1.446
1515959462625	-9.615	-1.407	1.273
1515959462635	-9.672	-1.34	1.13
1515959462648	-9.644	-1.254	1.168
1515959462650	-9.567	-1.245	1.379
1515959462663	-9.51	-1.225	1.541
1515959462677	-9.462	-1.264	1.436
1515959462680	-9.356	-1.484	1.283
1515959462690	-9.28	-1.379	1.206
1515959462705	-9.222	-1.446	1.245
1515959462716	-9.184	-1.446	1.331
1515959462721	-9.155	-1.446	1.359
1515959462734	-9.174	-1.494	1.35
1515959462740	-9.241	-1.541	1.321
1515959462751	-9.356	-1.589	1.292
1515959462765	-9.51	-1.628	1.245
1515959462769	-9.701	-1.618	1.197
1515959462780	-9.864	-1.628	1.139
1515959462792	-10.017	-1.589	1.11
1515959462800	-10.151	-1.503	1.101
1515959462810	-10.285	-1.398	1.091
1515959462826	-10.381	-1.264	0.967
1515959462830	-10.362	-1.158	0.919
1515959462842	-10.276	-1.053	0.919
1515959462854	-10.151	-0.928	1.053
1515959462859	-10.017	-0.89	1.168
1515959462870	-9.95	-0.881	1.206
1515959462886	-9.931	-0.842	1.197
1515959462890	-9.931	-0.814	1.177
1515959462900	-9.95	-0.794	1.177
1515959462918	-10.008	-0.747	1.225
1515959462920	-10.123	-0.727	1.245
1515959462932	-10.228	-0.727	1.197
1515959462949	-10.295	-0.718	1.091
1515959462951	-10.352	-0.689	1.034
1515959462962	-10.324	-0.555	0.996
1515959462979	-10.314	-0.335	0.909
1515959462981	-10.381	-0.124	0.823
1515959462992	-10.448	0.019	0.727
1515959463009	-10.515	0.067	0.603
1515959463011	-10.63	-0.009	0.66
1515959463023	-10.783	-0.239	0.871
1515959463041	-11.013	-0.584	1.101
1515959463043	-11.253	-0.852	1.312
1515959463057	-11.377	-1.072	1.455
1515959463065	-11.377	-1.245	1.426
1515959463070	-11.243	-1.264	1.273
1515959463080	-11.099	-1.149	1.101
1515959463095	-11.061	-0.996	0.938
1515959463102	-11.109	-0.804	0.871
1515959463110	-11.119	-0.67	0.804
1515959463125	-11.061	-0.641	0.622
1515959463130	-10.87	-0.632	0.316
1515959463142	-10.573	-0.593	0.028
1515959463153	-10.276	-0.45	-0.181
1515959463160	-9.988	-0.296	-0.402
1515959463170	-9.701	-0.172	-0.603
1515959463186	-9.452	-0.095	-0.718
1515959463190	-9.222	0.0	-0.641
1515959463200	-8.964	0.086	-0.574
1515959463216	-8.715	0.114	-0.526
1515959463220	-8.418	0.095	-0.421
1515959463231	-8.073	0.047	-0.287
1515959463246	-7.728	-0.028	-0.114
1515959463250	-7.393	-0.086	-0.095
1515959463260	-7.134	-0.076	-0.363
1515959463275	-6.953	-0.028	-0.402
1515959463280	-6.857	0.028	-0.632
1515959463292	-6.675	0.086	-0.593
1515959463304	-6.502	0.201	-0.325
1515959463309	-6.416	0.354	-0.421
1515959463320	-6.483	0.478	-0.565
1515959463348	-6.636	0.593	-0.718
1515959463351	-6.799	0.67	-0.679
1515959463363	-6.991	0.727	-0.555
1515959463368	-7.24	0.689	-0.316
1515959463371	-7.671	0.603	-0.114
1515959463383	-8.14	0.507	0.095
1515959463392	-9.079	0.392	0.277
1515959463400	-9.529	0.258	0.411
1515959463415	-9.864	0.201	0.488
1515959463429	-10.17	0.134	0.536
1515959463430	-10.132	0.086	0.459
1515959463450	-10.036	-0.086	0.392
1515959463451	-9.969	-0.296	0.344
1515959463460	-10.046	-0.498	0.335
1515959463472	-10.295	-0.66	0.229
1515959463486	-10.611	-0.909	0.172
1515959463492	-10.917	-0.833	0.124
1515959463500	-11.166	-0.689	0.028
1515959463512	-11.195	-0.536	-0.134
1515959463520	-11.042	-0.402	-0.277
1515959463531	-10.783	-0.335	-0.287
1515959463546	-10.477	-0.325	-0.21
1515959463550	-10.161	-0.344	-0.086
1515959463560	-9.96	-0.392	0.057
1515959463570	-9.864	-0.498	0.162
1515959463580	-9.941	-0.536	0.249
1515959463592	-10.151	-0.536	0.373
1515959463600	-10.448	-0.421	0.565
1515959463610	-10.688	-0.22	0.756
1515959463622	-10.841	-0.086	0.957
1515959463632	-10.946	-0.095	1.11
1515959463640	-11.042	-0.181	1.197
1515959463653	-11.042	-0.335	1.158
1515959463660	-10.927	-0.517	0.986
1515959463672	-10.735	-0.689	0.785
1515959463683	-10.506	-0.804	0.641
1515959463690	-10.372	-0.823	0.488
1515959463702	-10.305	-0.785	0.316
1515959463716	-10.352	-0.679	0.239
1515959463720	-10.477	-0.507	0.239
1515959463731	-10.621	-0.344	0.306
1515959463750	-10.573	-0.21	0.507
1515959463762	-10.333	-0.268	0.545
1515959463774	-10.046	-0.383	0.641
1515959463780	-9.778	-0.498	0.689
1515959463792	-9.538	-0.574	0.747
1515959463805	-9.385	-0.603	0.842
1515959463810	-9.337	-0.593	0.909
1515959463822	-9.347	-0.536	0.967
1515959463836	-9.433	-0.507	1.015
1515959463840	-9.567	-0.498	1.015
1515959463852	-9.701	-0.555	0.996
1515959463864	-9.749	-0.67	1.024
1515959463870	-9.749	-0.775	1.072
1515959463882	-9.768	-0.89	1.063
1515959463893	-9.787	-0.986	1.139
1515959463900	-9.835	-1.053	1.177
1515959463912	-9.931	-1.082	1.187
1515959463925	-10.036	-1.12	1.225
1515959463930	-10.094	-1.158	1.312
1515959463943	-10.17	-1.197	1.312
1515959463956	-10.199	-1.206	1.225
1515959463960	-10.247	-1.225	1.101
1515959463973	-10.17	-1.245	1.034
1515959463988	-9.988	-1.302	1.072
1515959463990	-9.787	-1.292	1.216
1515959464007	-9.596	-1.264	1.302
1515959464015	-9.481	-1.254	1.254
1515959464020	-9.385	-1.216	1.149
1515959464030	-9.308	-1.187	1.139
1515959464050	-9.28	-1.177	1.446
1515959464060	-9.366	-1.187	1.398
1515959464071	-9.404	-1.187	1.245
1515959464093	-9.433	-1.187	1.177
1515959464100	-9.414	-1.149	1.187
1515959464104	-9.414	-1.11	1.254
1515959464121	-9.404	-1.091	1.331
1515959464121	-9.385	-1.034	1.34
1515959464137	-9.376	-1.005	1.35
1515959464140	-9.385	-1.015	1.34
1515959464150	-9.433	-1.043	1.321
1515959464166	-9.557	-1.11	1.35
1515959464170	-9.557	-1.168	1.369
1515959464182	-9.634	-1.216	1.369
1515959464193	-9.682	-1.225	1.369
1515959464200	-9.739	-1.254	1.34
1515959464210	-9.759	-1.302	1.321
1515959464222	-9.768	-1.35	1.283
1515959464230	-9.615	-1.388	1.245
1515959464240	-9.72	-1.417	1.225
1515959464251	-9.615	-1.379	1.225
1515959464260	-9.586	-1.379	1.245
1515959464270	-9.567	-1.35	1.206
1515959464281	-9.567	-1.312	1.245
1515959464290	-9.557	-1.321	1.273
1515959464300	-9.596	-1.474	1.225
1515959464313	-9.615	-1.436	1.225
1515959464320	-9.653	-1.436	1.283
1515959464330	-9.663	-1.465	1.331
1515959464344	-9.644	-1.503	1.417
1515959464350	-9.634	-1.513	1.455
1515959464362	-9.596	-1.561	1.465
1515959464375	-9.586	-1.599	1.541
1515959464380	-9.548	-1.666	1.656
1515959464392	-9.529	-1.714	1.733
1515959464404	-9.51	-1.714	1.714
1515959464410	-9.49	-1.704	1.676
1515959464422	-9.49	-1.714	1.762
1515959464435	-9.529	-1.819	1.877
1515959464440	-9.557	-1.905	1.857
1515959464452	-9.557	-2.001	1.733
1515959464464	-9.538	-1.992	1.608
1515959464470	-9.51	-1.963	1.551
1515959464481	-9.433	-1.925	1.589
1515959464495	-9.356	-1.886	1.714
1515959464500	-9.328	-1.886	1.8
1515959464512	-9.289	-1.886	1.819
1515959464524	-9.289	-1.867	1.781
1515959464530	-9.318	-1.857	1.743
1515959464544	-9.328	-1.829	1.714
1515959464557	-9.356	-1.829	1.704
1515959464560	-9.376	-1.857	1.666
1515959464572	-9.366	-1.886	1.656
1515959464590	-9.347	-1.857	1.647
1515959464601	-9.318	-1.81	1.695
1515959464615	-9.328	-1.762	1.723
1515959464620	-9.337	-1.695	1.781
1515959464630	-9.308	-1.656	1.762
1515959464645	-9.328	-1.589	1.762
1515959464650	-9.376	-1.522	1.723
1515959464660	-9.423	-1.474	1.685
1515959464677	-9.452	-1.465	1.762
1515959464680	-9.366	-1.484	1.762
1515959464693	-9.261	-1.465	1.867
1515959464705	-9.251	-1.369	1.838
1515959464710	-9.318	-1.273	1.695
1515959464723	-9.385	-1.225	1.551
1515959464735	-9.414	-1.206	1.628
1515959464740	-9.414	-1.206	1.79
1515959464750	-9.452	-1.206	1.915
1515959464765	-9.471	-1.216	1.79
1515959464770	-9.452	-1.225	1.608
1515959464781	-9.414	-1.264	1.494
1515959464795	-9.462	-1.292	1.647
1515959464800	-9.462	-1.331	1.647
1515959464811	-9.51	-1.35	1.656
1515959464848	-9.548	-1.321	1.561
1515959464851	-9.538	-1.245	1.379
1515959464852	-9.51	-1.13	1.331
1515959464852	-9.452	-1.024	1.379
1515959464879	-9.385	-0.9	1.436
1515959464881	-9.347	-0.804	1.407
1515959464881	-9.337	-0.756	1.321
1515959464894	-9.395	-0.747	1.264
1515959464901	-9.557	-0.794	1.235
1515959464915	-9.72	-0.842	1.359
1515959464920	-9.883	-0.881	1.254
1515959464930	-10.008	-0.909	1.312
1515959464947	-10.056	-0.919	1.321
1515959464950	-10.056	-0.948	1.12
1515959464963	-9.988	-1.005	1.206
1515959464973	-9.874	-1.082	1.149
1515959464980	-9.826	-1.177	1.149
1515959464990	-9.864	-1.273	1.024
1515959465003	-9.969	-1.321	1.024
1515959465010	-10.123	-1.34	1.063
1515959465027	-10.266	-1.312	1.091
1515959465034	-10.448	-1.245	1.024
1515959465040	-10.755	-1.187	0.967
1515959465050	-10.889	-1.043	0.938
1515959465067	-10.927	-0.909	0.948
1515959465070	-10.927	-0.794	0.948
1515959465080	-10.841	-0.727	1.034
1515959465093	-10.688	-0.632	1.177
1515959465099	-10.544	-0.632	1.312
1515959465114	-10.544	-0.689	1.379
1515959465123	-10.649	-0.842	1.321
1515959465129	-10.822	-0.794	1.216
1515959465140	-11.061	-1.063	1.331
1515959465152	-11.301	-0.766	1.628
1515959465168	-11.32	-0.622	1.589
1515959465170	-10.86	-0.239	0.593
1515959465183	-10.218	-0.038	-0.986
1515959465190	-10.017	-0.287	-1.81
1515959465200	-10.228	-0.976	-1.235
1515959465213	-10.458	-1.608	-0.134
1515959465220	-10.525	-1.79	0.603
1515959465230	-10.63	-1.58	0.804
1515959465244	-10.707	-1.12	0.536
1515959465251	-10.592	-0.708	0.162
1515959465261	-10.218	-0.411	-0.038
1515959465272	-9.711	-0.325	0.047
1515959465279	-9.155	-0.335	0.296
1515959465290	-8.619	-0.344	0.44
1515959465303	-7.939	-0.277	0.057
1515959465309	-7.565	-0.201	0.287
1515959465320	-7.422	-0.143	0.641
1515959465335	-7.422	-0.057	0.143
1515959465353	-7.451	0.0	-0.325
1515959465354	-7.441	-0.038	-0.565
1515959465365	-7.211	-0.114	-0.402
1515959465370	-6.981	-0.095	-0.21
1515959465382	-6.885	-0.124	0.028
1515959465397	-6.914	-0.162	0.172
1515959465400	-6.876	-0.239	0.067
1515959465410	-6.761	-0.277	-0.047
1515959465423	-6.617	-0.249	-0.124
1515959465429	-6.704	-0.239	-0.114
1515959465440	-7.144	-0.229	-0.191
1515959465454	-7.757	-0.191	-0.277
1515959465460	-8.408	-0.21	0.009
1515959465470	-9.012	-0.268	0.316
1515959465485	-9.538	-0.335	0.555
1515959465490	-9.902	-0.411	0.66
1515959465500	-10.103	-0.545	0.641
1515959465542	-10.046	-0.775	0.507
1515959465543	-9.874	-0.986	0.344
1515959465544	-9.835	-1.034	0.277
1515959465545	-9.988	-0.948	0.249
1515959465566	-10.257	-0.804	0.258
1515959465578	-10.544	-0.641	0.268
1515959465580	-10.774	-0.469	0.268
1515959465583	-10.917	-0.411	0.22
1515959465602	-10.908	-0.44	0.076
1515959465603	-10.783	-0.622	-0.095
1515959465619	-10.563	-0.852	-0.124
1515959465628	-10.276	-1.005	-0.086
1515959465630	-9.988	-1.063	-0.019
1515959465640	-9.778	-1.043	0.009
1515959465657	-9.644	-0.919	-0.038
1515959465660	-9.577	-0.727	-0.172
1515959465670	-9.577	-0.584	-0.229
1515959465681	-9.644	-0.478	-0.277
1515959465690	-9.739	-0.488	-0.402
1515959465700	-9.768	-0.574	-0.565
1515959465711	-9.797	-0.67	-0.679
1515959465725	-9.835	-0.708	-0.766
1515959465730	-9.95	-0.612	-0.699
1515959465740	-10.123	-0.373	-0.498
1515959465750	-10.381	-0.076	-0.335
1515959465759	-10.649	0.143	-0.181
1515959465770	-10.889	0.21	-0.038
1515959465783	-11.023	0.134	0.229
1515959465789	-11.061	-0.076	0.383
1515959465800	-10.937	-0.325	0.344
1515959465814	-10.688	-0.574	0.373
1515959465820	-10.688	-0.747	0.22
1515959465845	-11.004	-0.679	0.086
1515959465850	-11.061	-0.565	-0.028
1515959465861	-11.454	-0.383	-0.114
1515959465876	-11.655	-0.22	-0.114
1515959465880	-11.454	-0.114	-0.057
1515959465892	-11.253	-0.153	0.124
1515959465907	-10.889	-0.325	0.239
1515959465910	-10.544	-0.545	0.277
1515959465920	-10.257	-0.794	0.239
1515959465936	-10.065	-0.967	0.181
1515959465940	-9.931	-1.034	0.124
1515959465952	-9.854	-1.024	0.067
1515959465966	-9.816	-0.785	0.057
1515959465970	-9.787	-0.852	0.086
1515959465982	-9.787	-0.775	0.22
1515959465996	-9.73	-0.775	0.296
1515959466000	-9.663	-0.814	0.335
1515959466012	-9.557	-0.823	0.344
1515959466026	-9.356	-0.881	0.411
1515959466030	-9.203	-0.9	0.507
1515959466044	-9.136	-0.909	0.603
1515959466061	-9.232	-0.9	0.593
1515959466063	-9.404	-0.852	0.44
1515959466084	-9.557	-0.814	0.316
1515959466085	-9.701	-0.785	0.316
1515959466090	-9.778	-0.785	0.469
1515959466102	-9.874	-0.756	0.584
1515959466115	-9.921	-0.756	0.641
1515959466122	-9.921	-0.747	0.67
1515959466132	-9.921	-0.718	0.689
1515959466144	-9.902	-0.727	0.689
1515959466150	-9.864	-0.737	0.727
1515959466160	-9.816	-0.747	0.718
1515959466175	-9.797	-0.766	0.747
1515959466180	-9.749	-0.814	0.775
1515959466192	-9.692	-0.861	0.737
1515959466206	-9.644	-0.957	0.718
1515959466210	-9.577	-1.063	0.747
1515959466222	-9.557	-1.13	0.766
1515959466234	-9.538	-1.158	0.814
1515959466240	-9.548	-1.187	0.833
1515959466255	-9.548	-1.168	0.842
1515959466265	-9.538	-1.158	0.814
1515959466269	-9.529	-1.177	0.861
1515959466280	-9.5	-1.225	0.919
1515959466300	-9.519	-1.273	1.034
1515959466308	-9.538	-1.321	1.063
1515959466311	-9.538	-1.331	1.043
1515959466335	-9.51	-1.312	1.034
1515959466338	-9.49	-1.273	1.139
1515959466347	-9.5	-1.264	1.245
1515959466353	-9.471	-1.292	1.321
1515959466364	-9.452	-1.388	1.369
1515959466373	-9.443	-1.446	1.369
1515959466385	-9.471	-1.484	1.321
1515959466390	-9.51	-1.484	1.264
1515959466402	-9.548	-1.503	1.235
1515959466420	-9.596	-1.513	1.197
1515959466426	-9.615	-1.503	1.158
1515959466433	-9.615	-1.474	1.149
1515959466445	-9.596	-1.484	1.197
1515959466449	-9.567	-1.503	1.283
1515959466460	-9.519	-1.513	1.264
1515959466476	-9.519	-1.532	1.139
1515959466480	-9.519	-1.513	1.024
1515959466490	-9.5	-1.465	1.015
1515959466508	-9.5	-1.369	1.072
1515959466511	-9.49	-1.312	1.168
1515959466521	-9.462	-1.302	1.197
1515959466535	-9.414	-1.302	1.206
1515959466540	-9.404	-1.34	1.168
1515959466550	-9.414	-1.35	1.13
1515959466564	-9.471	-1.331	1.235
1515959466569	-9.51	-1.283	1.091
1515959466580	-9.548	-1.264	1.091
1515959466595	-9.548	-1.245	1.091
1515959466600	-9.548	-1.273	1.091
1515959466610	-9.538	-1.283	1.053
1515959466626	-9.538	-1.273	1.043
1515959466630	-9.577	-1.292	1.053
1515959466643	-9.634	-1.292	1.072
1515959466659	-9.615	-1.273	1.072
1515959466661	-9.557	-1.321	1.11
1515959466672	-9.51	-1.369	1.139
1515959466690	-9.481	-1.407	1.091
1515959466691	-9.49	-1.398	1.043
1515959466702	-9.615	-1.369	1.005
1515959466720	-9.481	-1.388	1.024
1515959466721	-9.557	-1.407	1.139
1515959466733	-9.423	-1.494	1.273
1515959466750	-9.51	-1.532	1.283
1515959466752	-9.625	-1.57	1.197
1515959466763	-9.701	-1.57	1.235
1515959466780	-9.72	-1.57	1.359
1515959466781	-9.72	-1.57	1.494
1515959466793	-9.759	-1.388	1.426
1515959466810	-9.797	-1.522	1.216
1515959466811	-9.816	-1.331	1.063
1515959466823	-9.864	-1.369	1.005
1515959466840	-9.864	-1.158	1.015
1515959466841	-9.826	-1.072	1.091
1515959466854	-9.72	-1.034	1.197
1515959466870	-9.605	-1.043	1.283
1515959466872	-9.5	-1.082	1.283
1515959466883	-9.471	-1.12	1.206
1515959466900	-9.462	-1.149	1.187
1515959466902	-9.481	-1.101	1.216
1515959466916	-9.529	-1.053	1.273
1515959466929	-9.605	-0.986	1.35
1515959466930	-9.653	-0.957	1.359
1515959466945	-9.682	-1.015	1.359
1515959466954	-9.72	-1.063	1.379
1515959466963	-9.739	-1.091	1.379
1515959466975	-9.826	-1.053	1.302
1515959466990	-9.921	-0.957	1.225
1515959466991	-10.075	-0.852	1.177
1515959467003	-10.266	-0.737	1.11
1515959467020	-10.477	-0.603	1.063
1515959467055	-10.697	-0.459	0.996
1515959467063	-10.85	-0.316	0.938
1515959467078	-10.994	-0.239	0.794
1515959467080	-11.08	-0.22	0.727
1515959467088	-11.099	-0.21	0.679
1515959467091	-11.09	-0.191	0.737
1515959467105	-11.061	-0.181	0.861
1515959467106	-11.023	-0.191	0.986
1515959467114	-11.013	-0.229	0.957
1515959467114	-11.023	-0.258	0.794
1515959467122	-11.099	-0.249	0.708
1515959467134	-11.138	-0.258	0.708
1515959467158	-11.138	-0.249	0.737
1515959467159	-11.128	-0.268	0.708
1515959467164	-11.09	-0.325	0.66
1515959467174	-11.042	-0.402	0.574
1515959467185	-10.956	-0.469	0.526
1515959467194	-10.812	-0.498	0.402
1515959467200	-10.659	-0.498	0.316
1515959467217	-10.467	-0.488	0.325
1515959467220	-10.276	-0.507	0.383
1515959467230	-10.084	-0.478	0.43
1515959467247	-9.835	-0.411	0.402
1515959467250	-9.586	-0.325	0.172
1515959467260	-9.376	-0.277	0.019
1515959467270	-9.222	-0.296	0.028
1515959467280	-9.04	-0.344	0.067
1515959467290	-8.82	-0.306	0.076
1515959467300	-8.542	-0.239	0.124
1515959467309	-8.245	-0.134	0.363
1515959467320	-7.939	-0.067	0.249
1515959467330	-7.68	0.028	0.009
1515959467340	-7.527	0.067	-0.047
1515959467350	-7.374	0.067	-0.124
1515959467361	-7.23	0.095	-0.325
1515959467370	-7.144	0.229	-0.574
1515959467380	-7.115	0.354	-0.737
1515959467392	-7.039	0.478	-0.842
1515959467400	-6.962	0.507	-0.785
1515959467410	-6.991	0.526	-0.593
1515959467422	-7.144	0.517	-0.296
1515959467430	-7.307	0.43	-0.354
1515959467440	-7.47	0.306	-0.134
1515959467452	-7.824	0.162	0.201
1515959467460	-7.824	0.047	0.201
1515959467470	-8.15	-0.009	0.201
1515959467482	-8.868	-0.038	0.153
1515959467490	-8.868	-0.086	0.306
1515959467500	-9.27	-0.191	0.335
1515959467512	-9.778	-0.517	0.363
1515959467520	-9.931	-0.536	0.076
1515959467530	-9.826	-0.612	-0.153
1515959467542	-9.893	-0.469	-0.306
1515959467550	-10.046	-0.498	-0.354
1515959467560	-10.123	-0.258	-0.277
1515959467572	-10.324	0.086	-0.114
1515959467580	-10.467	0.086	0.162
1515959467590	-10.525	0.143	0.316
1515959467602	-10.4	-0.057	0.21
1515959467610	-10.027	-0.009	-0.076
1515959467620	-9.567	-0.249	-0.258
1515959467632	-9.28	-0.181	-0.325
1515959467640	-9.241	-0.239	-0.325
1515959467650	-9.462	-0.019	-0.114
1515959467664	-9.759	0.124	0.239
1515959467670	-10.084	0.181	0.632
1515959467680	-10.448	0.162	0.871
1515959467693	-10.774	0.028	0.986
1515959467700	-11.032	-0.162	0.89
1515959467710	-11.157	-0.373	0.775
1515959467722	-11.119	-0.574	0.708
1515959467730	-10.927	-0.612	0.584
1515959467740	-10.793	-0.507	0.517
1515959467772	-10.774	-0.306	0.555
1515959467777	-10.86	-0.076	0.641
1515959467780	-10.956	0.095	0.794
1515959467783	-11.052	0.114	0.9
1515959467798	-11.023	0.0	0.823
1515959467806	-10.87	-0.201	0.574
1515959467813	-10.745	-0.373	0.363
1515959467820	-10.64	-0.45	0.162
1515959467830	-10.592	-0.478	0.028
1515959467842	-10.592	-0.459	0.057
1515959467850	-10.688	-0.373	0.268
1515959467860	-10.85	-0.22	0.469
1515959467872	-10.956	-0.134	0.699
1515959467880	-10.984	-0.134	0.938
1515959467890	-10.898	-0.201	1.149
1515959467901	-10.755	-0.363	1.283
1515959467910	-10.486	-0.545	1.321
1515959467920	-10.084	-0.756	1.245
1515959467930	-9.682	-0.938	1.11
1515959467940	-9.308	-1.053	0.919
1515959467950	-9.117	-1.149	0.737
1515959467960	-9.136	-1.177	0.641
1515959467969	-9.261	-1.149	0.612
1515959467979	-9.385	-1.053	0.622
1515959467990	-9.548	-0.957	0.66
1515959468000	-9.672	-0.833	0.708
1515959468010	-9.739	-0.766	0.727
1515959468022	-9.72	-0.708	0.766
1515959468030	-9.653	-0.708	0.881
1515959468040	-9.529	-0.804	1.063
1515959468052	-9.404	-0.9	1.312
1515959468060	-9.347	-0.957	1.494
1515959468070	-9.356	-1.005	1.541
1515959468082	-9.385	-1.053	1.474
1515959468090	-9.414	-1.158	1.455
1515959468100	-9.49	-1.292	1.551
1515959468112	-9.577	-1.417	1.743
1515959468120	-9.682	-1.541	1.953
1515959468130	-9.739	-1.676	1.944
1515959468143	-9.739	-1.752	1.714
1515959468150	-9.711	-1.762	1.522
1515959468160	-9.701	-1.771	1.436
1515959468173	-9.663	-1.829	1.417
1515959468180	-9.586	-1.829	1.465
1515959468190	-9.538	-1.838	1.465
1515959468202	-9.5	-1.819	1.436
1515959468210	-9.452	-1.79	1.398
1515959468220	-9.433	-1.762	1.359
1515959468233	-9.404	-1.743	1.379
1515959468240	-9.423	-1.704	1.388
1515959468250	-9.423	-1.628	1.379
1515959468263	-9.404	-1.484	1.283
1515959468270	-9.376	-1.379	1.254
1515959468280	-9.318	-1.292	1.359
1515959468293	-9.289	-1.273	1.465
1515959468300	-9.289	-1.331	1.503
1515959468310	-9.299	-1.369	1.494
1515959468323	-9.318	-1.379	1.474
1515959468330	-9.356	-1.388	1.57
1515959468340	-9.395	-1.388	1.618
1515959468353	-9.481	-1.417	1.599
1515959468360	-9.481	-1.465	1.532
1515959468370	-9.557	-1.474	1.455
1515959468383	-9.577	-1.503	1.426
1515959468390	-9.596	-1.522	1.379
1515959468400	-9.596	-1.522	1.369
1515959468413	-9.567	-1.503	1.35
1515959468420	-9.538	-1.474	1.359
1515959468430	-9.49	-1.455	1.359
1515959468443	-9.49	-1.446	1.398
1515959468450	-9.471	-1.455	1.417
1515959468460	-9.462	-1.398	1.446
1515959468473	-9.471	-1.398	1.465
1515959468505	-9.462	-1.407	1.484
1515959468510	-9.471	-1.426	1.503
1515959468513	-9.471	-1.417	1.494
1515959468515	-9.529	-1.407	1.474
1515959468528	-9.567	-1.369	1.426
1515959468531	-9.596	-1.321	1.369
1515959468542	-9.548	-1.283	1.359
1515959468550	-9.49	-1.264	1.369
1515959468563	-9.443	-1.273	1.436
1515959468570	-9.376	-1.302	1.436
1515959468580	-9.347	-1.331	1.436
1515959468592	-9.414	-1.331	1.398
1515959468600	-9.5	-1.292	1.34
1515959468610	-9.557	-1.273	1.312
1515959468621	-9.625	-1.283	1.34
1515959468630	-9.653	-1.35	1.426
1515959468640	-9.663	-1.379	1.446
1515959468652	-9.644	-1.436	1.503
1515959468660	-9.615	-1.474	1.513
1515959468670	-9.586	-1.532	1.57
1515959468681	-9.605	-1.541	1.608
1515959468690	-9.663	-1.561	1.541
1515959468711	-9.615	-1.608	1.465
1515959468720	-9.51	-1.608	1.608
1515959468730	-9.443	-1.589	1.704
1515959468742	-9.452	-1.522	1.628
1515959468750	-9.49	-1.455	1.494
1515959468760	-9.452	-1.446	1.446
1515959468773	-9.395	-1.417	1.532
1515959468780	-9.385	-1.407	1.618
1515959468790	-9.433	-1.388	1.57
1515959468803	-9.433	-1.331	1.474
1515959468810	-9.443	-1.292	1.417
1515959468820	-9.433	-1.264	1.398
1515959468833	-9.433	-1.245	1.398
1515959468840	-9.433	-1.225	1.379
1515959468850	-9.471	-1.158	1.331
1515959468863	-9.51	-1.072	1.321
1515959468870	-9.529	-0.986	1.331
1515959468880	-9.567	-0.938	1.359
1515959468893	-9.605	-0.909	1.417
1515959468900	-9.634	-0.938	1.379
1515959468910	-9.672	-0.967	1.369
1515959468923	-9.701	-0.986	1.34
1515959468930	-9.73	-0.948	1.302
1515959468940	-9.778	-0.919	1.264
1515959468953	-9.807	-0.871	1.216
1515959468960	-9.797	-0.871	1.225
1515959468970	-9.787	-0.871	1.283
1515959468984	-9.816	-0.881	1.34
1515959468990	-9.893	-0.9	1.292
1515959469000	-9.988	-0.909	1.235
1515959469014	-10.084	-0.861	1.197
1515959469020	-10.113	-0.747	1.197
1515959469030	-10.161	-0.622	1.149
1515959469044	-10.18	-0.498	1.063
1515959469050	-10.209	-0.421	0.996
1515959469060	-10.199	-0.354	0.794
1515959469074	-10.228	-0.335	0.909
1515959469080	-10.257	-0.316	0.641
1515959469090	-10.285	-0.296	0.756
1515959469104	-10.391	-0.287	0.67
1515959469110	-10.525	-0.239	0.469
1515959469120	-10.716	-0.172	0.383
1515959469134	-10.85	-0.095	0.469
1515959469142	-11.099	0.009	0.603
1515959469161	-11.032	0.067	0.756
1515959469163	-11.233	-0.019	0.928
1515959469170	-11.147	-0.191	1.072
1515959469180	-11.233	-0.363	1.11
1515959469194	-11.281	-0.488	1.043
1515959469200	-11.396	-0.545	1.015
1515959469212	-11.454	-0.747	0.967
1515959469249	-11.435	-0.622	0.881
1515959469254	-11.368	-0.679	0.814
1515959469256	-11.233	-0.66	0.708
1515959469261	-11.099	-0.469	0.469
1515959469263	-10.946	-0.555	0.258
1515959469273	-10.764	-0.344	0.057
1515959469283	-10.563	-0.239	0.067
1515959469290	-10.285	-0.047	0.162
1515959469300	-10.027	0.067	0.201
1515959469314	-9.759	0.134	0.191
1515959469320	-9.529	0.143	0.124
1515959469330	-9.261	0.229	0.019
1515959469343	-9.021	0.296	0.009
1515959469350	-8.715	0.325	0.105
1515959469360	-8.083	0.45	-0.249
1515959469372	-8.044	0.373	1.053
1515959469380	-7.814	0.201	1.513
1515959469390	-7.508	0.076	0.986
1515959469402	-7.288	0.019	0.507
1515959469410	-7.087	0.076	-0.162
1515959469420	-6.905	0.201	-0.833
1515959469433	-6.78	0.268	-0.766
1515959469440	-6.799	0.354	-0.411
1515959469450	-6.771	0.392	-0.392
1515959469464	-6.704	0.44	-0.641
1515959469470	-6.761	0.402	-0.852
1515959469480	-6.838	0.402	-1.101
1515959469495	-6.876	0.469	-1.101
1515959469500	-6.933	0.584	-0.861
1515959469510	-7.067	0.593	-0.402
1515959469524	-7.278	0.565	-0.105
1515959469530	-7.69	0.536	0.153
1515959469540	-8.15	0.565	0.383
1515959469554	-8.686	0.612	0.44
1515959469560	-9.155	0.574	0.43
1515959469570	-9.529	0.498	0.44
1515959469586	-9.807	0.363	0.421
1515959469590	-10.027	0.134	0.363
1515959469600	-10.218	-0.143	0.268
1515959469614	-10.391	-0.354	0.277
1515959469620	-10.63	-0.545	0.411
1515959469631	-10.755	-0.689	0.593
1515959469645	-10.783	-0.814	0.708
1515959469650	-10.63	-0.9	0.814
1515959469660	-10.4	-0.919	0.919
1515959469675	-10.075	-0.9	0.881
1515959469680	-9.778	-0.996	0.651
1515959469690	-9.653	-1.197	0.373
1515959469705	-9.797	-1.513	0.153
1515959469710	-10.142	-1.79	0.076
1515959469720	-10.63	-1.896	0.153
1515959469735	-11.052	-1.618	0.421
1515959469740	-11.205	-1.13	0.727
1515959469751	-11.157	-0.66	0.919
1515959469765	-11.176	-0.344	1.053
1515959469770	-11.195	-0.249	1.101
1515959469781	-11.186	-0.383	0.996
1515959469795	-11.004	-0.651	0.823
1515959469800	-10.707	-0.89	0.612
1515959469811	-10.506	-1.063	0.402
1515959469825	-10.448	-1.11	0.296
1515959469830	-10.515	-0.967	0.44
1515959469841	-10.678	-0.708	0.612
1515959469855	-10.908	-0.43	0.584
1515959469860	-11.128	-0.201	0.469
1515959469870	-11.253	-0.057	0.038
1515959469885	-11.224	-0.095	0.134
1515959469890	-11.004	-0.229	0.047
1515959469900	-10.649	-0.383	0.201
1515959469915	-10.228	-0.536	0.201
1515959469920	-9.835	-0.632	0.306
1515959469931	-9.308	-0.689	0.296
1515959469945	-9.289	-0.727	0.316
1515959469977	-9.299	-0.727	0.325
1515959469979	-9.567	-0.699	0.344
1515959469982	-9.711	-0.679	0.316
1515959469991	-9.874	-0.699	0.249
1515959469994	-9.864	-0.766	0.21
1515959470007	-9.711	-0.823	0.363
1515959470022	-9.567	-0.909	0.718
1515959470025	-9.481	-0.986	0.967
1515959470032	-9.529	-1.034	0.938
1515959470040	-9.625	-1.082	0.775
1515959470050	-9.768	-1.063	0.679
1515959470065	-9.902	-1.063	0.823
1515959470070	-10.036	-1.015	1.13
1515959470080	-10.18	-1.187	1.331
1515959470095	-10.295	-1.082	1.369
1515959470100	-10.324	-1.13	1.359
1515959470111	-10.218	-1.264	1.292
1515959470124	-10.094	-1.35	1.254
1515959470130	-9.931	-1.398	1.283
1515959470140	-9.778	-1.522	1.331
1515959470155	-9.644	-1.58	1.273
1515959470160	-9.529	-1.58	1.168
1515959470170	-9.443	-1.513	1.043
1515959470183	-9.366	-1.369	0.938
1515959470189	-9.27	-1.197	1.015
1515959470200	-9.203	-1.053	1.168
1515959470213	-9.174	-0.957	1.359
1515959470220	-9.184	-0.909	1.541
1515959470231	-9.232	-0.861	1.618
1515959470245	-9.28	-0.852	1.647
1515959470250	-9.356	-0.89	1.656
1515959470261	-9.404	-0.996	1.733
1515959470273	-9.443	-1.177	1.771
1515959470279	-9.462	-1.331	1.838
1515959470290	-9.404	-1.503	1.915
1515959470303	-9.356	-1.637	1.925
1515959470310	-9.328	-1.704	1.829
1515959470321	-9.385	-1.733	1.733
1515959470336	-9.471	-1.743	1.637
1515959470340	-9.538	-1.743	1.628
1515959470351	-9.586	-1.723	1.666
1515959470366	-9.557	-1.695	1.666
1515959470370	-9.548	-1.647	1.666
1515959470381	-9.5	-1.608	1.599
1515959470396	-9.443	-1.57	1.561
1515959470400	-9.423	-1.561	1.589
1515959470411	-9.433	-1.58	1.647
1515959470426	-9.452	-1.628	1.656
1515959470430	-9.452	-1.647	1.666
1515959470441	-9.423	-1.666	1.647
1515959470456	-9.404	-1.676	1.695
1515959470460	-9.404	-1.666	1.8
1515959470471	-9.376	-1.695	1.953
1515959470486	-9.328	-1.685	2.03
1515959470490	-9.299	-1.637	2.049
1515959470501	-9.318	-1.551	2.02
1515959470516	-9.376	-1.446	1.992
1515959470520	-9.433	-1.312	1.944
1515959470531	-9.471	-1.245	1.915
1515959470546	-9.529	-1.177	1.972
1515959470550	-9.529	-1.168	1.972
1515959470562	-9.452	-1.168	1.819
1515959470577	-9.414	-1.197	1.589
1515959470580	-9.347	-1.245	1.455
1515959470591	-9.308	-1.312	1.436
1515959470607	-9.299	-1.321	1.522
1515959470610	-9.337	-1.302	1.733
1515959470622	-9.366	-1.292	1.925
1515959470636	-9.404	-1.283	1.963
1515959470640	-9.51	-1.292	1.829
1515959470652	-9.567	-1.302	1.618
1515959470666	-9.538	-1.283	1.608
1515959470670	-9.471	-1.216	1.819
1515959470703	-9.423	-1.187	2.011
1515959470708	-9.423	-1.206	2.011
1515959470715	-9.433	-1.264	1.915
1515959470727	-9.423	-1.321	2.116
1515959470729	-9.385	-1.388	2.145
1515959470735	-9.356	-1.436	1.982
1515959470743	-9.318	-1.474	1.972
1515959470760	-9.28	-1.513	1.963
1515959470771	-9.28	-1.503	1.972
1515959470782	-9.308	-1.465	1.915
1515959470791	-9.423	-1.407	1.877
1515959470801	-9.711	-1.321	1.886
1515959470812	-9.663	-1.235	1.896
1515959470821	-9.692	-1.206	1.944
1515959470831	-9.72	-1.197	2.02
1515959470840	-9.72	-1.177	2.039
1515959470850	-9.701	-1.101	2.049
1515959470861	-9.625	-1.063	2.02
1515959470870	-9.529	-1.053	2.059
1515959470880	-9.452	-1.063	2.174
1515959470891	-9.414	-1.034	2.269
1515959470900	-9.423	-1.034	2.365
1515959470910	-9.452	-0.986	2.346
1515959470920	-9.462	-0.89	2.26
1515959470929	-9.462	-0.89	2.145
1515959470939	-9.443	-0.948	2.145
1515959470950	-9.443	-1.034	2.183
1515959470959	-9.49	-1.063	2.279
1515959470970	-9.538	-1.091	2.308
1515959470982	-9.586	-1.139	2.308
1515959470990	-9.692	-1.149	2.375
1515959471000	-9.835	-1.12	2.451
1515959471012	-10.046	-1.072	2.528
1515959471020	-10.276	-1.034	2.624
1515959471030	-10.429	-1.13	2.719
1515959471042	-10.554	-1.273	2.672
1515959471050	-10.688	-1.398	2.604
1515959471060	-10.735	-1.312	2.595
1515959471072	-10.745	-1.034	2.327
1515959471080	-10.889	-0.756	1.896
1515959471090	-11.195	-0.574	1.666
1515959471102	-11.406	-0.526	1.723
1515959471110	-11.492	-0.584	2.059
1515959471120	-11.329	-0.651	2.403
1515959471132	-11.023	-0.679	2.604
1515959471140	-10.774	-0.718	2.652
1515959471168	-10.697	-0.727	2.537
1515959471169	-10.764	-0.689	2.212
1515959471173	-10.774	-0.641	1.877
1515959471181	-10.716	-0.507	1.695
1515959471192	-10.621	-0.373	1.618
1515959471200	-10.448	-0.229	1.666
1515959471211	-10.285	-0.095	1.752
1515959471224	-10.094	0.028	1.838
1515959471230	-9.874	0.105	1.857
1515959471240	-9.644	0.124	1.81
1515959471253	-9.376	0.114	1.81
1515959471272	-9.155	0.105	1.81
1515959471274	-9.002	0.124	1.781
1515959471280	-8.868	0.153	1.647
1515959471293	-8.715	0.114	1.474
1515959471302	-8.466	0.0	1.436
1515959471311	-8.15	-0.047	1.551
1515959471319	-7.776	-0.076	1.599
1515959471329	-7.479	-0.095	1.656
1515959471341	-7.316	-0.143	1.628
1515959471350	-7.125	-0.181	1.522
1515959471360	-6.847	-0.172	1.589
1515959471372	-6.569	-0.249	1.762
1515959471380	-6.407	-0.421	1.877
1515959471390	-6.407	-0.593	1.762
1515959471404	-6.636	-0.603	1.312
1515959471410	-6.608	-0.555	1.312
1515959471443	-6.751	-0.459	1.187
1515959471445	-6.838	-0.354	1.264
1515959471460	-6.876	-0.344	1.34
1515959471463	-7.02	-0.316	1.312
1515959471467	-7.221	-0.287	1.206
1515959471481	-7.632	-0.239	1.139
1515959471483	-8.169	-0.153	1.216
1515959471493	-8.763	-0.095	1.551
1515959471500	-9.356	-0.162	1.551
1515959471510	-9.864	-0.277	1.608
1515959471523	-10.247	-0.392	1.8
1515959471530	-10.496	-0.469	1.8
1515959471540	-10.63	-0.498	2.126
1515959471552	-10.621	-0.517	2.087
1515959471560	-10.515	-0.517	2.126
1515959471570	-10.333	-0.555	1.944
1515959471582	-10.056	-0.67	1.886
1515959471590	-10.161	-0.775	1.79
1515959471600	-10.209	-0.9	1.628
1515959471611	-10.4	-1.015	1.561
1515959471619	-10.4	-1.082	1.608
1515959471629	-10.065	-1.063	1.733
1515959471641	-9.739	-0.794	1.877
1515959471650	-9.433	-0.871	2.059
1515959471660	-9.05	-0.871	2.26
1515959471673	-8.954	-1.063	2.308
1515959471680	-9.012	-1.005	2.308
1515959471690	-9.107	-1.072	2.25
1515959471704	-9.222	-1.254	2.183
1515959471710	-9.366	-1.254	2.116
1515959471720	-9.452	-1.101	2.106
1515959471733	-9.538	-1.168	2.183
1515959471740	-9.596	-0.938	2.279
1515959471750	-9.682	-1.082	2.336
1515959471763	-9.749	-0.996	2.403
1515959471770	-9.835	-0.919	2.528
1515959471780	-10.008	-0.948	2.7
1515959471793	-10.199	-0.976	2.767
1515959471800	-10.305	-0.852	2.604
1515959471810	-10.314	-0.507	2.461
1515959471823	-10.237	-0.086	2.566
1515959471830	-10.19	0.162	2.844
1515959471840	-10.218	0.105	3.17
1515959471853	-10.209	-0.21	3.237
1515959471860	-10.199	-0.641	2.978
1515959471870	-10.209	-1.101	2.547
1515959471883	-10.151	-1.484	2.26
1515959471890	-9.988	-1.666	2.231
1515959471900	-9.778	-1.666	2.375
1515959471913	-9.615	-1.541	2.48
1515959471920	-9.586	-1.369	2.451
1515959471930	-9.481	-1.292	2.403
1515959471943	-9.328	-1.321	2.48
1515959471950	-9.28	-1.35	2.547
1515959471960	-9.299	-1.331	2.509
1515959471980	-9.347	-1.225	2.193
1515959471990	-9.28	-1.225	2.221
1515959472003	-9.174	-1.216	2.442
1515959472010	-9.127	-1.225	2.624
1515959472020	-9.146	-1.177	2.585
1515959472033	-9.184	-0.986	2.432
1515959472040	-9.241	-0.766	2.394
1515959472050	-9.289	-0.593	2.576
1515959472065	-9.376	-0.632	2.873
1515959472070	-9.443	-0.804	3.055
1515959472080	-9.5	-1.024	2.959
1515959472095	-9.529	-1.235	2.786
1515959472100	-9.51	-1.359	2.624
1515959472111	-9.414	-1.417	2.528
1515959472124	-9.28	-1.513	2.518
1515959472130	-9.136	-1.561	2.518
1515959472140	-9.021	-1.522	2.518
1515959472154	-9.107	-1.436	2.624
1515959472190	-9.012	-1.331	2.624
1515959472194	-9.059	-1.245	2.604
1515959472198	-9.117	-1.197	2.557
1515959472206	-9.146	-1.149	2.604
1515959472208	-9.174	-1.158	2.662
1515959472210	-9.203	-1.206	2.719
1515959472223	-9.194	-1.292	2.786
1515959472230	-9.194	-1.369	2.834
1515959472243	-9.165	-1.455	2.94
1515959472250	-9.155	-1.532	2.94
1515959472260	-9.136	-1.58	2.882
1515959472273	-9.127	-1.541	2.892
1515959472280	-9.136	-1.484	2.921
1515959472290	-9.098	-1.417	2.997
1515959472306	-9.098	-1.388	3.074
1515959472313	-9.098	-1.398	3.007
1515959472320	-9.107	-1.465	2.853
1515959472332	-9.107	-1.666	2.652
1515959472340	-9.107	-1.551	2.652
1515959472350	-9.107	-1.608	2.652
1515959472361	-9.127	-1.666	2.681
1515959472374	-9.146	-1.714	2.71
1515959472380	-9.155	-1.704	2.691
1515959472391	-9.203	-1.714	2.652
1515959472400	-9.203	-1.704	2.633
1515959472410	-9.222	-1.656	2.633
1515959472421	-9.213	-1.58	2.71
1515959472429	-9.213	-1.503	2.825
1515959472440	-9.184	-1.446	2.949
1515959472451	-9.222	-1.407	3.045
1515959472459	-9.376	-1.398	3.17
1515959472470	-9.318	-1.283	3.055
1515959472481	-9.28	-1.091	2.844
1515959472489	-9.194	-1.082	2.719
1515959472500	-9.194	-1.254	2.633
1515959472511	-9.232	-1.618	2.509
1515959472519	-9.241	-1.608	2.451
1515959472530	-9.251	-1.685	2.566
1515959472541	-9.28	-1.762	2.796
1515959472549	-9.366	-1.771	3.026
1515959472560	-9.366	-1.541	3.112
1515959472574	-9.289	-1.666	3.141
1515959472580	-9.174	-1.676	3.15
1515959472590	-9.088	-1.676	3.141
1515959472604	-9.088	-1.733	3.026
1515959472610	-9.174	-1.8	2.825
1515959472620	-9.165	-1.877	2.662
1515959472634	-9.117	-1.915	2.758
1515959472640	-9.107	-1.896	2.911
1515959472650	-9.174	-1.81	2.949
1515959472664	-9.213	-1.656	2.815
1515959472670	-9.261	-1.494	2.681
1515959472680	-9.28	-1.331	2.604
1515959472694	-9.241	-1.197	2.624
1515959472700	-9.127	-1.11	2.681
1515959472710	-8.983	-1.12	2.691
1515959472724	-8.925	-1.12	2.672
1515959472730	-8.945	-1.11	2.652
1515959472740	-8.973	-1.072	2.614
1515959472755	-9.012	-1.005	2.604
1515959472760	-9.098	-1.005	2.595
1515959472770	-9.194	-0.986	2.576
1515959472786	-9.28	-0.996	2.576
1515959472790	-9.337	-1.034	2.604
1515959472800	-9.395	-1.053	2.614
1515959472815	-9.462	-1.11	2.691
1515959472820	-9.519	-1.187	2.796
1515959472830	-9.634	-1.331	2.968
1515959472845	-9.759	-1.455	3.102
1515959472850	-9.921	-1.58	3.198
1515959472860	-10.094	-1.637	3.256
1515959472875	-10.247	-1.628	3.323
1515959472880	-10.333	-1.637	3.438
1515959472914	-10.391	-1.819	3.572
1515959472918	-10.573	-2.116	3.524
1515959472924	-10.822	-2.279	3.447
1515959472928	-11.004	-2.011	3.016
1515959472931	-11.013	-1.647	2.911
1515959472943	-11.004	-1.379	3.074
1515959472957	-10.937	-1.264	3.256
1515959472961	-10.803	-1.216	3.294
1515959472970	-10.678	-1.245	3.246
1515959472980	-10.668	-1.312	3.112
1515959473002	-10.735	-1.369	2.806
1515959473004	-10.793	-1.398	2.892
1515959473010	-10.812	-1.379	2.767
1515959473025	-10.678	-1.235	2.595
1515959473030	-10.448	-1.015	2.394
1515959473040	-10.123	-0.814	2.346
1515959473053	-9.874	-0.699	2.499
1515959473060	-9.692	-0.612	2.499
1515959473070	-9.701	-0.584	2.614
1515959473082	-9.768	-0.478	2.614
1515959473089	-9.739	-0.402	2.336
1515959473100	-9.548	-0.392	1.676
1515959473113	-9.356	-0.335	0.344
1515959473120	-9.136	-0.21	0.459
1515959473130	-8.858	-0.067	0.335
1515959473142	-8.571	0.067	0.699
1515959473150	-8.188	0.172	0.699
1515959473178	-7.728	0.191	0.833
1515959473179	-7.355	0.21	0.842
1515959473180	-7.02	0.229	0.383
1515959473196	-6.579	0.239	-0.009
1515959473202	-6.426	0.22	-0.095
1515959473210	-6.435	0.114	0.21
1515959473220	-6.349	0.0	0.737
1515959473232	-6.454	0.028	1.034
1515959473239	-6.723	0.134	1.015
1515959473266	-7.01	0.239	0.957
1515959473267	-7.182	0.306	1.13
1515959473271	-7.431	0.325	1.35
1515959473280	-7.518	0.201	1.541
1515959473291	-7.642	0.047	1.848
1515959473300	-7.872	-0.076	2.241
1515959473311	-8.063	-0.229	2.442
1515959473323	-8.265	-0.325	2.48
1515959473329	-8.59	-0.43	2.413
1515959473345	-8.954	-0.545	2.231
1515959473350	-9.289	-0.833	1.944
1515959473359	-9.51	-0.976	1.685
1515959473370	-9.739	-1.149	1.647
1515959473385	-9.912	-1.312	1.714
1515959473392	-10.017	-1.446	1.877
1515959473407	-10.084	-1.513	2.001
1515959473415	-10.094	-1.541	2.135
1515959473419	-10.017	-1.541	2.308
1515959473434	-9.893	-1.532	2.308
1515959473445	-9.768	-1.541	2.26
1515959473450	-9.701	-1.503	2.221
1515959473460	-9.72	-1.446	2.317
1515959473476	-9.816	-1.398	2.355
1515959473482	-10.084	-1.369	2.336
1515959473490	-10.362	-1.407	2.346
1515959473505	-10.563	-1.379	2.269
1515959473510	-10.649	-1.388	2.241
1515959473520	-10.621	-1.388	2.298
1515959473534	-10.592	-1.292	2.423
1515959473540	-10.554	-1.158	2.528
1515959473550	-10.544	-1.024	2.576
1515959473566	-10.573	-0.919	2.595
1515959473570	-10.64	-0.9	2.576
1515959473580	-10.659	-0.948	2.509
1515959473594	-10.63	-1.005	2.423
1515959473599	-10.496	-1.072	2.336
1515959473610	-10.352	-1.158	2.26
1515959473631	-10.247	-1.206	2.221
1515959473632	-10.18	-1.321	2.145
1515959473658	-10.132	-1.446	2.087
1515959473659	-10.151	-1.522	2.135
1515959473662	-10.218	-1.494	2.183
1515959473676	-10.218	-1.417	2.183
1515959473682	-10.17	-1.283	2.221
1515959473691	-10.103	-1.168	2.241
1515959473706	-9.96	-1.072	2.241
1515959473712	-9.807	-1.005	2.212
1515959473720	-9.644	-0.986	2.202
1515959473730	-9.452	-1.015	2.145
1515959473746	-9.28	-1.101	2.116
1515959473752	-9.107	-1.158	2.087
1515959473761	-9.021	-1.177	2.078
1515959473774	-8.945	-1.168	2.097
1515959473780	-8.916	-1.158	2.126
1515959473790	-8.743	-1.063	2.202
1515959473801	-8.657	-1.024	2.384
1515959473810	-8.638	-0.948	2.528
1515959473823	-8.878	-1.13	2.719
1515959473834	-8.964	-1.34	2.988
1515959473840	-8.964	-1.465	3.227
1515959473850	-9.021	-1.484	3.39
1515959473865	-9.194	-1.465	3.371
1515959473870	-9.414	-1.532	3.237
1515959473880	-9.596	-1.58	3.102
1515959473891	-9.701	-1.589	3.074
1515959473904	-9.797	-1.57	3.016
1515959473910	-9.883	-1.532	2.93
1515959473925	-9.854	-1.474	2.777
1515959473929	-9.797	-1.426	2.719
1515959473940	-9.701	-1.302	2.7
1515959473955	-9.5	-1.139	2.643
1515959473960	-9.251	-1.005	2.528
1515959473970	-8.973	-0.814	2.432
1515959473985	-8.973	-0.775	2.375
1515959473991	-9.213	-0.9	2.528
1515959474000	-9.194	-0.89	2.26
1515959474015	-9.155	-0.881	2.202
1515959474020	-9.184	-0.976	2.432
1515959474031	-9.261	-1.043	2.403
1515959474046	-9.28	-1.024	2.403
1515959474050	-9.184	-0.986	2.557
1515959474061	-9.184	-0.919	2.633
1515959474080	-9.146	-0.842	2.662
1515959474081	-9.088	-0.747	2.739
1515959474090	-9.174	-0.679	2.643
1515959474105	-9.174	-0.641	2.49
1515959474110	-9.395	-0.536	2.269
1515959474154	-9.739	-0.45	0.201
1515959474155	-9.586	-0.421	-2.202
1515959474156	-9.232	-0.153	-2.03
1515959474157	-8.676	-1.379	-0.928
1515959474165	-8.983	-1.034	1.762
1515959474171	-9.778	-1.561	5.075
1515959474182	-9.893	-1.561	6.541
1515959474198	-9.826	-1.34	5.535
1515959474200	-9.912	-1.101	3.773
1515959474212	-9.711	-1.158	2.978
1515959474227	-9.462	-1.177	3.102
1515959474230	-9.27	-1.206	3.313
1515959474241	-9.328	-1.101	3.237
1515959474275	-9.615	-1.12	3.045
1515959474276	-9.95	-1.216	3.332
1515959474278	-10.161	-1.359	3.907
1515959474283	-10.362	-1.618	4.606
1515959474291	-9.969	-1.474	4.999
1515959474303	-9.059	-1.139	4.922
1515959474310	-7.719	-1.436	4.348
1515959474320	-8.14	-0.727	0.861
1515959474332	-7.652	0.162	-2.806
