timestamp	x	y	z
1515959927780	-9.797	-1.168	-0.028
1515959927782	-9.739	-1.206	0.076
1515959927805	-9.663	-1.235	0.22
1515959927821	-9.682	-1.216	0.277
1515959927822	-9.749	-1.225	0.21
1515959927823	-9.73	-1.225	0.201
1515959927839	-9.73	-1.206	0.22
1515959927885	-9.749	-1.216	0.22
1515959927887	-9.816	-1.225	0.229
1515959927887	-9.893	-1.235	0.201
1515959927904	-9.95	-1.235	0.162
1515959927914	-9.969	-1.216	0.153
1515959927917	-9.96	-1.206	0.162
1515959927917	-9.778	-1.168	0.162
1515959927928	-9.653	-1.187	0.162
1515959927930	-9.557	-1.216	0.143
1515959927947	-9.538	-1.245	0.143
1515959927950	-9.538	-1.264	0.124
1515959927963	-9.586	-1.302	0.114
1515959927974	-9.72	-1.35	0.172
1515959927980	-9.72	-1.35	0.21
1515959927993	-9.692	-1.35	0.172
1515959928004	-9.634	-1.283	0.124
1515959928009	-9.634	-1.283	0.086
1515959928020	-9.72	-1.264	0.067
1515959928034	-9.807	-1.216	0.134
1515959928050	-9.835	-1.197	0.191
1515959928051	-9.864	-1.197	0.181
1515959928064	-9.854	-1.187	0.134
1515959928069	-9.826	-1.187	0.162
1515959928137	-9.759	-1.177	0.201
1515959928139	-9.72	-1.139	0.249
1515959928146	-9.72	-1.139	0.258
1515959928147	-9.73	-1.139	0.22
1515959928148	-9.759	-1.158	0.191
1515959928150	-9.749	-1.168	0.181
1515959928154	-9.72	-1.168	0.201
1515959928187	-9.739	-1.216	0.201
1515959928188	-9.778	-1.264	0.181
1515959928190	-9.816	-1.264	0.134
1515959928214	-9.854	-1.245	0.076
1515959928216	-9.883	-1.197	0.009
1515959928250	-9.931	-1.158	-0.047
1515959928257	-9.941	-1.139	-0.076
1515959928259	-9.96	-1.168	-0.095
1515959928262	-9.979	-1.197	-0.105
1515959928262	-9.979	-1.216	-0.134
1515959928280	-9.941	-1.235	-0.153
1515959928284	-9.874	-1.206	-0.153
1515959928292	-9.816	-1.206	-0.21
1515959928303	-9.797	-1.197	-0.22
1515959928310	-9.749	-1.177	-0.249
1515959928320	-9.72	-1.158	-0.249
1515959928331	-9.692	-1.139	-0.22
1515959928340	-9.653	-1.101	-0.172
1515959928350	-9.596	-1.082	-0.172
1515959928361	-9.51	-1.063	-0.181
1515959928369	-9.471	-1.063	-0.229
1515959928380	-9.395	-1.053	-0.22
1515959928393	-9.356	-1.034	-0.229
1515959928400	-9.328	-1.015	-0.268
1515959928411	-9.27	-1.005	-0.229
1515959928423	-9.194	-0.986	-0.201
1515959928430	-9.098	-0.957	-0.172
1515959928441	-8.906	-0.957	-0.143
1515959928453	-8.724	-0.996	-0.009
1515959928460	-8.571	-1.015	0.086
1515959928470	-8.523	-0.976	0.162
1515959928484	-8.561	-0.852	0.076
1515959928490	-8.619	-0.737	-0.105
1515959928501	-8.571	-0.679	-0.325
1515959928513	-8.284	-0.689	-0.258
1515959928520	-7.862	-0.66	-0.057
1515959928531	-7.403	-0.593	0.057
1515959928543	-7.087	-0.584	0.028
1515959928550	-6.972	-0.679	-0.114
1515959928561	-7.029	-0.89	-0.172
1515959928573	-7.23	-1.043	-0.047
1515959928580	-7.7	-1.187	0.028
1515959928591	-8.38	-1.302	-0.076
1515959928604	-9.127	-1.321	-0.181
1515959928610	-9.634	-1.245	-0.306
1515959928621	-9.807	-1.235	-0.287
1515959928633	-9.797	-1.331	-0.124
1515959928640	-9.739	-1.407	0.114
1515959928664	-9.912	-1.398	0.172
1515959928670	-10.075	-1.254	0.229
1515959928694	-10.439	-1.015	0.258
1515959928700	-10.822	-1.139	0.459
1515959928712	-11.31	-1.35	0.354
1515959928724	-11.703	-1.637	0.545
1515959928730	-11.799	-1.8	0.775
1515959928740	-11.511	-1.877	1.043
1515959928754	-11.147	-1.848	1.225
1515959928760	-11.186	-1.915	1.312
1515959928784	-13.206	-2.308	1.235
1515959928790	-13.714	-2.394	0.861
1515959928800	-13.906	-2.432	0.373
1515959928814	-13.867	-2.413	-0.038
1515959928820	-13.475	-2.164	-0.249
1515959928830	-12.603	-1.685	-0.325
1515959928844	-11.281	-1.034	-0.105
1515959928850	-9.883	-0.306	0.517
1515959928881	-8.753	-0.44	1.072
1515959928885	-7.949	-0.392	1.455
1515959928889	-7.527	-0.584	1.57
1515959928890	-7.364	-0.804	1.484
1515959928905	-7.451	-1.053	1.331
1515959928910	-7.757	-1.331	1.168
1515959928920	-8.236	-1.561	1.005
1515959928933	-8.782	-1.771	0.833
1515959928940	-9.308	-1.877	0.708
1515959928950	-9.749	-1.915	0.526
1515959928962	-10.046	-1.867	0.45
1515959928970	-10.19	-1.819	0.421
1515959928980	-10.228	-1.695	0.488
1515959928992	-10.19	-1.58	0.584
1515959929008	-10.161	-1.484	0.679
1515959929013	-10.075	-1.465	0.833
1515959929022	-10.008	-1.398	1.015
1515959929030	-9.893	-1.388	1.158
1515959929040	-9.778	-1.446	1.206
1515959929130	-9.663	-1.57	1.225
1515959929181	-9.615	-1.704	1.13
1515959929181	-9.538	-1.781	1.034
1515959929182	-9.51	-1.838	1.034
1515959929183	-9.529	-1.857	1.082
1515959929183	-9.596	-1.838	1.101
1515959929184	-9.663	-1.771	1.13
1515959929185	-9.672	-1.628	1.091
1515959929185	-9.644	-1.503	1.082
1515959929186	-9.557	-1.398	1.082
1515959929186	-9.481	-1.35	1.043
1515959929187	-9.462	-1.312	1.024
1515959929188	-9.462	-1.292	0.996
1515959929192	-9.519	-1.292	0.948
1515959929202	-9.567	-1.321	0.957
1515959929210	-9.596	-1.369	0.938
1515959929220	-9.653	-1.465	0.948
1515959929232	-9.692	-1.522	0.938
1515959929239	-9.711	-1.58	0.957
1515959929250	-9.701	-1.599	0.986
1515959929264	-9.682	-1.628	1.015
1515959929273	-9.586	-1.647	1.024
1515959929280	-9.529	-1.656	1.043
1515959929292	-9.49	-1.628	1.072
1515959929300	-9.49	-1.637	1.063
1515959929310	-9.481	-1.628	1.053
1515959929324	-9.423	-1.637	1.11
1515959929329	-9.366	-1.628	1.139
1515959929340	-9.366	-1.608	1.13
1515959929356	-9.462	-1.58	1.063
1515959929360	-9.586	-1.541	0.948
1515959929370	-9.634	-1.522	0.938
1515959929385	-9.596	-1.522	1.015
1515959929390	-9.529	-1.58	1.12
1515959929400	-9.51	-1.637	1.13
1515959929415	-9.49	-1.637	1.11
1515959929420	-9.462	-1.57	1.082
1515959929430	-9.462	-1.484	1.034
1515959929445	-9.49	-1.407	1.053
1515959929450	-9.538	-1.35	1.072
1515959929460	-9.586	-1.302	1.053
1515959929475	-9.625	-1.264	1.043
1515959929480	-9.644	-1.177	1.043
1515959929491	-9.672	-1.177	0.967
1515959929505	-9.711	-1.216	0.938
1515959929510	-9.72	-1.273	0.976
1515959929520	-9.701	-1.359	1.024
1515959929536	-9.672	-1.465	1.024
1515959929540	-9.644	-1.551	1.063
1515959929550	-9.481	-1.589	1.091
1515959929566	-9.586	-1.618	1.072
1515959929570	-9.529	-1.656	1.101
1515959929580	-9.462	-1.723	1.101
1515959929595	-9.471	-1.771	1.091
1515959929600	-9.481	-1.848	1.043
1515959929610	-9.5	-1.896	1.053
1515959929642	-9.452	-1.915	1.13
1515959929645	-9.414	-1.896	1.206
1515959929653	-9.395	-2.106	1.225
1515959929657	-9.404	-2.202	1.197
1515959929670	-9.452	-2.154	1.216
1515959929672	-9.481	-2.279	1.216
1515959929681	-9.519	-2.327	1.216
1515959929690	-9.529	-2.365	1.168
1515959929701	-9.538	-2.394	1.158
1515959929715	-9.567	-2.394	1.139
1515959929720	-9.596	-2.375	1.101
1515959929730	-9.605	-2.375	1.043
1515959929743	-9.625	-2.336	0.948
1515959929750	-9.625	-2.279	0.861
1515959929760	-9.605	-2.202	0.804
1515959929774	-9.586	-2.135	0.794
1515959929789	-9.567	-2.106	0.823
1515959929790	-9.605	-2.078	0.842
1515959929804	-9.596	-2.049	0.842
1515959929810	-9.644	-1.992	0.871
1515959929820	-9.672	-1.886	0.852
1515959929835	-9.663	-1.752	0.814
1515959929843	-9.644	-1.628	0.804
1515959929855	-9.672	-1.551	0.794
1515959929863	-9.682	-1.561	0.756
1515959929869	-9.711	-1.618	0.747
1515959929880	-9.768	-1.714	0.766
1515959929893	-9.759	-1.8	0.747
1515959929900	-9.72	-1.896	0.737
1515959929910	-9.653	-1.992	0.708
1515959929924	-9.557	-2.078	0.699
1515959929930	-9.481	-2.106	0.699
1515959929940	-9.462	-2.097	0.679
1515959929954	-9.577	-2.126	0.574
1515959929985	-9.816	-2.193	0.459
1515959929986	-10.084	-2.164	0.43
1515959929987	-10.276	-2.126	0.44
1515959929991	-10.419	-2.078	0.421
1515959930000	-10.458	-2.039	0.411
1515959930014	-10.4	-1.972	0.402
1515959930020	-10.295	-1.934	0.43
1515959930030	-10.218	-1.925	0.44
1515959930043	-10.17	-1.915	0.459
1515959930049	-10.18	-1.934	0.402
1515959930060	-10.123	-1.982	0.383
1515959930071	-9.988	-1.982	0.517
1515959930079	-9.902	-1.963	0.612
1515959930090	-9.902	-1.915	0.603
1515959930103	-9.998	-1.877	0.478
1515959930110	-10.065	-1.886	0.459
1515959930120	-10.056	-1.925	0.459
1515959930134	-9.988	-2.078	0.488
1515959930140	-10.027	-2.183	0.239
1515959930156	-10.084	-2.145	-0.22
1515959930160	-10.19	-1.905	-0.641
1515959930170	-10.314	-1.637	-0.833
1515959930180	-10.506	-1.465	-0.861
1515959930195	-10.803	-1.436	-0.708
1515959930200	-11.08	-1.484	-0.459
1515959930210	-11.243	-1.513	-0.316
1515959930225	-11.368	-1.465	-0.162
1515959930236	-11.435	-1.455	-0.095
1515959930241	-11.502	-1.474	-0.067
1515959930255	-11.521	-1.551	-0.086
1515959930260	-11.444	-1.628	-0.067
1515959930270	-11.214	-1.599	0.0
1515959930285	-10.841	-1.551	-0.028
1515959930289	-10.448	-1.541	-0.277
1515959930300	-10.151	-1.522	-0.383
1515959930310	-9.921	-1.484	-0.411
1515959930319	-9.692	-1.436	-0.306
1515959930330	-9.251	-1.379	-0.354
1515959930340	-9.088	-1.331	-0.354
1515959930350	-8.906	-1.331	-0.392
1515959930361	-8.667	-1.091	-0.603
1515959930377	-8.514	-1.12	-0.842
1515959930410	-8.169	-0.976	-1.015
1515959930420	-8.063	-0.612	-1.101
1515959930423	-8.121	-0.612	-1.158
1515959930424	-8.217	-0.45	-1.149
1515959930427	-8.322	-0.268	-1.168
1515959930442	-8.293	-0.162	-1.11
1515959930445	-8.159	-0.574	-1.005
1515959930454	-7.987	-0.785	-0.823
1515959930460	-7.786	-1.082	-0.622
1515959930470	-7.575	-1.379	-0.469
1515959930480	-7.431	-1.628	-0.335
1515959930490	-7.249	-1.743	-0.201
1515959930500	-7.087	-1.781	-0.047
1515959930511	-6.924	-1.695	0.114
1515959930519	-6.809	-1.599	0.124
1515959930530	-6.895	-1.484	-0.095
1515959930540	-7.154	-1.35	-0.335
1515959930550	-7.594	-1.177	-0.584
1515959930559	-8.092	-1.015	-0.67
1515959930570	-8.571	-0.89	-0.708
1515959930580	-8.916	-0.871	-0.708
1515959930590	-9.174	-0.861	-0.622
1515959930600	-9.366	-0.766	-0.584
1515959930609	-9.481	-0.651	-0.593
1515959930619	-9.538	-0.66	-0.574
1515959930630	-9.596	-0.814	-0.584
1515959930640	-9.596	-1.015	-0.517
1515959930650	-9.557	-1.139	-0.45
1515959930660	-9.481	-1.225	-0.373
1515959930673	-9.299	-1.245	-0.277
1515959930680	-8.897	-1.187	-0.114
1515959930690	-8.485	-1.149	0.134
1515959930699	-8.274	-1.216	0.354
1515959930710	-8.466	-1.379	0.402
1515959930720	-9.127	-1.541	0.249
1515959930730	-9.96	-1.714	0.028
1515959930740	-10.774	-1.867	-0.181
1515959930750	-11.415	-1.982	-0.325
1515959930759	-11.789	-1.972	-0.354
1515959930773	-11.808	-1.857	-0.354
1515959930781	-11.54	-1.8	-0.316
1515959930789	-11.128	-1.829	-0.181
1515959930800	-10.975	-1.992	-0.086
1515959930810	-11.233	-2.279	-0.009
1515959930820	-11.693	-2.49	0.009
1515959930830	-12.162	-2.537	-0.076
1515959930840	-12.411	-2.537	-0.153
1515959930850	-12.306	-2.47	-0.105
1515959930859	-11.77	-2.403	0.086
1515959930870	-10.965	-2.25	0.392
1515959930879	-10.247	-2.059	0.622
1515959930904	-9.73	-1.877	0.66
1515959930905	-9.395	-1.714	0.488
1515959930910	-9.251	-1.666	0.287
1515959930920	-9.251	-1.647	0.153
1515959930930	-9.385	-1.589	0.028
1515959930940	-9.596	-1.57	-0.067
1515959930949	-9.826	-1.58	-0.105
1515959930960	-10.075	-1.618	-0.086
1515959930970	-10.295	-1.618	-0.067
1515959930979	-10.496	-1.656	-0.047
1515959930990	-10.554	-1.676	0.067
1515959930999	-10.534	-1.714	0.172
1515959931009	-10.477	-1.704	0.239
1515959931020	-10.372	-1.714	0.287
1515959931030	-10.228	-1.685	0.335
1515959931040	-10.075	-1.685	0.565
1515959931052	-9.902	-1.676	0.651
1515959931060	-9.739	-1.714	0.794
1515959931070	-9.615	-1.723	0.948
1515959931082	-9.538	-1.743	0.986
1515959931090	-9.481	-1.762	0.996
1515959931100	-9.481	-1.8	0.996
1515959931112	-9.471	-1.829	1.043
1515959931120	-9.462	-1.896	1.024
1515959931130	-9.433	-1.982	1.053
1515959931162	-9.423	-2.068	1.082
1515959931164	-9.404	-2.145	1.11
1515959931166	-9.385	-2.183	1.12
1515959931174	-9.376	-2.202	1.149
1515959931180	-9.366	-2.183	1.139
1515959931192	-9.366	-2.097	1.149
1515959931202	-9.356	-1.982	1.139
1515959931210	-9.423	-1.857	1.139
1515959931220	-9.471	-1.608	1.12
1515959931264	-9.557	-1.666	1.13
1515959931264	-9.653	-1.589	1.149
1515959931265	-9.711	-1.398	1.12
1515959931266	-9.768	-1.513	1.072
1515959931270	-9.787	-1.532	1.024
1515959931279	-9.787	-1.57	1.005
1515959931290	-9.768	-1.608	1.024
1515959931300	-9.72	-1.656	1.024
1515959931310	-9.634	-1.733	1.043
1515959931320	-9.529	-1.819	1.11
1515959931330	-9.433	-1.867	1.13
1515959931350	-9.347	-1.905	1.12
1515959931351	-9.289	-1.915	1.082
1515959931360	-9.289	-1.915	1.015
1515959931370	-9.328	-1.925	0.948
1515959931382	-9.366	-1.905	0.9
1515959931390	-9.404	-1.886	0.919
1515959931400	-9.471	-1.867	0.938
1515959931412	-9.538	-1.877	0.957
1515959931420	-9.586	-1.886	0.967
1515959931430	-9.625	-1.838	0.996
1515959931450	-9.605	-1.857	1.082
1515959931460	-9.615	-1.886	1.091
1515959931471	-9.596	-1.915	1.072
1515959931479	-9.557	-1.915	1.053
1515959931490	-9.538	-1.838	1.091
1515959931503	-9.519	-1.771	1.101
1515959931510	-9.51	-1.733	1.187
1515959931520	-9.519	-1.752	1.139
1515959931533	-9.538	-1.8	1.005
1515959931540	-9.586	-1.857	0.861
1515959931551	-9.577	-1.925	0.804
1515959931563	-9.567	-1.982	0.842
1515959931570	-9.625	-2.097	0.9
1515959931581	-9.711	-2.212	0.89
1515959931593	-9.768	-2.308	0.842
1515959931600	-9.749	-2.241	0.785
1515959931611	-9.615	-2.135	0.842
1515959931623	-9.452	-2.001	0.976
1515959931630	-9.328	-1.857	1.043
1515959931640	-9.356	-1.723	1.005
1515959931654	-9.395	-1.647	0.909
1515959931660	-9.471	-1.647	0.823
1515959931670	-9.557	-1.676	0.823
1515959931683	-9.586	-1.685	0.938
1515959931690	-9.529	-1.637	0.938
1515959931700	-9.414	-1.57	0.919
1515959931714	-9.318	-1.541	0.632
1515959931720	-9.328	-1.589	0.689
1515959931730	-9.443	-1.666	0.603
1515959931744	-9.577	-1.676	0.612
1515959931750	-9.663	-1.656	0.651
1515959931760	-9.672	-1.599	0.66
1515959931774	-9.701	-1.513	0.641
1515959931780	-9.711	-1.398	0.641
1515959931790	-9.682	-1.35	0.689
1515959931803	-9.596	-1.321	0.909
1515959931820	-9.548	-1.283	0.814
1515959931834	-9.538	-1.091	0.9
1515959931840	-9.538	-1.168	0.9
1515959931856	-9.548	-1.091	1.024
1515959931878	-9.452	-1.091	1.12
1515959931880	-9.452	-1.206	1.11
1515959931881	-9.452	-1.426	1.13
1515959931894	-9.586	-1.685	1.177
1515959931900	-9.586	-1.896	1.187
1515959931910	-9.644	-1.992	1.158
1515959931944	-9.615	-2.049	1.091
1515959931955	-9.615	-2.049	0.996
1515959931960	-9.443	-2.068	0.909
1515959931962	-9.557	-2.116	0.861
1515959931964	-9.605	-2.212	0.823
1515959931970	-9.653	-2.231	0.842
1515959931984	-9.692	-2.231	0.842
1515959931994	-9.73	-2.183	0.804
1515959932004	-9.768	-2.106	0.718
1515959932013	-9.807	-2.087	0.641
1515959932020	-9.816	-2.078	0.603
1515959932030	-9.826	-2.068	0.632
1515959932042	-9.816	-1.992	0.603
1515959932050	-9.807	-1.896	0.574
1515959932061	-9.845	-1.819	0.478
1515959932072	-9.931	-1.704	0.335
1515959932080	-10.075	-1.628	0.239
1515959932090	-10.247	-1.589	0.095
1515959932102	-10.458	-1.57	-0.009
1515959932110	-10.688	-1.58	-0.105
1515959932120	-10.879	-1.58	-0.22
1515959932131	-11.032	-1.628	-0.268
1515959932144	-11.147	-1.656	-0.335
1515959932153	-11.233	-1.58	-0.344
1515959932163	-11.301	-1.446	-0.421
1515959932170	-11.444	-1.369	-0.555
1515959932180	-11.684	-1.379	-0.708
1515959932192	-11.875	-1.436	-0.804
1515959932200	-11.933	-1.474	-0.775
1515959932210	-11.875	-1.494	-0.651
1515959932223	-11.846	-1.503	-0.603
1515959932230	-11.779	-1.484	-0.574
1515959932240	-11.645	-1.541	-0.574
1515959932254	-11.339	-1.589	-0.335
1515959932260	-10.879	-1.58	-0.047
1515959932270	-10.429	-1.532	0.038
1515959932284	-10.113	-1.465	-0.057
1515959932290	-9.874	-1.398	-0.287
1515959932300	-9.605	-1.379	-0.45
1515959932315	-9.28	-1.398	-0.459
1515959932320	-8.964	-1.455	-0.325
1515959932330	-8.657	-1.465	-0.296
1515959932344	-8.427	-1.417	-0.373
1515959932350	-8.198	-1.379	-0.45
1515959932360	-7.996	-1.264	-0.536
1515959932374	-7.776	-1.149	-0.612
1515959932380	-7.652	-1.072	-0.612
1515959932390	-7.565	-0.967	-0.622
1515959932404	-7.498	-0.881	-0.641
1515959932410	-7.498	-0.861	-0.756
1515959932420	-7.546	-0.823	-0.842
1515959932435	-7.632	-0.766	-0.957
1515959932440	-7.747	-0.737	-0.986
1515959932450	-7.958	-0.708	-1.015
1515959932465	-8.245	-0.708	-1.082
1515959932470	-8.514	-0.737	-1.139
1515959932481	-8.743	-0.737	-1.11
1515959932495	-8.954	-0.737	-0.861
1515959932500	-9.088	-0.737	-0.861
1515959932510	-9.203	-0.775	-0.718
1515959932525	-9.347	-0.804	-0.689
1515959932530	-9.462	-0.833	-0.689
1515959932540	-9.51	-0.852	-0.66
1515959932554	-9.471	-0.823	-0.526
1515959932560	-9.452	-0.871	-0.526
1515959932570	-9.538	-0.928	-0.411
1515959932584	-9.826	-0.967	-0.45
1515959932590	-9.854	-0.986	-0.45
1515959932600	-10.008	-0.948	-0.689
1515959932614	-9.902	-0.852	-0.699
1515959932620	-9.998	-0.747	-0.852
1515959932630	-9.816	-0.66	-0.814
1515959932645	-9.308	-0.545	-0.9
1515959932650	-9.414	-0.488	-0.89
1515959932660	-9.289	-0.488	-0.881
1515959932679	-9.366	-0.574	-0.852
1515959932715	-9.366	-0.708	-0.833
1515959932719	-9.443	-0.833	-0.699
1515959932729	-9.433	-0.89	-0.517
1515959932732	-9.433	-0.919	-0.373
1515959932734	-9.127	-0.89	-0.363
1515959932735	-8.925	-0.871	-0.421
1515959932750	-8.743	-0.794	-0.469
1515959932753	-8.6	-0.689	-0.45
1515959932766	-8.542	-0.603	-0.411
1515959932770	-8.609	-0.584	-0.344
1515959932781	-8.83	-0.842	-0.306
1515959932795	-9.098	-1.024	-0.287
1515959932800	-9.337	-1.35	-0.239
1515959932810	-9.443	-1.225	-0.114
1515959932823	-9.395	-1.484	-0.019
1515959932830	-9.289	-1.503	0.067
1515959932841	-9.241	-1.57	0.124
1515959932853	-9.299	-1.647	0.153
1515959932860	-9.519	-1.752	0.143
1515959932870	-9.874	-1.838	0.105
1515959932889	-10.295	-1.944	0.067
1515959932890	-10.678	-1.972	0.057
1515959932900	-10.917	-1.896	0.028
1515959932913	-10.927	-1.79	-0.028
1515959932920	-10.755	-1.685	-0.191
1515959932930	-10.458	-1.618	-0.287
1515959932943	-10.276	-1.647	-0.239
1515959932950	-10.285	-1.656	-0.124
1515959932960	-10.352	-1.647	-0.114
1515959932973	-10.419	-1.58	-0.21
1515959932980	-10.4	-1.474	-0.344
1515959932990	-10.228	-1.379	-0.306
1515959933005	-10.123	-1.455	-0.019
1515959933010	-10.276	-1.771	0.306
1515959933020	-10.688	-2.116	0.641
1515959933035	-11.157	-2.365	0.804
1515959933040	-11.569	-2.451	0.881
1515959933050	-11.875	-2.384	0.871
1515959933066	-12.086	-2.26	0.861
1515959933070	-12.115	-2.116	0.871
1515959933080	-11.923	-1.877	0.909
1515959933096	-11.406	-1.522	0.919
1515959933100	-10.716	-1.101	0.852
1515959933110	-10.075	-0.89	0.861
1515959933126	-9.596	-0.881	0.928
1515959933130	-9.203	-0.996	0.957
1515959933140	-8.887	-1.168	0.957
1515959933155	-8.686	-1.34	0.986
1515959933160	-8.561	-1.503	0.967
1515959933171	-8.59	-1.723	0.938
1515959933186	-8.667	-2.02	0.967
1515959933190	-8.839	-2.346	1.168
1515959933201	-9.031	-2.652	1.417
1515959933216	-9.222	-2.892	1.685
1515959933220	-9.385	-2.94	1.915
1515959933231	-9.557	-2.834	1.896
1515959933246	-9.663	-2.624	1.723
1515959933250	-9.778	-2.403	1.599
1515959933261	-9.797	-2.183	1.599
1515959933276	-9.73	-2.011	1.79
1515959933280	-9.634	-1.925	2.03
1515959933291	-9.5	-1.944	2.269
1515959933306	-9.328	-2.011	2.49
1515959933310	-9.165	-2.078	2.614
1515959933321	-9.012	-2.135	2.633
1515959933336	-8.945	-2.193	2.528
1515959933340	-8.945	-2.202	2.442
1515959933351	-8.945	-2.193	2.576
1515959933366	-8.925	-2.193	2.633
1515959933370	-8.945	-2.183	2.652
1515959933381	-8.954	-2.154	2.911
1515959933396	-8.954	-2.078	2.719
1515959933400	-8.935	-1.963	2.566
1515959933411	-8.897	-1.8	2.499
1515959933426	-8.868	-1.666	2.576
1515959933430	-8.887	-1.608	2.681
1515959933464	-8.906	-1.58	2.739
1515959933470	-8.935	-1.608	2.729
1515959933480	-9.031	-1.743	2.71
1515959933483	-9.165	-1.934	2.806
1515959933486	-9.414	-2.03	2.94
1515959933495	-9.136	-2.001	2.911
1515959933514	-9.088	-1.953	2.739
1515959933515	-9.021	-1.972	2.614
1515959933521	-8.983	-2.02	2.643
1515959933530	-8.983	-2.106	2.777
1515959933546	-8.945	-2.164	2.844
1515959933550	-8.83	-2.202	2.863
1515959933562	-8.724	-2.001	2.873
1515959933571	-8.676	-2.116	2.949
1515959933580	-8.657	-2.078	3.026
1515959933590	-8.686	-2.068	3.007
1515959933605	-8.734	-2.087	3.016
1515959933610	-8.839	-2.087	3.064
1515959933620	-8.973	-2.126	3.026
1515959933634	-9.098	-2.183	2.978
1515959933640	-9.146	-2.241	2.921
1515959933650	-9.079	-2.231	2.911
1515959933664	-9.012	-2.202	2.978
1515959933670	-9.021	-2.154	2.959
1515959933682	-9.059	-2.135	2.921
1515959933695	-9.088	-2.116	2.853
1515959933700	-9.059	-2.106	2.844
1515959933710	-9.031	-2.106	2.901
1515959933724	-9.079	-2.135	2.959
1515959933729	-9.174	-2.164	2.892
1515959933740	-9.27	-2.116	2.729
1515959933756	-9.328	-2.02	2.537
1515959933760	-9.356	-1.925	2.413
1515959933771	-9.366	-1.886	2.384
1515959933786	-9.356	-1.905	2.442
1515959933790	-9.366	-2.039	2.739
1515959933801	-9.337	-2.384	3.016
1515959933816	-9.289	-2.681	3.026
1515959933820	-9.308	-2.892	2.853
1515959933831	-9.404	-2.93	2.557
1515959933846	-9.557	-2.806	2.241
1515959933850	-9.663	-2.528	1.992
1515959933861	-9.739	-2.25	2.011
1515959933895	-9.854	-1.972	2.145
1515959933897	-9.912	-1.733	2.269
1515959933898	-9.893	-1.561	2.346
1515959933906	-9.864	-1.513	2.394
1515959933910	-9.893	-1.474	2.231
1515959933922	-9.854	-1.474	2.059
1515959933934	-9.816	-1.503	1.925
1515959933942	-9.787	-1.628	1.915
1515959933952	-9.797	-1.743	1.886
1515959933968	-9.864	-1.896	1.848
1515959933970	-9.912	-2.039	1.857
1515959933987	-9.988	-2.078	1.896
1515959933997	-10.046	-2.097	1.972
1515959934000	-10.094	-2.078	2.02
1515959934011	-10.094	-2.049	2.049
1515959934029	-10.132	-2.068	2.049
1515959934031	-10.199	-2.078	2.078
1515959934042	-10.247	-2.068	2.068
1515959934056	-10.295	-2.068	1.982
1515959934060	-10.324	-2.097	1.886
1515959934074	-10.429	-2.164	1.81
1515959934087	-10.429	-2.241	1.81
1515959934090	-10.515	-2.365	1.743
1515959934102	-10.601	-2.518	1.58
1515959934110	-10.64	-2.633	1.58
1515959934120	-10.582	-2.681	1.513
1515959934132	-10.343	-2.585	1.685
1515959934140	-10.237	-2.298	1.685
1515959934150	-9.883	-1.877	1.81
1515959934162	-9.136	-1.446	1.608
1515959934170	-9.136	-1.158	1.149
1515959934180	-8.906	-1.063	0.957
1515959934192	-8.763	-1.091	0.804
1515959934226	-8.763	-1.149	0.699
1515959934235	-8.763	-1.245	0.603
1515959934240	-8.724	-1.292	0.565
1515959934243	-8.427	-1.292	0.718
1515959934247	-8.456	-1.331	0.881
1515959934255	-8.217	-1.35	0.996
1515959934260	-8.485	-1.388	0.996
1515959934270	-8.38	-1.494	0.986
1515959934286	-8.552	-1.608	0.996
1515959934290	-8.561	-1.608	0.957
1515959934300	-8.514	-1.589	0.9
1515959934312	-8.494	-1.503	0.842
1515959934320	-8.494	-1.436	0.833
1515959934330	-8.542	-1.398	0.737
1515959934342	-8.648	-1.398	0.679
1515959934350	-8.724	-1.455	0.641
1515959934360	-8.696	-1.494	0.756
1515959934376	-8.609	-1.532	0.928
1515959934380	-8.581	-1.484	0.996
1515959934390	-8.456	-1.398	0.928
1515959934402	-8.293	-1.312	0.871
1515959934410	-8.14	-1.321	0.986
1515959934420	-8.207	-1.426	1.292
1515959934434	-8.581	-1.637	1.494
1515959934440	-9.174	-1.886	1.484
1515959934450	-9.672	-1.992	1.359
1515959934462	-9.912	-1.925	1.359
1515959934470	-9.883	-1.733	1.455
1515959934480	-9.692	-1.494	1.474
1515959934492	-9.376	-1.225	1.417
1515959934500	-9.04	-0.938	1.225
1515959934510	-8.763	-0.804	1.063
1515959934520	-8.638	-0.852	1.043
1515959934529	-8.763	-1.043	1.072
1515959934540	-9.165	-1.283	1.12
1515959934550	-9.605	-1.513	1.063
1515959934560	-9.845	-1.618	1.082
1515959934570	-9.778	-1.522	1.101
1515959934582	-9.414	-1.273	1.168
1515959934590	-8.849	-0.986	1.312
1515959934600	-8.303	-0.804	1.484
1515959934612	-8.016	-0.785	1.676
1515959934620	-8.083	-0.909	1.8
1515959934630	-8.552	-1.12	1.723
1515959934642	-9.165	-1.369	1.407
1515959934650	-9.615	-1.561	1.072
1515959934660	-9.672	-1.637	1.043
1515959934672	-9.423	-1.695	1.359
1515959934680	-9.136	-1.762	1.666
1515959934690	-9.04	-1.8	1.857
1515959934703	-9.117	-1.915	1.934
1515959934710	-9.318	-2.087	1.982
1515959934723	-9.567	-2.308	2.078
1515959934733	-9.883	-2.547	2.183
1515959934740	-10.237	-2.729	2.288
1515959934750	-10.601	-2.844	2.308
1515959934763	-10.86	-2.901	2.288
1515959934770	-10.927	-2.844	2.174
1515959934780	-10.755	-2.585	2.039
1515959934792	-10.372	-2.212	1.896
1515959934800	-9.902	-1.915	1.781
1515959934810	-9.519	-1.685	1.733
1515959934823	-9.385	-1.656	1.704
1515959934830	-9.644	-1.81	1.676
1515959934840	-10.113	-2.03	1.656
1515959934854	-10.544	-2.25	1.743
1515959934860	-10.86	-2.432	1.934
1515959934872	-11.119	-2.604	2.126
1515959934884	-11.32	-2.672	2.269
1515959934890	-11.425	-2.672	2.355
1515959934901	-11.32	-2.49	2.336
1515959934914	-10.975	-2.116	2.231
1515959934920	-10.333	-1.704	2.231
1515959934930	-9.653	-1.292	2.02
1515959934942	-9.098	-0.928	2.135
1515959934950	-8.791	-0.708	2.087
1515959934986	-8.734	-0.66	1.867
1515959934988	-8.849	-0.699	1.819
1515959934994	-9.05	-0.794	1.704
1515959935002	-9.366	-0.919	1.647
1515959935006	-9.337	-1.11	1.589
1515959935018	-9.452	-1.302	1.628
1515959935023	-9.481	-1.465	1.723
1515959935032	-9.423	-1.829	1.838
1515959935040	-9.423	-1.829	2.001
1515959935050	-9.165	-1.982	2.145
1515959935063	-9.203	-2.183	2.279
1515959935070	-9.232	-2.183	2.308
1515959935080	-9.241	-2.269	2.298
1515959935092	-9.222	-2.308	2.336
1515959935100	-9.213	-2.164	2.384
1515959935110	-9.213	-2.279	2.384
1515959935122	-9.289	-2.212	2.346
1515959935130	-9.328	-2.154	2.279
1515959935140	-9.328	-2.135	2.25
1515959935150	-9.337	-2.049	2.279
1515959935160	-9.356	-1.972	2.317
1515959935170	-9.404	-1.877	2.355
1515959935182	-9.433	-1.79	2.336
1515959935190	-9.443	-1.704	2.241
1515959935200	-9.423	-1.628	2.164
1515959935211	-9.385	-1.561	2.126
1515959935220	-9.328	-1.541	2.087
1515959935230	-9.299	-1.522	2.097
1515959935243	-9.27	-1.494	2.116
1515959935250	-9.261	-1.436	2.116
1515959935260	-9.27	-1.379	2.106
1515959935273	-9.28	-1.331	2.059
1515959935280	-9.318	-1.312	2.03
1515959935290	-9.347	-1.312	2.02
1515959935303	-9.404	-1.312	2.059
1515959935310	-9.423	-1.34	2.078
1515959935320	-9.433	-1.379	2.087
1515959935334	-9.462	-1.388	2.145
1515959935340	-9.471	-1.417	2.193
1515959935350	-9.462	-1.474	2.25
1515959935363	-9.443	-1.532	2.231
1515959935370	-9.395	-1.58	2.241
1515959935380	-9.366	-1.608	2.231
1515959935393	-9.337	-1.561	2.25
1515959935400	-9.27	-1.513	2.25
1515959935410	-9.251	-1.465	2.25
1515959935424	-9.232	-1.436	2.308
1515959935430	-9.251	-1.426	2.346
1515959935440	-9.261	-1.474	2.327
1515959935453	-9.299	-1.513	2.298
1515959935460	-9.308	-1.532	2.288
1515959935470	-9.308	-1.503	2.279
1515959935483	-9.318	-1.513	2.241
1515959935490	-9.395	-1.513	2.193
1515959935501	-9.404	-1.513	2.135
1515959935514	-9.443	-1.484	2.135
1515959935520	-9.443	-1.474	2.106
1515959935530	-9.414	-1.436	2.145
1515959935544	-9.337	-1.446	2.164
1515959935550	-9.27	-1.426	2.193
1515959935560	-9.261	-1.436	2.241
1515959935574	-9.251	-1.455	2.279
1515959935580	-9.299	-1.484	2.317
1515959935590	-9.318	-1.532	2.317
1515959935604	-9.366	-1.58	2.327
1515959935610	-9.366	-1.656	2.327
1515959935620	-9.328	-1.676	2.327
1515959935634	-9.308	-1.714	2.375
1515959935640	-9.308	-1.723	2.375
1515959935650	-9.356	-1.723	2.375
1515959935664	-9.567	-1.704	2.298
1515959935680	-9.692	-1.733	2.26
1515959935694	-9.816	-1.733	2.202
1515959935700	-9.816	-1.695	2.202
1515959935710	-9.835	-1.714	2.135
1515959935724	-9.759	-1.752	1.905
1515959935760	-9.759	-1.848	1.905
1515959935766	-9.625	-1.915	1.972
1515959935769	-9.49	-1.915	2.001
1515959935772	-9.49	-1.915	1.963
1515959935773	-9.634	-1.886	1.857
1515959935790	-9.979	-1.867	1.819
1515959935791	-10.132	-1.857	1.867
1515959935800	-10.056	-1.838	1.963
1515959935817	-10.295	-1.829	1.992
1515959935820	-10.247	-1.848	1.877
1515959935830	-10.324	-1.857	1.79
1515959935844	-10.276	-1.877	1.723
1515959935850	-10.285	-1.944	1.733
1515959935860	-10.352	-2.001	1.762
1515959935874	-10.4	-2.087	1.848
1515959935884	-10.515	-2.183	1.934
1515959935900	-10.601	-2.241	1.925
1515959935901	-10.688	-2.221	1.944
1515959935910	-10.774	-2.193	2.03
1515959935920	-10.841	-2.288	2.241
1515959935933	-10.879	-2.48	2.48
1515959935940	-10.956	-2.662	2.49
1515959935950	-10.956	-2.719	2.154
1515959935962	-10.841	-2.585	1.771
1515959935970	-10.621	-2.375	1.541
1515959935980	-10.295	-2.135	1.321
1515959935992	-9.988	-1.857	1.12
1515959935999	-9.663	-1.666	0.948
1515959936010	-9.347	-1.57	0.909
1515959936021	-9.021	-1.455	0.996
1515959936030	-8.724	-1.34	1.063
1515959936040	-8.494	-1.254	1.168
1515959936054	-8.341	-1.197	1.158
1515959936060	-8.293	-1.187	1.024
1515959936070	-8.245	-1.158	0.9
1515959936086	-8.198	-1.12	0.814
1515959936090	-8.207	-1.072	0.766
1515959936100	-8.207	-1.053	0.718
1515959936116	-8.265	-1.034	0.679
1515959936120	-8.332	-1.015	0.622
1515959936133	-8.427	-1.024	0.555
1515959936145	-8.514	-1.034	0.584
1515959936150	-8.542	-0.986	0.641
1515959936160	-8.581	-0.996	0.708
1515959936176	-8.629	-0.957	0.727
1515959936180	-8.705	-0.957	0.632
1515959936190	-8.763	-0.976	0.584
1515959936205	-8.801	-1.091	0.555
1515959936210	-8.81	-1.235	0.622
1515959936221	-8.878	-1.369	0.699
1515959936235	-9.05	-1.465	0.785
1515959936240	-9.241	-1.522	0.852
1515959936251	-9.414	-1.637	0.861
1515959936265	-9.5	-1.723	0.871
1515959936270	-9.481	-1.743	0.89
1515959936280	-9.366	-1.685	0.976
1515959936296	-9.261	-1.599	1.024
1515959936300	-9.184	-1.465	1.101
1515959936310	-9.174	-1.407	1.149
1515959936325	-9.251	-1.426	1.158
1515959936330	-9.433	-1.494	1.091
1515959936341	-9.644	-1.532	1.063
1515959936356	-9.749	-1.532	1.043
1515959936360	-9.692	-1.455	1.053
1515959936370	-9.481	-1.388	1.11
1515959936386	-9.069	-1.321	1.11
1515959936390	-9.05	-1.225	1.11
1515959936400	-8.964	-1.197	1.139
1515959936417	-9.04	-1.206	0.996
1515959936420	-9.194	-1.254	1.072
1515959936431	-9.347	-1.264	1.015
1515959936445	-9.462	-1.235	0.871
1515959936450	-9.404	-1.11	0.871
1515959936460	-9.146	-0.996	0.938
1515959936475	-8.887	-0.842	1.12
1515959936480	-8.696	-0.708	1.12
1515959936514	-8.59	-0.679	1.302
1515959936524	-8.552	-0.747	1.379
1515959936526	-8.6	-0.852	1.503
1515959936530	-8.705	-1.015	1.608
1515959936533	-8.935	-1.177	1.656
1515959936545	-9.376	-1.35	1.628
1515959936553	-9.308	-1.446	1.58
1515959936565	-8.81	-1.465	1.676
1515959936570	-8.447	-1.369	1.838
1515959936580	-8.265	-1.292	1.953
1515959936594	-8.427	-1.407	1.838
1515959936600	-8.935	-1.647	1.589
1515959936610	-9.51	-1.934	1.388
1515959936624	-9.864	-2.183	1.197
1515959936630	-9.874	-2.298	1.13
1515959936640	-9.672	-2.308	1.34
1515959936654	-9.443	-2.308	1.589
1515959936660	-9.356	-2.317	1.752
1515959936670	-9.452	-2.145	1.838
1515959936684	-9.711	-2.442	1.819
1515959936690	-10.036	-2.308	1.857
1515959936700	-10.372	-2.279	1.877
1515959936714	-10.688	-2.327	1.819
1515959936720	-10.965	-2.336	1.743
1515959936730	-11.09	-2.279	1.618
1515959936743	-11.061	-2.154	1.494
1515959936750	-10.898	-1.982	1.359
1515959936761	-10.726	-1.781	1.177
1515959936776	-10.573	-1.637	1.034
1515959936780	-10.429	-1.561	0.957
1515959936791	-10.295	-1.513	1.005
1515959936806	-10.285	-1.541	1.053
1515959936810	-10.372	-1.628	1.149
1515959936821	-10.429	-1.704	1.264
1515959936835	-10.41	-1.771	1.379
1515959936840	-10.324	-1.771	1.407
1515959936851	-10.276	-1.685	1.446
1515959936865	-10.257	-1.551	1.417
1515959936870	-10.247	-1.379	1.455
1515959936881	-10.237	-1.302	1.58
1515959936896	-10.209	-1.292	1.752
1515959936900	-10.123	-1.369	1.915
1515959936914	-9.95	-1.513	1.963
1515959936926	-9.787	-1.695	2.03
1515959936930	-9.615	-1.829	2.011
1515959936941	-9.443	-1.944	1.992
1515959936955	-9.308	-2.02	1.982
1515959936960	-9.174	-2.049	1.982
1515959936971	-9.059	-2.068	2.001
1515959936986	-8.992	-2.078	2.02
1515959936990	-9.012	-2.068	2.02
1515959937002	-9.069	-2.087	2.049
1515959937016	-9.127	-2.097	2.03
1515959937020	-9.174	-2.106	2.02
1515959937031	-9.232	-2.078	2.011
1515959937047	-9.308	-2.03	2.02
1515959937050	-9.414	-1.982	1.963
1515959937062	-9.51	-1.953	1.915
1515959937076	-9.548	-1.925	1.867
1515959937080	-9.519	-1.925	1.857
1515959937092	-9.5	-1.953	1.896
1515959937106	-9.471	-1.944	1.934
1515959937110	-9.423	-1.925	1.934
1515959937121	-9.404	-1.925	1.857
1515959937136	-9.395	-1.925	1.81
1515959937140	-9.414	-1.944	1.771
1515959937151	-9.376	-1.886	1.81
1515959937166	-9.337	-1.81	1.972
1515959937170	-9.385	-1.733	2.126
1515959937181	-9.433	-1.704	2.03
1515959937197	-9.51	-1.685	2.126
1515959937200	-9.481	-1.666	2.078
1515959937211	-9.443	-1.628	2.193
1515959937226	-9.376	-1.57	2.193
1515959937230	-9.356	-1.522	2.116
1515959937241	-9.136	-1.532	2.03
1515959937275	-9.174	-1.58	2.03
1515959937284	-9.098	-1.58	2.03
1515959937286	-9.079	-1.637	2.212
1515959937288	-9.117	-1.666	2.279
1515959937292	-9.165	-1.743	2.327
1515959937307	-9.184	-1.781	2.355
1515959937310	-9.213	-1.781	2.365
1515959937320	-9.232	-1.819	2.327
1515959937331	-9.251	-1.829	2.375
1515959937345	-9.222	-1.848	2.403
1515959937350	-9.232	-1.857	2.413
1515959937361	-9.289	-1.819	2.413
1515959937377	-9.299	-1.79	2.384
1515959937380	-9.299	-1.752	2.413
1515959937390	-9.261	-1.743	2.413
1515959937404	-9.261	-1.733	2.432
1515959937410	-9.27	-1.723	2.423
1515959937420	-9.308	-1.79	2.413
1515959937435	-9.28	-1.79	2.336
1515959937440	-9.251	-1.79	2.317
1515959937450	-9.232	-1.752	2.308
1515959937464	-9.251	-1.695	2.26
1515959937469	-9.251	-1.666	2.241
1515959937480	-9.261	-1.685	2.288
1515959937493	-9.28	-1.666	2.288
1515959937500	-9.299	-1.656	2.279
1515959937512	-9.299	-1.628	2.26
1515959937526	-9.27	-1.58	2.221
1515959937530	-9.251	-1.551	2.231
1515959937541	-9.27	-1.561	2.26
1515959937556	-9.27	-1.608	2.298
1515959937560	-9.241	-1.618	2.355
1515959937572	-9.194	-1.628	2.423
1515959937586	-9.184	-1.618	2.451
1515959937590	-9.174	-1.637	2.47
1515959937601	-9.155	-1.666	2.499
1515959937616	-9.165	-1.752	2.537
1515959937620	-9.213	-1.877	2.547
1515959937632	-9.289	-1.944	2.547
1515959937651	-9.328	-2.001	2.518
1515959937652	-9.356	-2.039	2.451
1515959937664	-9.385	-2.059	2.346
1515959937677	-9.404	-2.106	2.288
1515959937680	-9.433	-2.183	2.25
1515959937690	-9.452	-2.221	2.212
1515959937700	-9.452	-2.241	2.231
1515959937710	-9.414	-2.231	2.231
1515959937720	-9.423	-2.221	2.212
1515959937730	-9.433	-2.231	2.241
1515959937740	-9.481	-2.25	2.26
1515959937752	-9.557	-2.298	2.298
1515959937767	-9.663	-2.298	2.241
1515959937770	-9.826	-2.279	2.126
1515959937782	-9.941	-2.25	2.001
1515959937790	-10.065	-2.193	1.915
1515959937801	-10.161	-2.097	1.838
1515959937812	-10.237	-2.039	1.848
1515959937828	-10.362	-1.972	1.81
1515959937830	-10.467	-1.877	1.81
1515959937843	-10.63	-1.81	1.762
1515959937850	-10.783	-1.8	1.704
1515959937860	-10.841	-1.829	1.743
1515959937872	-10.87	-1.829	1.762
1515959937883	-10.86	-1.848	1.733
1515959937891	-10.841	-1.848	1.628
1515959937920	-10.803	-1.829	1.398
1515959937922	-10.726	-1.8	1.398
1515959937923	-10.611	-1.781	1.407
1515959937932	-10.486	-1.81	1.245
1515959937940	-10.419	-1.838	1.35
1515959937951	-10.333	-1.896	1.331
1515959937963	-10.218	-1.953	1.331
1515959937980	-10.18	-1.934	1.379
1515959937992	-9.874	-1.886	1.417
1515959938000	-9.826	-1.829	1.417
1515959938010	-9.557	-1.762	1.474
1515959938040	-8.992	-1.733	1.474
1515959938054	-9.04	-1.752	1.474
1515959938064	-8.849	-1.762	1.465
1515959938067	-8.686	-1.762	1.245
1515959938070	-8.59	-1.676	1.245
1515959938071	-8.561	-1.637	1.197
1515959938094	-8.561	-1.522	1.245
1515959938096	-8.514	-1.465	1.273
1515959938100	-8.514	-1.455	1.312
1515959938112	-8.494	-1.628	1.34
1515959938126	-8.494	-1.532	1.312
1515959938130	-8.514	-1.561	1.254
1515959938147	-8.427	-1.561	1.158
1515959938159	-8.36	-1.484	1.053
1515959938161	-8.341	-1.331	0.976
1515959938175	-8.37	-1.082	0.919
1515959938180	-8.475	-1.082	0.861
1515959938192	-8.648	-1.082	0.871
1515959938202	-8.839	-1.312	0.919
1515959938210	-9.021	-1.407	0.928
1515959938220	-9.203	-1.388	0.948
1515959938232	-9.366	-1.436	0.871
1515959938240	-9.49	-1.407	0.737
1515959938250	-9.529	-1.398	0.612
1515959938262	-9.462	-1.331	0.584
1515959938270	-9.308	-1.225	0.632
1515959938280	-9.127	-1.12	0.756
1515959938291	-8.992	-1.091	0.89
1515959938299	-9.05	-1.197	1.024
1515959938310	-9.261	-1.34	1.12
1515959938321	-9.443	-1.446	1.187
1515959938337	-9.471	-1.426	1.283
1515959938340	-9.356	-1.369	1.34
1515959938353	-9.127	-1.292	1.359
1515959938360	-8.858	-1.206	1.331
1515959938371	-8.629	-1.139	1.312
1515959938384	-8.437	-1.091	1.273
1515959938390	-8.36	-1.024	1.273
1515959938412	-8.494	-0.881	1.273
1515959938414	-8.858	-0.775	1.225
1515959938422	-9.261	-0.718	1.149
1515959938432	-9.51	-0.718	1.082
1515959938444	-9.548	-0.708	1.063
1515959938450	-9.347	-0.804	1.091
1515959938460	-9.088	-0.9	1.11
1515959938474	-8.81	-0.957	1.13
1515959938480	-8.561	-0.89	1.158
1515959938493	-8.38	-0.871	1.149
1515959938506	-8.37	-1.063	1.13
1515959938510	-8.743	-1.436	1.273
1515959938522	-9.376	-1.819	1.398
1515959938535	-9.902	-2.059	1.446
1515959938540	-10.19	-2.097	1.398
1515959938552	-10.18	-1.982	1.216
1515959938565	-9.845	-1.704	1.158
1515959938570	-9.261	-1.359	1.11
1515959938583	-8.705	-1.177	1.082
1515959938598	-8.36	-1.149	0.996
1515959938600	-8.447	-1.225	0.766
1515959938611	-8.878	-1.321	0.45
1515959938623	-9.481	-1.455	0.469
1515959938630	-9.979	-1.666	0.727
1515959938640	-10.4	-1.953	1.005
1515959938651	-10.793	-2.308	1.312
1515959938659	-11.147	-2.662	1.551
1515959938670	-11.32	-2.93	1.685
1515959938681	-11.233	-2.988	1.762
1515959938690	-10.898	-2.93	1.829
1515959938700	-10.515	-2.834	1.819
1515959938714	-10.247	-2.796	1.905
1515959938721	-10.103	-2.834	1.992
1515959938732	-10.017	-2.873	1.972
1515959938742	-9.96	-2.844	1.838
1515959938750	-9.979	-2.691	1.714
1515959938760	-10.084	-2.48	1.589
1515959938772	-10.295	-2.193	1.465
1515959938794	-10.419	-1.838	1.292
1515959938795	-10.352	-1.474	1.101
1515959938807	-9.749	-1.158	0.967
1515959938840	-9.749	-0.957	0.967
1515959938843	-9.529	-0.852	1.024
1515959938850	-9.471	-0.842	1.206
1515959938857	-9.557	-0.919	1.091
1515959938859	-9.778	-1.043	1.302
1515959938862	-10.123	-1.206	1.34
1515959938870	-10.458	-1.379	1.34
1515959938880	-10.803	-1.513	1.398
1515959938893	-11.023	-1.743	1.551
1515959938900	-10.716	-1.743	1.733
1515959938914	-10.314	-1.771	1.982
1515959938922	-9.845	-1.704	2.116
1515959938931	-9.299	-1.704	2.193
1515959938947	-8.839	-1.628	2.241
1515959938954	-8.571	-1.599	2.279
1515959938960	-8.494	-1.685	2.336
1515959938976	-8.542	-2.135	2.394
1515959938987	-8.667	-2.241	2.413
1515959938992	-8.791	-2.547	2.423
1515959939000	-8.925	-2.614	2.423
1515959939018	-9.021	-2.739	2.48
1515959939020	-9.107	-2.748	2.499
1515959939032	-9.146	-2.672	2.499
1515959939042	-9.155	-2.518	2.518
1515959939050	-9.155	-2.346	2.528
1515959939068	-9.136	-2.174	2.509
1515959939074	-9.165	-2.078	2.442
1515959939080	-9.174	-2.001	2.413
1515959939090	-9.213	-1.982	2.442
1515959939103	-9.28	-2.02	2.451
1515959939110	-9.28	-2.02	2.423
1515959939120	-9.27	-2.039	2.432
1515959939132	-9.27	-2.068	2.403
1515959939139	-9.328	-2.087	2.346
1515959939150	-9.337	-2.145	2.298
1515959939168	-9.299	-2.183	2.25
1515959939170	-9.289	-2.202	2.231
1515959939180	-9.27	-2.193	2.193
1515959939193	-9.251	-2.174	2.212
1515959939200	-9.232	-2.145	2.164
1515959939217	-9.184	-2.116	2.145
1515959939225	-9.165	-2.126	2.154
1515959939230	-9.146	-2.135	2.212
1515959939240	-9.127	-2.154	2.231
1515959939253	-9.165	-2.183	2.269
1515959939260	-9.289	-2.221	2.25
1515959939270	-9.404	-2.317	2.221
1515959939283	-9.356	-2.423	2.26
1515959939290	-9.27	-2.509	2.375
1515959939300	-9.174	-2.557	2.432
1515959939314	-9.136	-2.557	2.461
1515959939320	-9.184	-2.547	2.403
1515959939332	-9.203	-2.499	2.308
1515959939347	-9.203	-2.442	2.336
1515959939350	-9.184	-2.384	2.346
1515959939362	-9.222	-2.336	2.336
1515959939377	-9.261	-2.26	2.221
1515959939380	-9.222	-2.193	2.231
1515959939392	-9.146	-2.145	2.221
1515959939405	-9.079	-2.106	2.231
1515959939410	-9.012	-2.116	2.279
1515959939422	-8.992	-2.135	2.317
1515959939435	-9.002	-2.126	2.355
1515959939440	-9.088	-2.116	2.327
1515959939451	-9.174	-2.116	2.308
1515959939465	-9.28	-2.116	2.288
1515959939470	-9.347	-2.087	2.269
1515959939483	-9.366	-2.02	2.26
1515959939495	-9.347	-1.915	2.231
1515959939500	-9.328	-1.819	2.231
1515959939512	-9.28	-1.781	2.25
1515959939526	-9.241	-1.79	2.298
1515959939530	-9.203	-1.838	2.365
1515959939569	-9.155	-1.905	2.442
1515959939572	-9.117	-2.126	2.365
1515959939573	-9.117	-2.03	2.365
1515959939576	-9.165	-2.049	2.355
1515959939591	-9.146	-2.049	2.375
1515959939595	-9.146	-2.02	2.442
1515959939601	-9.203	-2.011	2.423
1515959939616	-9.241	-1.963	2.193
1515959939622	-9.261	-1.963	2.26
1515959939635	-9.289	-1.953	2.174
1515959939645	-9.337	-1.963	2.154
1515959939650	-9.337	-1.972	2.135
1515959939661	-9.337	-1.982	2.145
1515959939675	-9.376	-2.03	2.097
1515959939680	-9.376	-2.078	2.087
1515959939690	-9.567	-2.097	2.068
1515959939706	-9.443	-2.039	2.135
1515959939710	-9.433	-2.02	2.212
1515959939723	-9.423	-2.001	2.298
1515959939735	-9.481	-2.02	2.308
1515959939740	-9.586	-2.059	2.269
1515959939750	-9.711	-2.116	2.154
1515959939763	-9.807	-2.183	2.049
1515959939770	-9.826	-2.174	1.905
1515959939780	-9.854	-2.001	1.829
1515959939794	-9.893	-2.288	1.8
1515959939800	-9.988	-2.154	1.771
1515959939810	-10.132	-2.135	1.695
1515959939823	-10.247	-2.078	1.618
1515959939829	-10.314	-2.03	1.494
1515959939840	-10.324	-2.02	1.436
1515959939853	-10.305	-2.001	1.436
1515959939859	-10.247	-2.03	1.484
1515959939870	-10.18	-2.145	1.561
1515959939884	-10.142	-2.336	1.608
1515959939890	-10.17	-2.528	1.608
1515959939900	-10.17	-2.71	1.656
1515959939911	-10.19	-2.786	1.685
1515959939932	-10.228	-2.777	1.685
1515959939934	-10.209	-2.662	1.656
1515959939947	-10.199	-2.499	1.599
1515959939950	-10.142	-2.384	1.522
1515959939960	-10.132	-2.298	1.455
1515959939973	-10.046	-2.298	1.446
1515959939980	-9.941	-2.279	1.484
1515959939990	-9.835	-2.231	1.541
1515959940005	-9.768	-2.068	1.637
1515959940010	-9.739	-1.877	1.599
1515959940021	-9.682	-1.743	1.426
1515959940034	-9.586	-1.685	1.331
1515959940040	-9.471	-1.666	1.34
1515959940052	-9.376	-1.666	1.407
1515959940066	-9.423	-1.743	1.321
1515959940070	-9.49	-1.905	1.177
1515959940081	-9.5	-2.078	1.005
1515959940095	-9.5	-2.164	0.804
1515959940100	-9.5	-2.068	0.67
1515959940111	-9.356	-1.905	0.565
1515959940121	-9.174	-1.762	0.545
1515959940130	-9.021	-1.685	0.574
1515959940142	-8.906	-1.685	0.66
1515959940158	-8.743	-1.723	0.785
1515959940160	-8.514	-1.743	0.9
1515959940171	-8.255	-1.685	1.015
1515959940184	-8.016	-1.637	1.082
1515959940190	-7.968	-1.503	1.063
1515959940203	-8.111	-1.436	1.024
1515959940216	-8.38	-1.436	0.948
1515959940221	-8.667	-1.455	0.967
1515959940230	-8.849	-1.474	1.024
1515959940240	-8.973	-1.436	1.12
1515959940251	-9.069	-1.484	1.139
1515959940260	-9.088	-1.551	1.139
1515959940273	-9.261	-1.666	1.149
1515959940279	-9.136	-1.81	1.149
1515959940290	-9.136	-1.857	1.206
1515959940327	-8.897	-1.848	1.072
1515959940328	-8.925	-1.81	1.072
1515959940330	-8.791	-1.752	1.043
1515959940335	-8.686	-1.685	1.043
1515959940353	-8.696	-1.676	1.091
1515959940357	-8.839	-1.685	1.158
1515959940373	-9.203	-1.685	1.072
1515959940377	-9.28	-1.666	1.072
1515959940383	-9.404	-1.637	0.976
1515959940401	-9.395	-1.561	0.986
1515959940402	-9.318	-1.446	0.948
1515959940415	-9.146	-1.292	0.785
1515959940425	-8.82	-1.149	0.679
1515959940430	-8.791	-1.005	0.641
1515959940440	-8.629	-0.919	0.727
1515959940457	-8.542	-0.919	0.842
1515959940460	-9.127	-0.996	0.909
1515959940470	-9.5	-1.12	0.928
1515959940484	-9.96	-1.312	0.948
1515959940489	-10.257	-1.465	0.996
1515959940500	-10.314	-1.513	1.034
1515959940513	-10.084	-1.465	1.053
1515959940519	-9.567	-1.264	1.091
1515959940530	-8.916	-0.881	1.264
1515959940544	-8.456	-0.651	1.455
1515959940550	-8.437	-1.063	1.58
1515959940560	-8.753	-1.072	1.541
1515959940576	-9.146	-1.522	1.484
1515959940580	-9.404	-1.762	1.522
1515959940591	-9.452	-1.857	1.647
1515959940607	-9.356	-1.915	1.695
1515959940610	-9.347	-2.001	1.628
1515959940622	-9.356	-2.068	1.513
1515959940639	-9.356	-2.116	1.398
1515959940641	-9.452	-2.126	1.35
1515959940652	-9.682	-2.135	1.321
1515959940667	-10.075	-2.126	1.273
1515959940670	-10.515	-2.135	1.283
1515959940682	-10.822	-2.068	1.398
1515959940702	-10.879	-1.972	1.494
1515959940704	-10.697	-1.857	1.503
1515959940716	-10.429	-1.81	1.436
1515959940733	-10.151	-1.762	1.302
1515959940735	-9.835	-1.752	1.321
1515959940743	-9.605	-1.857	1.436
1515959940751	-9.5	-2.078	1.58
1515959940760	-9.605	-2.384	1.628
1515959940770	-9.864	-2.624	1.58
1515959940781	-10.151	-2.739	1.465
1515959940790	-10.352	-2.719	1.35
1515959940800	-10.4	-2.624	1.321
1515959940812	-10.257	-2.499	1.359
1515959940820	-10.027	-2.346	1.359
1515959940831	-9.749	-2.183	1.34
1515959940842	-9.49	-2.078	1.273
1515959940850	-9.289	-2.011	1.273
1515959940861	-9.213	-1.953	1.34
1515959940872	-9.28	-1.992	1.436
1515959940880	-9.51	-2.059	1.551
1515959940891	-9.807	-2.154	1.618
1515959940905	-10.17	-2.231	1.676
1515959940910	-10.486	-2.26	1.676
1515959940920	-10.64	-2.241	1.752
1515959940935	-10.649	-2.193	1.867
1515959940940	-10.525	-2.049	1.944
1515959940950	-10.228	-1.925	1.972
1515959940961	-9.874	-1.723	1.963
1515959940970	-9.49	-1.589	1.953
1515959940980	-9.213	-1.513	1.992
1515959940992	-9.059	-1.474	2.001
1515959941000	-9.031	-1.436	1.972
1515959941010	-9.05	-1.426	1.915
1515959941025	-9.107	-1.398	1.877
1515959941029	-9.155	-1.417	1.857
1515959941040	-9.232	-1.455	1.857
1515959941055	-9.318	-1.541	1.867
1515959941090	-9.395	-1.676	1.905
1515959941097	-9.5	-1.819	1.886
1515959941098	-9.548	-1.896	1.915
1515959941102	-9.519	-1.982	1.963
1515959941104	-9.471	-2.039	1.972
1515959941116	-9.376	-2.116	2.039
1515959941120	-9.289	-2.183	2.078
1515959941135	-9.194	-2.202	2.288
1515959941142	-9.117	-2.231	2.174
1515959941157	-9.05	-2.241	2.212
1515959941163	-9.031	-2.308	2.212
1515959941179	-9.059	-2.346	2.212
1515959941180	-9.098	-2.355	2.202
1515959941195	-9.165	-2.317	2.193
1515959941207	-9.241	-2.212	2.212
1515959941210	-9.328	-2.135	2.212
1515959941227	-9.385	-2.02	2.202
1515959941239	-9.423	-1.934	2.221
1515959941240	-9.404	-1.838	2.212
1515959941251	-9.404	-1.762	2.212
1515959941266	-9.376	-1.695	2.221
1515959941270	-9.328	-1.647	2.212
1515959941280	-9.308	-1.599	2.221
1515959941290	-9.261	-1.589	2.183
1515959941300	-9.232	-1.608	2.174
1515959941312	-9.222	-1.599	2.193
1515959941320	-9.241	-1.647	2.183
1515959941330	-9.27	-1.647	2.145
1515959941341	-9.27	-1.704	2.145
1515959941350	-9.299	-1.723	2.145
1515959941359	-9.356	-1.733	2.097
1515959941370	-9.423	-1.781	2.02
1515959941380	-9.5	-1.829	1.896
1515959941390	-9.51	-1.934	1.886
1515959941401	-9.529	-2.001	1.915
1515959941410	-9.605	-2.039	1.857
1515959941420	-9.701	-2.011	1.771
1515959941433	-9.768	-2.039	1.637
1515959941440	-9.692	-2.039	1.589
1515959941451	-9.5	-2.03	1.714
1515959941463	-9.28	-2.049	1.915
1515959941470	-9.117	-2.068	2.068
1515959941482	-8.992	-2.059	2.154
1515959941493	-8.935	-2.02	2.221
1515959941503	-8.906	-1.982	2.298
1515959941513	-8.983	-1.953	2.384
1515959941525	-9.069	-1.963	2.451
1515959941533	-9.174	-1.905	2.48
1515959941542	-9.318	-1.877	2.423
1515959941555	-9.414	-1.838	2.355
1515959941560	-9.471	-1.81	2.317
1515959941570	-9.462	-1.8	2.288
1515959941583	-9.376	-1.81	2.288
1515959941590	-9.27	-1.877	2.288
1515959941602	-9.165	-1.934	2.288
1515959941616	-9.088	-1.972	2.269
1515959941623	-9.059	-2.02	2.25
1515959941633	-9.059	-2.03	2.26
1515959941646	-9.069	-2.039	2.317
1515959941660	-9.107	-2.068	2.355
1515959941662	-9.165	-2.126	2.317
1515959941674	-9.232	-2.154	2.288
1515959941680	-9.289	-2.174	2.288
1515959941692	-9.308	-2.174	2.25
1515959941705	-9.318	-2.202	2.288
1515959941710	-9.337	-2.241	2.298
1515959941722	-9.347	-2.279	2.279
1515959941737	-9.366	-2.327	2.25
1515959941743	-9.385	-2.375	2.241
1515959941752	-9.404	-2.461	2.231
1515959941764	-9.423	-2.509	2.145
1515959941770	-9.423	-2.537	2.145
1515959941780	-9.423	-2.509	2.087
1515959941795	-9.395	-2.413	1.829
1515959941800	-9.385	-2.355	1.829
1515959941812	-9.404	-2.25	1.752
1515959941852	-9.443	-2.174	1.676
1515959941853	-9.462	-2.068	1.608
1515959941854	-9.5	-1.982	1.532
1515959941855	-9.538	-1.915	1.484
1515959941863	-9.567	-1.877	1.426
1515959941882	-9.663	-1.886	1.359
1515959941884	-9.759	-1.925	1.292
1515959941891	-9.874	-1.963	1.283
1515959941902	-9.969	-2.001	1.283
1515959941917	-10.199	-2.011	1.465
1515959941926	-10.065	-2.049	1.618
1515959941933	-10.065	-2.154	1.561
1515959941959	-10.103	-2.25	1.599
1515959941961	-10.17	-2.317	1.599
1515959941962	-10.199	-2.288	1.608
1515959941974	-10.19	-2.193	1.541
1515959941980	-10.209	-2.059	1.465
1515959941990	-10.266	-1.963	1.331
1515959942010	-10.611	-2.126	1.235
1515959942014	-10.764	-2.03	1.254
1515959942021	-10.908	-2.097	1.321
1515959942039	-10.898	-2.164	1.417
1515959942040	-10.898	-2.193	1.446
1515959942053	-11.042	-2.183	1.264
1515959942062	-11.119	-2.183	0.842
1515959942070	-11.128	-2.116	0.354
1515959942080	-10.965	-1.972	0.287
1515959942092	-10.716	-1.743	0.584
1515959942100	-10.448	-1.589	0.938
1515959942110	-10.199	-1.417	1.024
1515959942121	-10.075	-1.484	0.976
1515959942130	-9.998	-1.484	1.053
1515959942147	-9.826	-1.254	1.302
1515959942152	-9.615	-1.005	1.522
1515959942159	-9.423	-0.814	1.436
1515959942170	-9.261	-0.766	1.216
1515959942181	-9.203	-0.775	0.957
1515959942189	-9.136	-0.852	0.66
1515959942200	-9.031	-0.967	0.517
1515959942211	-8.916	-1.091	0.478
1515959942219	-8.743	-1.216	0.411
1515959942232	-8.59	-1.245	0.344
1515959942241	-8.389	-1.13	0.239
1515959942249	-8.14	-1.034	0.086
1515959942260	-7.996	-1.024	-0.095
1515959942272	-7.968	-1.13	-0.191
1515959942289	-7.987	-1.245	-0.22
1515959942290	-8.083	-1.379	-0.162
1515959942303	-8.178	-1.426	-0.172
1515959942309	-8.265	-1.465	-0.143
1515959942320	-8.332	-1.436	-0.134
1515959942331	-8.38	-1.312	-0.153
1515959942339	-8.504	-1.245	-0.114
1515959942350	-8.686	-1.292	-0.038
1515959942362	-8.82	-1.34	0.076
1515959942379	-8.906	-1.331	0.201
1515959942380	-8.954	-1.235	0.344
1515959942392	-8.897	-1.168	0.43
1515959942399	-8.839	-1.158	0.45
1515959942410	-8.858	-1.216	0.498
1515959942422	-8.983	-1.369	0.536
1515959942429	-9.194	-1.532	0.555
1515959942441	-9.404	-1.647	0.545
1515959942452	-9.529	-1.618	0.545
1515959942460	-9.567	-1.474	0.44
1515959942470	-9.605	-1.331	0.363
1515959942482	-9.692	-1.292	0.354
1515959942490	-9.864	-1.407	0.363
1515959942500	-10.18	-1.532	0.478
1515959942512	-10.534	-1.589	0.565
1515959942519	-10.755	-1.58	0.651
1515959942530	-10.783	-1.494	0.718
1515959942542	-10.64	-1.321	0.708
1515959942550	-10.477	-1.101	0.67
1515959942561	-10.391	-0.976	0.632
1515959942574	-10.295	-0.909	0.67
1515959942640	-10.218	-0.9	0.794
1515959942641	-10.228	-0.928	0.842
1515959942642	-10.257	-0.986	0.861
1515959942642	-10.218	-1.072	0.842
1515959942647	-10.075	-1.13	0.842
1515959942648	-9.816	-1.206	0.861
1515959942649	-9.567	-1.158	0.833
1515959942660	-9.347	-1.082	0.814
1515959942662	-9.127	-0.986	0.727
1515959942678	-8.935	-0.938	0.689
1515959942685	-8.763	-0.938	0.66
1515959942694	-8.648	-0.976	0.804
1515959942715	-8.648	-1.034	0.957
1515959942716	-8.648	-1.063	1.139
1515959942723	-8.676	-1.139	1.091
1515959942730	-8.676	-1.149	0.938
1515959942740	-8.638	-1.091	1.043
1515959942752	-8.332	-1.024	1.149
1515959942760	-8.332	-1.005	1.149
1515959942770	-8.255	-0.996	1.197
1515959942783	-8.619	-1.264	1.034
1515959942790	-8.619	-1.264	0.938
1515959942800	-9.347	-1.484	0.986
1515959942815	-9.682	-1.81	1.177
1515959942820	-9.835	-1.79	1.369
1515959942830	-9.988	-1.857	1.417
1515959942842	-9.854	-1.867	1.417
1515959942850	-9.634	-1.877	1.417
1515959942860	-9.299	-1.829	1.35
1515959942873	-9.146	-1.762	1.216
1515959942880	-9.299	-1.685	1.091
1515959942890	-9.778	-1.685	1.005
1515959942902	-10.314	-1.982	0.9
1515959942914	-10.726	-2.106	0.852
1515959942920	-10.927	-2.269	0.928
1515959942932	-10.965	-2.308	0.976
1515959942940	-10.889	-2.346	1.034
1515959942950	-10.783	-2.384	1.043
1515959942962	-10.659	-2.346	1.063
1515959942970	-10.458	-2.26	1.053
1515959943001	-10.237	-2.126	1.13
1515959943002	-10.036	-1.982	1.177
1515959943002	-9.979	-1.857	1.245
1515959943010	-10.103	-1.723	1.168
1515959943024	-10.218	-1.637	1.015
1515959943030	-10.19	-1.628	0.9
1515959943040	-9.95	-1.704	1.024
1515959943052	-9.605	-1.8	1.245
1515959943060	-9.28	-1.848	1.494
1515959943070	-9.059	-1.934	1.714
1515959943092	-8.983	-2.03	1.944
1515959943093	-9.069	-2.116	2.02
1515959943100	-9.299	-2.231	2.087
1515959943113	-9.586	-2.375	2.231
1515959943120	-9.864	-2.537	2.47
1515959943133	-10.17	-2.614	2.7
1515959943144	-10.381	-2.633	2.796
1515959943150	-10.467	-2.614	2.815
1515959943160	-10.41	-2.576	2.758
1515959943173	-10.132	-2.499	2.719
1515959943180	-9.701	-2.432	2.748
1515959943193	-9.194	-2.327	2.853
1515959943203	-8.763	-2.26	2.997
1515959943210	-8.485	-2.145	3.026
1515959943221	-8.36	-2.106	2.978
1515959943233	-8.408	-2.097	2.863
1515959943240	-8.533	-2.097	2.777
1515959943250	-8.715	-2.087	2.739
1515959943263	-8.916	-2.001	2.672
1515959943269	-9.079	-1.896	2.537
1515959943280	-9.203	-1.877	2.451
1515959943294	-9.261	-1.886	2.461
1515959943300	-9.27	-1.953	2.49
1515959943310	-9.222	-2.011	2.509
1515959943325	-9.165	-1.982	2.49
1515959943330	-9.098	-1.934	2.451
1515959943370	-9.021	-1.925	2.48
1515959943378	-8.945	-1.992	2.624
1515959943383	-8.906	-2.116	2.624
1515959943385	-8.887	-2.241	2.662
1515959943389	-8.935	-2.308	2.624
1515959943392	-9.012	-2.375	2.604
1515959943404	-9.107	-2.365	2.566
1515959943420	-9.222	-2.355	2.624
1515959943421	-9.27	-2.384	2.624
1515959943434	-9.337	-2.384	2.662
1515959943447	-9.366	-2.394	2.643
1515959943450	-9.376	-2.346	2.604
1515959943460	-9.347	-2.298	2.518
1515959943474	-9.232	-2.279	2.528
1515959943480	-9.146	-2.212	2.537
1515959943490	-9.088	-2.145	2.547
1515959943503	-9.117	-2.106	2.509
1515959943510	-9.174	-2.135	2.355
1515959943520	-9.174	-2.106	2.279
1515959943533	-9.174	-2.116	2.365
1515959943540	-9.174	-2.059	2.365
1515959943550	-9.203	-2.049	2.183
1515959943560	-9.251	-2.049	2.231
1515959943570	-9.251	-2.068	2.193
1515959943580	-9.261	-2.087	2.212
1515959943594	-9.27	-2.078	2.212
1515959943600	-9.289	-2.02	2.183
1515959943610	-9.299	-1.972	2.126
1515959943623	-9.318	-1.944	2.087
1515959943635	-9.328	-1.963	2.068
1515959943641	-9.251	-2.011	2.116
1515959943655	-9.174	-2.087	2.202
1515959943661	-9.079	-2.164	2.174
1515959943677	-9.05	-2.183	2.087
1515959943684	-9.05	-2.183	1.953
1515959943690	-9.079	-2.001	1.877
1515959943700	-9.155	-2.116	1.877
1515959943713	-9.232	-2.059	1.934
1515959943720	-9.337	-1.838	2.011
1515959943730	-9.423	-1.896	2.02
1515959943744	-9.49	-1.848	2.001
1515959943750	-9.481	-1.781	2.049
1515959943760	-9.49	-1.752	2.116
1515959943773	-9.433	-1.762	2.145
1515959943779	-9.414	-1.8	2.106
1515959943790	-9.347	-1.896	2.049
1515959943803	-9.299	-2.001	1.953
1515959943810	-9.261	-2.116	1.915
1515959943820	-9.213	-2.154	1.963
1515959943834	-9.232	-2.25	2.001
1515959943840	-9.28	-2.317	2.059
1515959943850	-9.347	-2.394	2.078
1515959943866	-9.395	-2.499	2.068
1515959943870	-9.443	-2.624	2.087
1515959943881	-9.481	-2.681	2.097
1515959943895	-9.462	-2.729	2.039
1515959943900	-9.443	-2.691	2.011
1515959943910	-9.395	-2.614	1.992
1515959943924	-9.337	-2.557	1.925
1515959943930	-9.261	-2.451	1.857
1515959943944	-9.213	-2.308	1.752
1515959943953	-9.222	-2.145	1.618
1515959943963	-9.27	-2.03	1.522
1515959943970	-9.308	-1.867	1.398
1515959943984	-9.356	-1.743	1.292
1515959943990	-9.433	-1.666	1.177
1515959944000	-9.586	-1.599	1.101
1515959944016	-9.73	-1.561	1.005
1515959944020	-9.826	-1.551	0.957
1515959944030	-9.854	-1.608	0.976
1515959944046	-9.883	-1.714	1.034
1515959944050	-9.883	-1.81	1.139
1515959944062	-9.874	-1.963	1.225
1515959944074	-9.874	-2.087	1.254
1515959944080	-9.864	-2.154	1.264
1515959944090	-9.893	-2.193	1.302
1515959944124	-9.921	-2.202	1.254
1515959944128	-9.931	-2.183	1.254
1515959944131	-9.979	-2.174	1.187
1515959944135	-9.998	-2.068	1.072
1515959944147	-10.046	-1.915	1.015
1515959944156	-10.075	-1.8	0.919
1515959944160	-10.18	-1.714	0.766
1515959944174	-10.295	-1.733	0.584
1515959944186	-10.4	-1.857	0.44
1515959944198	-10.439	-1.972	0.67
1515959944200	-10.525	-2.087	0.67
1515959944212	-10.697	-2.154	0.842
1515959944230	-10.803	-2.164	0.804
1515959944231	-10.764	-2.135	0.804
1515959944245	-10.563	-2.068	0.804
1515959944258	-10.305	-2.011	0.823
1515959944261	-10.161	-1.953	0.67
1515959944271	-10.103	-1.877	0.689
1515959944288	-10.142	-1.752	0.498
1515959944290	-10.123	-1.608	0.363
1515959944301	-10.075	-1.407	0.268
1515959944316	-10.036	-1.245	0.181
1515959944320	-9.979	-1.13	0.028
1515959944330	-10.008	-1.12	-0.038
1515959944345	-10.046	-1.206	-0.057
1515959944351	-10.036	-1.331	0.038
1515959944367	-9.816	-1.407	0.134
1515959944376	-9.874	-1.532	0.191
1515959944381	-9.644	-1.628	0.172
1515959944390	-9.682	-1.676	0.134
1515959944404	-9.452	-1.714	0.172
1515959944410	-9.356	-1.676	0.229
1515959944420	-9.241	-1.58	0.316
1515959944434	-9.079	-1.436	0.383
1515959944439	-8.887	-1.283	0.287
1515959944452	-8.801	-1.235	0.134
1515959944465	-8.763	-1.187	-0.057
1515959944470	-8.676	-1.34	-0.181
1515959944480	-8.571	-1.225	-0.22
1515959944498	-8.504	-1.091	-0.249
1515959944500	-8.437	-1.216	-0.325
1515959944512	-8.447	-1.13	-0.488
1515959944528	-8.447	-1.12	-0.593
1515959944530	-8.494	-1.072	-0.689
1515959944541	-8.581	-1.091	-0.823
1515959944555	-8.753	-1.13	-0.919
1515959944560	-8.945	-1.254	-0.928
1515959944570	-9.031	-1.369	-0.804
1515959944585	-9.031	-1.426	-0.622
1515959944590	-8.935	-1.35	-0.478
1515959944600	-8.743	-1.206	-0.411
1515959944618	-8.523	-1.015	-0.363
1515959944620	-8.408	-0.871	-0.363
1515959944631	-8.494	-0.852	-0.383
1515959944646	-8.801	-0.957	-0.411
1515959944650	-9.213	-1.13	-0.383
1515959944660	-9.462	-1.273	-0.325
1515959944675	-9.443	-1.302	-0.201
1515959944680	-9.174	-1.245	-0.105
1515959944690	-8.839	-1.197	-0.105
1515959944707	-8.561	-1.158	-0.124
1515959944710	-8.399	-1.11	-0.22
1515959944721	-8.341	-1.091	-0.373
1515959944735	-8.485	-1.072	-0.545
1515959944740	-8.753	-1.053	-0.67
1515959944750	-9.222	-1.024	-0.747
1515959944765	-9.768	-1.11	-0.852
1515959944770	-10.295	-1.168	-0.842
1515959944780	-10.592	-1.206	-0.775
1515959944796	-10.659	-1.206	-0.651
1515959944800	-10.486	-1.177	-0.488
1515959944810	-10.142	-1.082	-0.363
1515959944828	-9.759	-1.005	-0.258
1515959944830	-9.605	-0.996	-0.249
1515959944842	-9.586	-1.091	-0.296
1515959944860	-9.73	-1.321	-0.335
1515959944902	-10.027	-1.676	-0.201
1515959944930	-10.257	-1.953	0.067
1515959944941	-10.372	-1.992	0.22
1515959944954	-10.362	-1.838	0.181
1515959944955	-10.247	-1.628	0.038
1515959944956	-9.969	-1.503	-0.143
1515959944957	-9.701	-1.465	-0.277
1515959944958	-9.548	-1.532	-0.268
1515959944958	-9.711	-1.637	-0.296
1515959944960	-10.218	-1.838	-0.392
1515959944961	-10.793	-2.001	-0.469
1515959944975	-11.147	-2.106	-0.43
1515959944989	-11.205	-2.154	-0.296
1515959944990	-11.052	-2.135	-0.028
1515959945004	-10.774	-2.106	0.21
1515959945015	-10.534	-2.068	0.392
1515959945026	-10.41	-2.001	0.45
1515959945037	-10.295	-1.905	0.316
1515959945043	-10.257	-1.8	0.086
1515959945051	-10.247	-1.704	-0.086
1515959945067	-10.266	-1.647	-0.124
1515959945070	-10.218	-1.628	-0.124
1515959945081	-10.151	-1.647	0.019
1515959945090	-10.094	-1.752	0.019
1515959945100	-10.046	-1.81	0.038
1515959945112	-9.787	-1.857	0.191
1515959945120	-9.826	-1.867	0.363
1515959945130	-9.663	-1.771	0.402
1515959945141	-9.347	-1.704	0.373
1515959945150	-9.385	-1.676	0.373
1515959945160	-9.299	-1.599	0.335
1515959945171	-9.452	-1.561	0.268
1515959945180	-9.605	-1.58	0.172
1515959945190	-9.902	-1.656	0.181
1515959945201	-10.103	-1.944	0.277
1515959945210	-10.19	-1.867	0.459
1515959945225	-10.209	-1.857	0.641
1515959945234	-10.247	-1.819	0.766
1515959945240	-10.237	-1.762	0.833
1515959945250	-10.209	-1.752	0.871
1515959945262	-10.142	-1.762	0.919
1515959945270	-10.065	-1.8	0.976
1515959945280	-9.96	-1.79	1.024
1515959945291	-9.874	-1.762	1.043
1515959945300	-9.73	-1.695	1.005
1515959945309	-9.615	-1.637	0.967
1515959945321	-9.49	-1.608	0.976
1515959945330	-9.395	-1.589	0.996
1515959945340	-9.318	-1.637	1.024
1515959945351	-9.261	-1.695	1.091
1515959945360	-9.251	-1.8	1.216
1515959945370	-9.222	-1.857	1.321
1515959945383	-9.28	-1.915	1.398
1515959945390	-9.328	-1.944	1.436
1515959945400	-9.385	-1.953	1.503
1515959945411	-9.423	-1.972	1.513
1515959945420	-9.471	-1.963	1.561
1515959945430	-9.51	-1.982	1.618
1515959945441	-9.519	-1.925	1.656
1515959945450	-9.529	-1.905	1.628
1515959945460	-9.51	-1.886	1.608
1515959945472	-9.481	-1.886	1.608
1515959945480	-9.443	-1.896	1.637
1515959945490	-9.366	-1.886	1.704
1515959945513	-9.299	-1.857	1.79
1515959945516	-9.28	-1.819	1.771
1515959945521	-9.328	-1.819	1.637
1515959945531	-9.385	-1.79	1.541
1515959945540	-9.443	-1.771	1.465
1515959945550	-9.376	-1.762	1.589
1515959945561	-9.289	-1.685	1.733
1515959945570	-9.28	-1.551	1.781
1515959945580	-9.328	-1.484	1.704
1515959945591	-9.395	-1.503	1.599
1515959945600	-9.414	-1.618	1.58
1515959945611	-9.347	-1.752	1.752
1515959945637	-9.27	-1.838	1.972
1515959945649	-9.27	-1.925	1.992
1515959945653	-9.328	-1.982	1.944
1515959945657	-9.366	-2.068	1.953
1515959945661	-9.404	-2.126	1.915
1515959945679	-9.414	-2.164	1.886
1515959945680	-9.452	-2.212	1.848
1515959945690	-9.471	-2.221	1.762
1515959945701	-9.462	-2.241	1.695
1515959945721	-9.443	-2.193	1.695
1515959945726	-9.423	-2.212	1.714
1515959945734	-9.404	-2.26	1.714
1515959945744	-9.385	-2.298	1.743
1515959945750	-9.347	-2.336	1.752
1515959945767	-9.318	-2.317	1.762
1515959945774	-9.27	-2.317	1.771
1515959945780	-9.251	-2.298	1.8
1515959945790	-9.203	-2.288	1.771
1515959945802	-9.203	-2.298	1.81
1515959945810	-9.213	-2.298	1.819
1515959945820	-9.241	-2.288	1.829
1515959945832	-9.261	-2.298	1.8
1515959945840	-9.261	-2.279	1.762
1515959945850	-9.27	-2.231	1.79
1515959945861	-9.27	-2.193	1.81
1515959945869	-9.28	-2.145	1.819
1515959945880	-9.328	-2.154	1.8
1515959945891	-9.347	-2.183	1.829
1515959945900	-9.385	-2.193	1.829
1515959945910	-9.423	-2.212	1.79
1515959945923	-9.423	-2.212	1.752
1515959945930	-9.395	-2.221	1.723
1515959945940	-9.376	-2.231	1.704
1515959945964	-9.347	-2.26	1.666
1515959945966	-9.347	-2.26	1.656
1515959945970	-9.395	-2.269	1.656
1515959945981	-9.395	-2.25	1.628
1515959945990	-9.366	-2.269	1.608
1515959946000	-9.347	-2.269	1.628
1515959946014	-9.318	-2.298	1.628
1515959946020	-9.328	-2.298	1.599
1515959946030	-9.347	-2.327	1.551
1515959946044	-9.385	-2.327	1.541
1515959946050	-9.414	-2.346	1.522
1515959946065	-9.471	-2.327	1.532
1515959946072	-9.529	-2.269	1.494
1515959946080	-9.596	-2.269	1.446
1515959946090	-9.663	-2.26	1.379
1515959946104	-9.739	-2.308	1.197
1515959946110	-9.787	-2.336	1.043
1515959946120	-9.759	-2.308	1.005
1515959946133	-9.663	-2.174	1.082
1515959946140	-9.557	-2.03	1.273
1515959946153	-9.452	-1.944	1.513
1515959946164	-9.423	-1.953	1.57
1515959946170	-9.433	-2.011	1.513
1515959946180	-9.471	-2.049	1.359
1515959946199	-9.481	-2.059	1.245
1515959946204	-9.529	-2.078	1.13
1515959946212	-9.538	-2.097	1.063
1515959946220	-9.596	-2.126	1.043
1515959946230	-9.682	-2.164	0.976
1515959946245	-9.749	-2.202	0.938
1515959946255	-9.778	-2.212	0.909
1515959946260	-9.682	-2.25	0.986
1515959946271	-9.672	-2.231	1.005
1515959946284	-9.739	-2.193	0.881
1515959946299	-9.902	-2.116	0.632
1515959946300	-10.084	-2.049	0.392
1515959946314	-10.161	-2.059	0.277
1515959946320	-10.19	-2.049	0.373
1515959946330	-10.218	-2.078	0.488
1515959946342	-10.324	-2.059	0.478
1515959946349	-10.429	-1.982	0.45
1515959946360	-10.41	-1.857	0.545
1515959946372	-10.324	-1.733	0.574
1515959946405	-10.295	-1.676	0.593
1515959946416	-10.381	-1.656	0.536
1515959946417	-10.544	-1.704	0.402
1515959946426	-10.745	-1.685	0.296
1515959946427	-10.937	-1.637	0.143
1515959946437	-11.09	-1.695	-0.019
1515959946440	-11.071	-1.877	-0.124
1515959946452	-10.994	-2.068	-0.239
1515959946463	-10.956	-2.221	-0.316
1515959946470	-10.87	-2.384	-0.392
1515959946480	-10.716	-2.451	-0.335
1515959946494	-10.467	-2.355	0.22
1515959946500	-10.142	-2.135	0.172
1515959946510	-9.874	-1.857	0.383
1515959946523	-9.663	-1.628	0.392
1515959946530	-9.548	-1.494	0.392
1515959946540	-9.49	-1.379	0.124
1515959946552	-9.395	-1.168	-0.143
1515959946560	-9.232	-0.909	-0.354
1515959946570	-9.079	-0.593	-0.565
1515959946583	-9.012	-0.402	-0.842
1515959946590	-8.973	-0.363	-0.996
1515959946601	-8.916	-0.459	-1.015
1515959946614	-8.696	-0.814	-0.89
1515959946620	-8.696	-0.823	-0.89
1515959946630	-8.59	-0.89	-0.861
1515959946642	-8.475	-0.928	-0.794
1515959946649	-8.475	-0.871	-0.794
1515959946660	-8.542	-0.804	-0.823
1515959946672	-8.753	-0.612	-0.89
1515959946680	-8.753	-0.756	-0.814
1515959946690	-8.763	-0.919	-0.737
1515959946703	-8.82	-1.12	-0.699
1515959946710	-8.878	-1.34	-0.593
1515959946720	-8.868	-1.484	-0.536
1515959946736	-8.839	-1.666	-0.526
1515959946740	-8.858	-1.532	-0.507
1515959946752	-8.887	-1.503	-0.517
1515959946765	-8.983	-1.474	-0.488
1515959946770	-9.155	-1.359	-0.498
1515959946783	-9.337	-1.139	-0.478
1515959946795	-9.519	-0.555	-0.459
1515959946800	-9.644	-0.421	-0.44
1515959946812	-9.73	-0.181	-0.45
1515959946825	-9.72	-0.249	-0.517
1515959946830	-9.701	-0.335	-0.507
1515959946842	-9.759	-0.536	-0.316
1515959946856	-9.893	-0.833	-0.191
1515959946860	-10.056	-1.101	-0.143
1515959946873	-10.17	-1.359	-0.095
1515959946885	-10.218	-1.541	-0.047
1515959946890	-10.257	-1.647	-0.038
1515959946902	-10.285	-1.599	-0.009
1515959946916	-10.237	-1.426	-0.019
1515959946920	-10.17	-1.235	-0.239
1515959946931	-9.998	-1.082	-0.45
1515959946949	-9.816	-0.919	-0.632
1515959946951	-9.596	-0.785	-0.593
1515959946969	-9.443	-0.747	-0.469
1515959946971	-9.404	-0.699	-0.478
1515959946980	-9.471	-0.718	-0.517
1515959946990	-9.538	-0.785	-0.603
1515959947003	-9.49	-0.823	-0.622
1515959947010	-9.241	-0.833	-0.478
1515959947020	-8.906	-0.775	-0.268
1515959947033	-8.696	-0.823	-0.181
1515959947039	-8.619	-0.842	-0.201
1515959947050	-8.571	-0.871	-0.249
1515959947063	-8.542	-0.9	-0.277
1515959947070	-8.571	-0.976	-0.287
1515959947080	-8.657	-1.015	-0.268
1515959947093	-8.897	-1.063	-0.191
1515959947100	-9.251	-1.225	-0.076
1515959947110	-9.557	-1.359	0.086
1515959947125	-9.739	-1.379	0.239
1515959947130	-9.653	-1.312	0.258
1515959947155	-9.385	-1.13	0.191
1515959947165	-9.088	-0.996	-0.009
1515959947169	-8.983	-0.957	-0.21
1515959947172	-9.117	-1.015	-0.373
1515959947186	-9.366	-1.053	-0.459
1515959947196	-9.72	-1.158	-0.43
1515959947207	-10.132	-1.34	-0.383
1515959947217	-10.582	-1.503	0.114
1515959947220	-10.975	-1.733	0.114
1515959947231	-11.348	-2.049	0.421
1515959947246	-11.636	-2.26	0.488
1515959947250	-11.77	-2.355	0.565
1515959947260	-11.799	-2.394	0.622
1515959947275	-11.751	-2.298	0.747
1515959947280	-11.617	-2.145	0.823
1515959947290	-11.339	-1.877	0.89
1515959947304	-10.956	-1.541	0.89
1515959947310	-10.573	-1.273	0.89
1515959947327	-10.372	-1.072	0.804
1515959947334	-10.285	-1.082	0.718
1515959947340	-10.305	-1.235	0.708
1515959947350	-10.314	-1.426	0.814
1515959947365	-10.056	-1.599	1.072
1515959947370	-10.056	-1.695	1.072
1515959947380	-9.864	-1.733	1.072
1515959947393	-9.653	-1.762	1.101
1515959947400	-9.443	-1.762	1.168
1515959947410	-9.347	-1.762	1.206
1515959947423	-9.222	-1.771	1.158
1515959947429	-9.117	-1.762	1.177
1515959947440	-9.04	-1.771	1.245
1515959947453	-8.992	-1.743	1.264
1515959947460	-9.021	-1.723	1.292
1515959947470	-9.241	-1.685	1.321
1515959947485	-9.376	-1.666	1.369
1515959947490	-9.519	-1.656	1.417
1515959947501	-9.625	-1.647	1.561
1515959947517	-9.625	-1.685	1.723
1515959947521	-9.816	-1.771	1.838
1515959947535	-9.864	-1.867	1.925
1515959947542	-9.854	-1.972	2.001
1515959947550	-9.768	-2.02	2.059
1515959947564	-9.615	-2.059	2.049
1515959947577	-9.414	-2.059	2.039
1515959947580	-9.184	-1.857	2.059
1515959947591	-8.964	-1.905	2.135
1515959947606	-8.81	-1.953	2.25
1515959947610	-8.763	-2.049	2.355
1515959947622	-8.81	-2.183	2.499
1515959947637	-8.973	-2.336	2.585
1515959947640	-9.213	-2.47	2.547
1515959947652	-9.414	-2.537	2.442
1515959947667	-9.462	-2.576	2.317
1515959947670	-9.347	-2.547	2.327
1515959947683	-9.222	-2.499	2.432
1515959947698	-9.146	-2.403	2.49
1515959947700	-9.165	-2.317	2.403
1515959947715	-9.194	-2.25	2.25
1515959947728	-9.174	-2.183	2.231
1515959947730	-9.117	-2.135	2.308
1515959947745	-9.098	-2.135	2.432
1515959947752	-9.146	-2.164	2.432
1515959947761	-9.194	-2.183	2.365
1515959947774	-9.203	-2.183	2.346
1515959947787	-9.194	-2.174	2.327
1515959947790	-9.155	-2.193	2.327
1515959947802	-9.136	-2.221	2.375
1515959947817	-9.155	-2.288	2.413
1515959947820	-9.165	-2.346	2.394
1515959947832	-9.174	-2.355	2.384
1515959947849	-9.165	-2.298	2.317
1515959947851	-9.146	-2.202	2.298
1515959947862	-9.079	-2.097	2.288
1515959947879	-9.069	-2.059	2.298
1515959947881	-9.069	-2.049	2.308
1515959947894	-9.107	-2.049	2.336
1515959947948	-9.146	-2.03	2.288
1515959947951	-9.174	-2.011	2.269
1515959947952	-9.194	-2.001	2.25
1515959947953	-9.213	-1.992	2.241
1515959947954	-9.232	-2.039	2.279
1515959947955	-9.251	-2.059	2.288
1515959947982	-9.261	-2.078	2.346
1515959947983	-9.27	-2.097	2.327
1515959947984	-9.241	-2.106	2.403
1515959947995	-9.232	-2.106	2.432
1515959948000	-9.241	-2.106	2.365
1515959948012	-9.251	-2.126	2.298
1515959948029	-9.232	-2.183	2.26
1515959948031	-9.241	-2.202	2.241
1515959948042	-9.241	-2.231	2.231
1515959948054	-9.261	-2.231	2.231
1515959948060	-9.261	-2.26	2.231
1515959948071	-9.289	-2.346	2.202
1515959948085	-9.299	-2.442	2.154
1515959948090	-9.318	-2.509	2.059
1515959948100	-9.328	-2.537	2.001
1515959948115	-9.299	-2.537	1.934
1515959948120	-9.261	-2.547	1.896
1515959948130	-9.299	-2.509	1.886
1515959948145	-9.308	-2.461	1.838
1515959948150	-9.318	-2.394	1.838
1515959948162	-9.328	-2.26	1.704
1515959948176	-9.366	-2.145	1.551
1515959948180	-9.404	-2.039	1.436
1515959948190	-9.481	-1.982	1.503
1515959948207	-9.557	-1.905	1.417
1515959948210	-9.634	-1.905	1.273
1515959948220	-9.711	-1.953	1.264
1515959948234	-9.778	-1.992	1.187
1515959948240	-9.835	-1.992	1.139
1515959948253	-9.854	-1.944	1.13
1515959948266	-9.864	-1.877	1.139
1515959948270	-9.854	-1.829	1.091
1515959948280	-9.826	-1.829	1.101
1515959948295	-9.807	-1.925	1.12
1515959948300	-9.96	-2.039	1.139
1515959948310	-10.017	-2.145	1.168
1515959948325	-9.979	-2.221	1.158
1515959948330	-9.969	-2.279	1.034
1515959948340	-10.036	-2.355	0.928
1515959948356	-10.17	-2.585	0.919
1515959948360	-10.266	-2.499	0.928
1515959948370	-10.372	-2.49	0.871
1515959948385	-10.525	-2.336	0.785
1515959948391	-10.659	-2.355	0.67
1515959948400	-10.688	-2.279	0.699
1515959948416	-10.649	-2.145	0.804
1515959948420	-10.601	-2.02	0.823
1515959948430	-10.601	-1.934	0.737
1515959948447	-10.611	-1.934	0.603
1515959948450	-10.525	-1.944	0.536
1515959948463	-10.362	-1.857	0.622
1515959948478	-10.218	-1.743	0.67
1515959948480	-10.151	-1.58	0.593
1515959948490	-10.113	-1.417	0.277
1515959948506	-10.142	-1.331	-0.067
1515959948510	-10.161	-1.283	-0.344
1515959948520	-10.103	-1.264	-0.45
1515959948536	-9.95	-1.216	-0.402
1515959948540	-9.711	-1.216	-0.296
1515959948550	-9.471	-1.206	-0.21
1515959948566	-9.308	-1.225	-0.143
1515959948570	-9.222	-1.187	-0.181
1515959948582	-9.002	-1.139	-0.306
1515959948599	-8.686	-1.168	-0.421
1515959948601	-8.322	-1.177	-0.478
1515959948613	-8.016	-1.216	-0.469
1515959948630	-7.939	-1.254	-0.411
1515959948632	-8.111	-1.225	-0.545
1515959948643	-8.399	-1.158	-0.871
1515959948660	-8.724	-1.101	-1.13
1515959948707	-8.954	-1.034	-1.206
1515959948708	-9.069	-1.043	-1.225
1515959948709	-9.184	-1.091	-1.206
1515959948712	-9.251	-1.139	-1.12
1515959948713	-9.251	-1.13	-0.996
1515959948714	-9.251	-1.091	-0.861
1515959948720	-9.251	-1.034	-0.804
1515959948731	-9.308	-0.986	-0.775
1515959948740	-9.395	-0.957	-0.794
1515959948750	-9.423	-0.909	-0.804
1515959948762	-9.433	-0.881	-0.804
1515959948775	-9.376	-0.842	-0.794
1515959948779	-9.347	-0.814	-0.775
1515959948790	-9.308	-0.766	-0.775
1515959948800	-9.318	-0.775	-0.775
1515959948810	-9.443	-0.785	-0.804
1515959948821	-9.634	-0.881	-0.823
1515959948830	-9.787	-0.938	-0.804
1515959948840	-9.883	-0.986	-0.775
1515959948852	-9.835	-1.015	-0.756
1515959948860	-9.73	-1.024	-0.727
1515959948871	-9.577	-1.005	-0.737
1515959948883	-9.395	-0.996	-0.756
1515959948890	-9.261	-1.024	-0.747
1515959948902	-9.107	-1.072	-0.737
1515959948913	-9.012	-1.13	-0.651
1515959948920	-9.012	-1.216	-0.651
1515959948932	-9.079	-1.312	-0.651
1515959948949	-9.155	-1.379	-0.66
1515959948951	-9.117	-1.426	-0.66
1515959948961	-8.992	-1.446	-0.641
1515959948976	-8.705	-1.379	-0.689
1515959948982	-8.36	-1.283	-0.689
1515959948990	-8.025	-1.158	-0.861
1515959949001	-7.834	-1.053	-0.871
1515959949009	-7.872	-1.063	-1.024
1515959949020	-8.226	-1.139	-1.034
1515959949030	-8.724	-1.216	-1.015
1515959949039	-9.347	-1.312	-0.976
1515959949050	-9.941	-1.379	-0.89
1515959949061	-10.496	-1.388	-0.699
1515959949070	-10.285	-1.34	-0.593
1515959949080	-9.816	-1.302	-0.507
1515959949092	-9.471	-1.321	-0.411
1515959949100	-9.452	-1.369	-0.344
1515959949111	-9.787	-1.503	-0.296
1515959949123	-10.333	-1.723	-0.258
1515959949130	-10.908	-1.877	-0.316
1515959949140	-11.31	-1.877	-0.536
1515959949155	-11.406	-1.905	-0.67
1515959949160	-11.214	-1.905	-0.536
1515959949172	-10.879	-1.925	-0.354
1515959949187	-10.554	-1.886	-0.363
1515959949190	-10.362	-1.771	-0.526
1515959949204	-10.228	-1.637	-0.651
1515959949215	-10.228	-1.513	-0.727
1515959949220	-10.458	-1.465	-0.766
1515959949233	-10.745	-1.436	-0.814
1515959949244	-11.032	-1.407	-0.833
1515959949250	-11.262	-1.426	-0.756
1515959949262	-11.368	-1.494	-0.679
1515959949274	-11.415	-1.57	-0.632
1515959949280	-11.348	-1.656	-0.603
1515959949290	-11.253	-1.656	-0.565
1515959949304	-11.08	-1.58	-0.545
1515959949310	-10.85	-1.398	-0.565
1515959949322	-10.563	-1.273	-0.517
1515959949334	-10.228	-1.158	-0.469
1515959949340	-9.941	-1.12	-0.45
1515959949352	-9.672	-1.149	-0.402
1515959949364	-9.462	-1.158	-0.287
1515959949370	-9.289	-1.168	-0.124
1515959949383	-9.184	-1.216	0.0
1515959949394	-9.127	-1.264	0.086
1515959949400	-9.079	-1.379	0.239
1515959949413	-9.05	-1.522	0.555
1515959949453	-9.031	-1.695	0.861
1515959949459	-9.079	-1.896	1.063
1515959949467	-9.146	-2.068	1.235
1515959949472	-9.261	-2.183	1.35
1515959949476	-9.452	-2.221	1.426
1515959949478	-9.634	-2.202	1.35
1515959949484	-9.826	-2.145	1.254
1515959949490	-9.979	-2.001	1.158
1515959949500	-10.075	-1.925	1.034
1515959949519	-10.123	-1.848	0.871
1515959949520	-10.036	-1.781	0.766
1515959949531	-9.902	-1.743	0.737
1515959949548	-9.739	-1.733	0.794
1515959949555	-9.625	-1.752	0.909
1515959949566	-9.519	-1.81	1.024
1515959949575	-9.462	-1.877	1.11
1515959949580	-9.433	-1.972	1.168
1515959949591	-9.395	-2.039	1.197
1515959949610	-9.347	-2.068	1.197
1515959949613	-9.328	-2.049	1.158
1515959949620	-9.28	-1.992	1.12
1515959949638	-9.261	-1.944	1.12
1515959949640	-9.289	-1.925	1.13
1515959949650	-9.289	-1.934	1.149
1515959949668	-9.337	-2.03	1.13
1515959949671	-9.376	-2.106	1.149
1515959949682	-9.423	-2.212	1.158
1515959949692	-9.452	-2.241	1.206
1515959949700	-9.481	-2.26	1.187
1515959949710	-9.519	-2.279	1.168
1515959949722	-9.557	-2.288	1.158
1515959949730	-9.615	-2.269	1.168
1515959949740	-9.625	-2.212	1.158
1515959949757	-9.567	-2.145	1.206
1515959949760	-9.519	-2.154	1.139
1515959949770	-9.452	-2.164	0.967
1515959949782	-9.328	-2.202	1.11
1515959949789	-9.328	-2.25	1.11
1515959949800	-9.203	-2.317	1.34
1515959949812	-9.222	-2.327	1.35
1515959949819	-9.222	-2.327	1.292
1515959949830	-9.328	-2.298	1.149
1515959949842	-9.395	-2.317	1.139
1515959949850	-9.395	-2.317	1.197
1515959949860	-9.366	-2.288	1.292
1515959949873	-9.376	-2.279	1.245
1515959949880	-9.423	-2.279	1.187
1515959949890	-9.433	-2.26	1.168
1515959949905	-9.443	-2.25	1.149
1515959949910	-9.481	-2.25	1.177
1515959949922	-9.51	-2.25	1.225
1515959949935	-9.519	-2.269	1.273
1515959949940	-9.5	-2.269	1.292
1515959949952	-9.481	-2.26	1.292
1515959949966	-9.462	-2.183	1.245
1515959949986	-9.471	-2.183	1.216
1515959949987	-9.481	-2.183	1.177
1515959950001	-9.5	-2.231	1.168
1515959950004	-9.519	-2.25	1.12
1515959950010	-9.529	-2.26	1.082
1515959950022	-9.49	-2.212	1.015
1515959950029	-9.443	-2.174	1.015
1515959950040	-9.395	-2.116	1.015
1515959950052	-9.423	-2.116	1.024
1515959950059	-9.538	-2.126	0.996
1515959950070	-9.634	-2.174	0.919
1515959950082	-9.72	-2.202	0.861
1515959950090	-9.768	-2.221	0.871
1515959950100	-9.778	-2.212	0.833
1515959950112	-9.816	-2.164	0.766
1515959950119	-9.854	-2.126	0.66
1515959950130	-9.931	-2.106	0.555
1515959950142	-10.017	-2.087	0.488
1515959950149	-10.084	-2.078	0.411
1515959950160	-10.199	-2.078	0.344
1515959950172	-10.247	-2.03	0.344
1515959950201	-10.276	-1.992	0.383
1515959950202	-10.276	-2.011	0.383
1515959950226	-10.247	-2.087	0.43
1515959950227	-10.257	-2.221	0.411
1515959950229	-10.228	-2.336	0.44
1515959950230	-10.199	-2.47	0.45
1515959950246	-10.142	-2.576	0.498
1515959950257	-10.084	-2.662	0.565
1515959950266	-9.998	-2.672	0.612
1515959950285	-9.95	-2.662	0.641
1515959950286	-9.979	-2.652	0.632
1515959950294	-9.998	-2.566	0.612
1515959950300	-9.931	-2.47	0.612
1515959950310	-9.874	-2.346	0.593
1515959950324	-9.778	-2.25	0.584
1515959950330	-9.672	-2.241	0.507
1515959950340	-9.644	-2.26	0.402
1515959950352	-9.634	-2.288	0.296
1515959950359	-9.692	-2.355	0.277
1515959950370	-9.73	-2.394	0.306
1515959950382	-9.768	-2.442	0.363
1515959950389	-9.787	-2.423	0.373
1515959950400	-9.787	-2.375	0.335
1515959950414	-9.807	-2.327	0.277
1515959950420	-9.778	-2.202	0.181
1515959950430	-9.73	-2.078	0.019
1515959950444	-9.644	-1.992	-0.076
1515959950450	-9.625	-1.982	-0.076
1515959950462	-9.692	-2.02	-0.095
1515959950475	-9.72	-2.02	-0.076
1515959950482	-9.701	-1.953	-0.095
1515959950493	-9.586	-1.857	0.239
1515959950507	-9.49	-1.762	0.421
1515959950510	-9.452	-1.618	0.354
1515959950523	-9.519	-1.589	-0.095
1515959950535	-9.653	-1.695	-0.21
1515959950544	-9.711	-1.762	-0.258
1515959950554	-9.653	-1.695	-0.239
1515959950566	-9.596	-1.589	-0.239
1515959950570	-9.557	-1.513	-0.277
1515959950583	-9.557	-1.484	-0.335
1515959950595	-9.529	-1.407	-0.325
1515959950600	-9.452	-1.35	-0.258
1515959950612	-9.567	-1.321	-0.268
1515959950625	-9.443	-1.321	-0.306
1515959950630	-9.481	-1.302	-0.373
1515959950643	-9.567	-1.321	-0.383
1515959950656	-9.72	-1.388	-0.411
1515959950660	-9.548	-1.455	-0.335
1515959950673	-9.443	-1.561	-0.172
1515959950686	-9.261	-1.656	-0.067
1515959950690	-9.107	-1.685	-0.095
1515959950701	-8.973	-1.608	-0.191
1515959950717	-8.945	-1.57	-0.306
1515959950720	-8.935	-1.532	-0.383
1515959950746	-8.916	-1.541	-0.258
1515959950750	-8.897	-1.57	-0.191
1515959950763	-8.839	-1.541	-0.105
1515959950776	-8.83	-1.484	-0.114
1515959950780	-8.839	-1.359	-0.134
1515959950791	-8.868	-1.302	-0.22
1515959950806	-8.916	-1.264	-0.335
1515959950810	-9.012	-1.254	-0.44
1515959950821	-9.155	-1.206	-0.488
1515959950836	-9.337	-1.158	-0.45
1515959950840	-9.557	-1.177	-0.373
1515959950851	-9.759	-1.187	-0.306
1515959950866	-9.864	-1.245	-0.277
1515959950870	-9.883	-1.273	-0.296
1515959950882	-9.893	-1.254	-0.287
1515959950896	-9.95	-1.312	-0.316
1515959950900	-10.056	-1.321	-0.296
1515959950911	-10.18	-1.292	-0.287
1515959950926	-10.333	-1.312	-0.325
1515959950930	-10.439	-1.302	-0.344
1515959950941	-10.419	-1.273	-0.316
1515959950995	-10.333	-1.177	-0.287
1515959951004	-10.19	-1.12	-0.287
1515959951008	-10.017	-1.139	-0.229
1515959951013	-9.854	-1.216	-0.201
1515959951015	-9.739	-1.264	-0.153
1515959951020	-9.672	-1.302	-0.162
1515959951022	-9.644	-1.331	-0.172
1515959951023	-9.634	-1.321	-0.162
1515959951034	-9.615	-1.302	-0.21
1515959951055	-9.586	-1.312	-0.239
1515959951057	-9.577	-1.292	-0.22
1515959951064	-9.538	-1.292	-0.172
1515959951074	-9.433	-1.283	-0.076
1515959951081	-9.318	-1.254	-0.028
1515959951091	-9.136	-1.254	-0.047
1515959951103	-8.945	-1.245	-0.067
1515959951110	-8.753	-1.225	-0.105
1515959951120	-8.581	-1.177	-0.181
1515959951135	-8.504	-1.177	-0.21
1515959951140	-8.504	-1.206	-0.143
1515959951150	-8.657	-1.321	-0.143
1515959951165	-8.925	-1.446	-0.172
1515959951170	-9.203	-1.532	-0.172
1515959951180	-9.356	-1.599	-0.105
1515959951193	-9.241	-1.618	0.143
1515959951200	-8.964	-1.484	0.325
1515959951210	-8.676	-1.34	0.316
1515959951224	-8.466	-1.312	0.191
1515959951230	-8.36	-1.34	0.028
1515959951240	-8.514	-1.417	0.086
1515959951254	-8.906	-1.561	0.229
1515959951260	-9.404	-1.695	0.354
1515959951270	-9.854	-1.8	0.411
1515959951283	-10.094	-1.886	0.632
1515959951289	-10.151	-2.011	0.632
1515959951300	-10.199	-2.174	0.823
1515959951313	-10.63	-2.384	1.005
1515959951320	-10.534	-2.499	1.005
1515959951330	-10.678	-2.528	0.632
1515959951343	-10.716	-2.461	0.574
1515959951350	-10.64	-2.327	0.45
1515959951361	-10.486	-2.164	0.373
1515959951373	-10.123	-1.982	0.344
1515959951380	-10.113	-1.867	0.306
1515959951392	-10.017	-1.848	0.316
1515959951404	-10.18	-1.905	0.325
1515959951410	-10.333	-2.078	0.354
1515959951420	-10.496	-2.26	0.45
1515959951433	-10.458	-2.384	0.593
1515959951439	-10.276	-2.442	0.651
1515959951450	-10.18	-2.47	0.622
1515959951463	-10.065	-2.461	0.545
1515959951470	-10.008	-2.413	0.507
1515959951480	-9.988	-2.202	0.555
1515959951497	-10.094	-2.221	0.555
1515959951500	-10.276	-2.001	0.507
1515959951511	-10.467	-2.078	0.43
1515959951525	-10.649	-2.078	0.488
1515959951530	-10.678	-2.078	0.622
1515959951540	-10.573	-2.068	0.756
1515959951555	-10.333	-2.097	0.833
1515959951560	-10.008	-2.068	0.842
1515959951570	-9.711	-2.039	0.871
1515959951586	-9.423	-1.982	0.948
1515959951590	-9.251	-1.905	0.948
1515959951601	-9.213	-1.848	0.948
1515959951617	-9.203	-1.781	0.9
1515959951620	-9.261	-1.743	0.794
1515959951631	-9.308	-1.714	0.708
1515959951647	-9.337	-1.714	0.679
1515959951650	-9.347	-1.743	0.689
1515959951662	-9.366	-1.771	0.718
1515959951677	-9.385	-1.829	0.727
1515959951680	-9.452	-1.867	0.775
1515959951692	-9.5	-1.905	0.775
1515959951709	-9.577	-1.896	0.814
1515959951746	-9.596	-1.896	0.919
1515959951754	-9.557	-1.925	0.967
1515959951757	-9.519	-1.963	1.091
1515959951760	-9.529	-1.944	1.149
1515959951763	-9.538	-1.934	1.187
1515959951765	-9.557	-1.934	1.216
1515959951771	-9.567	-1.953	1.245
1515959951782	-9.548	-1.934	1.235
1515959951797	-9.567	-1.896	1.206
1515959951800	-9.548	-1.848	1.177
1515959951816	-9.557	-1.8	1.13
1515959951828	-9.557	-1.781	1.139
1515959951830	-9.529	-1.752	1.216
1515959951843	-9.49	-1.733	1.369
1515959951855	-9.471	-1.743	1.436
1515959951860	-9.471	-1.752	1.35
1515959951870	-9.471	-1.704	1.264
1515959951885	-9.452	-1.656	1.216
1515959951889	-9.414	-1.647	1.264
1515959951900	-9.471	-1.666	1.245
1515959951915	-9.586	-1.704	1.139
1515959951920	-9.711	-1.733	0.986
1515959951930	-9.739	-1.829	0.919
1515959951948	-9.711	-1.896	1.015
1515959951950	-9.625	-1.953	1.168
1515959951962	-9.529	-2.059	1.245
1515959951980	-9.49	-2.154	1.216
1515959951982	-9.452	-2.221	1.149
1515959951993	-9.404	-2.231	1.158
1515959952024	-9.414	-2.25	1.139
1515959952026	-9.443	-2.221	1.149
1515959952027	-9.471	-2.183	1.177
1515959952047	-9.51	-2.183	1.177
1515959952048	-9.538	-2.154	1.149
1515959952052	-9.577	-2.145	1.11
1515959952064	-9.586	-2.154	1.13
1515959952072	-9.548	-2.183	1.11
1515959952081	-9.49	-2.221	1.13
1515959952095	-9.471	-2.241	1.168
1515959952100	-9.423	-2.241	1.197
1515959952110	-9.395	-2.241	1.225
1515959952125	-9.385	-2.221	1.379
1515959952130	-9.376	-2.231	1.254
1515959952140	-9.337	-2.26	1.331
1515959952155	-9.337	-2.288	1.312
1515959952163	-9.376	-2.327	1.283
1515959952170	-9.414	-2.375	1.245
1515959952185	-9.433	-2.403	1.225
1515959952190	-9.471	-2.375	1.216
1515959952200	-9.481	-2.355	1.245
1515959952216	-9.49	-2.327	1.292
1515959952220	-9.51	-2.327	1.254
1515959952231	-9.557	-2.375	1.273
1515959952247	-9.567	-2.394	1.177
1515959952250	-9.567	-2.413	1.158
1515959952262	-9.586	-2.432	1.11
1515959952276	-9.557	-2.432	1.043
1515959952280	-9.51	-2.423	0.967
1515959952290	-9.471	-2.423	0.957
1515959952308	-9.462	-2.576	0.938
1515959952310	-9.471	-2.451	0.928
1515959952320	-9.519	-2.403	0.881
1515959952330	-9.605	-2.298	0.861
1515959952340	-9.634	-2.116	0.766
1515959952353	-9.682	-2.011	0.679
1515959952367	-9.749	-1.992	0.612
1515959952370	-9.711	-1.953	0.574
1515959952383	-9.625	-1.953	0.517
1515959952395	-9.481	-1.934	0.526
1515959952404	-9.385	-1.905	0.584
1515959952415	-9.337	-1.857	0.632
1515959952430	-9.385	-1.771	0.699
1515959952432	-9.519	-1.743	0.775
1515959952444	-9.701	-1.781	0.747
1515959952450	-9.874	-1.781	0.689
1515959952461	-10.017	-1.867	0.517
1515959952503	-10.123	-1.963	0.373
1515959952514	-10.161	-2.087	0.258
1515959952518	-10.094	-2.183	0.201
1515959952522	-10.036	-2.26	0.21
1515959952525	-9.969	-2.327	0.191
1515959952528	-9.883	-2.355	0.153
1515959952531	-9.797	-2.346	0.153
1515959952540	-9.787	-2.375	0.114
1515959952550	-9.845	-2.423	-0.028
1515959952564	-9.893	-2.451	-0.019
1515959952585	-9.739	-2.442	0.287
1515959952586	-9.739	-2.442	0.287
1515959952600	-9.653	-2.375	0.363
1515959952601	-9.625	-2.346	0.239
1515959952613	-9.682	-2.375	0.086
1515959952622	-9.73	-2.442	0.067
1515959952630	-9.739	-2.499	0.22
1515959952640	-9.73	-2.557	0.411
1515959952651	-9.692	-2.585	0.498
1515959952660	-9.625	-2.643	0.411
1515959952670	-9.577	-2.681	0.249
1515959952681	-9.481	-2.729	0.201
1515959952690	-9.366	-2.748	0.124
1515959952700	-9.299	-2.691	0.086
1515959952711	-9.289	-2.547	0.162
1515959952720	-9.27	-2.365	0.268
1515959952730	-9.308	-2.154	0.277
1515959952741	-9.337	-2.039	0.143
1515959952750	-9.395	-1.944	-0.009
1515959952760	-9.404	-1.81	-0.114
1515959952771	-9.385	-1.628	-0.296
1515959952780	-9.452	-1.503	-0.526
1515959952790	-9.519	-1.426	-0.785
1515959952801	-9.644	-1.321	-0.89
1515959952809	-9.797	-1.168	-0.852
1515959952820	-9.941	-0.938	-0.708
1515959952831	-10.056	-0.737	-0.536
1515959952840	-10.17	-0.612	-0.536
1515959952850	-10.305	-0.632	-0.651
1515959952862	-10.458	-0.814	-0.584
1515959952870	-10.534	-1.091	-0.258
1515959952880	-10.563	-1.34	-0.114
1515959952893	-10.496	-1.446	-0.153
1515959952900	-10.4	-1.465	-0.392
1515959952912	-10.333	-1.494	-0.641
1515959952924	-10.257	-1.465	-0.785
1515959952930	-10.17	-1.407	-0.833
1515959952940	-10.094	-1.331	-0.881
1515959952954	-9.998	-1.292	-0.996
1515959952960	-10.151	-1.292	-1.197
1515959952971	-10.056	-1.235	-1.359
1515959952984	-9.912	-1.091	-1.599
1515959952996	-10.017	-0.919	-1.8
1515959953000	-9.979	-0.89	-1.781
1515959953013	-9.835	-0.938	-1.685
1515959953024	-9.72	-1.005	-1.589
1515959953030	-9.596	-1.11	-1.704
1515959953041	-9.395	-1.254	-1.723
1515959953050	-9.107	-1.139	-1.608
1515959953060	-8.839	-1.369	-1.426
1515959953071	-8.619	-1.254	-1.254
1515959953080	-8.447	-1.312	-1.158
1515959953090	-8.303	-1.216	-1.005
1515959953102	-8.121	-1.149	-1.005
1515959953110	-7.958	-1.225	-1.053
1515959953120	-7.767	-1.283	-1.187
1515959953132	-7.632	-1.34	-1.369
1515959953140	-7.585	-1.398	-1.474
1515959953150	-7.709	-1.494	-1.474
1515959953164	-8.016	-1.474	-1.321
1515959953170	-8.36	-1.359	-1.12
1515959953180	-8.696	-1.206	-1.024
1515959953195	-8.954	-1.091	-0.996
1515959953200	-9.241	-1.005	-1.005
1515959953212	-9.557	-0.89	-0.967
1515959953224	-9.95	-0.718	-0.881
1515959953264	-10.343	-0.593	-0.823
1515959953283	-10.803	-0.593	-0.948
1515959953289	-11.291	-0.67	-1.139
1515959953291	-11.674	-0.756	-1.283
1515959953299	-11.856	-0.785	-1.283
1515959953300	-11.722	-0.747	-1.149
1515959953301	-11.463	-0.632	-1.158
1515959953302	-11.176	-0.507	-1.34
1515959953313	-10.889	-0.498	-1.666
1515959953320	-10.601	-0.584	-1.781
1515959953330	-10.285	-0.679	-1.561
1515959953344	-10.046	-0.775	-1.292
1515959953350	-9.931	-0.823	-1.177
1515959953362	-9.921	-0.804	-1.158
1515959953370	-9.845	-0.756	-1.187
1515959953381	-9.672	-0.708	-1.216
1515959953399	-9.5	-0.689	-1.206
1515959953401	-9.318	-0.718	-1.12
1515959953415	-9.079	-0.727	-1.015
1515959953424	-8.858	-0.756	-0.814
1515959953437	-8.657	-0.737	-0.756
1515959953440	-8.514	-0.766	-0.804
1515959953451	-8.36	-0.804	-0.833
1515959953464	-8.255	-0.881	-0.775
1515959953470	-8.188	-0.986	-0.718
1515959953480	-8.284	-1.197	-0.584
1515959953494	-8.514	-1.455	-0.45
1515959953500	-8.772	-1.666	-0.249
1515959953510	-9.05	-1.8	-0.201
1515959953523	-9.337	-1.896	-0.277
1515959953530	-9.557	-1.915	-0.498
1515959953540	-9.625	-1.877	-0.603
1515959953551	-9.548	-1.647	-0.411
1515959953559	-9.423	-1.436	-0.258
1515959953570	-9.337	-1.312	-0.21
1515959953582	-9.72	-1.302	-0.545
1515959953590	-9.644	-1.369	-0.545
1515959953600	-9.998	-1.503	-0.699
1515959953613	-10.735	-1.561	-0.507
1515959953620	-10.735	-1.656	-0.507
1515959953631	-11.186	-1.8	-0.354
1515959953644	-12.23	-2.193	-0.172
1515959953650	-12.23	-2.193	-0.019
1515959953660	-12.651	-2.384	0.095
1515959953675	-12.948	-2.691	0.459
1515959953680	-12.948	-2.691	0.756
1515959953692	-12.574	-2.643	1.072
1515959953705	-11.827	-2.423	1.359
1515959953710	-10.793	-2.126	1.541
1515959953722	-8.667	-1.829	1.618
1515959953735	-7.949	-1.647	1.589
1515959953740	-7.862	-1.618	1.513
1515959953752	-7.824	-1.714	1.474
1515959953765	-8.121	-2.02	1.426
1515959953770	-8.504	-2.02	1.273
1515959953783	-8.925	-2.116	1.101
1515959953796	-9.328	-2.212	0.957
1515959953800	-9.634	-2.231	0.833
1515959953813	-9.835	-2.231	0.718
1515959953825	-9.95	-2.231	0.737
1515959953830	-9.95	-2.442	0.909
1515959953843	-9.941	-2.174	1.015
1515959953855	-9.979	-2.154	0.957
1515959953860	-9.95	-2.02	0.794
1515959953872	-9.826	-1.944	0.747
1515959953885	-9.615	-1.953	0.785
1515959953890	-9.443	-2.068	0.928
1515959953901	-9.376	-2.164	1.043
1515959953915	-9.299	-2.25	1.197
1515959953920	-9.241	-2.327	1.302
1515959953930	-9.174	-2.442	1.436
1515959953945	-9.107	-2.499	1.589
1515959953950	-9.165	-2.442	1.551
1515959953961	-9.261	-2.384	1.359
1515959953976	-9.423	-2.346	1.101
1515959953980	-9.481	-2.346	1.043
1515959954009	-9.471	-2.221	1.101
1515959954011	-9.414	-2.097	1.187
1515959954040	-9.347	-2.001	1.206
1515959954041	-9.347	-1.905	1.177
1515959954042	-9.328	-1.857	1.177
1515959954043	-9.318	-1.886	1.216
1515959954064	-9.366	-1.982	1.264
1515959954065	-9.433	-2.116	1.35
1515959954075	-9.49	-2.269	1.35
1515959954080	-9.5	-2.336	1.283
1515959954098	-9.471	-2.403	1.302
1515959954102	-9.423	-2.317	1.388
1515959954113	-9.385	-2.202	1.484
1515959954125	-9.376	-2.126	1.551
1515959954132	-9.443	-2.049	1.589
1515959954141	-9.462	-1.925	1.503
1515959954154	-9.5	-1.79	1.426
1515959954160	-9.51	-1.695	1.369
1515959954179	-9.519	-1.676	1.407
1515959954187	-9.5	-1.733	1.494
1515959954192	-9.481	-1.877	1.541
1515959954216	-9.433	-2.02	1.541
1515959954217	-9.376	-2.02	1.57
1515959954223	-9.308	-1.896	1.628
1515959954230	-9.356	-1.771	1.561
1515959954243	-9.462	-1.781	1.369
1515959954250	-9.596	-1.829	1.13
1515959954261	-9.663	-1.953	1.015
1515959954273	-9.605	-2.078	1.005
1515959954279	-9.519	-2.154	1.053
1515959954290	-9.376	-2.231	1.158
1515959954309	-9.232	-2.308	1.35
1515959954310	-9.232	-2.365	1.35
1515959954321	-9.251	-2.384	1.436
1515959954335	-9.337	-2.394	1.532
1515959954340	-9.337	-2.375	1.532
1515959954354	-9.376	-2.365	1.58
1515959954366	-9.462	-2.308	1.426
1515959954370	-9.462	-2.346	1.426
1515959954384	-9.462	-2.375	1.359
1515959954399	-9.49	-2.442	1.235
1515959954401	-9.462	-2.499	1.235
1515959954410	-9.452	-2.528	1.283
1515959954425	-9.376	-2.509	1.388
1515959954430	-9.376	-2.509	1.541
1515959954440	-9.337	-2.451	1.446
1515959954456	-9.308	-2.432	1.465
1515959954470	-9.308	-2.451	1.455
1515959954486	-9.376	-2.49	1.494
1515959954494	-9.376	-2.528	1.474
1515959954503	-9.443	-2.566	1.484
1515959954516	-9.462	-2.566	1.503
1515959954520	-9.462	-2.537	1.426
1515959954532	-9.356	-2.49	1.34
1515959954547	-9.366	-2.49	1.235
1515959954550	-9.443	-2.528	1.139
1515959954565	-9.567	-2.518	1.273
1515959954579	-9.625	-2.355	1.513
1515959954581	-9.634	-2.164	1.647
1515959954595	-9.672	-1.848	1.618
1515959954606	-9.701	-1.944	1.589
1515959954610	-9.634	-1.886	1.426
1515959954624	-9.471	-2.039	1.302
1515959954637	-9.337	-2.039	1.091
1515959954640	-9.203	-2.231	0.852
1515959954651	-9.174	-2.298	0.756
1515959954666	-9.174	-2.423	0.804
1515959954670	-9.194	-2.499	0.976
1515959954681	-9.203	-2.432	1.206
1515959954696	-9.241	-2.279	1.302
1515959954700	-9.308	-2.231	1.216
1515959954711	-9.404	-2.202	1.139
1515959954726	-9.452	-2.231	1.12
1515959954730	-9.443	-2.288	1.139
1515959954741	-9.423	-2.394	1.235
1515959954756	-9.356	-2.48	1.379
1515959954809	-9.366	-2.595	1.474
1515959954810	-9.395	-2.604	1.522
1515959954813	-9.443	-2.499	1.522
1515959954815	-9.49	-2.403	1.57
1515959954817	-9.519	-2.365	1.57
1515959954821	-9.596	-2.403	1.58
1515959954822	-9.701	-2.442	1.513
1515959954831	-9.797	-2.49	1.503
1515959954840	-9.787	-2.442	1.455
1515959954850	-9.692	-2.317	1.426
1515959954862	-9.577	-2.059	1.494
1515959954875	-9.356	-1.81	1.541
1515959954880	-9.222	-1.676	1.417
1515959954891	-9.222	-1.618	1.11
1515959954907	-9.414	-1.685	0.89
1515959954910	-9.759	-1.8	0.852
1515959954920	-10.17	-1.982	0.842
1515959954931	-10.515	-2.135	0.737
1515959954940	-10.707	-2.212	0.699
1515959954950	-10.755	-2.212	0.814
1515959954965	-10.688	-2.164	1.091
1515959954970	-10.515	-2.087	1.302
1515959954982	-10.362	-2.03	1.34
1515959954990	-10.237	-1.934	1.158
1515959955000	-10.19	-1.819	0.948
1515959955010	-10.17	-1.714	0.66
1515959955026	-10.247	-1.695	0.45
1515959955029	-10.372	-1.733	0.296
1515959955040	-10.41	-1.848	0.239
1515959955054	-10.448	-1.915	0.306
1515959955060	-10.419	-1.934	0.45
1515959955070	-10.314	-1.848	0.545
1515959955084	-10.209	-1.704	0.478
1515959955090	-10.103	-1.522	0.277
1515959955100	-10.036	-1.283	0.105
1515959955115	-10.008	-1.149	0.057
1515959955120	-10.017	-1.024	0.181
1515959955130	-10.036	-0.9	0.363
1515959955145	-9.998	-0.775	0.249
1515959955150	-9.931	-0.689	-0.191
1515959955160	-9.912	-0.632	-0.689
1515959955177	-9.979	-0.708	-0.9
1515959955180	-10.132	-0.948	-0.775
1515959955191	-10.276	-1.187	-0.498
1515959955209	-10.362	-1.254	-0.153
1515959955210	-10.41	-1.091	-0.038
1515959955222	-10.017	-0.842	-0.181
1515959955239	-10.046	-0.622	-0.335
1515959955241	-9.749	-0.507	-0.45
1515959955252	-9.194	-0.469	-0.363
1515959955267	-9.117	-0.517	-0.229
1515959955270	-9.088	-0.612	-0.21
1515959955283	-8.858	-0.679	-0.105
1515959955300	-8.858	-0.622	0.038
1515959955301	-8.83	-0.536	0.067
1515959955313	-8.916	-0.507	0.191
1515959955330	-9.069	-0.545	0.143
1515959955331	-9.184	-0.555	0.047
1515959955345	-9.203	-0.555	-0.019
1515959955360	-9.165	-0.498	0.095
1515959955362	-9.088	-0.421	0.363
1515959955373	-9.031	-0.191	0.545
1515959955389	-8.964	-0.258	0.612
1515959955391	-8.973	-0.191	0.632
1515959955404	-8.983	-0.191	0.632
1515959955420	-8.973	-0.402	0.593
1515959955422	-8.954	-0.306	0.574
1515959955434	-8.878	-0.421	0.727
1515959955443	-8.791	-0.507	0.871
1515959955451	-8.772	-0.679	1.063
1515959955463	-8.878	-0.9	1.177
1515959955480	-9.059	-1.12	1.245
1515959955481	-9.289	-1.283	1.264
1515959955495	-9.548	-1.398	1.273
1515959955503	-9.749	-1.465	1.264
1515959955516	-9.854	-1.561	1.235
1515959955553	-9.912	-1.685	1.158
1515959955564	-9.988	-1.838	1.024
1515959955566	-10.075	-1.953	0.871
1515959955570	-10.084	-2.02	0.794
1515959955573	-9.998	-2.039	0.871
1515959955575	-9.778	-2.068	1.245
1515959955580	-9.395	-2.126	1.771
1515959955590	-8.964	-2.135	2.116
1515959955600	-8.629	-2.087	2.26
1515959955613	-8.427	-1.982	2.25
1515959955630	-8.312	-1.8	2.106
1515959955637	-8.245	-1.561	1.905
1515959955646	-8.226	-1.379	1.743
1515959955656	-8.293	-1.254	1.723
1515959955660	-8.37	-1.149	1.733
1515959955671	-8.427	-1.101	1.752
1515959955685	-8.475	-1.082	1.733
1515959955690	-8.581	-1.091	1.666
1515959955701	-8.743	-1.101	1.58
1515959955715	-9.002	-1.13	1.532
1515959955720	-9.289	-1.187	1.551
1515959955730	-9.548	-1.168	1.57
1515959955744	-9.605	-1.082	1.474
1515959955749	-9.481	-0.9	1.522
1515959955760	-9.203	-0.699	1.656
1515959955775	-9.002	-0.622	1.79
1515959955780	-9.031	-0.794	1.838
1515959955790	-9.232	-1.177	1.743
1515959955807	-9.577	-1.608	1.369
1515959955810	-9.835	-1.877	1.388
1515959955822	-9.893	-1.944	1.407
1515959955838	-9.768	-1.896	1.666
1515959955840	-9.596	-1.886	1.676
1515959955853	-9.51	-1.992	1.896
1515959955868	-9.596	-2.154	1.982
1515959955870	-9.72	-2.241	1.886
1515959955883	-9.826	-2.269	1.666
1515959955898	-9.864	-2.183	1.398
1515959955900	-9.739	-2.02	1.541
1515959955913	-9.519	-1.925	1.714
1515959955928	-9.404	-1.838	1.714
1515959955930	-9.395	-1.743	1.714
1515959955943	-9.471	-1.685	1.704
1515959955959	-9.807	-1.695	1.704
1515959955961	-10.352	-1.867	1.618
1515959955973	-11.176	-1.982	1.13
1515959955990	-12.086	-2.078	1.206
1515959955991	-12.775	-2.126	1.11
1515959956003	-13.159	-2.116	1.465
1515959956021	-13.044	-2.059	1.925
1515959956022	-12.364	-1.915	2.164
1515959956035	-9.787	-1.637	2.537
1515959956046	-9.787	-1.359	2.844
1515959956050	-8.6	-1.225	2.997
1515959956060	-7.891	-1.283	2.815
1515959956071	-7.738	-1.426	2.49
1515959956083	-7.939	-1.58	2.174
1515959956091	-8.265	-1.589	1.867
1515959956102	-8.581	-1.513	1.599
1515959956110	-9.414	-1.369	1.426
1515959956120	-9.615	-1.254	1.359
1515959956139	-9.797	-1.149	1.379
1515959956140	-9.797	-1.149	1.446
1515959956150	-9.874	-1.158	1.599
1515959956161	-9.778	-1.177	1.743
1515959956170	-9.625	-1.197	1.905
1515959956181	-9.462	-1.436	2.087
1515959956191	-9.328	-1.379	2.183
1515959956200	-9.318	-1.628	2.212
1515959956211	-9.356	-1.752	2.164
1515959956224	-9.471	-1.905	2.126
1515959956230	-9.577	-2.039	2.03
1515959956241	-9.644	-2.164	1.982
1515959956250	-9.634	-2.231	1.963
1515959956260	-9.557	-2.174	1.972
1515959956271	-9.414	-2.078	1.953
1515959956306	-9.28	-2.02	1.896
1515959956310	-9.184	-1.982	1.857
1515959956316	-9.098	-1.963	1.905
1515959956318	-9.079	-1.953	1.963
1515959956321	-9.059	-1.915	2.02
1515959956339	-9.059	-1.896	2.078
1515959956343	-9.107	-1.896	2.154
1515959956353	-9.203	-1.829	2.221
1515959956364	-9.27	-1.743	2.231
1515959956370	-9.376	-1.676	2.26
1515959956380	-9.423	-1.647	2.241
1515959956394	-9.433	-1.666	2.174
1515959956400	-9.452	-1.733	2.183
1515959956410	-9.423	-1.8	2.298
1515959956424	-9.356	-1.81	2.403
1515959956430	-9.28	-1.838	2.48
1515959956440	-9.222	-1.905	2.48
1515959956453	-9.203	-1.925	2.499
1515959956460	-9.213	-1.896	2.509
1515959956470	-9.241	-1.829	2.47
1515959956487	-9.261	-1.934	2.509
1515959956490	-9.222	-2.135	2.403
1515959956501	-9.127	-2.317	2.308
1515959956513	-9.079	-2.48	2.355
1515959956520	-9.059	-2.576	2.442
1515959956530	-9.059	-2.566	2.442
1515959956541	-9.021	-2.509	2.442
1515959956556	-9.059	-2.442	2.499
1515959956560	-9.155	-2.327	2.566
1515959956571	-9.241	-2.212	2.547
1515959956580	-9.318	-2.116	2.499
1515959956591	-9.337	-2.068	2.423
1515959956602	-9.347	-2.049	2.403
1515959956610	-9.414	-2.078	2.384
1515959956620	-9.5	-2.183	2.298
1515959956631	-9.615	-2.279	2.135
1515959956640	-9.644	-2.336	2.02
1515959956650	-9.663	-2.308	1.972
1515959956661	-9.672	-2.25	1.944
1515959956670	-9.644	-2.202	1.857
1515959956680	-9.615	-2.154	1.695
1515959956691	-9.577	-2.116	1.58
1515959956700	-9.5	-2.049	1.561
1515959956710	-9.462	-1.915	1.465
1515959956723	-9.519	-1.8	1.264
1515959956730	-9.634	-1.714	0.976
1515959956740	-9.663	-1.676	0.766
1515959956751	-9.634	-1.656	0.747
1515959956760	-9.557	-1.704	0.842
1515959956770	-9.529	-1.771	0.928
1515959956782	-9.471	-1.838	0.976
1515959956790	-9.404	-1.915	0.976
1515959956800	-9.337	-2.049	1.139
1515959956813	-9.28	-2.164	1.091
1515959956820	-9.251	-2.25	1.158
1515959956830	-9.194	-2.231	1.235
1515959956845	-9.289	-2.394	1.331
1515959956850	-9.289	-2.394	1.369
1515959956863	-9.308	-2.451	1.388
1515959956874	-9.443	-2.509	1.407
1515959956880	-9.538	-2.537	1.446
1515959956892	-9.538	-2.528	1.474
1515959956905	-9.538	-2.461	1.465
1515959956910	-9.538	-2.461	1.474
1515959956922	-9.644	-2.442	1.522
1515959956935	-9.653	-2.423	1.58
1515959956940	-9.634	-2.423	1.618
1515959956952	-9.605	-2.413	1.647
1515959956964	-9.165	-2.212	0.814
1515959956970	-8.82	-2.212	0.603
1515959956982	-7.91	-2.106	-1.072
1515959956994	-8.791	-2.892	-0.21
1515959957000	-9.021	-2.739	-0.392
1515959957017	-10.218	-3.035	1.168
1515959957027	-10.362	-3.131	3.313
1515959957030	-10.075	-3.074	4.367
1515959957073	-9.998	-2.978	4.309
1515959957087	-9.931	-2.719	3.39
1515959957091	-9.835	-2.528	2.921
1515959957095	-9.864	-2.298	2.566
1515959957098	-9.854	-2.078	2.212
1515959957102	-9.807	-2.164	2.039
1515959957106	-9.682	-2.442	2.001
1515959957110	-9.443	-2.662	1.972
1515959957126	-9.107	-2.748	1.762
1515959957140	-8.715	-2.585	0.775
1515959957141	-8.916	-2.327	-0.373
1515959957158	-8.753	-2.662	0.22
1515959957160	-9.136	-2.604	1.302
