timestamp	x	y	z
1511105698722	9.874	-1.599	0.402
1511105698724	9.739	-1.618	0.421
1511105698745	10.008	-1.637	0.44
1511105698752	9.874	-1.656	0.411
1511105698755	9.902	-1.628	0.392
1511105698764	9.912	-1.628	0.383
1511105698793	9.883	-1.628	0.383
1511105698798	9.893	-1.628	0.383
1511105698799	9.893	-1.58	0.421
1511105698826	9.902	-1.58	0.488
1511105698845	9.902	-1.57	0.488
1511105698846	9.902	-1.58	0.478
1511105698846	9.893	-1.628	0.488
1511105698847	9.883	-1.676	0.517
1511105698867	9.854	-1.666	0.526
1511105698868	9.874	-1.676	0.498
1511105698900	9.864	-1.666	0.459
1511105698903	9.883	-1.647	0.402
1511105698904	9.921	-1.618	0.392
1511105698905	9.912	-1.608	0.383
1511105698922	9.902	-1.599	0.392
1511105698925	9.864	-1.608	0.402
1511105698953	9.874	-1.608	0.45
1511105698954	9.864	-1.628	0.44
1511105698969	9.874	-1.637	0.411
1511105698970	9.874	-1.637	0.411
1511105698978	9.864	-1.647	0.383
1511105698981	9.893	-1.637	0.43
1511105698995	9.921	-1.647	0.402
1511105699009	9.912	-1.656	0.344
1511105699014	9.893	-1.656	0.363
1511105699021	9.864	-1.676	0.373
1511105699036	9.864	-1.666	0.383
1511105699041	9.854	-1.647	0.392
1511105699051	9.845	-1.618	0.411
1511105699071	9.864	-1.637	0.459
1511105699073	9.864	-1.628	0.44
1511105699085	9.902	-1.666	0.411
1511105699091	9.921	-1.676	0.43
1511105699101	9.912	-1.685	0.402
1511105699114	9.902	-1.695	0.392
1511105699125	9.893	-1.656	0.363
1511105699131	9.874	-1.637	0.354
1511105699141	9.854	-1.599	0.373
1511105699151	9.854	-1.57	0.383
1511105699161	9.845	-1.589	0.392
1511105699171	9.845	-1.608	0.392
1511105699191	9.883	-1.608	0.335
1511105699203	9.902	-1.589	0.383
1511105699211	9.883	-1.57	0.402
1511105699221	9.902	-1.561	0.392
1511105699233	9.883	-1.551	0.383
1511105699241	9.893	-1.561	0.363
1511105699251	9.902	-1.522	0.354
1511105699263	9.921	-1.532	0.335
1511105699271	9.912	-1.494	0.344
1511105699281	9.902	-1.503	0.363
1511105699294	9.893	-1.474	0.383
1511105699301	9.883	-1.465	0.411
1511105699311	9.874	-1.455	0.421
1511105699323	9.883	-1.436	0.44
1511105699331	9.826	-1.436	0.478
1511105699342	9.797	-1.417	0.488
1511105699354	9.778	-1.35	0.584
1511105699361	9.816	-1.283	0.584
1511105699371	9.874	-1.216	0.632
1511105699383	9.96	-1.177	0.651
1511105699391	9.96	-1.206	0.498
1511105699401	9.969	-1.225	0.593
1511105699413	9.979	-1.254	0.469
1511105699421	9.979	-1.245	0.43
1511105699431	9.95	-1.245	0.517
1511105699444	9.902	-1.245	0.612
1511105699451	9.902	-1.225	0.679
1511105699461	9.912	-1.206	0.679
1511105699474	10.132	-1.235	0.727
1511105699481	10.285	-1.283	0.727
1511105699491	10.247	-1.369	0.718
1511105699504	10.295	-1.599	0.651
1511105699511	10.295	-1.58	0.593
1511105699521	10.218	-1.685	0.622
1511105699534	10.094	-1.752	0.67
1511105699541	9.941	-1.781	0.679
1511105699551	9.826	-1.57	0.679
1511105699564	9.874	-1.494	0.842
1511105699571	9.969	-1.12	0.89
1511105699581	10.113	-1.005	0.823
1511105699594	10.266	-0.909	0.785
1511105699601	10.4	-0.861	0.708
1511105699611	10.525	-0.909	0.526
1511105699624	10.678	-1.005	0.325
1511105699631	10.659	-1.158	0.229
1511105699641	10.525	-1.455	0.143
1511105699654	10.257	-1.819	0.105
1511105699661	10.094	-2.154	0.038
1511105699671	9.969	-2.375	-0.095
1511105699684	10.027	-2.461	-0.258
1511105699691	10.209	-2.499	-0.373
1511105699701	10.391	-2.461	-0.411
1511105699714	10.515	-2.375	-0.306
1511105699721	10.697	-2.279	-0.086
1511105699752	10.688	-2.078	0.076
1511105699755	10.822	-2.068	0.21
1511105699758	10.975	-2.039	0.22
1511105699764	11.176	-2.011	0.153
1511105699780	11.415	-1.944	0.162
1511105699781	11.626	-1.896	0.162
1511105699791	11.77	-1.829	0.095
1511105699805	11.626	-1.752	0.019
1511105699815	11.32	-1.589	-0.047
1511105699822	10.994	-1.455	-0.009
1511105699834	10.716	-1.379	0.124
1511105699841	10.544	-1.283	0.316
1511105699851	10.362	-1.206	0.354
1511105699862	10.228	-1.158	0.325
1511105699871	9.979	-1.11	0.316
1511105699881	9.73	-1.13	0.411
1511105699892	9.471	-1.12	0.469
1511105699901	9.27	-1.072	0.43
1511105699911	9.088	-0.823	0.047
1511105699923	8.839	-0.488	-0.172
1511105699931	8.696	-0.43	-0.114
1511105699941	8.619	-0.622	-0.047
1511105699952	8.542	-0.957	0.009
1511105699961	8.427	-1.302	-0.038
1511105699971	8.169	-1.637	-0.134
1511105699982	8.073	-1.982	-0.162
1511105699991	8.025	-2.298	-0.038
1511105700001	7.987	-2.423	0.134
1511105700014	7.949	-2.413	0.134
1511105700021	7.939	-2.298	0.134
1511105700032	8.035	-2.164	0.028
1511105700047	8.293	-2.039	-0.153
1511105700051	8.552	-1.934	-0.153
1511105700061	8.83	-1.867	-0.402
1511105700074	9.222	-1.944	-0.66
1511105700081	9.107	-2.106	-0.66
1511105700091	9.107	-2.193	-0.612
1511105700104	9.27	-2.212	-0.277
1511105700111	9.27	-2.164	-0.277
1511105700121	9.5	-2.116	0.086
1511105700135	10.036	-2.087	0.153
1511105700141	10.036	-2.059	0.153
1511105700151	10.228	-2.154	0.047
1511105700164	10.237	-2.49	-0.028
1511105700171	10.237	-2.528	-0.009
1511105700181	9.96	-2.767	0.038
1511105700195	9.385	-2.94	0.009
1511105700201	9.385	-3.045	0.019
1511105700211	9.28	-3.055	0.047
1511105700226	9.51	-2.652	0.019
1511105700231	9.663	-2.739	-0.086
1511105700241	9.883	-2.518	-0.162
1511105700255	9.931	-2.174	-0.191
1511105700261	9.72	-2.202	-0.21
1511105700271	9.107	-2.02	-0.172
1511105700285	8.207	-1.599	-0.057
1511105700291	7.345	-1.446	-0.028
1511105700301	6.799	-1.292	-0.028
1511105700315	6.694	-1.312	0.076
1511105700321	7.02	-1.292	0.201
1511105700331	7.69	-1.321	0.191
1511105700344	8.561	-1.379	0.009
1511105700351	9.347	-1.503	-0.172
1511105700361	9.816	-1.81	-0.325
1511105700375	9.768	-2.269	-0.402
1511105700381	9.347	-2.767	-0.191
1511105700391	8.954	-3.093	0.057
1511105700423	9.04	-3.074	0.22
1511105700427	9.625	-2.777	0.306
1511105700429	10.4	-2.336	0.421
1511105700433	11.157	-1.829	0.45
1511105700445	11.597	-1.369	0.22
1511105700451	11.492	-1.11	-0.124
1511105700464	10.554	-1.225	-0.45
1511105700471	9.462	-1.79	-0.325
1511105700481	8.657	-2.47	0.0
1511105700494	8.293	-3.035	0.249
1511105700501	8.561	-3.428	0.43
1511105700511	9.5	-3.553	0.488
1511105700523	10.707	-3.131	0.45
1511105700531	12.0	-2.47	0.536
1511105700541	13.149	-1.714	0.565
1511105700553	14.183	-0.938	0.402
1511105700561	15.131	-0.306	0.038
1511105700571	15.725	-0.181	-0.306
1511105700582	15.725	-0.574	-0.45
1511105700591	14.72	-1.283	-0.057
1511105700601	13.024	-2.164	0.574
1511105700613	11.195	-2.978	1.101
1511105700621	9.557	-3.399	1.35
1511105700631	8.207	-3.332	1.417
1511105700642	7.278	-2.968	1.436
1511105700651	6.943	-2.432	1.331
1511105700667	7.077	-1.829	0.89
1511105700676	7.326	-1.264	0.498
1511105700681	7.661	-0.852	0.402
1511105700691	8.245	-0.555	0.363
1511105700702	8.964	-0.344	0.354
1511105700711	9.682	-0.258	0.239
1511105700721	10.333	-0.287	-0.038
1511105700733	10.726	-0.43	-0.363
1511105700741	10.908	-0.651	-0.555
1511105700751	10.917	-0.948	-0.478
1511105700765	10.812	-1.331	0.392
1511105700771	10.544	-1.877	0.411
1511105700781	10.142	-2.537	0.823
1511105700795	9.778	-3.246	1.532
1511105700803	9.663	-3.84	1.532
1511105700822	9.816	-4.118	1.714
1511105700824	10.084	-3.917	1.436
1511105700832	10.419	-3.102	0.517
1511105700842	10.544	-2.078	-0.555
1511105700855	10.649	-1.015	-1.618
1511105700861	10.774	-0.028	-1.618
1511105700872	10.803	0.737	-1.139
1511105700886	10.688	1.11	-0.708
1511105700891	10.391	0.967	-0.555
1511105700901	9.95	0.43	-0.43
1511105700916	9.462	-0.172	-0.344
1511105700921	9.452	-0.747	-0.22
1511105700932	9.347	-1.197	-0.047
1511105700945	9.347	-1.57	0.143
1511105700951	9.155	-1.819	0.373
1511105700967	9.05	-2.087	0.526
1511105700976	8.935	-2.336	0.43
1511105700981	8.945	-2.499	0.306
1511105700991	9.289	-2.518	0.258
1511105701005	9.931	-2.49	0.277
1511105701011	10.63	-2.442	0.277
1511105701022	11.147	-2.059	0.038
1511105701036	11.243	-2.106	-0.239
1511105701041	11.08	-1.225	-0.153
1511105701051	10.764	-1.043	0.086
1511105701066	10.333	-0.718	0.287
1511105701098	10.008	-0.545	0.622
1511105701108	9.692	-0.718	0.679
1511105701113	9.261	-1.12	0.43
1511105701115	8.945	-1.704	0.373
1511105701117	8.992	-2.221	0.498
1511105701130	9.241	-2.547	0.593
1511105701136	9.577	-2.624	0.498
1511105701145	9.883	-2.518	0.296
1511105701157	10.056	-2.269	0.114
1511105701161	10.046	-1.915	0.038
1511105701171	9.95	-1.58	0.076
1511105701187	9.672	-1.321	0.287
1511105701192	9.404	-1.216	0.612
1511105701201	9.146	-1.35	0.986
1511105701213	9.031	-1.628	1.35
1511105701221	9.069	-1.982	1.484
1511105701231	9.289	-2.413	1.455
1511105701245	9.692	-2.758	1.283
1511105701251	10.209	-2.911	1.043
1511105701261	10.582	-2.863	0.775
1511105701273	10.554	-2.614	0.488
1511105701283	10.142	-2.212	0.296
1511105701291	9.759	-1.81	0.325
1511105701303	9.625	-1.532	0.498
1511105701311	9.778	-1.225	0.622
1511105701321	10.075	-0.881	0.612
1511105701335	10.343	-0.555	0.421
1511105701341	10.64	-0.363	0.296
1511105701351	10.965	-0.296	0.287
1511105701363	11.291	-0.43	0.287
1511105701371	11.55	-0.756	0.239
1511105701381	11.636	-1.206	0.162
1511105701394	11.655	-1.781	0.201
1511105701401	11.617	-2.269	0.335
1511105701411	11.511	-2.614	0.335
1511105701424	11.358	-2.748	0.191
1511105701431	11.262	-2.662	-0.009
1511105701441	11.205	-2.269	-0.105
1511105701454	11.233	-1.656	-0.21
1511105701466	11.358	-1.158	-0.249
1511105701471	11.53	-1.034	-0.162
1511105701484	11.617	-1.225	-0.057
1511105701491	11.578	-1.676	-0.067
1511105701501	11.511	-2.145	-0.143
1511105701514	11.281	-2.48	-0.306
1511105701521	10.927	-2.566	-0.383
1511105701531	10.534	-2.442	-0.21
1511105701545	10.065	-2.126	0.124
1511105701552	9.557	-1.695	0.325
1511105701561	9.203	-1.331	0.43
1511105701575	8.992	-1.139	0.545
1511105701581	8.849	-1.082	0.545
1511105701591	8.724	-1.12	0.392
1511105701605	8.533	-1.225	0.191
1511105701611	8.312	-1.264	-0.067
1511105701622	8.226	-1.283	-0.383
1511105701636	8.15	-1.321	-0.239
1511105701641	8.054	-1.426	-0.086
1511105701652	7.881	-1.551	0.047
1511105701666	7.7	-1.685	0.105
1511105701671	7.498	-1.781	0.153
1511105701682	7.297	-1.857	0.143
1511105701696	7.345	-1.8	0.095
1511105701701	7.814	-1.695	0.038
1511105701712	8.198	-1.628	-0.038
1511105701727	8.504	-1.685	-0.134
1511105701731	8.801	-1.752	-0.143
1511105701742	9.05	-1.867	-0.086
1511105701774	9.174	-2.011	0.038
1511105701776	9.241	-2.135	0.143
1511105701779	9.299	-2.25	0.067
1511105701783	9.443	-2.26	-0.028
1511105701792	9.826	-2.288	-0.076
1511105701805	10.257	-2.432	-0.105
1511105701817	10.668	-2.375	-0.22
1511105701831	11.042	-2.595	-0.22
1511105701845	10.975	-2.643	-0.124
1511105701906	10.735	-2.729	0.028
1511105701907	10.362	-2.863	0.105
1511105701908	10.084	-2.978	0.134
1511105701908	9.979	-3.045	0.162
1511105701909	9.988	-3.007	0.134
1511105701909	10.017	-2.834	0.124
1511105701914	9.95	-2.624	0.134
1511105701922	9.615	-2.499	0.124
1511105701934	9.194	-2.47	0.124
1511105701941	8.791	-2.442	-0.086
1511105701951	8.207	-2.308	-0.258
1511105701965	7.498	-2.212	-0.162
1511105701971	6.742	-2.202	0.124
1511105701981	6.359	-2.126	0.306
1511105702012	6.713	-1.992	0.354
1511105702045	7.68	-1.992	0.268
1511105702046	8.763	-2.212	0.047
1511105702047	9.452	-2.528	-0.249
1511105702047	9.414	-2.691	-0.392
1511105702048	8.648	-2.758	-0.316
1511105702052	7.757	-2.739	0.057
1511105702061	7.221	-2.748	0.402
1511105702071	7.221	-2.71	0.478
1511105702087	7.929	-2.547	0.402
1511105702091	9.299	-2.432	0.268
1511105702101	10.668	-2.365	0.0
1511105702115	11.664	-2.26	-0.478
1511105702121	12.23	-2.097	-0.804
1511105702131	12.028	-1.953	-0.871
1511105702145	11.004	-2.03	-0.421
1511105702151	10.027	-2.202	0.201
1511105702162	9.625	-2.355	0.392
1511105702176	10.103	-2.327	0.124
1511105702181	11.435	-2.097	-0.105
1511105702191	12.718	-1.819	-0.306
1511105702204	13.513	-1.532	-0.565
1511105702211	13.704	-1.245	-0.871
1511105702221	13.024	-1.024	-1.158
1511105702232	11.54	-0.967	-1.015
1511105702241	10.142	-1.225	-0.651
1511105702251	9.155	-1.666	-0.469
1511105702265	8.533	-2.26	-0.421
1511105702276	8.198	-2.892	-0.335
1511105702282	8.111	-3.505	-0.277
1511105702295	8.408	-3.773	-0.373
1511105702301	8.973	-3.428	-0.43
1511105702311	9.692	-2.576	-0.354
1511105702325	10.391	-1.494	-0.296
1511105702331	11.119	-0.45	-0.239
1511105702341	11.942	0.459	-0.249
1511105702356	12.775	1.024	-0.277
1511105702361	13.417	1.12	-0.277
1511105702373	12.977	0.66	-0.134
1511105702388	12.967	-0.191	0.019
1511105702391	11.741	-1.082	0.363
1511105702403	9.682	-1.628	0.459
1511105702418	9.653	-1.886	0.44
1511105702421	8.523	-2.03	0.354
1511105702434	8.38	-2.001	0.162
1511105702476	8.226	-2.001	-0.028
1511105702480	8.475	-1.925	-0.21
1511105702485	8.523	-1.819	-0.306
1511105702489	8.887	-1.752	-0.335
1511105702494	9.299	-1.695	-0.335
1511105702498	9.615	-1.704	-0.354
1511105702517	9.759	-1.838	-0.316
1511105702518	9.826	-1.944	-0.316
1511105702525	9.835	-2.001	-0.249
1511105702531	9.816	-2.011	-0.134
1511105702541	9.826	-1.877	-0.028
1511105702553	9.893	-1.972	-0.019
1511105702567	10.036	-1.551	-0.019
1511105702573	10.324	-1.369	-0.047
1511105702583	10.668	-1.053	-0.134
1511105702591	10.822	-0.919	-0.201
1511105702601	10.841	-1.015	-0.258
1511105702614	10.688	-1.158	-0.287
1511105702621	10.448	-1.34	-0.277
1511105702631	10.18	-1.503	-0.229
1511105702642	9.883	-1.656	-0.162
1511105702651	9.682	-1.819	-0.105
1511105702661	9.557	-1.953	-0.038
1511105702671	9.51	-2.049	0.047
1511105702681	9.529	-2.068	0.076
1511105702691	9.577	-2.039	0.047
1511105702702	9.634	-1.982	0.057
1511105702711	9.682	-1.944	0.028
1511105702721	9.749	-1.867	0.009
1511105702731	9.816	-1.819	0.057
1511105702741	9.845	-1.733	0.105
1511105702751	9.854	-1.628	0.105
1511105702761	9.845	-1.484	0.143
1511105702771	9.902	-1.264	0.095
1511105702781	9.941	-1.043	-0.047
1511105702792	10.027	-0.928	-0.181
1511105702801	10.132	-0.967	-0.287
1511105702814	10.228	-1.177	-0.325
1511105702827	10.305	-1.484	-0.421
1511105702831	10.381	-1.838	-0.555
1511105702841	10.506	-2.183	-0.593
1511105702852	10.592	-2.384	-0.632
1511105702861	10.659	-2.461	-0.679
1511105702871	10.764	-2.355	-0.679
1511105702882	10.831	-2.202	-0.708
1511105702891	10.87	-2.059	-0.737
1511105702901	10.898	-2.001	-0.727
1511105702913	10.889	-2.039	-0.785
1511105702928	10.908	-2.212	-0.727
1511105702931	10.908	-2.346	-0.66
1511105702944	10.927	-2.451	-0.679
1511105702951	10.956	-2.432	-0.67
1511105702967	11.023	-2.355	-0.517
1511105702975	11.013	-2.174	-0.354
1511105702981	10.984	-1.934	-0.296
1511105702991	10.898	-1.676	-0.392
1511105703003	10.774	-1.465	-0.517
1511105703011	10.525	-1.34	-0.555
1511105703021	10.276	-1.283	-0.603
1511105703034	10.056	-1.225	-0.488
1511105703041	9.893	-1.13	-0.488
1511105703051	9.854	-0.996	-0.45
1511105703065	9.998	-0.881	-0.201
1511105703071	9.874	-0.794	-0.201
1511105703081	9.921	-0.852	-0.095
1511105703094	9.768	-1.043	0.009
1511105703101	9.864	-1.35	0.009
1511105703115	9.816	-1.714	-0.114
1511105703144	9.864	-2.02	-0.114
1511105703145	9.988	-2.269	-0.287
1511105703152	10.094	-2.327	-0.21
1511105703162	10.103	-2.231	-0.201
1511105703164	10.027	-2.116	-0.201
1511105703177	9.941	-1.992	-0.095
1511105703185	9.95	-1.925	-0.028
1511105703191	9.605	-1.79	-0.105
1511105703207	9.538	-1.656	-0.095
1511105703215	9.222	-1.35	0.028
1511105703221	9.069	-1.35	0.239
1511105703232	8.763	-1.158	0.392
1511105703249	8.581	-0.986	0.478
1511105703251	8.178	-0.833	0.488
1511105703261	7.929	-0.766	0.478
1511105703274	7.719	-0.948	0.498
1511105703282	7.652	-1.101	0.584
1511105703291	7.68	-1.484	0.565
1511105703303	7.862	-1.656	0.459
1511105703311	8.13	-1.877	0.344
1511105703321	8.533	-2.039	0.287
1511105703333	8.983	-2.087	0.172
1511105703341	9.471	-2.097	0.076
1511105703369	9.768	-2.135	0.124
1511105703379	9.768	-2.078	0.21
1511105703385	9.557	-1.944	0.268
1511105703393	9.433	-1.743	0.229
1511105703401	9.433	-1.589	0.162
1511105703412	9.557	-1.503	0.067
1511105703424	9.768	-1.532	-0.057
1511105703431	9.988	-1.666	-0.105
1511105703445	10.036	-1.857	-0.028
1511105703460	9.95	-2.02	0.201
1511105703510	9.692	-2.087	0.469
1511105703511	9.433	-1.992	0.66
1511105703511	9.222	-1.79	0.775
1511105703512	9.174	-1.513	0.775
1511105703513	9.261	-1.216	0.699
1511105703514	9.385	-0.986	0.584
1511105703521	9.481	-0.89	0.421
1511105703531	9.423	-0.909	0.306
1511105703542	9.146	-1.024	0.296
1511105703551	8.629	-1.139	0.373
1511105703561	8.073	-1.187	0.373
1511105703572	7.69	-1.197	0.249
1511105703581	7.546	-1.206	0.21
1511105703591	7.862	-1.197	0.268
1511105703604	8.743	-1.168	0.229
1511105703611	9.749	-1.177	0.019
1511105703621	10.419	-1.235	-0.268
1511105703634	10.611	-1.35	-0.402
1511105703641	9.874	-1.58	-0.316
1511105703651	8.849	-1.857	-0.028
1511105703662	7.958	-2.231	0.45
1511105703671	7.604	-2.442	0.756
1511105703681	7.834	-2.279	0.823
1511105703692	9.05	-1.925	0.651
1511105703701	10.333	-1.637	0.354
1511105703711	11.291	-1.426	0.095
1511105703722	11.684	-1.312	-0.124
1511105703731	11.262	-1.436	-0.22
1511105703741	10.19	-1.877	-0.239
1511105703753	9.318	-2.336	-0.114
1511105703761	9.069	-2.566	0.143
1511105703771	9.874	-2.355	0.316
1511105703782	11.435	-1.838	0.45
1511105703791	12.728	-1.254	0.517
1511105703801	13.733	-0.651	0.43
1511105703820	14.499	-0.143	0.124
1511105703821	14.93	0.143	-0.229
1511105703834	14.844	-0.105	-0.43
1511105703845	14.097	-0.919	0.354
1511105703852	12.804	-1.896	0.909
1511105703866	11.569	-2.71	0.814
1511105703875	10.525	-3.237	0.699
1511105703881	9.739	-3.342	0.392
1511105703891	9.241	-2.921	0.478
1511105703902	8.868	-2.183	0.632
1511105703911	8.686	-1.407	0.612
1511105703921	8.494	-0.708	0.545
1511105703933	8.724	-0.191	0.507
1511105703941	8.724	0.086	0.45
1511105703951	8.945	0.019	0.383
1511105703963	9.012	-0.392	0.325
1511105703971	9.155	-0.919	0.363
1511105703981	9.222	-1.407	0.469
1511105703992	9.308	-1.743	0.469
1511105704001	9.462	-1.848	0.421
1511105704011	9.672	-1.628	0.363
1511105704024	9.96	-1.273	0.296
1511105704031	10.218	-1.369	0.287
1511105704041	10.429	-1.225	0.287
1511105704052	10.601	-1.359	0.306
1511105704061	10.678	-1.589	0.268
1511105704071	10.745	-1.877	0.191
1511105704082	10.745	-2.087	0.201
1511105704091	10.697	-2.202	0.153
1511105704101	10.582	-2.126	0.124
1511105704114	10.41	-1.944	0.181
1511105704121	10.17	-1.723	0.258
1511105704132	9.941	-1.522	0.287
1511105704144	9.711	-1.388	0.296
1511105704151	9.548	-1.379	0.335
1511105704162	9.481	-1.398	0.392
1511105704174	9.471	-1.513	0.459
1511105704181	9.538	-1.637	0.469
1511105704191	9.625	-1.79	0.498
1511105704204	9.672	-1.934	0.45
1511105704211	9.73	-2.049	0.363
1511105704223	9.854	-2.154	0.21
1511105704235	10.027	-2.241	0.038
1511105704241	10.113	-2.25	0.0
1511105704252	10.199	-2.183	0.038
1511105704265	10.19	-2.068	-0.009
1511105704271	10.103	-1.963	-0.076
1511105704281	10.084	-1.857	-0.095
1511105704295	10.084	-1.79	-0.086
1511105704301	10.113	-1.695	-0.086
1511105704313	10.123	-1.599	0.009
1511105704325	10.132	-1.455	0.105
1511105704331	10.084	-1.273	0.162
1511105704343	10.027	-1.168	0.201
1511105704355	9.979	-1.158	0.201
1511105704361	9.883	-1.254	0.134
1511105704373	9.778	-1.417	-0.009
1511105704385	9.739	-1.484	-0.134
1511105704391	9.816	-1.541	-0.21
1511105704401	9.912	-1.522	-0.21
1511105704415	10.008	-1.436	-0.153
1511105704421	10.046	-1.331	-0.047
1511105704433	10.084	-1.235	0.095
1511105704445	10.151	-1.254	0.172
1511105704451	10.209	-1.321	0.181
1511105704462	10.391	-1.513	0.249
1511105704476	10.649	-1.79	0.296
1511105704509	10.822	-2.097	0.325
1511105704512	10.965	-2.365	0.21
1511105704515	11.032	-2.576	0.086
1511105704519	11.042	-2.672	0.124
1511105704523	11.061	-2.566	0.229
1511105704538	11.061	-2.298	0.229
1511105704544	11.023	-1.934	0.057
1511105704556	10.908	-1.618	0.019
1511105704566	10.745	-1.484	-0.009
1511105704571	10.64	-1.561	-0.086
1511105704582	10.582	-1.848	-0.114
1511105704596	10.477	-2.106	-0.258
1511105704601	10.448	-2.269	-0.143
1511105704612	10.295	-2.25	-0.383
1511105704622	10.199	-2.154	-0.383
1511105704631	9.95	-1.992	-0.019
1511105704641	9.797	-1.79	0.287
1511105704653	9.644	-1.541	0.373
1511105704661	9.711	-1.206	0.268
1511105704671	9.874	-0.861	0.076
1511105704684	9.739	-0.603	-0.076
1511105704691	9.596	-0.488	-0.114
1511105704701	9.692	-0.565	-0.038
1511105704714	9.644	-0.775	0.249
1511105704721	9.692	-1.13	0.478
1511105704731	9.807	-1.561	0.593
1511105704743	9.749	-2.059	0.498
1511105704751	9.577	-2.461	0.344
1511105704761	9.452	-2.911	0.296
1511105704776	9.251	-2.758	0.363
1511105704781	9.155	-2.748	0.526
1511105704792	8.983	-2.413	0.737
1511105704805	8.964	-2.001	0.718
1511105704811	8.973	-1.589	0.651
1511105704836	9.117	-1.331	0.651
1511105704837	9.184	-1.187	0.699
1511105704841	9.222	-1.168	0.67
1511105704851	9.136	-1.273	0.565
1511105704866	8.964	-1.494	0.517
1511105704871	8.801	-1.762	0.574
1511105704886	8.657	-2.02	0.651
1511105704896	8.523	-2.221	0.689
1511105704901	8.514	-2.308	0.718
1511105704911	8.59	-2.241	0.689
1511105704926	8.782	-2.039	0.517
1511105704931	9.059	-1.733	0.306
1511105704943	9.366	-1.474	0.134
1511105704956	9.615	-1.302	0.009
1511105704961	9.797	-1.264	0.019
1511105704972	9.874	-1.369	0.086
1511105704986	9.912	-1.551	0.239
1511105704991	9.931	-1.762	0.402
1511105705002	9.998	-2.011	0.507
1511105705018	10.008	-2.183	0.459
1511105705024	10.036	-2.327	0.344
1511105705035	10.056	-2.403	0.249
1511105705047	10.008	-2.432	0.191
1511105705062	9.749	-2.212	0.411
1511105705077	9.653	-2.02	0.555
1511105705081	9.759	-1.829	0.555
1511105705107	10.199	-1.695	0.526
1511105705112	10.285	-1.695	0.383
1511105705121	10.257	-1.733	0.22
1511105705134	10.094	-1.81	0.143
1511105705141	9.778	-1.915	0.201
1511105705151	9.51	-1.982	0.296
1511105705164	9.318	-2.001	0.344
1511105705183	9.289	-2.001	0.383
1511105705198	9.625	-1.992	0.488
1511105705209	9.835	-1.982	0.498
1511105705215	9.931	-1.963	0.498
1511105705227	9.797	-1.915	0.565
1511105705241	8.992	-1.714	0.517
1511105705254	8.37	-1.628	0.555
1511105705261	7.623	-1.58	0.555
1511105705271	6.905	-1.503	0.469
1511105705286	6.282	-1.417	0.469
1511105705291	6.062	-1.292	0.469
1511105705302	6.349	-1.091	0.383
1511105705315	7.154	-0.996	-0.105
1511105705321	8.236	-1.053	-0.105
1511105705331	9.356	-1.331	-0.507
1511105705346	10.065	-1.781	-0.498
1511105705351	9.902	-2.174	-0.593
1511105705361	9.136	-2.384	-0.153
1511105705374	8.265	-2.499	0.124
1511105705381	7.757	-2.509	0.153
1511105705391	8.025	-2.423	0.21
1511105705407	9.155	-2.355	0.009
1511105705411	11.521	-2.355	-0.306
1511105705422	12.067	-2.394	-0.555
1511105705437	11.933	-2.461	-0.641
1511105705441	11.54	-2.528	-0.373
1511105705452	10.707	-2.71	0.047
1511105705467	10.266	-2.892	0.22
1511105705471	10.391	-2.863	0.153
1511105705482	10.831	-2.394	-0.105
1511105705497	11.636	-2.308	-0.287
1511105705501	12.124	-1.81	-0.498
1511105705512	12.507	-1.628	-0.612
1511105705527	12.852	-1.781	-0.526
1511105705531	12.957	-2.068	-0.421
1511105705542	13.015	-2.547	-0.287
1511105705557	12.977	-2.825	-0.162
1511105705561	12.852	-2.796	-0.105
1511105705572	12.593	-2.384	-0.114
1511105705588	12.048	-1.714	-0.009
1511105705591	11.31	-0.919	0.287
1511105705602	10.41	-0.172	0.689
1511105705618	9.443	0.277	1.082
1511105705621	8.657	0.383	1.388
1511105705633	8.217	0.076	1.465
1511105705648	8.006	-0.488	1.398
1511105705651	7.939	-1.149	1.197
1511105705662	7.987	-1.829	0.919
1511105705677	8.226	-2.375	0.612
1511105705681	8.629	-2.758	0.22
1511105705692	9.117	-2.892	-0.191
1511105705707	9.586	-2.844	-0.488
1511105705711	9.941	-2.643	-0.555
1511105705722	10.132	-2.403	-0.392
1511105705738	10.161	-2.212	-0.124
1511105705741	10.142	-2.154	0.143
1511105705752	10.094	-2.212	0.373
1511105705767	10.075	-2.298	0.517
1511105705782	10.266	-2.308	0.498
1511105705797	10.467	-2.174	0.335
1511105705801	10.621	-1.944	0.229
1511105705812	10.621	-1.771	0.114
1511105705828	10.515	-1.656	0.028
1511105705831	10.276	-1.599	0.009
1511105705843	10.046	-1.637	0.067
1511105705858	9.787	-1.723	0.143
1511105705861	9.586	-1.838	0.229
1511105705894	9.443	-2.001	0.306
1511105705898	9.395	-2.241	0.373
1511105705901	9.376	-2.451	0.421
1511105705903	9.443	-2.614	0.411
1511105705913	9.49	-2.691	0.354
1511105705921	9.577	-2.681	0.287
1511105705933	9.663	-2.595	0.21
1511105705946	9.711	-2.49	0.181
1511105705951	9.749	-2.413	0.181
1511105705962	9.749	-2.355	0.229
1511105705976	9.778	-2.288	0.258
1511105705981	9.826	-2.25	0.344
1511105705992	9.835	-2.164	0.43
1511105706005	9.864	-2.106	0.517
1511105706011	9.874	-2.039	0.536
1511105706022	9.893	-2.03	0.545
1511105706036	9.902	-2.001	0.526
1511105706041	9.883	-1.992	0.459
1511105706051	9.883	-1.944	0.421
1511105706066	9.893	-1.886	0.383
1511105706071	9.874	-1.877	0.363
1511105706099	9.902	-1.877	0.287
1511105706101	9.95	-1.896	0.22
1511105706113	9.988	-1.925	0.258
1511105706129	9.998	-1.925	0.316
1511105706131	9.988	-1.934	0.296
1511105706142	9.941	-1.857	0.134
1511105706157	9.941	-1.781	0.019
1511105706173	10.17	-1.915	0.114
1511105706191	10.276	-2.001	0.335
1511105706203	10.247	-2.566	0.44
1511105706211	10.209	-2.557	0.392
1511105706221	10.17	-2.863	0.22
1511105706233	10.094	-3.17	-0.009
1511105706241	10.027	-3.17	-0.134
1511105706252	9.998	-2.767	-0.076
1511105706263	9.95	-2.518	0.076
1511105706271	9.941	-2.212	0.306
1511105706281	9.912	-1.963	0.363
1511105706293	9.883	-1.781	0.316
1511105706309	9.95	-1.714	0.277
1511105706311	10.103	-1.752	0.296
1511105706323	10.352	-1.915	0.411
1511105706331	10.611	-2.145	0.421
1511105706341	10.822	-2.365	0.354
1511105706353	10.879	-2.537	0.21
1511105706361	10.755	-2.614	0.038
1511105706372	10.467	-2.71	-0.105
1511105706383	10.017	-2.815	-0.114
1511105706391	9.615	-2.988	-0.076
1511105706402	9.347	-3.179	0.028
1511105706413	9.385	-3.399	0.114
1511105706421	9.663	-3.581	0.153
1511105706431	10.017	-3.39	0.172
1511105706443	10.525	-2.758	0.277
1511105706451	11.032	-1.982	0.612
1511105706461	11.214	-1.235	0.957
1511105706471	11.138	-0.574	1.321
1511105706481	10.965	-0.057	1.637
1511105706491	10.63	0.057	1.79
1511105706503	9.998	-0.421	1.628
1511105706511	9.318	-1.599	1.34
1511105706521	8.858	-2.988	1.015
1511105706532	8.715	-4.07	0.565
1511105706541	8.696	-4.721	0.134
1511105706551	8.82	-4.855	-0.038
1511105706564	9.203	-4.529	0.114
1511105706598	9.739	-3.773	0.354
1511105706601	10.17	-2.796	0.363
1511105706613	10.343	-1.915	0.392
1511105706616	10.362	-1.264	0.517
1511105706620	10.285	-0.957	0.612
1511105706622	10.084	-0.986	0.622
1511105706638	9.682	-1.369	0.603
1511105706644	9.299	-1.81	0.574
1511105706653	9.05	-2.317	0.679
1511105706661	8.878	-2.777	0.842
1511105706671	8.743	-3.093	0.957
1511105706683	8.609	-3.256	0.986
1511105706733	8.561	-3.217	0.89
1511105706734	8.59	-2.988	0.814
1511105706734	8.734	-2.633	0.852
1511105706735	8.964	-2.231	0.9
1511105706735	9.174	-1.867	0.938
1511105706743	9.203	-1.618	0.833
1511105706751	9.127	-1.398	0.651
1511105706761	9.012	-1.245	0.392
1511105706773	8.858	-1.283	0.229
1511105706781	8.753	-1.455	0.086
1511105706791	8.734	-1.79	0.086
1511105706802	8.839	-2.193	0.201
1511105706811	9.021	-2.576	0.201
1511105706826	9.213	-2.853	0.421
1511105706833	9.308	-2.988	0.861
1511105706843	9.337	-3.007	0.861
1511105706851	9.318	-2.873	0.928
1511105706862	9.299	-2.681	0.775
1511105706871	9.376	-2.499	0.679
1511105706881	9.519	-2.403	0.612
1511105706893	10.046	-2.384	0.545
1511105706901	10.046	-2.365	0.469
1511105706917	10.209	-2.384	0.363
1511105706923	10.017	-2.442	0.392
1511105706931	9.711	-2.499	0.498
1511105706941	9.28	-2.537	0.622
1511105706952	9.069	-2.461	0.756
1511105706961	9.059	-2.461	0.9
1511105706971	9.232	-2.403	0.957
1511105706983	9.385	-2.001	0.775
1511105706991	9.443	-2.135	0.498
1511105707004	9.5	-2.039	0.383
1511105707015	9.462	-2.174	0.478
1511105707021	9.241	-2.336	0.67
1511105707034	8.897	-2.566	0.814
1511105707042	8.609	-2.873	0.9
1511105707051	8.466	-3.189	1.043
1511105707061	8.494	-3.419	1.082
1511105707072	8.734	-3.533	1.015
1511105707081	9.213	-3.476	0.871
1511105707091	9.787	-3.294	0.651
1511105707104	10.084	-2.997	0.517
1511105707111	9.979	-2.719	0.402
1511105707125	9.529	-2.614	0.363
1511105707135	8.878	-2.633	0.536
1511105707141	8.169	-2.71	0.689
1511105707151	7.709	-2.729	0.708
1511105707165	7.709	-2.643	0.632
1511105707180	8.236	-2.576	0.517
1511105707182	9.27	-2.652	0.507
1511105707195	10.458	-2.758	0.622
1511105707201	11.291	-2.786	0.593
1511105707212	11.617	-2.796	0.402
1511105707226	11.166	-2.729	0.229
1511105707231	10.103	-2.643	0.153
1511105707268	9.107	-2.509	0.268
1511105707274	8.581	-2.231	0.43
1511105707277	8.743	-1.848	0.469
1511105707280	9.471	-1.503	0.536
1511105707281	10.18	-1.321	0.507
1511105707300	10.525	-1.273	0.44
1511105707302	10.352	-1.331	0.268
1511105707313	9.912	-1.599	0.067
1511105707321	9.376	-2.011	-0.076
1511105707331	8.791	-2.423	0.0
1511105707363	8.265	-2.767	0.201
1511105707363	7.901	-3.035	0.469
1511105707364	8.102	-3.208	0.842
1511105707372	8.858	-3.265	1.053
1511105707381	9.835	-3.102	1.063
1511105707391	10.831	-2.7	0.976
1511105707403	11.521	-2.212	0.43
1511105707411	11.894	-1.867	0.411
1511105707421	11.693	-1.704	-0.019
1511105707432	10.927	-1.676	-0.22
1511105707441	10.132	-1.781	0.162
1511105707451	9.567	-1.915	0.679
1511105707463	9.49	-1.992	0.986
1511105707471	10.199	-1.905	1.015
1511105707481	11.272	-1.704	0.909
1511105707494	12.919	-1.455	0.593
1511105707501	12.881	-1.235	0.593
1511105707511	13.475	-1.015	0.383
1511105707523	13.513	-1.005	0.344
1511105707536	12.795	-1.235	0.335
1511105707541	11.588	-1.676	0.823
1511105707552	10.372	-2.135	1.494
1511105707561	9.308	-2.48	1.494
1511105707571	8.542	-2.7	1.551
1511105707583	8.035	-2.815	1.474
1511105707591	7.843	-2.853	1.168
1511105707601	7.92	-2.796	0.89
1511105707613	8.255	-2.614	0.689
1511105707621	8.753	-2.394	0.632
1511105707632	9.213	-2.174	0.718
1511105707643	9.73	-2.02	0.794
1511105707651	9.739	-1.992	0.881
1511105707661	9.768	-2.049	1.015
1511105707673	9.759	-2.116	1.091
1511105707681	9.73	-2.097	1.072
1511105707691	9.701	-2.087	1.024
1511105707703	9.711	-2.049	0.938
1511105707711	9.787	-1.992	0.871
1511105707721	9.95	-1.953	0.775
1511105707734	10.094	-1.714	0.718
1511105707741	10.199	-1.982	0.708
1511105707751	10.257	-1.838	0.766
1511105707763	10.161	-1.944	0.823
1511105707771	10.017	-1.972	0.938
1511105707781	9.874	-2.001	0.986
1511105707793	9.701	-1.992	1.082
1511105707801	9.567	-1.953	1.072
1511105707811	9.529	-2.02	1.024
1511105707823	9.49	-2.135	0.986
1511105707831	9.529	-2.26	0.948
1511105707841	9.653	-2.403	0.9
1511105707853	9.749	-2.499	0.861
1511105707861	9.835	-2.528	0.804
1511105707881	9.759	-2.47	0.881
1511105707882	9.634	-2.327	0.996
1511105707891	9.557	-2.154	1.149
1511105707901	9.557	-2.001	1.206
1511105707920	9.605	-1.867	1.206
1511105707926	9.73	-1.819	1.187
1511105707941	9.826	-1.81	1.13
1511105707944	9.893	-1.8	1.082
1511105707952	9.95	-1.8	1.024
1511105707961	9.969	-1.81	1.015
1511105707976	9.96	-1.819	0.957
1511105707981	9.921	-1.857	0.938
1511105707991	9.893	-1.915	0.938
1511105708004	9.941	-2.011	1.024
1511105708037	9.979	-2.087	1.11
1511105708038	9.941	-2.174	1.168
1511105708039	9.864	-2.25	1.197
1511105708043	9.739	-2.298	1.216
1511105708051	9.596	-2.327	1.235
1511105708063	9.443	-2.336	1.235
1511105708071	9.337	-2.346	1.206
1511105708081	9.318	-2.327	1.13
1511105708093	9.356	-2.279	1.091
1511105708101	9.481	-2.183	0.996
1511105708111	9.663	-2.001	0.9
1511105708125	9.921	-1.743	0.794
1511105708131	10.247	-1.532	0.718
1511105708141	10.525	-1.321	0.679
1511105708154	10.688	-1.235	0.612
1511105708161	10.783	-1.292	0.555
1511105708171	10.774	-1.474	0.536
1511105708184	10.688	-1.752	0.498
1511105708193	10.486	-2.097	0.545
1511105708201	10.314	-2.413	0.641
1511105708213	10.237	-2.576	0.727
1511105708221	10.257	-2.566	0.747
1511105708231	10.458	-2.403	0.756
1511105708245	10.745	-2.241	0.766
1511105708251	10.956	-2.135	0.66
1511105708261	10.984	-2.154	0.411
1511105708274	10.908	-2.193	0.21
1511105708281	10.946	-2.193	0.239
1511105708291	11.08	-2.193	0.411
1511105708305	11.061	-2.164	0.919
1511105708311	10.956	-2.068	1.005
1511105708322	10.735	-2.097	0.794
1511105708336	10.343	-2.221	0.66
1511105708341	9.969	-2.423	0.526
1511105708352	9.471	-2.7	0.44
1511105708366	9.538	-2.94	0.402
1511105708371	9.73	-3.045	0.517
1511105708382	10.237	-3.026	0.66
1511105708396	10.458	-2.786	0.833
1511105708401	10.467	-2.403	0.871
1511105708412	10.362	-1.972	0.823
1511105708426	10.209	-1.58	0.804
1511105708431	10.103	-1.35	0.833
1511105708442	9.816	-1.273	0.823
1511105708456	9.376	-1.474	0.679
1511105708461	8.983	-1.388	0.555
1511105708472	8.743	-1.81	0.565
1511105708486	8.609	-1.857	0.632
1511105708491	8.619	-2.02	0.871
1511105708503	8.734	-2.164	1.034
1511105708512	8.935	-2.164	1.12
1511105708524	9.174	-2.059	1.187
1511105708541	9.347	-1.848	1.254
1511105708543	9.404	-1.426	1.168
1511105708551	9.481	-0.928	1.082
1511105708561	9.308	-0.593	0.957
1511105708575	8.935	-0.574	0.833
1511105708593	8.552	-0.852	0.747
1511105708604	8.274	-1.312	0.737
1511105708606	8.054	-1.848	0.89
1511105708620	7.977	-2.298	1.158
1511105708622	7.996	-2.652	1.379
1511105708636	8.102	-2.825	1.561
1511105708654	8.274	-2.863	1.704
1511105708655	8.523	-2.758	1.676
1511105708667	8.782	-2.537	1.465
1511105708671	8.992	-2.355	1.312
1511105708683	9.146	-2.25	1.177
1511105708696	9.289	-2.193	0.986
1511105708701	9.433	-2.202	0.89
1511105708712	9.577	-2.269	0.861
1511105708726	9.672	-2.336	0.938
1511105708731	9.682	-2.384	1.082
1511105708741	9.615	-2.403	1.264
1511105708757	9.586	-2.461	1.388
1511105708761	9.653	-2.432	1.513
1511105708771	9.902	-2.298	1.58
1511105708785	10.17	-2.212	1.513
1511105708791	10.429	-2.154	1.446
1511105708801	10.534	-2.145	1.359
1511105708814	10.372	-2.202	1.35
1511105708821	10.084	-2.327	1.369
1511105708831	9.816	-2.47	1.417
1511105708851	9.663	-2.537	1.359
1511105708852	9.653	-2.509	1.283
1511105708861	9.73	-2.327	1.283
1511105708876	9.826	-2.068	1.302
1511105708881	9.787	-1.829	1.254
1511105708892	9.711	-1.762	1.254
1511105708911	9.567	-1.838	1.494
1511105708913	9.404	-2.03	1.647
1511105708924	9.107	-2.212	1.551
1511105708937	8.772	-2.346	1.331
1511105708941	8.561	-2.442	0.871
1511105708953	8.696	-2.403	0.498
1511105708967	9.031	-2.355	0.411
1511105708971	9.443	-2.336	0.66
1511105708982	9.759	-2.403	1.082
1511105709000	9.854	-2.499	1.35
1511105709001	9.663	-2.576	1.254
1511105709013	9.318	-2.604	0.938
1511105709027	8.897	-2.576	0.794
1511105709031	8.571	-2.49	0.842
1511105709044	8.753	-2.394	0.823
1511105709057	8.648	-2.308	0.823
1511105709061	9.098	-2.193	0.89
1511105709073	9.912	-2.135	0.823
1511105709088	9.941	-2.106	0.689
1511105709091	9.988	-2.154	0.43
1511105709102	8.906	-2.154	0.21
1511105709117	8.207	-2.135	0.287
1511105709121	7.738	-2.078	0.517
1511105709135	7.451	-2.068	0.737
1511105709148	7.451	-2.106	0.814
1511105709151	7.881	-2.174	0.718
1511105709162	8.791	-2.403	0.478
1511105709178	9.596	-2.394	0.143
1511105709182	9.921	-2.719	-0.181
1511105709193	9.519	-2.834	-0.373
1511105709208	8.897	-2.978	-0.316
1511105709211	8.178	-3.074	-0.047
1511105709223	7.68	-3.438	0.22
1511105709234	7.556	-3.773	0.373
1511105709242	8.322	-4.089	0.373
1511105709279	9.51	-4.204	0.296
1511105709287	10.515	-4.108	0.047
1511105709289	11.262	-3.706	-0.258
1511105709291	11.444	-3.141	-0.478
1511105709292	11.109	-2.595	-0.507
1511105709307	10.592	-2.202	-0.268
1511105709315	10.103	-1.953	0.086
1511105709327	9.768	-1.905	0.392
1511105709331	9.912	-2.02	0.593
1511105709349	10.554	-2.25	0.526
1511105709353	11.693	-2.499	0.344
1511105709361	12.977	-2.806	0.268
1511105709372	14.394	-3.15	0.201
1511105709389	15.553	-3.428	0.067
1511105709391	15.706	-3.514	-0.086
1511105709402	14.566	-3.447	0.0
1511105709413	12.766	-3.237	0.239
1511105709421	10.716	-2.806	0.526
1511105709432	9.012	-2.164	0.996
1511105709446	7.996	-1.436	1.388
1511105709451	7.661	-0.708	1.436
1511105709462	8.063	-0.22	1.197
1511105709475	8.878	-0.095	0.938
1511105709481	9.692	-0.459	0.699
1511105709491	10.276	-1.216	0.344
1511105709505	10.592	-2.193	-0.009
1511105709511	10.554	-3.256	-0.296
1511105709521	10.142	-4.175	-0.459
1511105709538	9.443	-4.721	-0.459
1511105709541	8.657	-4.874	-0.306
1511105709553	8.15	-4.644	0.019
1511105709568	7.91	-4.213	0.363
1511105709571	7.929	-3.696	0.574
1511105709583	8.14	-3.208	0.593
1511105709598	8.504	-2.853	0.555
1511105709601	8.935	-2.604	0.421
1511105709613	9.395	-2.47	0.268
1511105709628	9.807	-2.413	0.057
1511105709632	10.17	-2.365	-0.134
1511105709643	10.419	-2.317	-0.249
1511105709658	10.573	-2.288	-0.277
1511105709661	10.592	-2.298	-0.21
1511105709673	10.496	-2.365	0.067
1511105709688	10.305	-2.48	0.057
1511105709691	10.046	-2.576	0.124
1511105709703	9.826	-2.672	0.134
1511105709711	9.72	-2.739	0.143
1511105709721	9.663	-2.825	0.143
1511105709733	9.653	-2.873	0.277
1511105709741	9.625	-2.921	0.277
1511105709751	9.538	-2.959	0.287
1511105709763	9.232	-3.016	0.22
1511105709771	9.241	-3.035	0.22
1511105709781	9.127	-3.055	0.239
1511105709793	9.136	-3.064	0.181
1511105709801	9.136	-3.122	0.143
1511105709811	9.222	-3.16	0.067
1511105709824	9.433	-3.246	0.076
1511105709831	9.433	-3.246	0.047
1511105709844	9.5	-3.246	0.086
1511105709855	9.711	-3.265	0.086
1511105709864	9.625	-3.246	0.124
1511105709873	9.845	-3.217	0.172
1511105709887	9.759	-3.17	0.229
1511105709896	9.797	-3.112	0.287
1511105709904	9.778	-3.007	0.316
1511105709913	9.759	-2.882	0.258
1511105709947	9.701	-2.882	0.172
1511105709957	9.682	-2.662	0.105
1511105709959	9.692	-2.691	0.076
1511105709960	9.692	-2.691	0.095
1511105709997	9.711	-2.719	0.143
1511105709998	9.672	-2.777	0.143
1511105710000	9.634	-2.882	0.143
1511105710000	9.625	-3.016	0.114
1511105710001	9.634	-3.055	0.114
1511105710011	9.653	-3.016	0.047
1511105710024	9.711	-2.892	0.067
1511105710041	9.778	-2.796	0.067
1511105710051	9.778	-2.806	0.124
1511105710065	9.768	-2.863	0.162
1511105710071	9.778	-2.988	0.21
1511105710081	9.797	-3.16	0.229
1511105710092	9.864	-3.304	0.201
1511105710101	9.893	-3.438	0.162
1511105710111	9.883	-3.562	0.153
1511105710121	9.826	-3.639	0.172
1511105710131	9.749	-3.648	0.21
1511105710141	9.73	-3.553	0.162
1511105710151	9.72	-3.428	0.153
1511105710161	9.739	-3.256	0.153
1511105710171	9.759	-3.102	0.153
1511105710184	9.835	-2.921	0.105
1511105710191	9.912	-2.71	0.057
1511105710201	9.95	-2.528	-0.067
1511105710214	10.008	-2.375	-0.143
1511105710221	10.046	-2.317	-0.22
1511105710231	10.113	-2.336	-0.249
1511105710244	10.237	-2.461	-0.373
1511105710251	10.362	-2.643	-0.498
1511105710261	10.506	-2.863	-0.555
1511105710274	10.592	-3.15	-0.593
1511105710281	10.668	-3.476	-0.526
1511105710291	10.649	-3.859	-0.402
1511105710304	10.601	-4.204	-0.287
1511105710311	10.506	-4.443	-0.277
1511105710321	10.448	-4.606	-0.335
1511105710334	10.496	-4.635	-0.421
1511105710341	10.534	-4.558	-0.43
1511105710351	10.726	-4.434	-0.507
1511105710364	11.004	-4.252	-0.555
1511105710371	11.214	-4.003	-0.545
1511105710381	11.195	-3.83	-0.526
1511105710394	11.052	-3.715	-0.373
1511105710401	10.841	-3.629	-0.373
1511105710411	10.63	-3.466	-0.392
1511105710424	10.343	-3.179	-0.411
1511105710431	10.17	-2.767	-0.411
1511105710441	10.285	-2.231	-0.172
1511105710455	10.668	-1.628	0.363
1511105710461	10.649	-1.101	0.363
1511105710471	10.611	-0.622	0.43
1511105710485	9.902	-0.306	0.411
1511105710491	9.921	-0.258	0.411
1511105710501	9.366	-0.651	0.344
1511105710515	8.37	-1.359	0.258
1511105710521	8.37	-2.078	0.105
1511105710531	8.044	-2.739	0.114
1511105710545	7.872	-3.304	0.095
1511105710551	7.872	-3.601	0.201
1511105710561	7.795	-3.754	0.268
1511105710575	7.642	-3.371	0.373
1511105710581	7.642	-3.39	0.498
1511105710591	7.853	-2.873	0.593
1511105710626	7.996	-1.905	0.67
1511105710636	8.15	-1.905	0.67
1511105710643	8.418	-1.628	0.593
1511105710645	8.609	-1.532	0.402
1511105710653	8.629	-1.666	0.335
1511105710664	8.715	-2.02	0.316
1511105710671	8.715	-2.02	0.411
1511105710681	8.763	-2.078	0.545
1511105710699	8.906	-1.963	0.66
1511105710701	9.098	-1.886	0.756
1511105710724	9.538	-1.829	0.766
1511105710731	9.615	-1.877	0.651
1511105710741	9.557	-1.992	0.526
1511105710753	9.548	-2.154	0.392
1511105710761	9.72	-2.355	0.287
1511105710771	10.017	-2.585	0.296
1511105710782	10.276	-2.796	0.344
1511105710791	10.362	-2.949	0.411
1511105710801	10.257	-2.911	0.565
1511105710812	9.931	-2.786	0.689
1511105710821	9.395	-2.604	0.842
1511105710831	8.696	-2.365	0.986
1511105710862	7.977	-2.106	1.024
1511105710863	7.278	-1.905	0.833
1511105710865	6.751	-1.829	0.612
1511105710875	6.589	-1.848	0.555
1511105710881	6.847	-1.925	0.526
1511105710891	7.422	-1.944	0.43
1511105710904	8.169	-2.049	0.22
1511105710911	8.782	-2.308	0.0
1511105710922	8.935	-2.643	-0.201
1511105710935	8.676	-3.045	-0.258
1511105710941	8.274	-3.486	-0.076
1511105710951	7.91	-3.888	0.249
1511105710966	7.757	-4.156	0.651
1511105710971	8.054	-4.146	0.881
1511105710981	8.849	-3.964	0.814
1511105710995	9.864	-3.744	0.507
1511105711001	10.64	-3.486	0.019
1511105711012	10.956	-3.122	-0.469
1511105711025	10.544	-2.719	-0.718
1511105711031	9.414	-2.432	-0.565
1511105711041	8.293	-2.193	-0.172
1511105711056	7.604	-2.011	0.047
1511105711061	7.364	-1.905	0.22
1511105711071	7.632	-1.896	0.402
1511105711085	8.715	-2.001	0.21
1511105711091	10.391	-2.221	0.21
1511105711104	12.239	-2.528	0.258
1511105711115	14.231	-2.882	-0.478
1511105711121	16.692	-3.237	-0.478
1511105711131	19.259	-3.457	-1.34
1511105711146	19.671	-3.093	-1.436
1511105711151	19.671	-2.241	-1.436
1511105711161	18.598	-1.992	-0.249
1511105711175	13.609	-2.26	0.325
1511105711181	8.523	-2.537	0.928
1511105711192	4.338	-2.355	1.972
1511105711206	2.078	-1.666	3.294
1511105711211	2.174	-1.11	3.284
1511105711221	3.495	-1.177	2.518
1511105711232	4.75	-1.58	1.503
1511105711241	5.937	-2.212	0.335
1511105711251	7.134	-3.055	-1.312
1511105711263	8.427	-3.878	-1.312
1511105711271	9.95	-4.309	-0.823
1511105711282	11.387	-4.28	-0.057
1511105711315	12.325	-3.955	0.622
1511105711325	12.651	-3.476	0.919
1511105711331	12.44	-3.016	1.005
1511105711337	11.071	-2.662	0.957
1511105711342	10.218	-2.461	0.919
1511105711346	9.586	-2.298	0.823
1511105711352	9.423	-2.068	0.689
1511105711363	9.49	-1.877	0.612
1511105711372	9.644	-2.011	0.459
1511105711385	9.826	-2.298	0.249
1511105711391	10.017	-2.557	0.028
1511105711402	10.161	-2.882	-0.095
1511105711415	10.142	-2.997	-0.095
1511105711421	9.95	-2.94	0.028
1511105711431	9.605	-3.352	0.258
1511105711444	9.222	-3.553	0.517
1511105711451	8.925	-3.859	0.584
1511105711461	8.734	-3.984	0.555
1511105711478	8.648	-4.041	0.526
1511105711481	8.667	-3.993	0.469
1511105711491	8.772	-3.84	0.402
1511105711505	8.973	-3.62	0.383
1511105711511	9.232	-3.371	0.306
1511105711521	9.5	-3.102	0.268
1511105711534	9.787	-2.892	0.287
1511105711541	10.036	-2.71	0.316
1511105711551	10.142	-2.624	0.316
1511105711563	10.113	-2.614	0.258
1511105711571	9.988	-2.691	0.181
1511105711581	9.778	-2.806	0.114
1511105711593	9.634	-2.94	0.114
1511105711601	9.577	-3.064	0.143
1511105711612	9.519	-3.16	0.201
1511105711626	9.49	-3.208	0.249
1511105711631	9.51	-3.198	0.335
1511105711642	9.577	-3.102	0.316
1511105711656	9.634	-2.978	0.268
1511105711661	9.701	-2.892	0.201
1511105711671	9.739	-2.844	0.134
1511105711686	9.768	-2.863	0.172
1511105711691	9.797	-2.911	0.22
1511105711701	9.797	-2.997	0.335
1511105711716	9.797	-3.045	0.392
1511105711721	9.749	-3.026	0.469
1511105711731	9.672	-2.959	0.478
1511105711746	9.596	-2.806	0.478
1511105711751	9.557	-2.643	0.43
1511105711761	9.586	-2.509	0.402
1511105711776	9.644	-2.432	0.383
1511105711781	9.711	-2.375	0.45
1511105711792	9.835	-2.384	0.45
1511105711806	9.931	-2.375	0.44
1511105711811	9.969	-2.432	0.45
1511105711821	9.921	-2.48	0.411
1511105711836	9.835	-2.499	0.383
1511105711841	9.701	-2.49	0.392
1511105711851	9.653	-2.442	0.421
1511105711864	9.663	-2.365	0.402
1511105711871	9.653	-2.288	0.402
1511105711881	9.672	-2.279	0.335
1511105711894	9.701	-2.317	0.335
1511105711901	9.73	-2.451	0.335
1511105711911	9.759	-2.643	0.354
1511105711925	9.759	-2.758	0.325
1511105711931	9.768	-2.863	0.277
1511105711942	9.816	-2.978	0.239
1511105711957	9.912	-3.102	0.201
1511105711983	9.979	-3.189	0.095
1511105711984	9.998	-3.17	0.019
1511105711995	10.027	-3.064	-0.009
1511105711997	10.094	-2.882	-0.047
1511105712008	10.209	-2.643	-0.038
1511105712015	10.391	-2.451	-0.067
1511105712026	10.544	-2.298	-0.258
1511105712035	10.831	-2.288	-0.363
1511105712041	10.803	-2.432	-0.45
1511105712053	10.831	-2.672	-0.44
1511105712064	10.659	-2.901	-0.316
1511105712078	10.764	-3.16	-0.095
1511105712081	10.755	-3.352	0.153
1511105712098	10.822	-3.438	0.335
1511105712111	10.956	-3.361	0.363
1511105712112	11.08	-3.179	0.22
1511105712130	11.195	-2.949	0.028
1511105712140	11.339	-2.806	-0.162
1511105712141	11.444	-3.208	-0.306
1511105712157	11.454	-3.811	-0.335
1511105712162	11.473	-4.175	-0.287
1511105712171	11.377	-4.29	-0.153
1511105712190	11.109	-4.271	0.0
1511105712204	10.707	-3.936	0.057
1511105712207	10.266	-3.543	0.124
1511105712215	9.931	-3.237	0.172
1511105712222	9.701	-3.026	0.229
1511105712231	9.615	-2.873	0.134
1511105712241	9.519	-2.777	-0.028
1511105712257	9.337	-2.643	-0.105
1511105712273	9.136	-2.49	-0.047
1511105712291	8.81	-2.327	0.086
1511105712293	8.159	-2.049	0.076
1511105712302	7.824	-1.953	0.038
1511105712315	7.585	-1.992	0.067
1511105712321	7.355	-2.126	-0.009
1511105712331	7.297	-2.432	0.153
1511105712345	7.278	-2.681	0.392
1511105712351	7.211	-2.815	0.593
1511105712361	7.173	-2.806	0.785
1511105712372	7.173	-2.71	0.89
1511105712381	7.182	-2.528	0.928
1511105712391	7.288	-2.279	0.996
1511105712407	7.518	-1.992	1.034
1511105712411	7.795	-1.81	1.082
1511105712422	8.083	-1.666	1.082
1511105712432	8.399	-1.561	0.938
1511105712441	8.667	-1.551	0.737
1511105712451	8.925	-1.647	0.545
1511105712466	9.165	-1.848	0.383
1511105712471	9.423	-2.145	0.277
1511105712481	9.653	-2.509	0.277
1511105712496	9.749	-2.882	0.354
1511105712501	9.778	-3.141	0.478
1511105712511	9.826	-3.284	0.641
1511105712525	10.008	-3.304	0.756
1511105712531	10.228	-3.17	0.823
1511105712541	10.477	-2.921	0.794
1511105712556	10.726	-2.566	0.66
1511105712561	10.87	-2.298	0.555
1511105712571	10.85	-2.202	0.565
1511105712587	10.755	-2.279	0.622
1511105712591	10.64	-2.403	0.651
1511105712601	10.496	-2.537	0.727
1511105712613	10.362	-2.614	0.823
1511105712624	10.18	-2.557	0.823
1511105712631	9.988	-2.384	0.852
1511105712654	9.835	-2.164	0.881
1511105712657	9.749	-2.03	0.871
1511105712663	9.672	-2.011	0.842
1511105712676	9.529	-2.087	0.823
1511105712681	9.366	-2.231	0.747
1511105712695	9.165	-2.346	0.718
1511105712710	8.983	-2.394	0.737
1511105712711	8.868	-2.403	1.005
1511105712722	8.782	-2.336	1.043
1511105712733	8.648	-2.164	0.9
1511105712741	8.552	-1.925	0.909
1511105712754	8.485	-1.695	0.718
1511105712767	8.399	-1.532	0.718
1511105712771	8.255	-1.503	0.651
1511105712782	8.121	-1.541	0.584
1511105712797	8.006	-1.656	0.555
1511105712801	8.063	-1.743	0.67
1511105712814	8.801	-1.848	0.814
1511105712826	9.261	-1.857	0.785
1511105712831	9.615	-1.771	0.612
1511105712842	9.787	-1.733	0.43
1511105712855	9.672	-1.762	0.287
1511105712871	9.462	-1.886	0.229
1511105712872	9.222	-2.097	0.268
1511105712883	9.012	-2.394	0.498
1511105712891	8.983	-2.825	0.679
1511105712903	9.184	-2.844	0.833
1511105712918	9.72	-2.767	0.881
1511105712921	10.123	-2.624	0.785
1511105712933	10.046	-2.48	0.498
1511105712946	9.605	-2.365	0.201
1511105712951	9.222	-2.403	0.143
1511105712962	8.81	-2.547	0.383
1511105712976	8.676	-2.48	0.679
1511105712981	9.184	-2.116	0.603
1511105713006	10.707	-1.168	0.296
1511105713023	10.381	-0.881	0.555
1511105713033	9.261	-1.197	0.593
1511105713041	8.485	-1.771	0.67
1511105713052	7.92	-2.336	0.584
1511105713066	7.824	-2.643	0.603
1511105713071	8.849	-2.394	0.727
1511105713082	10.755	-1.8	0.737
1511105713091	12.584	-1.254	0.823
1511105713101	14.538	-0.737	1.082
1511105713111	16.099	-0.287	1.149
1511105713126	17.104	0.047	0.747
1511105713131	16.855	-0.057	0.057
1511105713141	15.151	-0.9	-0.047
1511105713155	12.967	-2.087	0.622
1511105713161	11.157	-3.112	1.216
1511105713172	9.586	-3.715	1.426
1511105713187	8.609	-3.782	1.312
1511105713191	8.236	-3.553	1.034
1511105713204	8.207	-3.265	0.766
1511105713219	8.245	-3.055	0.574
1511105713221	8.293	-2.806	0.354
1511105713238	8.341	-2.557	0.325
1511105713248	8.408	-2.423	0.545
1511105713251	8.475	-2.355	0.842
1511105713262	8.504	-2.375	0.967
1511105713271	8.542	-2.451	0.881
1511105713281	8.629	-2.566	0.756
1511105713291	8.782	-2.604	0.756
1511105713301	9.031	-2.499	0.833
1511105713311	9.308	-2.336	0.814
1511105713323	9.596	-2.174	0.794
1511105713355	9.941	-2.059	0.718
1511105713357	10.218	-2.011	0.651
1511105713366	10.458	-2.02	0.565
1511105713373	10.64	-2.087	0.507
1511105713376	10.812	-2.135	0.469
1511105713393	10.937	-2.097	0.488
1511105713395	11.042	-1.963	0.536
1511105713402	11.042	-1.79	0.641
1511105713413	10.984	-1.666	0.794
1511105713421	10.812	-1.58	0.938
1511105713431	10.601	-1.589	0.957
1511105713443	10.4	-1.637	0.861
1511105713451	10.218	-1.771	0.718
1511105713461	10.094	-1.992	0.498
1511105713471	10.075	-2.231	0.258
1511105713481	10.132	-2.423	0.239
1511105713491	10.218	-2.604	0.354
1511105713502	10.362	-2.719	0.498
1511105713511	10.448	-2.719	0.517
1511105713535	10.534	-2.604	0.555
1511105713535	10.659	-2.461	0.459
1511105713541	10.745	-2.308	0.249
1511105713551	10.994	-2.145	0.095
1511105713562	11.109	-2.087	0.134
1511105713571	11.262	-2.126	0.249
1511105713581	11.435	-2.231	0.383
1511105713592	11.54	-2.336	0.498
1511105713607	11.502	-2.49	0.67
1511105713611	11.377	-2.662	0.861
1511105713621	11.166	-2.825	1.024
1511105713631	10.898	-2.892	1.015
1511105713641	10.688	-2.681	0.9
1511105713652	10.506	-2.308	0.699
1511105713661	10.362	-2.011	0.555
1511105713671	10.343	-1.781	0.488
1511105713682	10.247	-1.532	0.459
1511105713691	10.103	-1.254	0.459
1511105713701	9.816	-0.948	0.45
1511105713711	9.443	-0.737	0.498
1511105713721	9.069	-0.689	0.612
1511105713731	8.715	-0.852	0.785
1511105713742	8.475	-1.177	0.794
1511105713751	8.418	-1.513	0.737
1511105713761	8.399	-1.867	0.679
1511105713772	8.514	-2.154	0.689
1511105713781	8.619	-2.298	0.794
1511105713791	8.648	-2.212	0.928
1511105713804	8.485	-1.905	0.996
1511105713811	8.322	-1.551	0.9
1511105713821	8.083	-1.388	0.775
1511105713834	7.862	-1.465	0.679
1511105713841	7.661	-1.781	0.66
1511105713851	7.661	-2.164	0.603
1511105713865	7.805	-2.566	0.526
1511105713871	8.121	-2.796	0.44
1511105713882	8.437	-2.834	0.469
1511105713896	8.868	-2.681	0.498
1511105713910	9.155	-2.442	0.545
1511105713912	9.318	-2.154	0.574
1511105713926	9.299	-1.857	0.517
1511105713931	9.146	-1.57	0.411
1511105713941	8.897	-1.321	0.306
1511105713955	8.791	-1.216	0.239
1511105713961	8.878	-1.283	0.239
1511105713971	9.136	-1.494	0.354
1511105713982	9.385	-1.771	0.507
1511105713991	9.51	-2.068	0.536
1511105714009	9.567	-2.317	0.44
1511105714014	9.634	-2.47	0.402
1511105714030	9.701	-2.528	0.411
1511105714035	9.854	-2.547	0.411
1511105714047	10.056	-2.566	0.421
1511105714051	10.209	-2.585	0.459
1511105714061	10.324	-2.566	0.469
1511105714073	10.419	-2.537	0.555
1511105714081	10.496	-2.423	0.679
1511105714091	10.515	-2.25	0.785
1511105714102	10.4	-2.068	0.785
1511105714124	10.142	-1.925	0.727
1511105714125	9.941	-1.848	0.689
1511105714135	9.96	-1.915	0.699
1511105714141	10.084	-2.068	0.689
1511105714151	10.18	-2.25	0.66
1511105714162	10.17	-2.423	0.622
1511105714171	10.065	-2.528	0.622
1511105714181	9.854	-2.566	0.651
1511105714192	9.586	-2.49	0.9
1511105714201	9.347	-2.346	0.833
1511105714211	9.136	-2.174	0.852
1511105714224	8.849	-2.049	0.699
1511105714231	8.897	-1.992	0.545
1511105714241	8.849	-2.03	0.622
1511105714252	8.81	-2.087	0.651
1511105714261	8.772	-2.174	0.699
1511105714271	8.571	-2.212	0.785
1511105714284	7.537	-2.183	0.814
1511105714291	7.556	-2.087	0.852
1511105714301	6.493	-1.953	0.919
1511105714312	6.311	-1.877	1.063
1511105714321	6.617	-1.915	1.11
1511105714331	7.594	-2.106	0.756
1511105714342	8.906	-2.595	0.076
1511105714351	10.027	-2.48	-0.565
1511105714361	10.678	-3.035	-0.861
1511105714372	10.889	-3.112	-0.794
1511105714381	10.621	-3.093	-0.373
1511105714391	10.084	-3.179	0.134
1511105714402	9.816	-3.026	0.66
1511105714413	9.902	-2.892	1.082
1511105714421	10.199	-2.806	1.216
1511105714432	10.477	-2.758	1.082
1511105714441	10.63	-2.652	0.89
1511105714451	10.439	-2.509	0.632
1511105714462	9.988	-2.279	0.469
1511105714471	9.586	-2.059	0.43
1511105714481	9.404	-1.896	0.45
1511105714494	9.471	-1.857	0.45
1511105714501	9.615	-1.944	0.392
1511105714512	9.797	-2.174	0.344
1511105714524	9.845	-2.451	0.21
1511105714531	9.711	-2.7	0.076
1511105714542	9.443	-2.825	-0.019
1511105714554	9.241	-2.825	-0.057
1511105714561	9.079	-2.595	0.095
1511105714572	8.992	-2.25	0.181
1511105714584	9.251	-2.001	0.21
1511105714591	9.759	-2.039	0.21
1511105714602	10.419	-2.26	0.249
1511105714614	11.052	-2.595	0.21
1511105714621	11.53	-2.844	0.181
1511105714632	11.885	-2.968	0.296
1511105714645	12.143	-2.873	0.545
1511105714651	12.316	-2.604	0.775
1511105714661	12.651	-2.154	1.024
1511105714693	13.101	-1.561	1.149
1511105714695	13.331	-0.986	1.149
1511105714698	13.034	-0.536	0.919
1511105714702	12.153	-0.488	0.67
1511105714716	11.052	-0.986	0.565
1511105714726	10.132	-1.733	0.593
1511105714735	9.395	-2.528	0.67
1511105714741	8.906	-3.208	0.785
1511105714751	8.6	-3.763	0.823
1511105714764	8.447	-4.079	0.785
1511105714771	8.408	-4.166	0.756
1511105714781	8.533	-3.936	0.718
1511105714793	8.82	-3.428	0.66
1511105714801	9.117	-2.834	0.603
1511105714823	9.299	-1.982	0.488
1511105714831	9.328	-1.733	0.459
1511105714841	9.356	-1.647	0.478
1511105714852	9.462	-1.752	0.488
1511105714862	9.605	-1.934	0.507
1511105714874	9.692	-2.202	0.555
1511105714882	9.807	-2.451	0.679
1511105714891	9.969	-2.614	0.756
1511105714901	10.123	-2.633	0.67
1511105714913	10.237	-2.566	0.498
1511105714923	10.276	-2.518	0.296
1511105714933	10.285	-2.47	0.296
1511105714942	10.199	-2.518	0.258
1511105714951	10.075	-2.576	0.239
1511105714961	9.854	-2.729	0.43
1511105714975	9.567	-2.997	0.43
1511105714981	9.567	-2.949	0.43
1511105714991	9.557	-3.045	0.43
1511105715002	9.596	-3.064	0.383
1511105715012	9.663	-3.064	0.287
1511105715021	9.739	-3.064	0.181
1511105715034	9.874	-3.074	0.134
1511105715041	10.113	-3.112	0.086
1511105715051	10.056	-3.15	0.047
1511105715063	10.305	-3.208	0.086
1511105715071	10.439	-3.294	0.095
1511105715081	10.592	-3.304	0.134
1511105715093	10.621	-3.208	0.258
1511105715101	10.668	-2.978	0.392
1511105715111	10.707	-2.547	0.555
1511105715123	10.783	-2.174	0.545
1511105715131	10.87	-2.116	0.43
1511105715141	10.937	-2.116	0.277
1511105715154	11.023	-2.039	0.047
1511105715161	11.042	-2.059	-0.067
1511105715171	11.013	-2.231	-0.114
1511105715183	10.956	-2.499	-0.181
1511105715203	10.908	-2.825	-0.095
1511105715204	10.908	-3.17	0.028
1511105715213	10.946	-3.39	0.019
1511105715221	11.004	-3.447	-0.057
1511105715231	11.004	-3.342	-0.239
1511105715243	10.927	-3.15	-0.363
1511105715251	10.688	-2.863	-0.287
1511105715261	10.381	-2.528	-0.114
1511105715274	10.036	-2.221	0.038
1511105715281	9.749	-2.078	0.105
1511105715291	9.701	-2.011	0.162
1511105715305	9.692	-2.039	0.134
1511105715311	9.653	-2.059	-0.019
1511105715322	9.567	-2.126	-0.153
1511105715335	9.443	-2.26	-0.191
1511105715341	9.261	-2.403	-0.201
1511105715374	9.146	-2.557	-0.172
1511105715376	9.088	-2.595	-0.124
1511105715378	9.107	-2.423	-0.105
1511105715382	9.031	-2.116	0.0
1511105715398	8.906	-1.714	0.067
1511105715409	8.686	-1.34	0.114
1511105715412	8.514	-1.11	0.134
1511105715426	8.399	-1.11	0.047
1511105715441	8.418	-1.379	0.067
1511105715442	8.475	-1.743	0.067
1511105715457	8.408	-2.059	-0.038
1511105715461	8.351	-2.346	-0.134
1511105715471	8.303	-2.48	-0.162
1511105715484	8.341	-2.518	-0.124
1511105715503	8.475	-2.499	-0.019
1511105715504	8.533	-2.384	0.038
1511105715514	8.609	-2.221	0.076
1511105715521	8.772	-2.078	0.124
1511105715531	8.925	-1.982	0.239
1511105715544	9.012	-1.925	0.344
1511105715551	9.012	-1.915	0.296
1511105715561	8.954	-1.953	0.114
1511105715573	8.973	-2.011	-0.009
1511105715581	9.031	-2.087	-0.047
1511105715591	9.184	-2.174	-0.028
1511105715604	9.376	-2.298	0.095
1511105715611	9.462	-2.375	0.162
1511105715621	9.49	-2.403	0.21
1511105715634	9.481	-2.365	0.22
1511105715641	9.548	-2.346	0.229
1511105715651	9.672	-2.375	0.22
1511105715664	9.816	-2.384	0.21
1511105715671	9.902	-2.394	0.124
1511105715681	9.787	-2.394	0.086
1511105715693	9.538	-2.355	0.019
1511105715701	9.127	-2.288	0.047
1511105715711	8.657	-2.25	0.316
1511105715723	8.102	-2.221	0.459
1511105715731	7.518	-2.145	0.21
1511105715741	7.048	-2.049	0.258
1511105715753	6.866	-1.992	0.325
1511105715761	7.125	-2.039	0.392
1511105715771	8.351	-2.193	0.258
1511105715786	8.868	-2.442	0.009
1511105715791	8.858	-2.662	-0.181
1511105715801	8.676	-2.825	-0.124
1511105715816	8.418	-2.882	0.21
1511105715821	8.274	-2.853	0.507
1511105715832	8.494	-2.566	0.526
1511105715847	9.174	-2.48	0.335
1511105715851	10.075	-2.327	0.114
1511105715862	10.707	-2.528	-0.114
1511105715877	11.042	-2.863	-0.325
1511105715881	11.004	-3.15	-0.44
1511105715892	10.573	-3.342	-0.383
1511105715906	9.912	-3.505	-0.153
1511105715926	9.414	-3.495	0.239
1511105715927	9.174	-3.208	0.526
1511105715932	9.203	-2.652	0.593
1511105715941	9.385	-2.106	0.507
1511105715951	9.443	-1.8	0.354
1511105715964	9.222	-1.79	0.143
1511105715971	8.916	-2.03	-0.009
1511105715981	8.772	-2.403	-0.009
1511105715994	9.308	-2.844	-0.038
1511105716001	11.061	-3.227	-0.134
1511105716011	13.436	-3.524	-0.019
1511105716033	16.214	-3.706	0.229
1511105716038	18.953	-3.639	0.268
1511105716046	19.671	-3.102	0.172
1511105716065	19.671	-2.298	0.067
1511105716068	17.267	-2.049	0.526
1511105716076	12.613	-2.193	1.197
1511105716087	8.743	-2.202	1.896
1511105716091	5.947	-1.963	2.528
1511105716104	4.568	-1.608	2.624
1511105716116	4.51	-1.513	2.106
1511105716121	5.018	-1.771	1.369
1511105716132	5.707	-2.327	0.67
1511105716147	6.589	-2.873	0.153
1511105716152	7.46	-3.246	-0.134
1511105716162	8.322	-3.265	-0.067
1511105716175	9.165	-2.978	0.143
1511105716181	9.826	-2.643	0.459
1511105716191	10.094	-2.432	0.747
1511105716206	10.056	-2.355	0.9
1511105716211	9.816	-2.461	0.986
1511105716221	9.567	-2.595	1.053
1511105716235	9.433	-2.633	0.967
1511105716241	9.395	-2.604	0.833
1511105716251	9.567	-2.557	0.737
1511105716264	9.96	-2.375	0.718
1511105716271	10.573	-2.078	0.679
1511105716281	11.09	-1.781	0.66
1511105716294	11.348	-1.685	0.565
1511105716301	11.339	-1.695	0.459
1511105716311	11.099	-1.8	0.43
1511105716327	10.668	-1.982	0.517
1511105716331	10.151	-2.202	0.632
1511105716342	9.634	-2.442	0.766
1511105716357	9.241	-2.681	0.804
1511105716361	8.935	-2.901	0.871
1511105716373	8.743	-3.074	0.948
1511105716387	8.686	-3.141	0.957
1511105716391	8.753	-3.112	1.034
1511105716402	8.916	-3.055	1.015
1511105716417	9.146	-2.968	0.967
1511105716421	9.395	-2.911	0.938
1511105716433	9.615	-2.863	0.976
1511105716447	9.778	-2.825	0.976
1511105716451	9.883	-2.825	0.967
1511105716462	9.912	-2.834	0.976
1511105716477	9.845	-2.853	0.976
1511105716481	9.749	-2.882	1.034
1511105716493	9.577	-2.892	1.101
1511105716507	9.577	-2.911	1.177
1511105716511	9.567	-2.921	1.168
1511105716523	9.596	-2.949	1.12
1511105716537	9.596	-2.93	1.082
1511105716541	9.711	-2.94	1.063
1511105716553	9.739	-2.901	1.053
1511105716567	9.759	-2.853	1.015
1511105716572	9.739	-2.624	0.976
1511105716583	9.672	-2.729	0.909
1511105716597	9.615	-2.7	0.842
1511105716601	9.557	-2.691	0.89
1511105716613	9.49	-2.662	0.938
1511105716627	9.414	-2.662	0.996
1511105716631	9.337	-2.604	1.015
1511105716643	9.308	-2.585	1.015
1511105716658	9.347	-2.576	1.024
1511105716661	9.443	-2.557	1.043
1511105716674	9.529	-2.566	1.053
1511105716689	9.586	-2.566	1.034
1511105716712	9.634	-2.614	1.005
1511105716714	9.663	-2.652	1.024
1511105716730	9.692	-2.719	1.034
1511105716731	9.672	-2.739	1.024
1511105716733	9.672	-2.739	1.034
1511105716754	9.653	-2.739	1.043
1511105716756	9.625	-2.7	1.063
1511105716762	9.586	-2.672	1.063
1511105716778	9.577	-2.662	1.12
1511105716781	9.567	-2.662	1.12
1511105716794	9.519	-2.672	1.11
1511105716801	9.5	-2.672	1.043
1511105716811	9.519	-2.652	1.034
1511105716822	9.577	-2.643	1.082
1511105716831	9.605	-2.576	1.063
1511105716841	9.625	-2.528	1.12
1511105716851	9.663	-2.461	1.225
1511105716861	9.692	-2.451	1.312
1511105716877	9.663	-2.432	1.302
1511105716891	9.644	-2.413	1.302
1511105716901	9.653	-2.423	1.331
1511105716912	9.663	-2.432	1.388
1511105716921	9.682	-2.461	1.388
1511105716931	9.701	-2.509	1.417
1511105716944	9.72	-2.528	1.417
1511105716958	9.72	-2.518	1.426
1511105716961	9.701	-2.47	1.369
1511105716973	9.663	-2.384	1.312
1511105716988	9.672	-2.327	1.235
1511105716991	9.701	-2.26	1.206
1511105717003	9.787	-2.193	1.245
1511105717018	9.893	-2.078	1.283
1511105717021	9.931	-1.944	1.206
1511105717034	9.921	-1.8	0.89
1511105717048	9.931	-1.771	0.909
1511105717051	10.065	-1.915	0.861
1511105717071	10.668	-2.786	0.842
1511105717081	10.994	-3.371	0.718
1511105717093	11.224	-3.907	0.651
1511105717101	11.31	-4.118	0.651
1511105717111	11.31	-4.07	0.622
1511105717125	11.205	-3.313	0.603
1511105717131	11.205	-3.275	0.603
1511105717142	11.109	-2.796	0.756
1511105717154	11.08	-2.499	0.67
1511105717161	11.071	-2.384	0.67
1511105717171	11.186	-2.413	0.421
1511105717184	11.521	-2.509	0.287
1511105717191	11.521	-2.71	0.287
1511105717201	11.415	-2.968	0.268
1511105717216	11.224	-3.198	0.411
1511105717221	10.965	-3.342	0.498
1511105717231	10.63	-3.399	0.478
1511105717244	10.515	-2.968	0.402
1511105717251	10.362	-3.055	0.354
1511105717262	10.228	-2.767	0.21
1511105717274	9.912	-2.355	0.038
1511105717281	9.605	-2.298	-0.076
1511105717291	9.376	-2.25	-0.028
1511105717305	9.213	-2.375	0.201
1511105717311	9.021	-2.375	0.373
1511105717321	8.839	-2.49	0.478
1511105717334	8.629	-2.384	0.488
1511105717341	8.399	-2.269	0.498
1511105717351	8.13	-2.078	0.593
1511105717364	7.881	-1.81	0.785
1511105717371	7.776	-1.561	0.919
1511105717407	7.795	-1.379	1.024
1511105717417	7.853	-1.245	1.072
1511105717422	7.824	-1.225	1.139
1511105717423	7.69	-1.388	1.168
1511105717425	7.556	-1.676	1.034
1511105717437	7.412	-2.03	0.699
1511105717448	7.422	-2.308	0.363
1511105717453	7.527	-2.442	0.239
1511105717461	7.767	-2.461	0.335
1511105717471	7.834	-2.442	0.459
1511105717486	7.977	-2.461	0.584
1511105717491	8.178	-2.557	0.584
1511105717501	8.351	-2.633	0.574
1511105717515	8.533	-2.672	0.584
1511105717521	8.724	-2.547	0.574
1511105717537	8.897	-2.279	0.632
1511105717543	8.954	-1.925	0.727
1511105717551	8.916	-1.561	0.727
1511105717561	8.743	-1.312	0.766
1511105717573	8.437	-1.177	0.775
1511105717581	8.121	-1.158	0.66
1511105717591	7.881	-1.245	0.459
1511105717603	7.652	-1.331	0.22
1511105717611	7.498	-1.417	0.057
1511105717621	7.211	-1.513	-0.009
1511105717632	6.847	-1.589	-0.028
1511105717641	6.636	-1.618	0.019
1511105717651	6.665	-1.733	0.124
1511105717664	6.972	-1.915	0.143
1511105717671	7.403	-2.193	0.047
1511105717681	7.805	-2.614	-0.086
1511105717694	8.159	-3.131	-0.162
1511105717701	8.399	-3.696	-0.268
1511105717711	8.705	-4.175	-0.325
1511105717724	9.146	-4.386	-0.229
1511105717731	9.586	-4.395	0.047
1511105717741	10.103	-4.29	0.354
1511105717754	10.678	-4.051	0.536
1511105717761	11.415	-3.706	0.469
1511105717771	12.21	-3.179	0.459
1511105717784	13.034	-2.47	0.689
1511105717791	14.078	-1.637	0.881
1511105717801	15.706	-0.737	0.747
1511105717814	18.014	0.0	-0.287
1511105717821	19.633	0.545	-0.287
1511105717831	19.671	0.89	-0.881
1511105717844	19.623	0.478	-0.402
1511105717851	16.98	-1.541	-0.402
1511105717861	13.149	-4.271	-0.306
1511105717875	6.378	-6.253	0.469
1511105717881	6.454	-6.953	0.469
1511105717891	4.462	-6.253	1.503
1511105717907	5.219	-3.648	1.733
1511105717911	5.219	-3.61	1.733
1511105717921	5.822	-2.604	0.689
1511105717934	7.048	-1.925	0.43
1511105717941	7.048	-1.426	0.277
1511105717952	7.776	-1.005	0.363
1511105717966	9.127	-0.938	0.555
1511105717971	9.127	-0.938	0.718
1511105717982	10.103	-1.283	0.679
1511105717994	10.506	-2.145	0.498
1511105718001	10.506	-2.145	0.469
1511105718011	10.879	-2.47	0.612
1511105718022	11.032	-2.202	0.852
1511105718031	10.879	-2.221	1.101
1511105718041	10.563	-1.972	1.158
1511105718061	10.343	-1.695	0.986
1511105718064	10.343	-1.733	0.545
1511105718076	10.458	-1.656	-0.057
1511105718090	10.688	-1.819	-0.699
1511105718098	10.984	-1.905	-1.168
1511105718104	11.31	-2.25	-1.302
1511105718115	11.521	-2.901	-1.063
1511105718121	11.473	-3.246	-0.392
1511105718132	10.927	-3.677	0.43
1511105718147	9.941	-3.763	1.072
1511105718151	8.916	-3.706	1.484
1511105718165	8.226	-3.543	1.561
1511105718175	7.786	-3.371	1.168
1511105718181	7.671	-3.313	0.842
1511105718192	7.958	-3.371	0.727
1511105718205	8.514	-3.409	0.67
1511105718211	9.069	-3.332	0.632
1511105718221	9.529	-3.112	0.727
1511105718234	9.874	-2.758	0.919
1511105718241	10.151	-2.403	1.015
1511105718251	10.228	-2.174	0.852
1511105718264	10.209	-1.992	0.699
1511105718271	10.209	-1.685	0.469
1511105718281	10.218	-1.407	0.22
1511105718293	10.142	-1.34	0.411
1511105718301	10.257	-1.292	0.957
1511105718311	10.381	-1.168	1.34
1511105718325	10.343	-1.101	1.254
1511105718331	10.285	-1.283	1.168
1511105718341	10.103	-1.647	1.13
1511105718355	9.759	-2.059	1.082
1511105718361	9.462	-2.509	1.12
1511105718372	9.261	-2.921	1.177
1511105718385	9.155	-3.246	1.273
1511105718391	9.117	-3.486	1.494
1511105718401	9.098	-3.639	1.637
1511105718415	9.174	-3.668	1.8
1511105718421	9.318	-3.581	1.877
1511105718433	9.385	-3.313	1.79
1511105718445	9.347	-2.921	1.647
1511105718451	9.27	-2.48	1.474
1511105718461	9.222	-2.087	1.331
1511105718475	9.203	-1.81	1.216
1511105718481	9.222	-1.656	1.091
1511105718493	9.213	-1.618	0.928
1511105718505	9.232	-1.676	0.919
1511105718511	9.194	-1.743	1.082
1511105718533	9.203	-1.867	1.283
1511105718534	9.155	-1.934	1.446
1511105718542	9.251	-2.03	1.685
1511105718553	9.414	-2.087	1.905
1511105718566	9.557	-2.116	2.039
1511105718571	9.711	-2.145	2.068
1511105718583	9.797	-2.174	1.934
1511105718595	9.931	-2.174	1.733
1511105718601	10.113	-2.106	1.723
1511105718625	10.228	-1.771	1.628
1511105718631	10.17	-1.647	1.57
1511105718642	10.103	-1.637	1.599
1511105718655	9.998	-1.656	1.599
1511105718661	9.854	-1.704	1.34
1511105718672	9.701	-1.819	1.388
1511105718685	9.615	-1.896	1.474
1511105718691	9.51	-1.867	1.436
1511105718702	9.443	-1.743	1.407
1511105718715	9.376	-1.618	1.359
1511105718721	9.27	-1.561	1.321
1511105718756	9.165	-1.589	1.359
1511105718765	9.05	-1.695	1.417
1511105718769	9.05	-1.781	1.407
1511105718772	9.021	-1.81	1.388
1511105718774	9.021	-1.752	1.388
1511105718788	9.04	-1.666	1.388
1511105718797	9.079	-1.656	1.388
1511105718806	9.174	-1.676	1.407
1511105718811	9.308	-1.695	1.398
1511105718821	9.433	-1.704	1.407
1511105718837	9.519	-1.762	1.455
1511105718841	9.644	-1.982	1.494
1511105718851	9.73	-1.714	1.494
1511105718866	9.807	-1.819	1.484
1511105718878	9.864	-1.474	1.494
1511105718892	9.854	-1.264	1.522
1511105718894	9.902	-1.139	1.513
1511105718901	10.008	-1.149	1.465
1511105718911	10.19	-1.283	1.359
1511105718924	10.362	-1.532	1.245
1511105718933	10.506	-1.829	1.206
1511105718941	10.621	-2.087	1.206
1511105718953	10.755	-2.231	1.197
1511105718961	10.879	-2.336	1.168
1511105718971	11.004	-2.327	1.082
1511105718991	10.621	-2.001	0.756
1511105719001	10.17	-1.829	0.679
1511105719015	9.739	-1.771	0.689
1511105719021	9.385	-1.819	0.708
1511105719033	9.107	-1.972	0.775
1511105719043	8.945	-2.097	0.852
1511105719051	8.878	-2.174	0.948
1511105719061	8.983	-2.164	1.024
1511105719074	9.107	-2.087	1.072
1511105719081	9.308	-1.992	1.158
1511105719091	9.462	-1.972	1.11
1511105719106	9.605	-2.001	1.091
1511105719111	9.759	-2.059	0.986
1511105719127	9.883	-2.087	0.861
1511105719132	9.988	-2.106	0.852
1511105719142	10.008	-2.116	0.766
1511105719152	10.017	-2.106	0.632
1511105719167	10.008	-2.059	0.603
1511105719171	10.094	-1.953	0.641
1511105719181	10.132	-1.819	0.756
1511105719196	10.075	-1.656	0.833
1511105719201	9.96	-1.589	0.9
1511105719213	9.874	-1.561	0.938
1511105719226	9.768	-1.58	0.948
1511105719231	9.701	-1.618	0.909
1511105719242	9.72	-1.714	0.785
1511105719257	9.749	-1.838	0.747
1511105719261	9.845	-1.972	0.718
1511105719272	9.893	-2.078	0.699
1511105719286	9.912	-2.087	0.727
1511105719291	9.883	-2.049	0.785
1511105719302	9.826	-1.963	0.9
1511105719316	9.73	-1.867	1.005
1511105719321	9.682	-1.81	0.976
1511105719332	9.663	-1.8	0.909
1511105719346	9.701	-1.8	0.852
1511105719351	9.759	-1.8	0.727
1511105719362	9.835	-1.762	0.622
1511105719378	9.941	-1.714	0.727
1511105719381	9.988	-1.666	0.727
1511105719392	9.979	-1.513	0.747
1511105719406	9.941	-1.446	0.814
1511105719443	9.826	-1.561	0.679
1511105719447	9.759	-1.647	0.785
1511105719458	9.749	-1.676	0.938
1511105719463	9.768	-1.704	0.996
1511105719464	9.778	-1.714	0.9
1511105719465	9.73	-1.695	0.871
1511105719479	9.778	-1.723	0.928
1511105719493	9.787	-1.781	0.986
1511105719495	9.797	-1.81	0.89
1511105719501	9.577	-1.838	0.718
1511105719512	9.998	-1.925	0.632
1511105719522	9.912	-1.857	0.766
1511105719531	9.854	-1.733	1.015
1511105719541	9.759	-1.551	1.187
1511105719556	9.701	-1.388	1.12
1511105719561	9.682	-1.35	0.919
1511105719571	9.72	-1.541	0.718
1511105719585	9.826	-1.541	0.679
1511105719591	9.807	-1.618	0.852
1511105719601	9.739	-1.647	1.13
1511105719614	9.73	-1.637	1.245
1511105719621	9.826	-1.628	1.149
1511105719631	9.969	-1.647	1.043
1511105719646	9.988	-1.714	1.063
1511105719651	9.931	-1.561	1.063
1511105719661	9.835	-1.426	1.072
1511105719675	9.692	-1.34	1.254
1511105719681	9.644	-1.35	1.101
1511105719691	9.395	-2.135	-1.187
1511105719704	9.701	-2.097	0.067
1511105719711	10.697	-1.57	3.668
1511105719721	10.362	-1.886	1.398
1511105719734	9.596	-2.241	1.857
1511105719741	9.768	-1.953	2.02
1511105719751	9.902	-1.647	1.733
1511105719765	9.864	-1.513	1.177
1511105719771	9.941	-1.561	0.871
1511105719781	9.969	-1.838	1.063
1511105719794	9.998	-1.905	0.976
1511105719807	9.979	-1.81	0.699
1511105719812	9.797	-1.704	0.536
1511105719824	9.663	-1.57	0.948
1511105719831	9.634	-1.283	0.785
1511105719841	9.883	-0.507	1.13
1511105719854	10.094	-1.647	1.637
1511105719861	9.864	-1.388	1.139
1511105719871	9.845	-0.612	1.819
1511105719884	9.701	-1.886	1.312
1511105719891	9.529	-1.714	1.494
1511105719901	9.471	-1.618	1.177
1511105719931	9.778	-1.58	1.436
1511105719932	9.921	-1.513	1.647
1511105719933	9.826	-1.628	1.561
1511105719944	9.663	-1.838	1.57
1511105719951	9.644	-1.819	1.618
1511105719961	9.874	-1.867	0.871
1511105719975	10.161	-1.848	0.747
1511105719981	9.826	-1.838	1.12
1511105719991	9.95	-1.848	1.398
1511105720007	9.893	-1.781	1.331
1511105720013	9.816	-1.972	1.379
1511105720022	9.739	-2.049	1.273
1511105720038	9.682	-1.513	1.063
1511105720043	9.395	-1.139	1.091
1511105720054	9.471	-0.996	1.139
1511105720069	9.682	-0.986	1.206
1511105720071	9.854	-1.082	1.101
1511105720104	9.194	-1.053	1.647
1511105720109	9.194	-0.833	1.647
1511105720115	9.069	-0.536	2.02
1511105720118	9.261	-0.383	2.49
1511105720133	9.174	-0.526	2.604
1511105720138	9.05	-0.861	2.604
1511105720146	9.194	-1.292	2.49
1511105720158	9.27	-1.532	0.383
1511105720163	9.404	-1.072	0.383
1511105720173	10.19	-0.976	-0.258
