timestamp	x	y	z
1511106635672	9.672	-1.733	1.417
1511106635692	9.596	-1.743	1.455
1511106635693	9.529	-1.752	1.426
1511106635716	9.462	-1.762	1.398
1511106635717	9.356	-1.771	1.494
1511106635727	9.232	-1.79	1.494
1511106635731	9.117	-1.819	1.522
1511106635746	9.012	-1.81	1.484
1511106635751	8.954	-1.81	1.426
1511106635764	8.935	-1.838	1.436
1511106635782	9.127	-1.905	1.407
1511106635791	9.261	-1.944	1.369
1511106635806	9.414	-1.992	1.292
1511106635811	9.577	-2.011	1.292
1511106635827	9.73	-2.039	1.264
1511106635837	9.826	-2.087	1.206
1511106635841	9.835	-2.126	1.206
1511106635851	9.768	-2.154	1.245
1511106635869	9.567	-2.135	1.235
1511106635906	9.567	-2.087	1.235
1511106635907	9.49	-2.001	1.216
1511106635911	9.423	-1.905	1.177
1511106635912	9.308	-1.81	1.206
1511106635915	9.04	-1.58	1.216
1511106635946	9.04	-1.666	1.216
1511106635948	8.935	-1.589	1.187
1511106635953	8.868	-1.551	1.158
1511106635960	8.887	-1.618	1.168
1511106635963	8.887	-1.618	1.235
1511106635982	8.992	-1.695	1.321
1511106635987	9.155	-1.771	1.35
1511106635997	9.682	-1.81	1.426
1511106636007	9.759	-1.867	1.407
1511106636017	9.969	-1.944	1.407
1511106636021	9.969	-1.944	1.494
1511106636047	9.854	-1.915	1.455
1511106636051	9.711	-1.915	1.407
1511106636063	9.577	-1.982	1.331
1511106636064	9.414	-1.934	1.369
1511106636075	9.28	-1.934	1.369
1511106636081	9.241	-1.857	1.379
1511106636091	9.366	-1.685	1.446
1511106636102	9.538	-1.599	1.494
1511106636111	9.854	-1.676	1.503
1511106636121	10.285	-1.656	1.513
1511106636133	10.735	-1.723	1.455
1511106636141	11.099	-1.819	1.455
1511106636151	11.301	-1.857	1.474
1511106636165	11.415	-1.867	1.455
1511106636171	11.444	-1.79	1.474
1511106636195	11.54	-1.541	1.637
1511106636201	11.511	-1.465	1.618
1511106636211	11.377	-1.379	1.522
1511106636225	11.214	-1.264	1.494
1511106636231	11.09	-1.187	1.503
1511106636241	10.898	-1.139	1.503
1511106636255	10.63	-1.149	1.484
1511106636261	10.333	-1.12	1.494
1511106636271	10.027	-1.13	1.474
1511106636285	9.73	-1.139	1.446
1511106636291	9.462	-1.13	1.398
1511106636301	9.203	-1.13	1.417
1511106636315	9.002	-1.091	1.407
1511106636321	8.878	-1.091	1.407
1511106636331	8.772	-1.053	1.379
1511106636345	8.686	-1.005	1.369
1511106636351	8.686	-0.967	1.35
1511106636361	8.753	-0.919	1.283
1511106636375	8.878	-0.928	1.302
1511106636381	8.992	-0.967	1.264
1511106636391	9.098	-1.053	1.264
1511106636405	9.136	-1.139	1.292
1511106636411	9.127	-1.235	1.302
1511106636444	9.069	-1.292	1.292
1511106636448	9.05	-1.388	1.273
1511106636458	9.098	-1.494	1.254
1511106636462	9.146	-1.58	1.264
1511106636466	9.241	-1.676	1.312
1511106636475	9.356	-1.752	1.379
1511106636482	9.443	-1.838	1.407
1511106636495	9.557	-1.925	1.426
1511106636501	9.701	-1.992	1.426
1511106636511	9.778	-2.039	1.522
1511106636526	9.854	-2.049	1.589
1511106636531	9.969	-2.03	1.628
1511106636543	10.103	-2.03	1.589
1511106636554	10.237	-2.03	1.513
1511106636561	10.295	-2.049	1.379
1511106636571	10.257	-2.068	1.264
1511106636584	9.979	-2.068	1.101
1511106636591	9.95	-2.049	1.101
1511106636601	9.73	-2.02	1.005
1511106636614	9.366	-1.992	0.881
1511106636621	9.261	-1.925	0.881
1511106636631	9.012	-1.857	0.909
1511106636643	8.82	-1.819	0.9
1511106636651	8.657	-1.829	0.9
1511106636661	8.581	-1.953	1.082
1511106636673	8.6	-2.049	0.996
1511106636681	8.619	-2.087	1.005
1511106636691	8.59	-2.049	1.091
1511106636705	8.715	-1.992	1.254
1511106636711	8.715	-1.915	1.465
1511106636722	9.404	-1.877	1.599
1511106636735	9.615	-1.848	1.589
1511106636741	9.921	-1.829	1.513
1511106636751	10.065	-1.838	1.398
1511106636766	10.113	-1.857	1.264
1511106636771	10.036	-1.896	1.11
1511106636781	9.874	-1.896	1.043
1511106636795	9.653	-1.934	1.091
1511106636801	9.5	-2.135	1.187
1511106636812	9.471	-2.011	1.407
1511106636826	9.586	-1.857	1.676
1511106636831	9.845	-1.963	1.934
1511106636841	10.247	-1.867	2.231
1511106636856	10.688	-1.771	2.509
1511106636861	11.061	-1.618	2.585
1511106636872	11.195	-1.331	2.442
1511106636886	11.243	-1.005	2.241
1511106636891	11.483	-0.794	2.087
1511106636902	11.789	-0.718	1.992
1511106636916	11.885	-0.737	1.81
1511106636921	11.693	-0.804	1.541
1511106636932	11.281	-0.881	1.245
1511106636946	10.735	-0.919	1.12
1511106636951	10.056	-0.852	1.197
1511106636962	9.414	-0.823	1.407
1511106636976	8.858	-0.727	1.599
1511106636981	8.494	-0.632	1.781
1511106636992	8.389	-0.488	1.886
1511106637006	8.514	-0.335	1.905
1511106637011	8.791	-0.21	1.915
1511106637022	9.117	-0.21	1.925
1511106637036	9.423	-0.229	1.896
1511106637041	9.644	-0.306	1.81
1511106637052	9.807	-0.373	1.723
1511106637066	9.874	-0.459	1.695
1511106637071	9.941	-0.536	1.714
1511106637082	10.008	-0.651	1.752
1511106637116	10.065	-0.737	1.848
1511106637118	10.103	-0.814	1.877
1511106637125	10.17	-0.89	1.829
1511106637131	10.199	-0.9	1.743
1511106637133	10.103	-0.909	1.676
1511106637151	9.95	-0.9	1.647
1511106637154	9.807	-0.9	1.599
1511106637167	9.692	-0.871	1.589
1511106637174	9.615	-0.842	1.618
1511106637187	9.51	-0.852	1.819
1511106637191	9.462	-0.871	1.743
1511106637211	9.423	-0.861	1.819
1511106637213	9.423	-0.814	1.838
1511106637223	9.414	-0.747	1.838
1511106637231	9.433	-0.689	1.819
1511106637245	9.433	-0.622	1.723
1511106637251	9.462	-0.584	1.666
1511106637261	9.529	-0.574	1.628
1511106637275	9.625	-0.593	1.599
1511106637281	9.692	-0.641	1.589
1511106637291	9.759	-0.67	1.656
1511106637304	9.807	-0.66	1.857
1511106637311	9.826	-0.651	1.857
1511106637321	9.797	-0.612	1.944
1511106637334	9.768	-0.536	1.972
1511106637341	9.778	-0.469	1.972
1511106637351	9.845	-0.478	1.905
1511106637364	9.979	-0.498	1.829
1511106637371	10.123	-0.632	1.762
1511106637382	10.228	-0.814	1.752
1511106637396	10.324	-1.034	1.752
1511106637401	10.4	-1.245	1.8
1511106637412	10.448	-1.455	1.8
1511106637426	10.448	-1.599	1.848
1511106637431	10.4	-1.695	1.905
1511106637442	10.381	-1.743	1.953
1511106637456	10.554	-1.829	1.963
1511106637461	10.659	-1.905	1.992
1511106637472	10.87	-1.992	2.087
1511106637487	11.138	-2.078	2.116
1511106637491	11.387	-2.174	2.106
1511106637502	11.569	-2.423	2.116
1511106637517	11.693	-2.327	2.145
1511106637521	11.751	-2.336	2.02
1511106637532	11.645	-2.145	1.81
1511106637547	11.444	-2.221	1.551
1511106637551	11.224	-2.001	1.359
1511106637562	10.937	-2.087	1.216
1511106637577	10.63	-2.126	1.12
1511106637581	10.285	-2.164	1.063
1511106637592	9.931	-2.241	1.053
1511106637607	9.548	-2.336	1.043
1511106637611	9.136	-2.365	1.13
1511106637622	8.705	-2.346	1.197
1511106637637	8.322	-2.308	1.245
1511106637641	8.102	-2.26	1.273
1511106637652	7.958	-2.135	1.235
1511106637667	7.92	-1.972	1.235
1511106637671	7.996	-1.867	1.225
1511106637682	8.083	-1.81	1.139
1511106637697	8.188	-1.848	1.101
1511106637701	8.265	-1.915	1.063
1511106637712	8.37	-2.039	1.024
1511106637727	8.466	-2.154	1.005
1511106637748	8.609	-2.269	0.996
1511106637749	8.763	-2.365	1.024
1511106637754	8.83	-2.451	1.015
1511106637762	8.878	-2.509	0.957
1511106637773	8.897	-2.604	0.9
1511106637807	8.906	-2.662	0.823
1511106637811	8.878	-2.71	0.766
1511106637814	8.849	-2.777	0.708
1511106637820	8.858	-2.853	0.747
1511106637822	8.887	-2.892	0.814
1511106637833	8.964	-2.921	0.89
1511106637846	9.012	-2.921	0.957
1511106637853	9.088	-2.949	1.015
1511106637862	9.184	-2.949	1.043
1511106637876	9.251	-2.959	1.024
1511106637881	9.328	-2.997	1.063
1511106637892	9.385	-3.035	1.024
1511106637907	9.49	-3.035	0.919
1511106637911	9.586	-3.035	0.814
1511106637921	9.663	-2.997	0.699
1511106637941	9.701	-2.978	0.612
1511106637951	9.615	-2.901	0.593
1511106637965	9.538	-2.844	0.641
1511106637971	9.471	-2.786	0.804
1511106637981	9.423	-2.71	0.89
1511106637995	9.414	-2.633	0.986
1511106638001	9.443	-2.557	1.024
1511106638012	9.519	-2.499	1.015
1511106638028	9.548	-2.442	1.082
1511106638031	9.577	-2.375	1.005
1511106638043	9.548	-2.308	0.89
1511106638057	9.433	-2.212	0.785
1511106638061	9.213	-2.097	0.584
1511106638074	8.226	-1.896	-0.028
1511106638087	8.226	-1.723	-0.028
1511106638091	7.537	-1.685	-0.287
1511106638103	6.349	-1.714	-0.076
1511106638119	6.416	-1.867	0.076
1511106638121	6.024	-2.145	0.153
1511106638133	5.296	-2.518	0.191
1511106638148	5.353	-2.7	0.095
1511106638151	5.391	-2.758	0.296
1511106638164	6.636	-2.921	0.948
1511106638178	8.016	-3.055	1.953
1511106638181	9.644	-3.055	3.083
1511106638193	11.684	-3.15	4.846
1511106638208	14.662	-3.074	7.125
1511106638211	17.468	-3.38	6.78
1511106638223	18.953	-3.687	3.198
1511106638239	19.661	-3.811	0.536
1511106638241	19.671	-3.658	0.411
1511106638253	19.077	-2.126	1.34
1511106638268	16.003	-0.747	1.522
1511106638271	13.159	0.153	0.383
1511106638284	11.262	-0.143	-0.89
1511106638299	9.979	-0.421	-1.053
1511106638301	8.686	-0.43	-0.469
1511106638313	7.24	-0.277	0.181
1511106638329	5.947	-0.363	0.842
1511106638331	5.171	-0.67	1.426
1511106638343	5.037	-0.833	1.8
1511106638351	5.344	-0.756	2.011
1511106638362	5.794	-0.689	2.078
1511106638373	6.483	-0.612	2.011
1511106638388	7.211	-0.517	1.81
1511106638391	7.891	-0.498	1.494
1511106638403	8.609	-0.612	1.359
1511106638418	9.28	-0.804	1.436
1511106638421	9.979	-0.986	1.494
1511106638433	10.783	-1.235	1.608
1511106638441	11.55	-1.57	1.743
1511106638451	12.095	-1.934	1.81
1511106638464	12.21	-2.183	1.781
1511106638479	11.866	-2.25	1.57
1511106638528	11.253	-2.097	1.331
1511106638535	10.601	-1.829	1.187
1511106638541	10.18	-1.503	1.245
1511106638543	9.96	-1.302	1.254
1511106638544	9.826	-1.197	1.292
1511106638548	9.759	-1.082	1.321
1511106638549	9.701	-1.043	1.34
1511106638566	9.663	-1.101	1.407
1511106638568	9.701	-1.35	1.494
1511106638573	9.72	-1.647	1.608
1511106638586	9.73	-1.925	1.704
1511106638591	9.701	-2.135	1.743
1511106638601	9.625	-2.279	1.666
1511106638613	9.5	-2.298	1.561
1511106638621	9.356	-2.25	1.484
1511106638631	9.232	-2.164	1.465
1511106638641	9.184	-2.03	1.503
1511106638651	9.203	-1.896	1.551
1511106638661	9.28	-1.714	1.57
1511106638672	9.385	-1.628	1.551
1511106638681	9.548	-1.58	1.426
1511106638691	9.73	-1.551	1.264
1511106638701	9.864	-1.494	1.072
1511106638711	9.931	-1.465	0.996
1511106638721	9.893	-1.455	0.928
1511106638741	9.768	-1.532	1.024
1511106638751	9.759	-1.599	1.168
1511106638764	9.749	-1.704	1.608
1511106638771	9.826	-1.781	1.608
1511106638781	9.941	-1.915	1.743
1511106638794	10.027	-2.039	1.79
1511106638801	10.036	-2.116	1.79
1511106638811	9.979	-2.116	1.762
1511106638824	9.701	-2.068	1.714
1511106638831	9.701	-2.039	1.733
1511106638841	9.519	-1.953	1.752
1511106638854	9.376	-1.829	1.752
1511106638861	9.376	-1.695	1.714
1511106638871	9.376	-1.57	1.666
1511106638883	9.443	-1.283	1.608
1511106638891	9.596	-1.359	1.532
1511106638901	9.739	-1.312	1.465
1511106638914	9.931	-1.302	1.436
1511106638921	10.046	-1.292	1.398
1511106638931	10.132	-1.331	1.407
1511106638944	10.151	-1.379	1.407
1511106638951	10.094	-1.426	1.369
1511106638961	10.017	-1.637	1.379
1511106638974	9.912	-1.561	1.35
1511106638981	9.816	-1.599	1.388
1511106638991	9.739	-1.618	1.388
1511106639005	9.663	-1.589	1.426
1511106639011	9.596	-1.57	1.446
1511106639022	9.529	-1.551	1.494
1511106639034	9.529	-1.532	1.541
1511106639041	9.548	-1.532	1.522
1511106639051	9.577	-1.532	1.503
1511106639065	9.615	-1.541	1.446
1511106639071	9.644	-1.589	1.417
1511106639081	9.692	-1.647	1.407
1511106639092	9.73	-1.714	1.379
1511106639101	9.759	-1.762	1.398
1511106639111	9.73	-1.781	1.465
1511106639125	9.711	-1.781	1.484
1511106639131	9.692	-1.752	1.541
1511106639142	9.711	-1.723	1.551
1511106639156	9.701	-1.676	1.551
1511106639161	9.672	-1.599	1.551
1511106639172	9.653	-1.541	1.494
1511106639218	9.596	-1.503	1.513
1511106639223	9.557	-1.455	1.513
1511106639236	9.577	-1.436	1.58
1511106639241	9.548	-1.465	1.637
1511106639242	9.577	-1.474	1.695
1511106639243	9.663	-1.503	1.685
1511106639244	9.682	-1.522	1.676
1511106639262	9.672	-1.494	1.685
1511106639267	9.625	-1.455	1.676
1511106639277	9.653	-1.455	1.685
1511106639281	9.692	-1.426	1.685
1511106639291	9.749	-1.407	1.714
1511106639312	9.845	-1.379	1.743
1511106639318	9.874	-1.359	1.733
1511106639326	9.826	-1.34	1.666
1511106639341	9.797	-1.34	1.58
1511106639343	9.768	-1.312	1.513
1511106639353	9.692	-1.273	1.503
1511106639364	9.682	-1.273	1.541
1511106639371	9.72	-1.235	1.57
1511106639381	9.787	-1.197	1.58
1511106639395	9.807	-1.187	1.57
1511106639401	9.816	-1.177	1.532
1511106639411	9.835	-1.177	1.494
1511106639423	9.874	-1.245	1.474
1511106639431	9.912	-1.302	1.474
1511106639441	9.893	-1.379	1.551
1511106639453	9.73	-1.426	1.714
1511106639461	9.854	-1.436	1.714
1511106639471	9.787	-1.446	1.771
1511106639484	9.72	-1.455	1.723
1511106639491	9.72	-1.436	1.723
1511106639501	9.73	-1.436	1.704
1511106639515	9.854	-1.446	1.608
1511106639521	9.854	-1.465	1.608
1511106639533	9.969	-1.532	1.599
1511106639546	10.084	-1.704	1.695
1511106639561	10.103	-1.781	1.733
1511106639576	10.151	-1.963	1.79
1511106639592	10.19	-2.068	1.857
1511106639606	10.257	-2.202	1.819
1511106639611	10.41	-2.202	1.838
1511106639622	10.333	-2.25	1.829
1511106639637	10.525	-2.279	1.829
1511106639641	10.649	-2.279	1.771
1511106639652	10.707	-2.288	1.733
1511106639667	10.697	-2.279	1.647
1511106639671	10.63	-2.288	1.58
1511106639682	10.525	-2.26	1.503
1511106639696	10.419	-2.221	1.484
1511106639701	10.314	-2.221	1.484
1511106639712	10.17	-2.269	1.513
1511106639726	10.046	-2.298	1.541
1511106639741	9.921	-2.288	1.541
1511106639762	9.778	-2.269	1.455
1511106639766	9.519	-2.154	1.407
1511106639777	9.385	-2.097	1.34
1511106639786	9.261	-2.02	1.273
1511106639791	9.136	-1.982	1.245
1511106639803	9.002	-1.944	1.254
1511106639814	8.906	-1.934	1.254
1511106639821	8.858	-1.934	1.264
1511106639831	8.868	-1.982	1.264
1511106639844	8.954	-2.03	1.273
1511106639851	9.04	-2.106	1.273
1511106639861	9.127	-2.164	1.264
1511106639875	9.165	-2.202	1.225
1511106639881	9.194	-2.25	1.225
1511106639891	9.155	-2.298	1.225
1511106639925	9.069	-2.317	1.225
1511106639942	8.954	-2.355	1.187
1511106639944	8.887	-2.394	1.177
1511106639947	8.839	-2.413	1.149
1511106639952	8.81	-2.442	1.101
1511106639958	8.791	-2.442	1.11
1511106639975	8.791	-2.423	1.101
1511106639978	8.83	-2.413	1.12
1511106639986	8.897	-2.432	1.13
1511106639992	8.964	-2.461	1.091
1511106640001	9.002	-2.48	1.053
1511106640016	9.05	-2.547	1.072
1511106640027	9.117	-2.595	1.072
1511106640032	9.155	-2.652	1.024
1511106640042	9.251	-2.71	0.996
1511106640056	9.337	-2.739	0.919
1511106640062	9.337	-2.796	0.948
1511106640071	9.318	-2.834	1.005
1511106640087	9.318	-2.93	1.072
1511106640091	9.337	-2.988	1.072
1511106640106	9.376	-2.959	1.053
1511106640115	9.308	-2.834	0.775
1511106640121	9.05	-2.662	0.775
1511106640133	8.609	-2.451	0.545
1511106640144	8.016	-2.231	0.191
1511106640151	7.412	-2.097	0.287
1511106640161	7.0	-2.059	0.383
1511106640174	6.723	-2.193	0.421
1511106640181	6.531	-2.384	0.392
1511106640191	6.407	-2.413	0.287
1511106640203	6.205	-2.442	0.258
1511106640211	6.138	-2.566	0.517
1511106640221	6.493	-2.739	0.986
1511106640233	7.412	-2.949	1.57
1511106640241	8.791	-3.112	1.8
1511106640251	10.285	-3.102	2.308
1511106640263	11.626	-3.064	2.806
1511106640271	12.871	-3.265	3.601
1511106640281	14.365	-3.725	3.304
1511106640294	15.687	-4.319	1.589
1511106640301	16.549	-4.855	0.421
1511106640311	17.459	-5.353	1.005
1511106640323	16.616	-4.74	1.905
1511106640331	14.988	-3.208	2.633
1511106640341	13.331	-1.963	2.154
1511106640353	11.684	-1.168	1.254
1511106640361	10.257	-0.919	0.545
1511106640371	8.897	-1.053	0.153
1511106640383	7.527	-1.245	0.028
1511106640391	6.273	-1.474	0.162
1511106640401	5.382	-1.388	0.392
1511106640413	4.989	-1.656	0.612
1511106640421	5.171	-1.417	0.794
1511106640431	5.765	-1.177	1.063
1511106640443	6.627	-0.833	1.474
1511106640451	7.508	-0.679	1.905
1511106640461	8.399	-0.67	2.241
1511106640473	9.251	-0.909	2.413
1511106640481	10.151	-1.283	2.375
1511106640491	11.013	-1.704	2.011
1511106640503	11.732	-2.135	1.541
1511106640511	12.277	-2.557	1.101
1511106640521	12.469	-2.997	0.996
1511106640533	12.134	-3.332	1.11
1511106640541	11.377	-3.342	1.225
1511106640551	10.554	-3.045	1.302
1511106640562	10.017	-2.566	1.35
1511106640571	9.73	-2.087	1.446
1511106640581	9.663	-1.608	1.474
1511106640599	9.672	-1.245	1.455
1511106640606	9.625	-0.996	1.455
1511106640615	9.471	-0.861	1.494
1511106640624	9.194	-0.89	1.551
1511106640631	8.925	-0.976	1.647
1511106640641	8.734	-1.101	1.762
1511106640655	8.648	-1.197	1.857
1511106640661	8.667	-1.216	1.905
1511106640671	8.791	-1.197	1.877
1511106640684	8.973	-1.139	1.762
1511106640691	9.194	-1.12	1.714
1511106640701	9.423	-1.063	1.704
1511106640714	9.663	-1.024	1.723
1511106640721	9.883	-0.938	1.8
1511106640731	10.027	-0.928	1.781
1511106640743	10.075	-0.919	1.752
1511106640751	10.075	-0.976	1.685
1511106640761	10.075	-1.024	1.57
1511106640773	10.103	-1.053	1.426
1511106640781	10.113	-1.11	1.34
1511106640791	10.142	-1.187	1.292
1511106640803	10.199	-1.283	1.302
1511106640811	10.247	-1.359	1.34
1511106640821	10.285	-1.407	1.398
1511106640833	10.257	-1.465	1.446
1511106640841	10.209	-1.541	1.522
1511106640851	10.17	-1.647	1.58
1511106640863	10.103	-1.819	1.695
1511106640871	10.094	-1.972	1.743
1511106640881	10.103	-2.174	1.723
1511106640894	10.132	-2.336	1.79
1511106640901	10.18	-2.413	1.857
1511106640911	10.324	-2.509	1.896
1511106640924	10.515	-2.566	1.896
1511106640931	10.735	-2.614	1.915
1511106640941	10.994	-2.643	1.944
1511106640955	11.291	-2.719	1.723
1511106640961	11.502	-2.786	1.647
1511106640971	11.636	-2.844	1.676
1511106640984	11.684	-2.911	1.484
1511106640991	11.645	-2.93	1.455
1511106641001	11.53	-2.93	1.436
1511106641014	11.301	-2.901	1.35
1511106641021	10.994	-2.834	1.312
1511106641031	10.314	-2.767	1.206
1511106641045	9.739	-2.672	1.149
1511106641051	9.299	-2.595	1.091
1511106641061	8.887	-2.518	1.063
1511106641074	8.533	-2.461	1.053
1511106641081	8.226	-2.432	1.024
1511106641091	7.968	-2.365	1.015
1511106641104	7.814	-2.288	1.005
1511106641111	7.728	-2.231	0.996
1511106641121	7.757	-1.992	0.948
1511106641134	7.843	-2.097	0.938
1511106641141	7.949	-2.116	0.967
1511106641164	8.236	-2.26	0.996
1511106641171	8.38	-2.365	0.986
1511106641181	8.475	-2.48	0.976
1511106641195	8.514	-2.604	1.015
1511106641201	8.533	-2.729	1.043
1511106641211	8.6	-2.844	1.063
1511106641224	8.715	-2.911	1.053
1511106641231	8.83	-2.921	1.053
1511106641254	9.04	-2.863	1.091
1511106641261	9.117	-2.863	1.11
1511106641271	9.165	-2.853	1.149
1511106641284	9.174	-2.873	1.177
1511106641291	9.241	-2.873	1.216
1511106641309	9.308	-2.873	1.216
1511106641312	9.376	-2.892	1.187
1511106641321	9.395	-2.911	1.187
1511106641333	9.395	-2.911	1.139
1511106641345	9.385	-2.911	1.139
1511106641351	9.385	-2.892	1.072
1511106641361	9.366	-2.873	1.063
1511106641376	9.356	-2.853	1.063
1511106641381	9.347	-2.815	1.043
1511106641392	9.366	-2.777	1.034
1511106641405	9.423	-2.739	1.024
1511106641411	9.462	-2.719	1.034
1511106641421	9.538	-2.71	1.024
1511106641435	9.596	-2.691	1.034
1511106641441	9.634	-2.7	1.024
1511106641451	9.672	-2.719	1.034
1511106641465	9.682	-2.748	1.043
1511106641471	9.692	-2.729	1.034
1511106641481	9.663	-2.7	1.015
1511106641494	9.625	-2.672	1.005
1511106641501	9.557	-2.614	1.024
1511106641511	9.529	-2.547	1.034
1511106641524	9.567	-2.499	1.082
1511106641531	9.615	-2.48	1.101
1511106641541	9.672	-2.461	1.101
1511106641554	9.692	-2.461	1.082
1511106641561	9.672	-2.48	1.063
1511106641571	9.625	-2.461	1.034
1511106641584	9.433	-2.451	0.948
1511106641591	9.136	-2.375	0.861
1511106641601	8.791	-2.308	0.804
1511106641614	8.437	-2.288	0.775
1511106641621	8.063	-2.241	0.747
1511106641631	7.623	-2.164	0.756
1511106641644	7.163	-2.059	0.651
1511106641651	6.742	-2.001	0.622
1511106641661	6.569	-2.106	0.871
1511106641674	6.665	-2.279	0.823
1511106641681	6.818	-2.308	0.967
1511106641692	7.489	-2.423	1.235
1511106641704	7.489	-2.557	1.666
1511106641711	8.322	-2.739	2.135
1511106641721	9.433	-2.959	2.518
1511106641735	10.649	-3.131	2.767
1511106641744	13.082	-3.265	2.94
1511106641755	14.308	-3.438	2.997
1511106641765	15.122	-3.744	2.921
1511106641771	15.601	-4.06	2.116
1511106641781	15.802	-4.233	1.158
1511106641795	15.543	-4.175	1.082
1511106641802	14.844	-3.227	1.513
1511106641811	13.743	-2.7	1.972
1511106641825	12.383	-1.857	2.001
1511106641831	11.052	-1.426	1.637
1511106641841	9.854	-1.091	1.225
1511106641855	8.772	-1.005	0.89
1511106641861	7.805	-0.919	0.679
1511106641871	7.0	-0.881	0.555
1511106641885	6.445	-0.881	0.507
1511106641891	6.215	-0.89	0.574
1511106641901	6.34	-0.909	0.823
1511106641915	6.742	-0.928	1.177
1511106641921	7.269	-0.909	1.474
1511106641931	7.834	-0.881	1.714
1511106641941	8.437	-0.9	1.886
1511106641951	9.079	-1.005	2.02
1511106641961	9.701	-1.225	2.068
1511106641973	10.324	-1.494	2.068
1511106641981	10.86	-1.771	1.934
1511106641999	11.31	-2.049	1.723
1511106642009	11.578	-2.346	1.541
1511106642011	11.626	-2.566	1.436
1511106642025	11.435	-2.595	1.484
1511106642032	11.052	-2.375	1.446
1511106642041	10.659	-2.068	1.474
1511106642053	10.343	-1.762	1.503
1511106642061	10.103	-1.484	1.455
1511106642071	9.845	-1.283	1.455
1511106642082	9.634	-1.139	1.494
1511106642091	9.443	-1.139	1.465
1511106642101	9.28	-1.197	1.474
1511106642112	9.155	-1.302	1.484
1511106642121	9.088	-1.455	1.589
1511106642131	9.04	-1.599	1.618
1511106642141	9.002	-1.704	1.628
1511106642151	9.031	-1.733	1.58
1511106642161	9.146	-1.666	1.513
1511106642171	9.28	-1.561	1.503
1511106642181	9.462	-1.446	1.532
1511106642191	9.634	-1.321	1.561
1511106642201	9.778	-1.187	1.647
1511106642211	9.835	-1.11	1.676
1511106642221	9.874	-1.053	1.666
1511106642231	9.864	-1.024	1.637
1511106642241	9.874	-0.967	1.58
1511106642251	9.826	-0.957	1.513
1511106642261	9.778	-0.976	1.494
1511106642271	9.749	-1.024	1.503
1511106642281	9.739	-1.053	1.513
1511106642292	9.739	-1.063	1.608
1511106642301	9.768	-1.053	1.704
1511106642311	9.787	-1.082	1.79
1511106642321	9.778	-1.082	1.877
1511106642331	9.72	-1.082	1.925
1511106642341	9.625	-1.063	1.972
1511106642352	9.557	-1.005	1.953
1511106642361	9.471	-0.967	1.972
1511106642371	9.462	-0.909	1.982
1511106642382	9.452	-0.852	1.944
1511106642391	9.471	-0.775	1.944
1511106642401	9.51	-0.756	1.915
1511106642411	9.596	-0.708	1.848
1511106642421	9.653	-0.699	1.848
1511106642431	9.72	-0.689	1.81
1511106642442	9.95	-0.699	1.829
1511106642451	9.95	-0.679	1.838
1511106642461	10.065	-0.727	1.829
1511106642472	10.132	-0.794	1.838
1511106642481	10.132	-0.881	1.829
1511106642491	10.132	-0.957	1.81
1511106642502	10.103	-1.177	1.838
1511106642511	10.036	-1.072	1.886
1511106642521	10.008	-1.13	1.877
1511106642532	9.998	-1.426	1.886
1511106642541	9.998	-1.417	1.867
1511106642551	10.036	-1.676	1.81
1511106642562	10.123	-1.656	1.819
1511106642571	10.18	-1.723	1.848
1511106642581	10.19	-1.743	1.867
1511106642592	10.218	-1.79	1.896
1511106642601	10.266	-1.838	1.886
1511106642611	10.372	-1.867	1.829
1511106642622	10.496	-1.934	1.848
1511106642631	10.611	-2.011	1.886
1511106642641	10.716	-2.068	1.896
1511106642652	10.745	-2.174	1.896
1511106642661	10.716	-2.279	1.781
1511106642671	10.688	-2.384	1.695
1511106642689	10.668	-2.48	1.599
1511106642702	10.64	-2.585	1.522
1511106642705	10.563	-2.691	1.426
1511106642713	10.439	-2.777	1.379
1511106642722	10.333	-2.834	1.359
1511106642732	10.209	-2.93	1.321
1511106642744	10.103	-3.016	1.302
1511106642751	10.075	-3.055	1.273
1511106642761	10.027	-3.093	1.264
1511106642774	9.998	-3.083	1.187
1511106642781	9.921	-3.074	1.168
1511106642791	9.807	-3.055	1.139
1511106642802	9.672	-3.035	1.072
1511106642811	9.471	-3.007	1.024
1511106642821	9.232	-2.94	0.957
1511106642833	9.021	-2.921	0.89
1511106642841	8.849	-2.892	0.871
1511106642851	8.696	-2.863	0.842
1511106642862	8.542	-2.825	0.794
1511106642871	8.37	-2.777	0.747
1511106642881	8.226	-2.729	0.689
1511106642892	8.13	-2.729	0.651
1511106642901	8.016	-2.71	0.603
1511106642911	7.929	-2.681	0.593
1511106642922	7.872	-2.652	0.555
1511106642931	7.872	-2.624	0.517
1511106642941	7.929	-2.643	0.507
1511106642954	8.073	-2.691	0.517
1511106642961	8.226	-2.739	0.498
1511106642971	8.37	-2.777	0.517
1511106642984	8.533	-2.786	0.603
1511106642991	8.743	-2.796	0.603
1511106643001	8.945	-2.825	0.622
1511106643014	9.079	-2.863	0.689
1511106643021	9.146	-2.94	0.689
1511106643031	9.184	-3.007	0.67
1511106643044	9.299	-3.112	0.66
1511106643051	9.385	-3.17	0.66
1511106643061	9.452	-3.256	0.651
1511106643075	9.615	-3.371	0.756
1511106643081	9.615	-3.457	0.909
1511106643091	9.692	-3.495	0.785
1511106643102	9.941	-3.524	0.928
1511106643112	9.912	-3.476	1.082
1511106643121	10.017	-3.371	0.948
1511106643132	10.094	-3.304	0.89
1511106643141	10.123	-3.246	0.766
1511106643151	10.065	-3.208	0.66
1511106643165	9.778	-3.17	0.603
1511106643171	9.625	-3.131	0.555
1511106643181	9.28	-3.083	0.574
1511106643195	9.222	-2.844	0.612
1511106643201	9.079	-2.882	0.66
1511106643211	8.906	-2.739	0.679
1511106643225	8.772	-2.451	0.708
1511106643231	8.619	-2.509	0.756
1511106643241	8.504	-2.308	0.785
1511106643255	8.389	-2.442	0.756
1511106643261	8.265	-2.423	0.737
1511106643272	8.111	-2.394	0.718
1511106643285	7.987	-2.384	0.689
1511106643291	7.949	-2.442	0.785
1511106643301	8.054	-2.461	0.928
1511106643315	8.245	-2.432	1.072
1511106643321	8.552	-2.451	1.139
1511106643332	8.964	-2.547	1.197
1511106643347	9.462	-2.652	1.264
1511106643351	9.988	-2.758	1.388
1511106643362	10.506	-2.959	1.522
1511106643397	10.946	-3.141	1.57
1511106643404	11.186	-3.198	1.474
1511106643409	11.233	-3.237	1.264
1511106643412	11.052	-3.227	1.13
1511106643416	10.659	-3.189	1.101
1511106643439	10.228	-3.17	1.235
1511106643440	9.95	-3.102	1.58
1511106643441	10.017	-3.102	2.279
1511106643455	10.429	-3.026	3.093
1511106643465	10.831	-3.074	2.997
1511106643473	11.301	-2.978	2.327
1511106643481	12.038	-2.7	1.877
1511106643496	12.967	-2.26	1.867
1511106643501	13.522	-1.934	2.001
1511106643511	13.321	-1.886	2.049
1511106643524	12.689	-1.79	1.81
1511106643531	11.856	-1.743	1.331
1511106643541	10.908	-1.857	0.919
1511106643553	9.826	-1.972	0.699
1511106643561	8.734	-2.02	0.641
1511106643571	7.834	-1.963	0.67
1511106643584	7.269	-1.838	0.814
1511106643591	7.106	-1.608	0.996
1511106643601	7.259	-1.273	1.235
1511106643614	7.671	-0.948	1.446
1511106643621	8.14	-0.794	1.608
1511106643631	8.552	-0.794	1.714
1511106643643	8.964	-0.823	1.771
1511106643651	9.328	-0.976	1.8
1511106643661	9.701	-1.149	1.848
1511106643675	10.046	-1.369	1.762
1511106643681	10.324	-1.561	1.762
1511106643691	10.534	-1.752	1.733
1511106643705	10.668	-1.905	1.656
1511106643711	10.716	-1.992	1.656
1511106643721	10.621	-1.992	1.589
1511106643735	10.266	-1.848	1.321
1511106643741	10.19	-1.637	1.321
1511106643759	9.96	-1.474	1.264
1511106643777	9.73	-1.379	1.254
1511106643778	9.557	-1.35	1.254
1511106643785	9.414	-1.398	1.398
1511106643797	9.318	-1.446	1.676
1511106643801	9.27	-1.541	1.829
1511106643811	9.232	-1.647	1.953
1511106643832	9.414	-1.714	1.934
1511106643841	9.529	-1.762	1.695
1511106643855	9.644	-1.704	1.589
1511106643861	9.711	-1.637	1.465
1511106643871	9.749	-1.561	1.436
1511106643889	9.749	-1.484	1.417
1511106643891	9.567	-1.455	1.446
1511106643901	9.672	-1.417	1.494
1511106643917	9.577	-1.426	1.532
1511106643921	9.596	-1.455	1.58
1511106643931	9.586	-1.484	1.608
1511106643945	9.644	-1.494	1.57
1511106643951	9.692	-1.532	1.561
1511106643962	9.759	-1.551	1.532
1511106643976	9.816	-1.388	1.551
1511106643981	9.864	-1.503	1.551
1511106643991	9.874	-1.494	1.58
1511106644006	9.826	-1.494	1.618
1511106644011	9.807	-1.484	1.685
1511106644021	9.73	-1.474	1.704
1511106644036	9.701	-1.503	1.752
1511106644041	9.682	-1.446	1.771
1511106644053	9.663	-1.407	1.743
1511106644067	9.682	-1.369	1.714
1511106644100	9.663	-1.331	1.628
1511106644108	9.625	-1.283	1.561
1511106644113	9.548	-1.235	1.599
1511106644118	9.471	-1.158	1.647
1511106644123	9.452	-1.139	1.676
1511106644124	9.519	-1.11	1.714
1511106644134	9.634	-1.082	1.733
1511106644141	9.739	-1.063	1.771
1511106644155	9.797	-1.063	1.79
1511106644161	9.807	-1.063	1.8
1511106644171	9.739	-1.072	1.79
1511106644185	9.701	-1.082	1.819
1511106644191	9.634	-1.063	1.829
1511106644201	9.615	-1.063	1.848
1511106644214	9.596	-1.053	1.886
1511106644221	9.596	-1.024	1.944
1511106644231	9.586	-0.976	1.982
1511106644244	9.625	-0.909	1.972
1511106644251	9.634	-0.89	1.972
1511106644261	9.644	-0.842	1.944
1511106644273	9.644	-0.833	1.944
1511106644281	9.682	-0.794	1.886
1511106644291	9.692	-0.814	1.867
1511106644306	9.73	-0.814	1.819
1511106644311	9.73	-0.842	1.819
1511106644322	9.739	-0.861	1.819
1511106644337	9.759	-0.881	1.838
1511106644341	9.73	-0.9	1.848
1511106644352	9.72	-0.909	1.848
1511106644366	9.72	-0.928	1.819
1511106644371	9.72	-0.938	1.829
1511106644382	9.72	-0.948	1.867
1511106644396	9.701	-0.967	1.819
1511106644412	9.73	-1.024	1.819
1511106644426	9.72	-1.063	1.905
1511106644431	9.72	-1.13	1.905
1511106644442	9.749	-1.197	1.896
1511106644456	9.797	-1.312	1.915
1511106644461	9.835	-1.379	1.915
1511106644472	9.893	-1.446	1.905
1511106644486	9.941	-1.503	1.915
1511106644491	9.979	-1.551	1.915
1511106644502	9.988	-1.618	1.723
1511106644516	10.017	-1.704	1.723
1511106644521	10.046	-1.819	1.57
1511106644532	10.161	-1.982	1.608
1511106644546	10.458	-2.145	1.561
1511106644551	10.477	-2.317	1.561
1511106644562	10.544	-2.509	1.589
1511106644576	10.582	-2.633	1.704
1511106644581	10.601	-2.767	1.79
1511106644592	10.774	-2.863	1.829
1511106644607	10.659	-2.959	1.877
1511106644611	10.898	-3.026	1.79
1511106644622	10.841	-3.074	1.714
1511106644636	10.86	-3.055	1.599
1511106644641	10.812	-3.007	1.436
1511106644652	10.716	-2.978	1.359
1511106644666	10.563	-2.988	1.245
1511106644671	10.372	-2.988	1.177
1511106644682	10.132	-2.978	1.101
1511106644698	9.893	-3.007	1.063
1511106644701	9.653	-3.016	1.082
1511106644712	9.462	-3.026	1.072
1511106644728	9.347	-3.026	1.043
1511106644731	9.251	-2.997	1.024
1511106644742	9.222	-2.968	0.996
1511106644758	9.165	-2.93	1.024
1511106644761	9.165	-2.901	1.034
1511106644789	9.136	-2.863	1.072
1511106644801	9.088	-2.834	1.072
1511106644807	9.05	-2.777	1.024
1511106644809	9.031	-2.748	0.996
1511106644815	9.031	-2.758	0.957
1511106644821	9.04	-2.719	0.9
1511106644834	9.059	-2.719	0.871
1511106644846	9.002	-2.729	0.814
1511106644851	8.878	-2.719	0.785
1511106644862	8.782	-2.719	0.679
1511106644875	8.676	-2.739	0.612
1511106644881	8.552	-2.748	0.536
1511106644891	8.418	-2.748	0.507
1511106644904	8.351	-2.767	0.517
1511106644911	8.284	-2.777	0.498
1511106644927	8.284	-2.777	0.536
1511106644932	8.332	-2.786	0.565
1511106644941	8.418	-2.806	0.603
1511106644951	8.504	-2.815	0.641
1511106644966	8.59	-2.834	0.651
1511106644971	8.686	-2.834	0.66
1511106644981	8.791	-2.863	0.651
1511106644995	8.925	-2.892	0.612
1511106645011	9.079	-2.94	0.593
1511106645012	9.241	-3.007	0.555
1511106645024	9.366	-3.102	0.507
1511106645031	9.452	-3.15	0.488
1511106645041	9.538	-3.189	0.478
1511106645055	9.615	-3.198	0.45
1511106645061	9.672	-3.208	0.488
1511106645071	9.72	-3.179	0.488
1511106645085	9.797	-3.16	0.469
1511106645091	9.902	-3.16	0.498
1511106645106	9.988	-3.15	0.507
1511106645115	10.056	-3.17	0.545
1511106645121	10.046	-3.179	0.545
1511106645131	9.96	-3.189	0.507
1511106645145	9.854	-3.217	0.517
1511106645151	9.749	-3.179	0.507
1511106645161	9.653	-3.15	0.545
1511106645177	9.577	-3.102	0.574
1511106645181	9.49	-3.035	0.612
1511106645192	9.423	-2.921	0.651
1511106645207	9.356	-2.767	0.708
1511106645211	9.308	-2.604	0.766
1511106645223	9.203	-2.49	0.622
1511106645237	9.088	-2.384	0.622
1511106645241	8.897	-2.279	0.526
1511106645253	8.772	-2.288	0.612
1511106645269	8.734	-2.403	0.641
1511106645271	8.696	-2.547	0.679
1511106645284	8.686	-2.585	0.727
1511106645295	8.686	-2.585	0.823
1511106645301	8.782	-2.633	0.976
1511106645311	9.059	-2.652	1.053
1511106645325	9.232	-2.643	1.11
1511106645331	9.356	-2.585	1.072
1511106645341	9.308	-2.557	0.9
1511106645358	9.404	-2.566	0.67
1511106645361	9.337	-2.614	0.411
1511106645373	9.241	-2.825	0.363
1511106645388	9.261	-2.853	0.498
1511106645391	9.366	-3.342	0.775
1511106645403	9.548	-3.265	1.043
1511106645418	9.768	-3.265	1.312
1511106645421	10.008	-3.15	1.446
1511106645433	10.094	-2.978	1.417
1511106645448	9.979	-2.853	1.331
1511106645451	9.883	-2.815	1.35
1511106645485	10.151	-2.949	1.752
1511106645493	11.013	-3.131	2.796
1511106645496	11.751	-3.217	3.093
1511106645499	11.942	-3.256	2.7
1511106645502	12.21	-3.122	2.068
1511106645516	13.082	-2.93	1.436
1511106645524	13.714	-2.26	1.599
1511106645534	13.657	-1.714	1.944
1511106645541	13.245	-1.369	1.8
1511106645553	12.45	-1.264	1.264
1511106645567	11.396	-1.455	0.766
1511106645571	10.237	-1.781	0.565
1511106645583	9.031	-2.059	0.488
1511106645597	7.968	-2.097	0.507
1511106645601	7.221	-1.992	0.593
1511106645612	6.885	-1.771	0.833
1511106645626	6.953	-1.474	1.12
1511106645631	7.307	-1.063	1.474
1511106645641	7.853	-0.727	1.723
1511106645651	8.427	-0.574	1.829
1511106645665	8.858	-0.478	1.81
1511106645673	9.184	-0.498	1.79
1511106645681	9.481	-0.574	1.743
1511106645691	9.854	-0.756	1.676
1511106645701	10.199	-0.967	1.599
1511106645711	10.496	-1.216	1.532
1511106645721	10.726	-1.474	1.503
1511106645732	10.793	-1.714	1.455
1511106645745	10.755	-1.79	1.426
1511106645751	10.554	-1.676	1.34
1511106645769	10.391	-1.474	1.302
1511106645771	10.19	-1.331	1.35
1511106645783	9.931	-1.235	1.484
1511106645792	9.701	-1.187	1.647
1511106645801	9.529	-1.187	1.762
1511106645811	9.376	-1.206	1.867
1511106645834	9.241	-1.254	1.896
1511106645835	9.155	-1.321	1.944
1511106645841	9.165	-1.35	1.992
1511106645851	9.241	-1.359	1.972
1511106645861	9.356	-1.331	1.896
1511106645871	9.471	-1.273	1.762
1511106645883	9.586	-1.177	1.656
1511106645891	9.672	-1.101	1.57
1511106645901	9.682	-1.005	1.551
1511106645911	9.701	-0.938	1.541
1511106645921	9.692	-0.881	1.541
1511106645931	9.692	-0.909	1.551
1511106645941	9.711	-0.967	1.628
1511106645951	9.73	-0.986	1.628
1511106645961	9.759	-1.024	1.637
1511106645972	9.759	-1.072	1.57
1511106645981	9.759	-1.158	1.57
1511106645991	9.787	-1.187	1.58
1511106646002	9.816	-1.216	1.599
1511106646011	9.854	-1.197	1.637
1511106646022	9.864	-1.235	1.676
1511106646041	9.625	-1.273	1.81
1511106646052	9.711	-1.292	1.857
1511106646067	9.605	-1.302	1.867
1511106646071	9.596	-1.302	1.925
1511106646081	9.586	-1.321	1.896
1511106646094	9.577	-1.273	1.877
1511106646101	9.567	-1.273	1.867
1511106646114	9.567	-1.264	1.81
1511106646122	9.586	-1.187	1.771
1511106646131	9.615	-1.187	1.781
1511106646141	9.663	-1.12	1.743
1511106646152	9.73	-1.091	1.743
1511106646178	9.835	-1.091	1.723
1511106646183	9.902	-1.11	1.704
1511106646184	9.931	-1.101	1.695
1511106646219	9.912	-1.12	1.676
1511106646220	9.864	-1.139	1.676
1511106646220	9.807	-1.11	1.723
1511106646221	9.739	-1.101	1.743
1511106646231	9.682	-1.082	1.771
1511106646244	9.634	-1.053	1.752
1511106646255	9.625	-1.063	1.733
1511106646261	9.644	-1.043	1.733
1511106646273	9.653	-1.063	1.714
1511106646281	9.663	-1.091	1.695
1511106646291	9.711	-1.082	1.676
1511106646303	9.749	-1.082	1.647
1511106646311	9.787	-1.101	1.656
1511106646321	9.778	-1.11	1.666
1511106646333	9.73	-1.149	1.656
1511106646344	9.701	-1.177	1.676
1511106646351	9.749	-1.216	1.637
1511106646363	9.835	-1.254	1.628
1511106646371	9.874	-1.312	1.656
1511106646381	9.864	-1.388	1.704
1511106646393	9.893	-1.465	1.733
1511106646401	9.893	-1.561	1.704
1511106646411	9.921	-1.637	1.704
1511106646423	9.988	-1.714	1.666
1511106646436	10.065	-1.81	1.618
1511106646442	10.084	-1.905	1.695
1511106646453	10.103	-2.001	1.743
1511106646461	10.18	-2.116	1.81
1511106646474	10.324	-2.202	1.867
1511106646483	10.486	-2.279	1.953
1511106646491	10.63	-2.317	2.011
1511106646501	10.764	-2.365	1.992
1511106646513	10.898	-2.403	1.992
1511106646521	11.08	-2.394	1.925
1511106646531	11.253	-2.375	1.79
1511106646543	11.387	-2.384	1.647
1511106646551	11.483	-2.403	1.522
1511106646561	11.435	-2.461	1.484
1511106646573	11.262	-2.499	1.302
1511106646581	11.023	-2.499	1.388
1511106646591	10.678	-2.47	1.35
1511106646603	10.305	-2.499	1.283
1511106646611	9.921	-2.537	1.283
1511106646621	9.548	-2.557	1.264
1511106646635	8.954	-2.585	1.197
1511106646651	8.763	-2.595	1.149
1511106646666	8.514	-2.633	1.168
1511106646681	8.456	-2.643	1.177
1511106646696	8.466	-2.662	1.101
1511106646701	8.466	-2.662	0.986
1511106646713	8.561	-2.662	0.852
1511106646726	8.992	-2.777	0.766
1511106646731	9.146	-2.777	0.727
1511106646743	9.395	-2.882	0.708
1511106646759	9.347	-2.959	0.718
1511106646762	9.289	-2.997	0.689
1511106646775	9.28	-3.007	0.67
1511106646789	9.28	-2.988	0.612
1511106646791	9.261	-2.959	0.603
1511106646801	9.213	-2.911	0.651
1511106646813	9.155	-2.863	0.708
1511106646821	9.079	-2.863	0.651
1511106646831	9.002	-2.834	0.545
1511106646844	8.945	-2.882	0.469
1511106646851	8.897	-2.911	0.44
1511106646861	8.897	-3.007	0.478
1511106646889	8.878	-3.122	0.555
1511106646893	8.897	-3.217	0.574
1511106646896	8.916	-3.313	0.574
1511106646906	8.887	-3.438	0.565
1511106646912	8.849	-3.524	0.545
1511106646928	8.791	-3.562	0.545
1511106646932	8.734	-3.562	0.526
1511106646941	8.667	-3.524	0.478
1511106646951	8.561	-3.466	0.344
1511106646963	8.533	-3.371	0.287
1511106647000	8.571	-3.332	0.21
1511106647001	8.676	-3.332	0.21
1511106647002	9.031	-3.304	0.239
1511106647011	9.184	-3.294	0.287
1511106647023	9.356	-3.284	0.306
1511106647031	9.529	-3.237	0.335
1511106647041	9.653	-3.208	0.383
1511106647061	9.902	-3.208	0.421
1511106647071	9.979	-3.313	0.459
1511106647107	10.017	-3.399	0.526
1511106647108	9.988	-3.428	0.459
1511106647109	9.912	-3.457	0.421
1511106647114	9.845	-3.466	0.421
1511106647121	9.854	-3.428	0.469
1511106647131	9.883	-3.352	0.584
1511106647144	9.883	-3.265	0.67
1511106647151	9.883	-3.122	0.785
1511106647161	9.874	-2.997	0.881
1511106647173	9.931	-2.873	0.919
1511106647181	9.979	-2.796	0.948
1511106647193	9.979	-2.767	0.957
1511106647206	9.902	-2.71	0.996
1511106647211	9.807	-2.672	1.024
1511106647224	9.854	-2.652	1.015
1511106647237	9.902	-2.604	1.043
1511106647241	9.941	-2.499	1.082
1511106647254	9.969	-2.432	1.12
1511106647267	9.96	-2.375	1.139
1511106647271	9.931	-2.317	1.168
1511106647284	9.787	-2.308	1.101
1511106647297	9.634	-2.298	1.005
1511106647301	9.5	-2.279	0.957
1511106647314	9.347	-2.298	0.909
1511106647327	9.241	-2.317	0.89
1511106647331	9.174	-2.346	0.928
1511106647342	9.127	-2.365	1.005
1511106647357	9.146	-2.384	1.225
1511106647361	9.165	-2.308	1.177
1511106647373	9.165	-2.25	1.177
1511106647387	9.27	-2.231	1.168
1511106647391	9.376	-2.174	1.292
1511106647403	9.433	-2.116	1.292
1511106647417	9.433	-2.039	1.273
1511106647421	9.366	-2.02	1.197
1511106647433	9.117	-2.011	1.091
1511106647447	9.194	-2.03	1.043
1511106647451	9.174	-2.126	1.091
1511106647463	9.366	-2.241	1.149
1511106647477	9.5	-2.298	1.245
1511106647481	9.701	-2.365	1.312
1511106647494	9.921	-2.413	1.398
1511106647508	10.084	-2.423	1.532
1511106647511	10.142	-2.413	1.541
1511106647524	10.056	-2.365	1.426
1511106647534	9.797	-2.346	1.225
1511106647543	9.356	-2.154	1.043
1511106647556	8.83	-2.183	0.833
1511106647569	8.37	-2.078	0.641
1511106647572	7.853	-2.039	0.469
1511106647607	7.479	-2.02	0.478
1511106647614	7.451	-2.164	0.852
1511106647618	8.351	-2.279	1.944
1511106647621	9.625	-2.212	2.901
1511106647627	10.199	-2.384	3.419
1511106647639	10.4	-2.384	3.706
1511106647646	11.53	-2.442	2.921
1511106647658	13.503	-1.963	2.174
1511106647661	14.336	-1.532	2.078
1511106647672	14.681	-1.541	1.79
1511106647686	14.835	-1.714	1.101
1511106647691	14.25	-2.011	0.402
1511106647708	12.871	-2.394	0.009
1511106647715	11.071	-2.672	-0.153
1511106647721	9.241	-2.566	-0.143
1511106647731	7.91	-2.164	0.143
1511106647744	7.23	-1.733	0.574
1511106647751	7.02	-1.321	1.11
1511106647761	7.077	-0.689	1.714
1511106647786	7.412	0.086	2.202
1511106647788	7.949	0.526	2.442
1511106647793	8.389	0.593	2.355
1511106647804	8.801	0.45	2.097
1511106647811	9.261	0.134	1.685
1511106647821	9.778	-0.249	1.34
1511106647838	10.276	-0.622	1.043
1511106647841	10.678	-1.015	0.957
1511106647852	10.965	-1.379	0.938
1511106647865	11.071	-1.666	1.063
1511106647871	10.946	-1.79	1.216
1511106647882	10.659	-1.723	1.379
1511106647894	10.314	-1.532	1.522
1511106647901	10.046	-1.283	1.589
1511106647911	9.864	-1.053	1.57
1511106647925	9.682	-0.881	1.513
1511106647931	9.519	-0.775	1.436
1511106647941	9.462	-0.747	1.359
1511106647955	9.414	-0.756	1.35
1511106647961	9.356	-0.804	1.34
1511106647973	9.356	-0.871	1.302
1511106647986	9.462	-0.986	1.398
1511106647991	9.615	-1.072	1.474
1511106648001	9.759	-1.072	1.541
1511106648018	9.854	-1.043	1.637
1511106648021	9.883	-0.976	1.685
1511106648031	9.816	-0.938	1.723
1511106648045	9.692	-0.881	1.79
1511106648051	9.605	-0.871	1.819
1511106648063	9.548	-0.881	1.819
1511106648075	9.5	-0.9	1.838
1511106648081	9.538	-0.919	1.79
1511106648091	9.586	-0.909	1.608
1511106648106	9.701	-0.89	1.685
1511106648113	9.95	-0.861	1.522
1511106648121	9.95	-0.823	1.446
1511106648135	10.027	-0.775	1.417
1511106648141	10.046	-0.708	1.388
1511106648151	9.893	-0.679	1.407
1511106648167	9.988	-0.641	1.503
1511106648171	9.759	-0.66	1.589
1511106648181	9.816	-0.718	1.704
1511106648195	9.577	-0.775	1.704
1511106648203	9.644	-0.833	1.723
1511106648211	9.653	-0.842	1.743
1511106648226	9.672	-0.89	1.723
1511106648231	9.692	-0.89	1.685
1511106648242	9.701	-0.89	1.656
1511106648258	9.711	-0.871	1.656
1511106648261	9.672	-0.794	1.676
1511106648291	9.653	-0.766	1.666
1511106648305	9.653	-0.727	1.685
1511106648306	9.644	-0.699	1.695
1511106648307	9.682	-0.699	1.733
1511106648319	9.739	-0.699	1.714
1511106648321	9.787	-0.689	1.704
1511106648335	9.835	-0.699	1.714
1511106648346	9.864	-0.747	1.723
1511106648351	9.874	-0.785	1.723
1511106648369	9.874	-0.852	1.733
1511106648372	9.874	-0.89	1.723
1511106648381	9.864	-0.938	1.704
1511106648403	9.854	-0.967	1.685
1511106648404	9.807	-0.967	1.714
1511106648411	9.749	-0.986	1.714
1511106648422	9.711	-0.976	1.714
1511106648436	9.682	-0.986	1.733
1511106648441	9.701	-1.015	1.733
1511106648451	9.787	-1.072	1.752
1511106648462	9.941	-1.149	1.743
1511106648471	10.084	-1.254	1.771
1511106648481	10.18	-1.398	1.762
1511106648496	10.266	-1.532	1.695
1511106648501	10.362	-1.695	1.676
1511106648511	10.448	-1.829	1.637
1511106648527	10.506	-1.934	1.666
1511106648533	10.506	-2.068	1.676
1511106648544	10.477	-2.164	1.637
1511106648557	10.448	-2.26	1.637
1511106648561	10.467	-2.327	1.608
1511106648571	10.534	-2.394	1.57
1511106648587	10.573	-2.509	1.436
1511106648591	10.554	-2.547	1.398
1511106648602	10.534	-2.624	1.436
1511106648619	10.554	-2.662	1.417
1511106648621	10.554	-2.7	1.398
1511106648634	10.563	-2.719	1.331
1511106648651	10.496	-2.767	1.292
1511106648652	10.41	-2.806	1.283
1511106648663	10.333	-2.863	1.254
1511106648680	10.257	-2.94	1.139
1511106648682	10.142	-3.016	1.024
1511106648694	9.998	-3.074	0.919
1511106648711	9.768	-3.102	0.919
1511106648712	9.471	-3.045	1.015
1511106648724	9.222	-2.949	1.053
1511106648741	9.155	-2.853	1.053
1511106648742	9.165	-2.71	1.005
1511106648754	9.213	-2.585	0.919
1511106648770	9.308	-2.547	0.833
1511106648775	9.356	-2.604	0.641
1511106648788	9.385	-2.672	0.747
1511106648794	9.337	-2.748	0.747
1511106648801	9.251	-2.815	0.747
1511106648811	9.117	-2.873	0.747
1511106648826	9.031	-2.93	0.756
1511106648831	8.935	-2.949	0.794
1511106648841	8.887	-2.959	0.804
1511106648856	8.81	-2.949	0.804
1511106648861	8.571	-2.901	0.747
1511106648873	8.542	-2.834	0.67
1511106648890	8.389	-2.748	0.66
1511106648892	8.466	-2.662	0.66
1511106648904	8.494	-2.595	0.651
1511106648915	8.581	-2.528	0.66
1511106648924	8.715	-2.537	0.699
1511106648936	8.858	-2.557	0.727
1511106648943	9.012	-2.739	0.794
1511106648952	9.184	-2.633	0.833
1511106648994	9.299	-2.719	0.909
1511106649012	9.366	-2.71	0.928
1511106649015	9.423	-2.691	0.928
1511106649019	9.49	-2.633	0.881
1511106649024	9.529	-2.557	0.852
1511106649027	9.529	-2.49	0.794
1511106649029	9.471	-2.461	0.775
1511106649033	9.433	-2.48	0.785
1511106649050	9.423	-2.49	0.775
1511106649051	9.414	-2.48	0.794
1511106649064	9.404	-2.47	0.804
1511106649071	9.423	-2.499	0.766
1511106649082	9.481	-2.537	0.823
1511106649095	9.644	-2.537	0.9
1511106649108	9.883	-2.518	1.005
1511106649116	10.094	-2.461	1.043
1511106649123	10.237	-2.384	1.072
1511106649139	10.305	-2.327	1.015
1511106649147	10.257	-2.317	0.976
1511106649157	10.151	-2.317	0.967
1511106649161	10.046	-2.346	0.957
1511106649173	9.931	-2.327	1.005
1511106649189	9.845	-2.327	1.063
1511106649191	9.807	-2.327	1.12
1511106649202	9.816	-2.288	1.168
1511106649211	9.874	-2.26	1.158
1511106649221	9.95	-2.183	1.139
1511106649234	9.998	-2.174	1.101
1511106649245	9.998	-2.145	1.053
1511106649252	9.931	-2.116	1.005
1511106649262	9.826	-2.106	0.986
1511106649271	9.73	-2.106	0.996
1511106649281	9.625	-2.078	0.957
1511106649292	9.471	-2.039	0.957
1511106649301	9.308	-2.001	0.928
1511106649311	9.136	-1.934	0.909
1511106649324	8.945	-1.848	0.871
1511106649331	8.676	-1.762	0.775
1511106649342	8.322	-1.695	0.727
1511106649357	8.006	-1.676	0.794
1511106649361	7.776	-1.695	0.9
1511106649373	7.652	-1.762	1.005
1511106649385	7.594	-1.829	0.976
1511106649391	7.537	-1.877	0.996
1511106649403	7.671	-1.963	1.187
1511106649415	8.044	-2.039	1.494
1511106649424	8.791	-2.135	1.8
1511106649433	9.768	-2.145	1.925
1511106649445	10.582	-2.106	1.877
1511106649451	11.224	-2.068	1.905
1511106649463	11.732	-2.193	1.532
1511106649475	11.981	-2.413	0.766
1511106649481	11.952	-2.595	0.727
1511106649494	11.626	-2.777	0.804
1511106649507	11.262	-2.94	1.254
1511106649511	11.013	-3.074	1.666
1511106649523	10.984	-3.045	1.915
1511106649535	11.176	-2.834	1.944
1511106649541	11.502	-2.518	1.723
1511106649554	11.712	-2.327	1.379
1511106649565	11.358	-2.241	1.015
1511106649571	10.908	-2.231	0.699
1511106649583	10.448	-2.25	0.517
1511106649595	9.778	-2.336	0.517
1511106649601	9.251	-2.336	0.679
1511106649613	8.83	-2.317	0.909
1511106649625	8.552	-2.183	1.101
1511106649643	8.447	-1.704	1.283
1511106649644	8.427	-1.829	1.369
1511106649693	8.456	-1.57	1.417
1511106649699	8.475	-1.676	1.398
1511106649703	8.447	-1.723	1.292
1511106649706	8.341	-1.781	1.197
1511106649710	8.198	-1.829	1.216
1511106649713	8.15	-1.934	1.35
1511106649716	8.303	-1.963	1.637
1511106649722	8.619	-1.963	1.886
1511106649733	8.973	-1.925	2.02
1511106649749	9.481	-1.848	2.106
1511106649752	10.257	-1.781	2.116
1511106649763	11.147	-1.733	2.174
1511106649774	11.961	-1.57	2.183
1511106649785	12.45	-1.417	2.116
1511106649792	12.536	-1.446	1.982
1511106649818	12.201	-1.503	1.819
1511106649821	11.53	-1.541	1.743
1511106649827	10.803	-1.57	1.762
1511106649846	10.113	-1.608	1.819
1511106649848	9.557	-1.57	1.81
1511106649856	9.117	-1.455	1.704
1511106649866	8.849	-1.225	1.561
1511106649871	8.772	-0.967	1.465
1511106649883	8.906	-0.622	1.436
1511106649896	9.155	-0.363	1.455
1511106649901	9.462	-0.277	1.474
1511106649911	9.672	-0.268	1.455
1511106649927	9.759	-0.316	1.455
1511106649931	9.73	-0.392	1.474
1511106649945	9.672	-0.498	1.532
1511106649953	9.615	-0.622	1.608
1511106649961	9.548	-0.756	1.695
1511106649971	9.567	-0.794	1.79
1511106649983	9.605	-0.794	1.81
1511106649991	9.72	-0.775	1.81
1511106650001	9.874	-0.727	1.723
1511106650012	10.017	-0.632	1.551
1511106650021	10.075	-0.517	1.446
1511106650031	10.094	-0.469	1.407
1511106650043	10.084	-0.421	1.331
1511106650051	10.036	-0.43	1.359
1511106650061	10.008	-0.45	1.426
1511106650075	9.95	-0.488	1.589
1511106650081	9.931	-0.555	1.589
1511106650091	9.893	-0.593	1.618
1511106650104	9.845	-0.622	1.666
1511106650111	9.787	-0.622	1.666
1511106650121	9.72	-0.622	1.656
1511106650134	9.644	-0.584	1.637
1511106650141	9.653	-0.565	1.637
1511106650151	9.653	-0.545	1.628
1511106650164	9.682	-0.517	1.541
1511106650171	9.682	-0.498	1.541
1511106650181	9.625	-0.488	1.685
1511106650194	9.586	-0.488	1.608
1511106650201	9.586	-0.459	1.608
1511106650211	9.692	-0.488	1.704
1511106650224	9.826	-0.488	1.695
1511106650231	9.826	-0.517	1.704
1511106650241	9.835	-0.536	1.647
1511106650254	9.921	-0.574	1.656
1511106650261	9.921	-0.651	1.704
1511106650271	9.912	-0.67	1.733
1511106650286	9.921	-0.708	1.771
1511106650291	9.921	-0.679	1.723
1511106650301	9.874	-0.66	1.695
1511106650315	9.797	-0.622	1.628
1511106650321	9.73	-0.622	1.599
1511106650333	9.692	-0.603	1.541
1511106650367	9.73	-0.612	1.532
1511106650372	9.739	-0.632	1.57
1511106650374	9.711	-0.459	1.676
1511106650386	9.672	-0.603	1.762
1511106650392	9.644	-0.526	1.829
1511106650395	9.644	-0.469	1.8
1511106650403	9.663	-0.45	1.723
1511106650411	9.73	-0.45	1.628
1511106650421	9.759	-0.488	1.599
1511106650435	9.797	-0.517	1.58
1511106650441	9.854	-0.584	1.599
1511106650451	9.902	-0.584	1.599
1511106650464	9.931	-0.593	1.599
1511106650472	9.921	-0.593	1.628
1511106650481	9.854	-0.584	1.676
1511106650493	9.787	-0.565	1.685
1511106650501	9.749	-0.507	1.743
1511106650511	9.73	-0.44	1.771
1511106650523	9.739	-0.383	1.79
1511106650531	9.759	-0.363	1.79
1511106650541	9.768	-0.383	1.762
1511106650553	9.768	-0.363	1.79
1511106650561	9.759	-0.363	1.781
1511106650571	9.73	-0.383	1.771
1511106650582	9.72	-0.421	1.762
1511106650591	9.692	-0.478	1.733
1511106650601	9.672	-0.574	1.733
1511106650612	9.682	-0.67	1.781
1511106650621	9.72	-0.737	1.81
1511106650631	9.759	-0.756	1.8
1511106650645	9.807	-0.804	1.781
1511106650651	9.835	-0.833	1.857
1511106650662	9.874	-0.852	1.877
1511106650675	9.864	-0.871	1.905
1511106650681	9.883	-0.881	1.896
1511106650691	9.912	-0.852	1.838
1511106650705	9.931	-0.881	1.81
1511106650711	9.931	-0.919	1.762
1511106650721	9.921	-0.967	1.752
1511106650735	9.864	-1.005	1.685
1511106650741	9.816	-1.091	1.666
1511106650751	9.768	-1.149	1.656
1511106650765	9.711	-1.225	1.685
1511106650771	9.663	-1.312	1.685
1511106650781	9.644	-1.379	1.676
1511106650798	9.653	-1.436	1.599
1511106650802	9.653	-1.484	1.599
1511106650811	9.739	-1.561	1.551
1511106650825	9.807	-1.647	1.494
1511106650831	9.921	-1.733	1.455
1511106650841	9.979	-1.867	1.426
1511106650853	10.056	-1.992	1.455
1511106650861	10.103	-2.097	1.455
1511106650871	10.17	-2.154	1.494
1511106650883	10.218	-2.193	1.474
1511106650891	10.305	-2.241	1.474
1511106650901	10.372	-2.279	1.494
1511106650916	10.592	-2.346	1.436
1511106650921	10.486	-2.375	1.359
1511106650931	10.563	-2.403	1.369
1511106650945	10.439	-2.432	1.331
1511106650951	10.439	-2.413	1.302
1511106650961	10.123	-2.394	1.273
1511106650975	10.036	-2.327	1.264
1511106650981	9.883	-2.25	1.264
1511106650991	9.95	-2.174	1.216
1511106651005	9.921	-2.126	1.187
1511106651011	9.883	-2.135	1.149
1511106651036	9.941	-2.116	1.149
1511106651071	10.008	-2.097	1.11
1511106651078	10.027	-2.087	1.13
1511106651085	9.988	-2.087	1.149
1511106651087	9.912	-2.049	1.13
1511106651093	9.768	-2.02	1.12
1511106651095	9.634	-1.972	1.13
1511106651104	9.5	-1.982	1.11
1511106651117	9.414	-1.953	1.082
1511106651127	9.328	-1.944	1.072
1511106651131	9.308	-1.982	1.072
1511106651142	9.308	-1.992	1.072
1511106651155	9.318	-1.992	1.063
1511106651161	9.318	-2.03	1.082
1511106651174	9.27	-2.03	1.139
1511106651185	9.203	-2.03	1.12
1511106651191	9.155	-2.039	1.13
1511106651201	9.146	-2.03	1.12
1511106651214	9.127	-2.049	1.12
1511106651221	9.079	-2.03	1.11
1511106651231	9.031	-2.03	1.053
1511106651244	8.983	-2.001	1.034
1511106651251	8.973	-2.001	1.024
1511106651261	8.992	-1.992	1.015
1511106651275	9.088	-1.982	1.043
1511106651281	9.174	-1.982	1.072
1511106651291	9.251	-1.982	1.063
1511106651303	9.213	-1.992	1.024
1511106651311	9.117	-2.001	0.996
1511106651321	8.992	-1.992	1.024
1511106651336	8.954	-2.011	1.043
1511106651341	8.964	-2.059	1.063
1511106651352	9.002	-2.078	1.091
1511106651366	9.098	-2.116	1.082
1511106651371	9.251	-2.087	1.063
1511106651382	9.404	-2.087	1.091
1511106651396	9.586	-2.087	1.158
1511106651401	9.768	-2.078	1.235
1511106651412	9.941	-2.011	1.273
1511106651426	10.036	-1.953	1.321
1511106651431	10.036	-1.982	1.331
1511106651442	10.008	-2.001	1.283
1511106651456	9.969	-2.03	1.187
1511106651461	9.969	-2.059	1.11
1511106651472	10.008	-2.106	1.091
1511106651486	10.008	-2.183	1.158
1511106651491	9.95	-2.154	1.302
1511106651501	9.921	-2.087	1.417
1511106651516	10.027	-1.944	1.446
1511106651521	10.17	-1.8	1.494
1511106651532	10.305	-1.695	1.551
1511106651546	10.362	-1.58	1.628
1511106651551	10.41	-1.484	1.628
1511106651562	10.429	-1.407	1.407
1511106651576	10.41	-1.359	1.513
1511106651581	10.352	-1.35	1.474
1511106651592	10.237	-1.34	1.369
1511106651606	10.075	-1.359	1.369
1511106651611	9.883	-1.379	1.359
1511106651622	9.739	-1.417	1.398
1511106651636	9.672	-1.379	1.465
1511106651641	9.663	-1.359	1.455
1511106651652	9.672	-1.321	1.426
1511106651666	9.653	-1.321	1.359
1511106651671	9.644	-1.302	1.312
1511106651682	9.49	-1.312	1.273
1511106651696	9.49	-1.283	1.283
1511106651701	9.519	-1.273	1.283
1511106651712	9.548	-1.292	1.34
1511106651726	9.605	-1.273	1.398
1511106651759	9.663	-1.264	1.417
1511106651763	9.682	-1.292	1.417
1511106651769	9.672	-1.292	1.417
1511106651772	9.663	-1.321	1.407
1511106651773	9.663	-1.436	1.388
1511106651787	9.672	-1.522	1.34
1511106651793	9.692	-1.599	1.321
1511106651805	9.634	-1.676	1.312
1511106651819	9.548	-1.752	1.245
1511106651821	9.414	-1.781	1.216
1511106651831	9.194	-1.762	1.158
1511106651847	8.954	-1.743	1.063
1511106651851	8.686	-1.656	0.986
1511106651867	8.389	-1.628	0.976
1511106651876	8.207	-1.628	1.11
1511106651881	8.198	-1.704	1.216
1511106651891	8.255	-1.695	1.321
1511106651904	8.274	-1.714	1.369
1511106651911	8.37	-1.771	1.522
1511106651921	8.715	-1.819	1.723
1511106651935	9.27	-1.848	1.867
1511106651941	9.931	-1.848	2.001
1511106651954	10.611	-1.8	2.049
1511106651965	11.233	-1.762	1.934
1511106651971	11.626	-1.81	1.628
1511106651981	11.645	-1.925	1.283
1511106651996	11.272	-2.011	0.957
1511106652001	10.621	-1.982	0.785
1511106652011	9.931	-1.992	0.842
1511106652024	9.414	-2.03	1.034
1511106652031	9.165	-2.049	1.474
1511106652041	9.376	-1.905	2.059
1511106652054	9.634	-1.848	2.499
1511106652061	9.797	-1.925	2.815
1511106652086	10.649	-1.474	2.633
1511106652091	11.76	-0.957	2.547
1511106652102	12.546	-0.718	2.365
1511106652117	12.909	-0.833	2.087
1511106652121	12.699	-1.005	1.647
1511106652132	11.923	-1.101	1.091
1511106652148	10.87	-1.273	0.641
1511106652151	9.759	-1.379	0.641
1511106652162	8.734	-1.388	0.699
1511106652177	8.025	-1.264	0.833
1511106652181	7.623	-1.101	1.063
1511106652193	7.594	-0.794	1.359
1511106652207	7.795	-0.469	1.685
1511106652211	8.178	-0.21	1.925
1511106652222	8.561	-0.086	2.039
1511106652238	8.906	-0.038	2.059
1511106652241	9.174	-0.086	2.039
1511106652252	9.481	-0.191	1.992
1511106652267	9.787	-0.306	2.001
1511106652271	10.065	-0.411	1.992
1511106652283	10.285	-0.545	1.992
1511106652297	10.448	-0.689	1.992
1511106652301	10.554	-0.766	1.953
1511106652312	10.601	-0.785	1.752
1511106652329	10.611	-0.718	1.599
1511106652331	10.515	-0.612	1.522
1511106652342	10.056	-0.536	1.465
1511106652357	10.132	-0.517	1.465
1511106652361	9.941	-0.507	1.484
1511106652372	9.596	-0.536	1.608
1511106652387	9.443	-0.565	1.781
1511106652391	9.299	-0.584	1.944
1511106652403	9.404	-0.593	2.106
1511106652417	9.49	-0.593	2.078
1511106652421	9.615	-0.574	1.992
1511106652456	9.711	-0.555	1.896
1511106652458	9.701	-0.545	1.8
1511106652465	9.701	-0.498	1.714
1511106652467	9.749	-0.459	1.704
1511106652478	9.797	-0.459	1.685
1511106652483	9.835	-0.459	1.714
1511106652499	9.893	-0.517	1.714
1511106652506	9.988	-0.545	1.704
1511106652511	10.094	-0.612	1.618
1511106652523	10.17	-0.66	1.551
1511106652537	10.266	-0.756	1.513
1511106652541	10.333	-0.852	1.503
1511106652551	10.381	-1.024	1.532
1511106652567	10.391	-1.177	1.561
1511106652571	10.41	-1.245	1.599
1511106652581	10.391	-1.302	1.628
1511106652596	10.343	-1.312	1.723
1511106652601	10.295	-1.369	1.79
1511106652612	10.257	-1.426	1.838
1511106652626	10.237	-1.465	1.857
1511106652631	10.276	-1.465	1.857
1511106652641	10.343	-1.455	1.886
1511106652655	10.419	-1.474	1.925
1511106652661	10.525	-1.532	1.886
1511106652672	10.649	-1.58	1.857
1511106652687	10.783	-1.608	1.8
1511106652691	10.917	-1.676	1.762
1511106652703	10.994	-1.762	1.704
1511106652717	10.975	-1.915	1.647
1511106652721	10.879	-2.02	1.561
1511106652733	10.735	-2.164	1.484
1511106652747	10.544	-2.221	1.455
1511106652751	10.314	-2.26	1.398
1511106652763	10.094	-2.279	1.359
1511106652779	9.807	-2.26	1.417
1511106652781	9.538	-2.202	1.446
1511106652794	9.289	-2.116	1.426
1511106652804	9.079	-2.049	1.436
1511106652816	8.906	-1.963	1.388
1511106652825	8.772	-1.934	1.34
1511106652838	8.676	-1.934	1.254
1511106652841	8.648	-1.934	1.254
1511106652855	8.638	-1.963	1.187
1511106652865	8.676	-1.982	1.158
1511106652871	8.715	-2.039	1.12
1511106652881	8.81	-2.068	1.101
1511106652895	8.868	-2.116	1.101
1511106652901	8.916	-2.135	1.091
1511106652912	8.945	-2.154	1.091
1511106652927	8.964	-2.154	1.11
1511106652931	8.983	-2.145	1.13
1511106652943	8.954	-2.116	1.101
1511106652960	8.983	-2.097	1.11
1511106652961	8.983	-2.068	1.11
1511106652972	8.992	-2.087	1.12
1511106652981	9.04	-2.106	1.149
1511106652991	9.088	-2.174	1.158
1511106653002	9.174	-2.221	1.149
1511106653013	9.261	-2.288	1.149
1511106653021	9.356	-2.308	1.149
1511106653033	9.433	-2.365	1.158
1511106653041	9.471	-2.403	1.149
1511106653052	9.5	-2.403	1.158
1511106653064	9.567	-2.394	1.149
1511106653071	9.567	-2.394	1.12
1511106653082	9.605	-2.384	1.063
1511106653095	9.481	-2.375	0.996
1511106653101	9.481	-2.375	0.967
1511106653111	9.337	-2.365	0.986
1511106653153	9.308	-2.423	0.967
1511106653163	9.318	-2.423	0.996
1511106653173	9.385	-2.432	1.005
1511106653182	9.51	-2.423	1.005
1511106653187	9.644	-2.423	1.024
1511106653190	9.797	-2.423	1.053
1511106653192	9.912	-2.375	0.996
1511106653196	9.969	-2.355	0.967
1511106653202	9.912	-2.327	0.938
1511106653217	9.797	-2.308	0.861
1511106653221	9.577	-2.25	0.785
1511106653231	9.289	-2.174	0.67
1511106653250	9.04	-2.126	0.612
1511106653252	8.916	-2.154	0.766
1511106653265	8.916	-2.288	0.957
1511106653275	8.858	-2.317	1.091
1511106653281	8.791	-2.212	1.13
1511106653292	8.887	-2.193	1.216
1511106653304	9.232	-2.241	1.35
1511106653311	9.653	-2.26	1.407
1511106653325	10.056	-2.183	1.426
1511106653338	10.285	-2.164	1.369
1511106653341	10.391	-2.231	1.254
1511106653360	10.362	-2.317	1.053
1511106653366	10.17	-2.403	0.823
1511106653371	9.854	-2.403	0.593
1511106653381	9.586	-2.432	0.507
1511106653392	9.404	-2.49	0.574
1511106653401	9.328	-2.528	0.718
1511106653411	9.385	-2.509	1.015
1511106653422	9.586	-2.432	1.292
1511106653431	9.883	-2.346	1.551
1511106653441	10.132	-2.25	1.676
1511106653453	10.257	-2.241	1.608
1511106653461	10.19	-2.298	1.446
1511106653471	10.046	-2.365	1.235
1511106653484	9.95	-2.394	1.13
1511106653491	9.874	-2.403	1.082
1511106653501	9.72	-2.49	1.043
1511106653516	9.548	-2.461	1.158
1511106653521	9.395	-2.384	1.11
1511106653533	9.366	-2.241	1.34
1511106653546	9.462	-2.087	1.561
1511106653551	9.605	-1.857	1.723
1511106653563	9.73	-1.762	1.819
1511106653576	9.778	-1.752	1.781
1511106653581	9.749	-1.781	1.637
1511106653593	9.644	-1.838	1.388
1511106653606	9.146	-1.953	1.12
1511106653611	9.146	-2.135	1.12
1511106653621	8.878	-2.298	1.158
1511106653636	8.561	-2.327	1.426
1511106653641	8.561	-2.298	1.426
1511106653652	8.676	-2.154	1.608
1511106653666	9.27	-1.877	2.164
1511106653681	9.902	-1.829	2.767
1511106653696	11.023	-1.618	2.921
1511106653701	11.023	-1.618	2.767
1511106653711	11.166	-1.35	2.202
1511106653727	12.546	-1.283	2.212
1511106653731	12.546	-1.235	2.241
1511106653741	12.852	-1.158	2.078
1511106653756	12.431	-1.273	1.676
1511106653761	12.431	-1.273	1.225
1511106653772	10.937	-1.359	1.043
1511106653786	9.864	-1.465	1.082
1511106653791	9.098	-1.465	1.225
1511106653803	8.274	-1.398	1.398
1511106653823	7.881	-1.034	1.618
1511106653872	7.996	-0.785	2.03
1511106653875	7.996	-0.785	2.03
1511106653876	8.351	-0.201	2.174
1511106653877	8.763	-0.201	2.164
1511106653900	9.098	-0.153	2.02
1511106653908	9.318	-0.153	1.867
1511106653909	9.462	-0.268	1.676
1511106653910	9.557	-0.392	1.589
1511106653910	9.634	-0.488	1.666
1511106653911	9.701	-0.584	1.743
1511106653931	9.778	-0.67	1.781
1511106653939	9.902	-0.747	1.79
1511106653942	9.998	-0.814	1.838
1511106653957	10.065	-0.823	1.819
1511106653967	10.113	-0.766	1.743
1511106653971	10.094	-0.747	1.685
1511106653981	10.017	-0.699	1.714
1511106653998	9.931	-0.708	1.733
1511106654001	9.893	-0.747	1.79
1511106654011	9.835	-0.814	1.867
1511106654024	9.835	-0.909	1.944
1511106654031	9.845	-0.976	1.944
1511106654042	9.883	-1.053	1.925
1511106654053	9.864	-1.091	1.944
1511106654061	9.816	-1.091	1.886
1511106654071	9.739	-1.091	1.857
1511106654083	9.692	-1.015	1.819
1511106654091	9.653	-0.938	1.743
1511106654101	9.663	-0.881	1.723
1511106654115	9.653	-0.814	1.666
1511106654121	9.653	-0.756	1.589
1511106654132	9.625	-0.766	1.599
1511106654144	9.596	-0.775	1.618
1511106654151	9.567	-0.814	1.618
1511106654161	9.577	-0.861	1.637
1511106654173	9.567	-0.89	1.656
1511106654181	9.557	-0.9	1.704
1511106654191	9.596	-0.919	1.743
1511106654207	9.625	-0.928	1.752
1511106654211	9.672	-0.928	1.781
1511106654221	9.701	-0.928	1.8
1511106654235	9.72	-0.928	1.848
1511106654241	9.768	-0.957	1.829
1511106654253	9.797	-0.986	1.829
1511106654265	9.826	-0.986	1.819
1511106654271	9.826	-0.938	1.829
1511106654281	9.749	-0.909	1.857
1511106654293	9.682	-0.861	1.925
1511106654301	9.625	-0.823	1.925
1511106654311	9.557	-0.775	1.934
1511106654327	9.538	-0.747	1.982
1511106654331	9.529	-0.756	1.982
1511106654341	9.557	-0.794	2.001
1511106654355	9.701	-0.823	2.049
1511106654361	9.701	-0.852	2.049
1511106654374	9.797	-0.928	2.059
1511106654384	9.893	-0.976	2.097
1511106654391	9.941	-1.053	2.116
1511106654401	9.95	-1.101	2.097
1511106654413	9.979	-1.177	1.972
1511106654421	9.988	-1.187	1.972
1511106654431	10.008	-1.197	1.838
1511106654444	10.027	-1.197	1.81
1511106654451	10.056	-1.206	1.81
1511106654461	10.036	-1.273	1.8
1511106654477	10.027	-1.398	1.838
1511106654481	9.874	-1.398	1.877
1511106654491	10.151	-1.446	1.963
1511106654504	10.056	-1.628	2.011
1511106654533	10.094	-1.628	2.03
1511106654541	10.161	-1.695	2.02
1511106654542	10.247	-1.752	2.001
1511106654544	10.343	-1.771	1.982
1511106654556	10.429	-1.771	1.915
1511106654569	10.496	-1.8	1.838
1511106654572	10.534	-1.963	1.79
1511106654583	10.563	-1.838	1.781
1511106654597	10.534	-1.848	1.743
1511106654603	10.496	-1.886	1.714
1511106654616	10.439	-1.944	1.666
1511106654627	10.333	-2.02	1.589
1511106654631	10.228	-2.078	1.513
1511106654641	10.046	-2.116	1.474
1511106654656	9.874	-2.174	1.465
1511106654661	9.701	-2.193	1.503
1511106654671	9.567	-2.145	1.541
1511106654686	9.5	-2.097	1.589
1511106654691	9.481	-2.011	1.618
1511106654701	9.51	-1.982	1.589
1511106654714	9.596	-1.915	1.57
1511106654721	9.634	-1.896	1.532
1511106654731	9.692	-1.905	1.465
1511106654746	9.749	-1.944	1.379
1511106654751	9.739	-2.001	1.312
1511106654761	9.672	-2.039	1.292
1511106654774	9.586	-2.087	1.292
1511106654781	9.519	-2.126	1.254
1511106654791	9.51	-2.145	1.254
1511106654804	9.433	-2.174	1.245
1511106654811	9.376	-2.202	1.264
1511106654821	9.328	-2.221	1.254
1511106654836	9.27	-2.25	1.197
1511106654841	9.222	-2.269	1.149
1511106654853	9.174	-2.288	1.101
1511106654865	9.174	-2.317	1.072
1511106654871	9.174	-2.336	1.082
1511106654881	9.165	-2.317	1.101
1511106654896	9.174	-2.298	1.082
1511106654901	9.165	-2.269	1.082
1511106654911	9.174	-2.269	1.034
1511106654927	9.184	-2.279	0.996
1511106654931	9.146	-2.288	0.967
1511106654942	9.098	-2.308	0.938
1511106654957	9.098	-2.336	0.957
1511106654961	9.079	-2.365	0.967
1511106654972	9.117	-2.384	0.976
1511106654987	9.146	-2.423	0.996
1511106654991	9.165	-2.48	0.948
1511106655002	9.203	-2.537	0.919
1511106655017	9.289	-2.528	0.852
1511106655021	9.356	-2.566	0.833
1511106655032	9.414	-2.585	0.823
1511106655048	9.471	-2.595	0.833
1511106655051	9.538	-2.614	0.852
1511106655063	9.557	-2.643	0.833
1511106655078	9.596	-2.681	0.814
1511106655081	9.548	-2.681	0.794
1511106655092	9.519	-2.719	0.727
1511106655108	9.452	-2.786	0.727
1511106655111	9.443	-2.815	0.727
1511106655122	9.423	-2.834	0.632
1511106655137	9.395	-2.853	0.632
1511106655141	9.347	-2.863	0.66
1511106655155	9.414	-2.863	0.699
1511106655169	9.414	-2.853	0.747
1511106655171	9.634	-2.853	0.756
1511106655183	9.663	-2.815	0.699
1511106655198	9.816	-2.786	0.632
1511106655234	9.701	-2.767	0.565
1511106655237	9.663	-2.796	0.517
1511106655250	9.605	-2.815	0.526
1511106655258	9.557	-2.796	0.545
1511106655263	9.5	-2.614	0.593
1511106655265	9.5	-2.719	0.689
1511106655267	9.538	-2.49	0.814
1511106655282	9.634	-2.557	0.928
1511106655288	9.797	-2.432	0.948
1511106655302	9.96	-2.394	0.957
1511106655302	10.094	-2.413	0.948
1511106655316	10.151	-2.461	0.948
1511106655321	10.132	-2.576	0.938
1511106655335	10.017	-2.604	0.928
1511106655349	9.864	-2.643	0.9
1511106655351	9.701	-2.633	0.967
1511106655366	9.586	-2.585	1.024
1511106655380	9.529	-2.499	1.101
1511106655381	9.5	-2.432	1.168
1511106655391	9.519	-2.375	1.139
1511106655405	9.529	-2.317	1.072
1511106655411	9.471	-2.25	0.957
1511106655421	9.414	-2.221	0.823
1511106655436	9.299	-2.212	0.727
1511106655441	9.194	-2.25	0.718
1511106655459	9.107	-2.288	0.747
1511106655464	9.088	-2.308	0.766
1511106655471	9.059	-2.288	0.785
1511106655481	9.117	-2.231	0.833
1511106655497	9.241	-2.193	0.967
1511106655502	9.443	-2.164	1.12
1511106655513	9.692	-2.135	1.158
1511106655528	9.864	-2.106	1.101
1511106655531	9.874	-2.078	1.034
1511106655541	9.797	-2.126	0.928
1511106655556	9.711	-2.193	0.842
1511106655561	9.615	-2.26	0.852
1511106655571	9.519	-2.308	0.9
1511106655586	9.423	-2.308	1.015
1511106655591	9.404	-2.327	1.168
1511106655601	9.529	-2.327	1.321
1511106655615	9.73	-2.25	1.446
1511106655621	9.979	-2.126	1.522
1511106655634	10.199	-2.039	1.513
1511106655646	10.276	-2.02	1.216
1511106655651	10.19	-2.03	1.216
1511106655661	9.95	-2.049	0.957
1511106655675	9.567	-2.097	0.66
1511106655681	9.155	-2.154	0.66
1511106655691	8.839	-2.269	0.756
1511106655705	8.59	-2.327	1.177
1511106655711	8.514	-2.365	1.177
1511106655721	8.638	-2.327	1.388
1511106655736	8.916	-2.269	1.637
1511106655741	9.289	-2.231	1.637
1511106655751	9.586	-2.212	1.647
1511106655767	9.739	-2.241	1.359
1511106655771	9.826	-2.279	1.359
1511106655782	9.797	-2.298	1.072
1511106655794	9.72	-2.327	1.379
1511106655802	9.73	-2.355	1.771
1511106655813	10.592	-2.432	2.327
1511106655834	10.592	-2.528	2.518
1511106655840	10.927	-2.547	2.413
1511106655859	12.095	-2.384	2.317
1511106655860	12.095	-2.02	2.25
1511106655871	13.264	-1.695	2.049
1511106655872	12.967	-1.647	1.532
1511106655886	12.019	-1.618	0.996
1511106655907	11.214	-1.599	0.632
1511106655924	10.084	-1.618	0.612
1511106655927	9.079	-1.656	0.842
1511106655932	8.226	-1.599	1.149
1511106655944	7.623	-1.436	1.474
1511106655945	7.393	-1.187	1.762
1511106655956	7.585	-0.469	1.944
1511106655974	8.188	-0.086	2.039
1511106655975	8.925	0.028	2.126
1511106655989	9.5	0.172	2.059
1511106655994	9.893	0.114	1.877
1511106656019	10.161	0.0	1.599
1511106656021	10.247	-0.201	1.417
1511106656023	10.199	-0.459	1.321
1511106656038	10.103	-0.699	1.379
1511106656042	10.027	-0.928	1.446
1511106656056	9.969	-1.072	1.561
1511106656063	9.941	-1.149	1.551
1511106656073	9.893	-1.11	1.628
1511106656082	9.845	-1.005	1.685
1511106656098	9.787	-0.833	1.637
1511106656101	9.711	-0.66	1.637
1511106656111	9.634	-0.498	1.637
1511106656126	9.586	-0.392	1.58
1511106656131	9.567	-0.354	1.656
1511106656144	9.615	-0.363	1.695
1511106656157	9.672	-0.421	1.714
1511106656161	9.768	-0.517	1.79
1511106656172	9.826	-0.622	1.8
1511106656186	9.893	-0.708	1.8
1511106656191	9.921	-0.747	1.877
1511106656221	9.893	-0.756	1.857
1511106656222	9.864	-0.775	1.848
1511106656222	9.835	-0.747	1.838
1511106656231	9.749	-0.737	1.867
1511106656248	9.663	-0.67	1.848
1511106656251	9.615	-0.622	1.819
1511106656262	9.567	-0.622	1.762
1511106656276	9.567	-0.593	1.733
1511106656283	9.605	-0.632	1.704
1511106656303	9.653	-0.622	1.695
1511106656304	9.663	-0.622	1.714
1511106656311	9.653	-0.612	1.733
1511106656321	9.701	-0.622	1.781
1511106656333	9.739	-0.67	1.81
1511106656341	9.768	-0.651	1.829
1511106656354	9.778	-0.641	1.877
1511106656367	9.768	-0.651	1.877
1511106656371	9.73	-0.679	1.896
1511106656398	9.644	-0.689	1.953
1511106656401	9.615	-0.689	1.925
1511106656412	9.625	-0.67	1.944
1511106656426	9.663	-0.679	1.953
1511106656431	9.711	-0.66	1.972
1511106656441	9.787	-0.632	1.992
1511106656457	9.826	-0.622	1.982
1511106656461	9.845	-0.632	1.953
1511106656471	9.816	-0.67	1.963
1511106656490	9.797	-0.699	1.972
1511106656492	9.787	-0.766	1.953
1511106656503	9.787	-0.823	1.944
1511106656517	9.787	-0.861	1.944
1511106656521	9.787	-0.89	1.934
1511106656532	9.797	-0.938	1.963
1511106656543	9.835	-0.976	1.982
1511106656551	9.854	-1.034	2.02
1511106656562	9.864	-1.072	2.02
1511106656574	9.73	-1.13	2.03
1511106656581	9.864	-1.158	2.001
1511106656611	9.816	-1.13	2.001
1511106656622	9.816	-1.13	1.992
1511106656626	9.768	-1.168	2.02
1511106656631	9.73	-1.197	2.039
1511106656638	9.739	-1.245	2.049
1511106656644	9.749	-1.292	2.001
1511106656663	9.816	-1.522	1.963
1511106656664	9.883	-1.455	1.982
1511106656674	9.979	-1.676	1.953
1511106656683	10.017	-1.695	1.934
1511106656691	10.056	-1.81	1.838
1511106656701	10.113	-1.896	1.781
1511106656714	10.199	-1.992	1.695
1511106656722	10.285	-2.087	1.647
1511106656735	10.362	-2.193	1.647
1511106656742	10.4	-2.298	1.637
1511106656751	10.429	-2.442	1.647
1511106656761	10.477	-2.547	1.58
1511106656772	10.515	-2.652	1.522
1511106656781	10.534	-2.758	1.455
1511106656791	10.554	-2.882	1.369
1511106656802	10.486	-2.988	1.331
1511106656811	10.343	-3.074	1.292
1511106656821	10.199	-3.141	1.273
1511106656833	10.046	-3.16	1.312
1511106656841	9.854	-3.15	1.302
1511106656853	9.672	-3.141	1.283
1511106656863	9.529	-3.122	1.245
1511106656871	9.471	-3.074	1.206
1511106656881	9.471	-3.055	1.11
1511106656892	9.471	-3.016	1.005
1511106656901	9.471	-2.997	0.909
1511106656911	9.481	-2.949	0.842
1511106656939	9.471	-2.901	0.814
1511106656940	9.452	-2.873	0.804
1511106656945	9.433	-2.844	0.766
1511106656955	9.433	-2.825	0.718
1511106656961	9.404	-2.825	0.679
1511106656971	9.28	-2.806	0.651
1511106656982	9.127	-2.806	0.632
1511106656991	9.012	-2.767	0.603
1511106657001	8.925	-2.719	0.612
1511106657013	8.849	-2.662	0.584
1511106657021	8.81	-2.566	0.603
1511106657031	8.81	-2.528	0.603
1511106657042	8.849	-2.49	0.565
1511106657079	8.849	-2.49	0.526
1511106657080	8.82	-2.49	0.488
1511106657080	8.83	-2.509	0.488
1511106657081	8.858	-2.509	0.517
1511106657091	8.935	-2.566	0.545
1511106657103	8.992	-2.576	0.565
1511106657111	9.069	-2.557	0.574
1511106657121	9.203	-2.566	0.632
1511106657135	9.299	-2.566	0.651
1511106657141	9.366	-2.604	0.641
1511106657151	9.414	-2.614	0.612
1511106657163	9.462	-2.652	0.603
1511106657176	9.51	-2.691	0.603
1511106657181	9.548	-2.672	0.641
1511106657192	9.586	-2.662	0.641
1511106657201	9.586	-2.643	0.641
1511106657211	9.596	-2.633	0.612
1511106657223	9.634	-2.662	0.565
1511106657236	9.625	-2.681	0.555
1511106657242	9.615	-2.691	0.526
1511106657253	9.605	-2.719	0.507
1511106657261	9.615	-2.739	0.526
1511106657274	9.605	-2.758	0.565
1511106657295	9.567	-2.777	0.565
1511106657305	9.557	-2.777	0.574
1511106657310	9.711	-2.739	0.612
1511106657313	9.577	-2.71	0.67
1511106657329	9.816	-2.633	0.737
1511106657337	9.787	-2.547	0.794
1511106657345	9.826	-2.499	0.775
1511106657351	9.807	-2.451	0.747
1511106657361	9.749	-2.451	0.747
1511106657373	9.692	-2.461	0.708
1511106657381	9.701	-2.461	0.708
1511106657391	9.72	-2.47	0.766
1511106657403	9.797	-2.509	0.814
1511106657411	9.864	-2.49	0.861
1511106657421	9.921	-2.451	0.938
1511106657435	9.969	-2.442	1.005
1511106657441	9.988	-2.423	1.024
1511106657451	9.96	-2.375	1.024
1511106657464	9.941	-2.346	0.957
1511106657473	9.826	-2.346	0.871
1511106657481	9.653	-2.336	0.737
1511106657493	9.51	-2.336	0.66
1511106657501	9.366	-2.327	0.612
1511106657511	9.251	-2.336	0.612
1511106657524	9.146	-2.317	0.651
1511106657531	9.107	-2.269	0.804
1511106657541	9.127	-2.231	0.919
1511106657553	9.146	-2.183	1.024
1511106657568	9.251	-2.202	1.063
1511106657573	9.328	-2.202	1.082
1511106657583	9.376	-2.174	1.024
1511106657591	9.356	-2.126	0.928
1511106657601	9.289	-2.154	0.842
1511106657613	9.203	-2.174	0.747
1511106657621	9.165	-2.193	0.708
1511106657631	9.136	-2.212	0.67
1511106657644	9.136	-2.212	0.708
1511106657651	9.203	-2.25	0.775
1511106657661	9.414	-2.288	0.909
1511106657673	9.644	-2.288	1.187
1511106657681	9.835	-2.279	1.407
1511106657692	9.95	-2.26	1.513
1511106657705	9.988	-2.25	1.494
1511106657711	10.056	-2.25	1.369
1511106657724	10.132	-2.231	1.206
1511106657736	10.18	-2.25	1.034
1511106657741	10.151	-2.279	0.948
1511106657752	10.075	-2.308	0.909
1511106657766	9.979	-2.298	1.091
1511106657771	9.931	-2.26	1.091
1511106657783	9.835	-2.193	1.197
1511106657796	9.759	-2.116	1.225
1511106657801	9.577	-2.02	1.235
1511106657814	9.299	-2.001	1.216
1511106657826	8.542	-1.982	1.149
1511106657831	8.542	-1.972	1.149
1511106657842	8.198	-1.953	1.149
1511106657857	7.929	-1.963	1.206
1511106657879	7.862	-1.953	1.359
1511106657882	8.121	-2.001	2.49
1511106657895	8.81	-2.126	2.537
1511106657896	9.586	-2.164	3.083
1511106657901	10.419	-2.039	3.131
1511106657914	11.55	-1.838	2.499
1511106657921	13.283	-1.398	2.528
1511106657932	15.084	-0.852	2.068
1511106657943	15.534	-1.101	1.455
1511106657951	14.93	-1.628	0.996
1511106657961	13.599	-2.039	0.766
1511106657985	10.582	-2.557	0.574
1511106658018	9.308	-2.49	0.45
1511106658020	7.709	-2.145	0.651
1511106658021	7.297	-1.723	1.015
1511106658028	7.336	-1.235	1.379
1511106658040	7.709	-0.574	1.733
1511106658041	8.217	0.114	1.953
1511106658051	8.667	0.478	2.049
1511106658067	8.925	0.373	1.982
1511106658084	9.146	0.296	1.771
1511106658085	9.395	-0.038	1.656
1511106658094	9.596	-0.354	1.551
1511106658101	9.73	-0.66	1.494
1511106658111	9.826	-0.976	1.628
1511106658125	9.998	-1.235	1.637
1511106658131	10.218	-1.465	1.608
1511106658141	10.343	-1.58	1.57
1511106658155	10.41	-1.522	1.455
1511106658168	10.41	-1.407	1.312
1511106658173	10.314	-1.245	1.283
1511106658184	10.17	-1.12	1.264
1511106658191	10.065	-1.043	1.34
1511106658201	9.969	-1.043	1.465
1511106658216	9.854	-1.053	1.58
1511106658221	9.768	-1.101	1.676
1511106658231	9.711	-1.177	1.762
1511106658244	9.682	-1.225	1.762
1511106658256	9.749	-1.206	1.714
1511106658262	9.807	-1.13	1.647
1511106658274	9.816	-1.034	1.57
1511106658281	9.778	-0.928	1.522
1511106658291	9.644	-0.871	1.484
1511106658308	9.51	-0.842	1.484
1511106658311	9.356	-0.833	1.513
1511106658321	9.241	-0.842	1.58
1511106658334	9.213	-0.861	1.608
1511106658341	9.232	-0.9	1.628
1511106658351	9.318	-0.919	1.637
1511106658364	9.433	-0.938	1.637
1511106658373	9.529	-0.909	1.599
1511106658382	9.625	-0.881	1.551
1511106658395	9.739	-0.871	1.561
1511106658401	9.835	-0.842	1.561
1511106658411	9.941	-0.833	1.561
1511106658425	10.008	-0.814	1.561
1511106658431	10.008	-0.842	1.608
1511106658441	9.969	-0.89	1.666
1511106658454	9.931	-0.938	1.676
1511106658461	9.854	-0.938	1.637
1511106658471	9.759	-0.967	1.647
1511106658484	9.682	-0.948	1.637
1511106658491	9.605	-0.919	1.685
1511106658501	9.529	-0.909	1.752
1511106658531	9.557	-0.909	1.743
1511106658532	9.596	-0.9	1.714
1511106658533	9.692	-0.948	1.685
1511106658546	9.787	-1.005	1.637
1511106658551	9.921	-1.063	1.589
1511106658561	9.998	-1.13	1.57
1511106658574	10.065	-1.168	1.551
1511106658581	10.113	-1.254	1.503
1511106658591	10.19	-1.331	1.484
1511106658604	10.237	-1.398	1.494
1511106658611	10.237	-1.474	1.561
1511106658621	10.228	-1.484	1.819
1511106658635	10.065	-1.541	1.752
1511106658641	10.065	-1.589	1.752
1511106658652	10.027	-1.637	1.752
1511106658667	10.228	-1.714	1.704
1511106658695	10.228	-1.781	1.723
1511106658703	10.391	-1.886	1.723
1511106658706	10.755	-1.972	1.771
1511106658711	10.889	-2.049	1.81
1511106658715	10.889	-2.135	1.79
1511106658727	10.927	-2.212	1.704
1511106658733	10.87	-2.279	1.599
1511106658741	10.803	-2.317	1.446
1511106658756	10.755	-2.346	1.359
1511106658764	10.659	-2.394	1.273
1511106658772	10.496	-2.432	1.235
1511106658789	10.285	-2.691	1.206
1511106658791	10.027	-2.633	1.177
1511106658808	9.797	-2.882	1.139
1511106658812	9.663	-2.901	1.139
1511106658843	9.548	-2.921	1.11
1511106658844	9.51	-2.911	1.149
1511106658845	9.51	-2.882	1.168
1511106658855	9.471	-2.844	1.187
1511106658876	9.433	-2.806	1.158
1511106658877	9.385	-2.739	1.139
1511106658883	9.366	-2.691	1.091
1511106658897	9.376	-2.633	1.024
1511106658911	9.366	-2.604	0.967
1511106658912	9.356	-2.566	0.852
1511106658922	9.337	-2.499	0.814
1511106658934	9.308	-2.509	0.775
1511106658941	9.251	-2.49	0.747
1511106658951	9.155	-2.48	0.718
1511106658963	9.098	-2.48	0.727
1511106658971	9.021	-2.509	0.699
1511106658982	8.906	-2.557	0.67
1511106658996	8.82	-2.604	0.612
1511106659001	8.81	-2.624	0.584
1511106659011	8.763	-2.681	0.536
1511106659026	8.667	-2.758	0.526
1511106659031	8.571	-2.806	0.545
1511106659042	8.533	-2.796	0.555
1511106659056	8.523	-2.796	0.584
1511106659061	8.561	-2.767	0.565
1511106659072	8.638	-2.719	0.545
1511106659086	8.734	-2.7	0.574
1511106659091	8.849	-2.662	0.574
1511106659102	8.964	-2.652	0.555
1511106659117	9.069	-2.681	0.584
1511106659121	9.155	-2.7	0.612
1511106659132	9.261	-2.719	0.632
1511106659146	9.385	-2.767	0.651
1511106659151	9.51	-2.853	0.67
1511106659162	9.625	-2.921	0.66
1511106659176	9.711	-2.959	0.584
1511106659181	9.749	-2.997	0.507
1511106659192	9.797	-3.026	0.392
1511106659206	9.778	-3.045	0.335
1511106659211	9.739	-3.045	0.335
1511106659222	9.701	-3.016	0.411
1511106659236	9.653	-3.016	0.66
1511106659241	9.625	-2.997	0.651
1511106659252	9.653	-2.988	0.699
1511106659266	9.749	-2.968	0.708
1511106659271	9.864	-2.911	0.632
1511106659282	9.921	-2.921	0.373
1511106659296	9.874	-2.968	0.44
1511106659301	9.682	-2.988	0.325
1511106659312	9.395	-2.997	0.067
1511106659326	9.012	-2.978	0.038
1511106659331	8.676	-2.921	0.038
1511106659343	8.456	-2.911	0.277
1511106659357	8.418	-2.93	0.363
1511106659392	8.408	-2.921	0.383
1511106659393	8.389	-2.796	0.469
1511106659394	8.447	-2.719	0.612
1511106659395	8.734	-2.729	0.747
1511106659407	9.203	-2.777	0.785
1511106659416	10.19	-2.825	0.842
1511106659422	10.688	-2.825	0.842
1511106659432	10.793	-2.863	0.766
1511106659446	11.071	-2.911	0.632
1511106659451	10.956	-2.978	0.526
1511106659462	10.889	-3.045	0.545
1511106659475	10.889	-3.102	0.67
1511106659481	10.927	-3.102	0.794
1511106659492	10.917	-2.949	0.881
1511106659504	10.812	-2.873	1.005
1511106659511	10.621	-2.719	1.12
1511106659521	10.439	-2.719	1.264
1511106659534	10.199	-2.499	1.369
1511106659541	9.96	-2.355	1.417
1511106659552	9.787	-2.269	1.388
1511106659566	9.663	-2.241	1.254
1511106659571	9.519	-2.221	1.034
1511106659582	9.356	-2.231	0.957
1511106659596	9.222	-2.241	0.919
1511106659601	9.098	-2.25	0.967
1511106659613	9.059	-2.241	1.034
1511106659627	9.069	-2.221	1.082
1511106659631	9.127	-2.221	1.063
1511106659642	9.184	-2.279	1.043
1511106659656	9.213	-2.336	0.967
1511106659661	9.184	-2.365	0.909
1511106659672	9.107	-2.413	0.833
1511106659686	9.088	-2.442	0.823
1511106659691	9.059	-2.442	0.871
1511106659702	9.079	-2.375	0.957
1511106659717	9.127	-2.298	1.043
1511106659721	9.251	-2.202	1.139
1511106659732	9.395	-2.154	1.197
1511106659747	9.51	-2.078	1.245
1511106659751	9.596	-2.03	1.206
1511106659762	9.586	-2.02	1.11
1511106659777	9.481	-2.02	1.034
1511106659781	9.299	-2.02	0.976
1511106659792	9.098	-1.992	0.957
1511106659807	8.973	-2.049	1.024
1511106659811	8.935	-2.059	1.12
1511106659823	8.925	-2.068	1.264
1511106659837	9.002	-2.068	1.426
1511106659841	9.194	-2.059	1.589
1511106659852	9.462	-2.039	1.676
1511106659867	9.749	-2.02	1.685
1511106659871	9.883	-1.982	1.608
1511106659882	9.845	-2.011	1.474
1511106659894	9.73	-2.001	1.331
1511106659911	9.557	-2.039	1.225
1511106659913	9.376	-2.097	1.12
1511106659927	9.251	-2.126	1.082
1511106659931	9.222	-2.154	1.101
1511106659943	9.366	-2.183	1.58
1511106659959	9.73	-2.231	1.58
1511106659962	10.285	-2.279	2.059
1511106659973	10.956	-2.317	2.863
1511106659987	11.559	-2.26	2.825
1511106659991	11.923	-2.059	2.71
1511106660005	12.21	-1.867	1.819
1511106660019	12.469	-1.743	1.819
1511106660022	12.526	-1.723	1.12
1511106660035	11.799	-1.704	0.814
1511106660048	11.732	-1.676	0.507
1511106660081	11.013	-1.656	0.603
1511106660084	9.289	-1.637	0.641
1511106660089	9.395	-1.589	0.794
1511106660095	8.657	-1.455	1.091
1511106660098	8.054	-1.283	1.359
1511106660113	7.661	-1.024	1.618
1511106660115	7.498	-0.756	1.819
1511106660124	7.939	-0.555	1.877
1511106660132	8.466	-0.411	1.944
1511106660141	8.935	-0.392	1.934
1511106660153	9.404	-0.44	1.8
1511106660161	9.854	-0.574	1.704
1511106660171	10.142	-0.756	1.561
1511106660185	10.381	-1.101	1.503
1511106660191	10.496	-1.149	1.503
1511106660201	10.525	-1.34	1.455
1511106660212	10.477	-1.637	1.436
1511106660221	10.391	-1.628	1.436
1511106660231	10.257	-1.656	1.35
1511106660241	10.151	-1.484	1.369
1511106660251	10.036	-1.35	1.417
1511106660261	9.902	-1.235	1.484
1511106660272	9.768	-1.11	1.58
1511106660281	9.682	-1.015	1.647
1511106660291	9.653	-0.957	1.666
1511106660303	9.625	-0.919	1.704
1511106660311	9.644	-0.928	1.704
1511106660321	9.682	-0.948	1.685
1511106660333	9.692	-0.948	1.676
1511106660341	9.72	-0.938	1.628
1511106660351	9.72	-0.957	1.628
1511106660363	9.711	-0.919	1.637
1511106660372	9.682	-0.871	1.656
1511106660381	9.644	-0.861	1.647
1511106660393	9.615	-0.823	1.647
1511106660401	9.625	-0.794	1.599
1511106660411	9.653	-0.775	1.551
1511106660423	9.682	-0.766	1.561
1511106660431	9.73	-0.756	1.532
1511106660441	9.826	-0.747	1.522
1511106660453	9.941	-0.747	1.532
1511106660461	10.036	-0.775	1.513
1511106660471	10.065	-0.747	1.503
1511106660483	10.084	-0.756	1.513
1511106660491	10.094	-0.727	1.541
1511106660501	10.103	-0.689	1.561
1511106660513	10.075	-0.689	1.589
1511106660521	10.036	-0.66	1.589
1511106660531	9.988	-0.632	1.599
1511106660543	9.893	-0.603	1.608
1511106660551	9.826	-0.584	1.608
1511106660561	9.739	-0.565	1.647
1511106660573	9.711	-0.545	1.628
1511106660581	9.72	-0.545	1.666
1511106660591	9.749	-0.526	1.647
1511106660603	9.807	-0.555	1.676
1511106660611	9.797	-0.565	1.704
1511106660621	9.807	-0.574	1.704
1511106660633	9.864	-0.565	1.695
1511106660641	9.893	-0.603	1.685
1511106660651	9.941	-0.622	1.666
1511106660663	9.969	-0.67	1.676
1511106660671	10.027	-0.737	1.628
1511106660681	10.065	-0.785	1.57
1511106660693	10.113	-0.9	1.541
1511106660701	10.113	-1.015	1.503
1511106660711	10.084	-1.13	1.484
1511106660723	10.036	-1.216	1.494
1511106660731	9.998	-1.292	1.561
1511106660763	9.969	-1.331	1.8
1511106660770	9.969	-1.369	1.733
1511106660773	10.017	-1.436	1.982
1511106660776	10.056	-1.513	1.771
1511106660798	10.123	-1.637	1.695
1511106660799	10.19	-1.714	1.599
1511106660805	10.18	-1.81	1.58
1511106660813	10.151	-1.905	1.608
1511106660821	10.17	-2.039	1.637
1511106660831	10.41	-2.174	1.656
1511106660844	10.515	-2.298	1.723
1511106660851	10.486	-2.384	1.723
1511106660861	10.688	-2.442	1.695
1511106660872	10.688	-2.518	1.695
1511106660881	10.659	-2.566	1.656
1511106660891	10.611	-2.595	1.628
1511106660904	10.467	-2.624	1.599
1511106660911	10.276	-2.47	1.561
1511106660921	10.075	-2.585	1.455
1511106660933	9.874	-2.308	1.388
1511106660941	9.701	-2.183	1.302
1511106660951	9.567	-2.068	1.206
1511106660962	9.49	-1.982	1.158
1511106660971	9.423	-1.896	1.149
1511106660981	9.376	-1.838	1.101
1511106660992	9.328	-1.81	1.101
1511106661001	9.28	-1.79	1.091
1511106661011	9.232	-1.8	1.091
1511106661022	9.184	-1.848	1.091
1511106661031	9.117	-1.915	1.101
1511106661041	9.04	-1.953	1.101
1511106661052	8.973	-1.982	1.053
1511106661061	8.935	-2.011	1.043
1511106661071	8.945	-2.02	1.063
1511106661083	8.935	-2.001	1.063
1511106661091	8.964	-1.982	1.024
1511106661101	8.973	-1.982	1.034
1511106661111	8.983	-1.982	0.996
1511106661121	8.983	-2.001	0.986
1511106661131	8.992	-2.001	0.986
1511106661144	9.04	-2.011	0.948
1511106661151	9.107	-2.039	0.948
1511106661161	9.127	-2.059	0.957
1511106661174	9.165	-2.106	0.986
1511106661181	9.203	-2.145	1.015
1511106661191	9.261	-2.202	1.024
1511106661204	9.308	-2.26	1.053
1511106661211	9.395	-2.327	1.024
1511106661221	9.481	-2.432	0.967
1511106661234	9.548	-2.537	0.938
1511106661241	9.577	-2.624	0.89
1511106661251	9.567	-2.7	0.9
1511106661264	9.557	-2.748	0.852
1511106661271	9.538	-2.758	0.833
1511106661281	9.538	-2.777	0.775
1511106661294	9.557	-2.767	0.737
1511106661301	9.567	-2.719	0.689
1511106661311	9.596	-2.681	0.603
1511106661324	9.634	-2.662	0.574
1511106661331	9.644	-2.614	0.555
1511106661341	9.682	-2.576	0.593
1511106661354	9.749	-2.537	0.651
1511106661361	9.816	-2.461	0.718
1511106661371	9.912	-2.413	0.727
1511106661384	9.969	-2.365	0.737
1511106661391	10.017	-2.365	0.737
1511106661401	10.008	-2.365	0.737
1511106661415	9.902	-2.355	0.747
1511106661421	9.768	-2.336	0.747
1511106661454	9.663	-2.308	0.909
1511106661460	9.596	-2.288	0.804
1511106661464	9.557	-2.241	0.833
1511106661468	9.577	-2.212	0.871
1511106661472	9.615	-2.174	0.861
1511106661484	9.615	-2.126	0.852
1511106661493	9.663	-2.116	0.775
1511106661504	9.692	-2.106	0.737
1511106661511	9.692	-2.126	0.632
1511106661521	9.692	-2.135	0.632
1511106661534	9.663	-2.174	0.67
1511106661541	9.414	-2.164	0.747
1511106661551	9.452	-2.154	0.833
1511106661563	9.481	-2.145	0.871
1511106661571	9.51	-2.135	0.909
1511106661581	9.548	-2.097	0.909
1511106661593	9.529	-2.087	0.881
1511106661601	9.481	-2.097	0.814
1511106661611	9.347	-2.087	0.718
1511106661623	9.222	-2.087	0.679
1511106661631	9.155	-2.26	0.708
1511106661641	9.165	-2.202	0.756
1511106661652	9.241	-2.193	0.842
1511106661661	9.318	-2.26	0.976
1511106661671	9.433	-2.327	1.101
1511106661684	9.567	-2.336	1.206
1511106661691	9.807	-2.336	1.292
1511106661701	10.027	-2.288	1.206
1511106661715	10.19	-2.202	1.082
1511106661721	10.151	-2.174	0.909
1511106661731	9.96	-2.174	0.718
1511106661745	9.72	-2.202	0.622
1511106661751	9.51	-2.279	0.612
1511106661761	9.385	-2.317	0.612
1511106661775	9.261	-2.327	0.651
1511106661781	9.184	-2.346	0.814
1511106661791	9.299	-2.336	1.072
1511106661805	9.577	-2.298	1.292
1511106661811	9.893	-2.174	1.417
1511106661821	10.199	-2.078	1.417
1511106661835	10.314	-2.039	1.283
1511106661841	10.333	-2.097	1.158
1511106661865	10.046	-2.164	0.948
1511106661871	9.797	-2.231	0.957
1511106661881	9.634	-2.298	1.053
1511106661895	9.577	-2.317	1.225
1511106661904	9.634	-2.317	1.446
1511106661915	9.816	-2.25	1.637
1511106661923	10.084	-2.135	1.752
1511106661931	10.362	-2.03	1.896
1511106661941	10.592	-1.972	1.896
1511106661954	10.793	-1.944	1.886
1511106661964	10.87	-1.925	1.8
1511106661971	10.841	-1.886	1.723
1511106661984	10.745	-1.867	1.628
1511106661991	10.592	-1.848	1.541
1511106662001	10.458	-1.81	1.513
1511106662020	10.285	-1.714	1.494
1511106662022	10.103	-1.58	1.426
1511106662032	9.95	-1.455	1.407
1511106662047	9.749	-1.35	1.446
1511106662051	9.557	-1.206	1.465
1511106662062	9.414	-1.11	1.503
1511106662076	9.127	-1.005	1.58
1511106662081	9.194	-0.909	1.58
1511106662092	9.184	-0.823	1.589
1511106662107	9.414	-0.612	1.676
1511106662111	9.414	-0.747	1.676
1511106662122	9.548	-0.737	1.848
1511106662160	9.759	-0.718	1.743
1511106662164	9.759	-0.766	1.589
1511106662173	9.845	-0.766	1.685
1511106662176	9.931	-0.823	1.714
1511106662177	9.931	-0.881	1.656
1511106662190	9.921	-0.881	1.618
1511106662201	9.893	-0.9	1.618
1511106662202	9.893	-0.909	1.532
1511106662213	9.921	-0.9	1.494
1511106662227	9.95	-0.938	1.465
1511106662231	9.921	-0.919	1.398
1511106662243	9.902	-0.928	1.388
1511106662255	9.854	-0.909	1.359
1511106662261	9.768	-0.881	1.446
1511106662272	9.692	-0.794	1.465
1511106662281	9.672	-0.747	1.541
1511106662291	9.672	-0.727	1.608
1511106662301	9.672	-0.699	1.618
1511106662314	9.672	-0.641	1.599
1511106662321	9.653	-0.612	1.57
1511106662331	9.625	-0.641	1.561
1511106662344	9.625	-0.651	1.58
1511106662351	9.634	-0.651	1.551
1511106662361	9.663	-0.66	1.503
1511106662373	9.73	-0.689	1.503
1511106662381	9.807	-0.699	1.503
1511106662391	9.883	-0.708	1.522
1511106662406	9.912	-0.718	1.503
1511106662411	9.921	-0.727	1.513
1511106662422	9.912	-0.737	1.541
1511106662436	9.921	-0.737	1.532
1511106662441	9.912	-0.756	1.522
1511106662453	9.854	-0.756	1.532
1511106662466	9.854	-0.756	1.551
1511106662471	9.826	-0.785	1.551
1511106662482	9.816	-0.756	1.551
1511106662498	9.807	-0.785	1.541
1511106662501	9.768	-0.785	1.551
1511106662511	9.759	-0.766	1.551
1511106662526	9.759	-0.775	1.522
1511106662531	9.759	-0.727	1.513
1511106662542	9.778	-0.699	1.513
1511106662556	9.778	-0.67	1.494
1511106662561	9.807	-0.699	1.503
1511106662572	9.816	-0.708	1.484
1511106662586	9.787	-0.747	1.503
1511106662591	9.787	-0.756	1.503
1511106662602	9.778	-0.794	1.513
1511106662616	9.797	-0.794	1.532
1511106662621	9.807	-0.804	1.551
1511106662632	9.807	-0.814	1.532
1511106662646	9.826	-0.823	1.494
1511106662651	9.864	-0.823	1.494
1511106662662	9.893	-0.881	1.494
1511106662676	9.902	-0.938	1.484
1511106662681	9.941	-1.015	1.494
1511106662692	9.969	-1.091	1.446
1511106662707	9.998	-1.149	1.388
1511106662711	10.027	-1.225	1.379
1511106662724	10.075	-1.292	1.35
1511106662738	10.084	-1.388	1.321
1511106662741	10.123	-1.484	1.321
1511106662752	10.142	-1.589	1.321
1511106662765	10.142	-1.704	1.359
1511106662771	10.19	-1.829	1.379
1511106662781	10.257	-1.953	1.359
1511106662794	10.314	-2.068	1.331
1511106662801	10.343	-2.221	1.34
1511106662811	10.362	-2.298	1.388
1511106662840	10.391	-2.365	1.417
1511106662843	10.419	-2.442	1.407
1511106662845	10.477	-2.48	1.407
1511106662872	10.573	-2.566	1.245
1511106662874	10.621	-2.662	1.302
1511106662876	10.649	-2.777	1.235
1511106662885	10.707	-2.94	1.187
1511106662892	10.726	-3.093	1.13
1511106662906	10.678	-3.189	1.091
1511106662912	10.592	-3.294	1.063
1511106662921	10.333	-3.342	1.063
1511106662936	10.218	-3.361	1.091
1511106662946	10.094	-3.323	1.158
1511106662951	9.931	-3.275	1.158
1511106662961	9.807	-3.179	1.101
1511106662975	9.711	-3.055	0.996
1511106662981	9.634	-2.93	0.89
1511106662991	9.5	-2.652	0.766
1511106663006	9.347	-2.719	0.67
1511106663011	9.232	-2.49	0.603
1511106663021	9.107	-2.585	0.536
1511106663032	9.002	-2.585	0.545
1511106663041	8.935	-2.576	0.526
1511106663051	8.858	-2.576	0.44
1511106663064	8.772	-2.576	0.44
1511106663071	8.667	-2.576	0.507
1511106663081	8.6	-2.633	0.498
1511106663095	8.571	-2.691	0.517
1511106663101	8.581	-2.7	0.545
1511106663111	8.657	-2.662	0.526
1511106663128	8.791	-2.585	0.507
1511106663131	8.878	-2.528	0.507
1511106663143	8.925	-2.49	0.498
1511106663158	8.945	-2.48	0.478
1511106663161	9.021	-2.461	0.459
1511106663173	9.098	-2.47	0.459
1511106663188	9.165	-2.49	0.478
1511106663191	9.184	-2.509	0.526
1511106663203	9.213	-2.557	0.593
1511106663218	9.241	-2.585	0.66
1511106663221	9.299	-2.604	0.641
1511106663233	9.347	-2.643	0.66
1511106663247	9.366	-2.652	0.641
1511106663263	9.423	-2.681	0.67
1511106663277	9.462	-2.729	0.651
1511106663281	9.49	-2.758	0.66
1511106663293	9.49	-2.825	0.689
1511106663308	9.519	-2.844	0.699
1511106663311	9.548	-2.863	0.689
1511106663323	9.615	-2.815	0.699
1511106663338	9.653	-2.767	0.699
1511106663341	9.711	-2.7	0.708
1511106663353	9.739	-2.662	0.708
1511106663368	9.759	-2.652	0.727
1511106663371	9.768	-2.672	0.689
1511106663383	9.778	-2.672	0.66
1511106663398	9.768	-2.681	0.632
1511106663401	9.749	-2.691	0.545
1511106663413	9.73	-2.7	0.545
1511106663428	9.711	-2.7	0.526
1511106663431	9.711	-2.691	0.555
1511106663443	9.72	-2.672	0.584
1511106663458	9.739	-2.614	0.632
1511106663461	9.768	-2.595	0.651
1511106663474	9.778	-2.566	0.622
1511106663488	9.807	-2.576	0.622
1511106663491	9.797	-2.557	0.584
1511106663503	9.807	-2.585	0.545
1511106663518	9.797	-2.604	0.555
1511106663561	9.787	-2.624	0.737
1511106663568	9.778	-2.643	0.708
1511106663569	9.73	-2.633	0.708
1511106663571	9.701	-2.604	0.928
1511106663572	9.625	-2.585	0.804
1511106663573	9.529	-2.547	0.785
1511106663581	9.481	-2.49	0.737
1511106663594	9.452	-2.48	0.699
1511106663606	9.443	-2.451	0.641
1511106663611	9.395	-2.442	0.612
1511106663622	9.385	-2.423	0.641
1511106663635	9.376	-2.432	0.699
1511106663641	9.548	-2.432	0.775
1511106663651	9.471	-2.423	0.871
1511106663661	9.548	-2.423	0.9
1511106663671	9.586	-2.413	0.928
1511106663682	9.605	-2.413	0.919
1511106663699	9.586	-2.384	0.842
1511106663701	9.51	-2.394	0.766
1511106663713	9.462	-2.461	0.766
1511106663721	9.462	-2.432	0.747
1511106663732	9.452	-2.432	0.842
1511106663743	9.471	-2.442	0.909
1511106663751	9.548	-2.413	1.063
1511106663762	9.672	-2.375	1.13
1511106663773	9.787	-2.288	1.197
1511106663781	9.874	-2.25	1.206
1511106663792	9.96	-2.145	1.158
1511106663803	9.931	-2.164	1.053
1511106663819	9.874	-2.231	0.938
1511106663821	9.711	-2.288	0.842
1511106663834	9.577	-2.308	0.785
1511106663848	9.452	-2.327	0.775
1511106663851	9.337	-2.327	0.861
1511106663863	9.222	-2.26	1.015
1511106663871	9.165	-2.221	1.187
1511106663882	9.184	-2.135	1.34
1511106663893	9.308	-2.039	1.426
1511106663901	9.423	-1.972	1.379
1511106663917	9.51	-1.915	1.302
1511106663937	9.443	-1.915	1.197
1511106663939	9.337	-1.944	1.053
1511106663941	9.184	-1.972	0.919
1511106663953	9.031	-2.03	0.823
1511106663961	8.945	-2.068	0.794
1511106663971	8.945	-2.078	0.842
1511106663990	9.136	-2.154	1.369
1511106664001	9.452	-2.202	1.647
1511106664013	9.816	-2.145	1.781
1511106664021	10.123	-2.097	1.829
1511106664031	10.266	-2.106	1.704
1511106664045	10.333	-2.164	1.407
1511106664051	10.324	-2.241	1.446
1511106664061	10.247	-2.336	1.484
1511106664075	10.343	-2.403	1.81
1511106664081	10.621	-2.442	2.154
1511106664091	10.87	-2.442	2.145
1511106664103	11.004	-2.288	1.819
1511106664111	11.348	-2.078	1.781
1511106664122	11.894	-1.8	1.733
1511106664134	12.067	-1.743	1.81
1511106664141	11.894	-1.743	1.762
1511106664151	11.454	-1.714	1.541
1511106664164	10.831	-1.781	1.12
1511106664171	10.132	-1.857	1.12
1511106664181	9.414	-1.925	0.986
1511106664193	8.81	-1.886	1.206
1511106664201	8.37	-1.685	1.206
1511106664213	8.159	-1.446	1.379
1511106664249	8.13	-1.139	1.589
1511106664250	8.341	-0.756	1.838
1511106664253	8.686	-0.402	1.733
1511106664254	9.088	-0.239	1.589
1511106664268	9.404	-0.306	1.676
1511106664272	9.596	-0.43	1.58
1511106664285	9.778	-0.593	1.599
1511106664291	9.979	-0.747	1.666
1511106664313	10.439	-1.158	1.637
1511106664321	10.199	-1.321	1.628
1511106664332	10.324	-1.407	1.57
1511106664345	10.228	-1.225	1.503
1511106664351	10.161	-1.225	1.388
1511106664361	10.017	-0.976	1.283
1511106664373	9.893	-0.593	1.225
1511106664381	9.768	-0.593	1.302
1511106664391	9.682	-0.526	1.379
1511106664403	9.644	-0.507	1.426
1511106664411	9.634	-0.536	1.465
1511106664421	9.596	-0.718	1.58
1511106664433	9.538	-0.679	1.647
1511106664441	9.529	-0.708	1.723
1511106664451	9.586	-0.747	1.733
1511106664464	9.682	-0.766	1.714
1511106664471	9.759	-0.747	1.704
1511106664481	9.807	-0.699	1.647
1511106664495	9.797	-0.641	1.551
1511106664501	9.759	-0.622	1.503
1511106664511	9.701	-0.632	1.465
1511106664524	9.711	-0.679	1.417
1511106664531	9.73	-0.708	1.446
1511106664541	9.797	-0.747	1.407
1511106664554	9.874	-0.794	1.426
1511106664561	9.893	-0.823	1.426
1511106664571	9.931	-0.842	1.417
1511106664584	9.921	-0.852	1.407
1511106664591	9.902	-0.823	1.417
1511106664601	9.883	-0.823	1.436
1511106664614	9.854	-0.861	1.455
1511106664621	9.845	-0.909	1.426
1511106664631	9.845	-0.976	1.426
1511106664644	9.874	-1.043	1.436
1511106664651	9.902	-1.13	1.465
1511106664661	9.902	-1.216	1.465
1511106664675	9.95	-1.312	1.426
1511106664681	9.988	-1.426	1.359
1511106664691	10.036	-1.551	1.264
1511106664704	10.084	-1.685	1.177
1511106664711	10.161	-1.857	1.158
1511106664721	10.237	-2.03	1.168
1511106664734	10.295	-2.183	1.235
1511106664741	10.419	-2.336	1.264
1511106664751	10.544	-2.461	1.312
1511106664764	10.649	-2.547	1.331
1511106664771	10.688	-2.624	1.388
1511106664781	10.726	-2.662	1.369
1511106664795	10.774	-2.681	1.34
1511106664801	10.86	-2.729	1.264
1511106664811	10.946	-2.786	1.177
1511106664825	10.984	-2.844	1.13
1511106664831	10.965	-2.873	1.053
1511106664841	10.917	-2.873	1.005
1511106664855	10.783	-2.911	0.976
1511106664861	10.659	-2.959	0.948
1511106664871	10.544	-3.016	0.967
1511106664884	10.372	-3.055	0.957
1511106664897	9.96	-3.074	1.034
1511106664914	9.749	-3.064	1.034
1511106664921	9.567	-2.978	1.005
1511106664953	9.443	-2.882	0.785
1511106664964	9.347	-2.739	0.909
1511106664967	9.318	-2.614	0.689
1511106664968	9.318	-2.528	0.775
1511106664980	9.318	-2.423	0.641
1511106664988	9.328	-2.375	0.593
1511106664994	9.347	-2.355	0.459
1511106665019	9.318	-2.403	0.383
1511106665021	9.088	-2.442	0.44
1511106665031	9.098	-2.528	0.565
1511106665042	8.839	-2.71	0.689
1511106665046	8.686	-2.71	0.804
1511106665053	8.619	-2.71	0.871
1511106665064	8.657	-2.652	0.842
1511106665071	8.743	-2.576	0.766
1511106665089	8.81	-2.528	0.641
1511106665095	8.897	-2.48	0.545
1511106665101	8.906	-2.48	0.459
1511106665111	8.887	-2.499	0.325
1511106665123	8.858	-2.576	0.239
1511106665131	8.83	-2.614	0.258
1511106665141	8.801	-2.662	0.344
1511106665153	8.82	-2.7	0.488
1511106665161	8.839	-2.786	0.584
1511106665171	8.897	-2.815	0.584
1511106665184	9.002	-2.853	0.545
1511106665191	9.088	-2.911	0.488
1511106665201	9.174	-2.959	0.459
1511106665215	9.222	-3.007	0.45
1511106665221	9.261	-3.064	0.392
1511106665232	9.356	-3.141	0.363
1511106665244	9.443	-3.189	0.354
1511106665251	9.538	-3.217	0.383
1511106665261	9.625	-3.208	0.43
1511106665273	9.625	-3.198	0.469
1511106665281	9.596	-3.179	0.526
1511106665291	9.49	-3.102	0.526
1511106665305	9.423	-3.007	0.45
1511106665311	9.414	-2.988	0.402
1511106665321	9.433	-2.968	0.335
1511106665336	9.519	-2.892	0.172
1511106665341	9.605	-2.853	0.306
1511106665352	9.701	-2.806	0.383
1511106665366	9.72	-2.825	0.402
1511106665371	9.711	-2.796	0.44
1511106665382	9.711	-2.786	0.488
1511106665397	9.711	-2.767	0.488
1511106665401	9.739	-2.796	0.488
1511106665412	9.73	-2.834	0.459
1511106665428	9.701	-2.901	0.421
1511106665431	9.663	-2.949	0.402
1511106665444	9.644	-2.997	0.44
1511106665456	9.634	-3.007	0.507
1511106665487	9.682	-2.892	0.555
1511106665491	9.72	-2.863	0.517
1511106665504	9.711	-2.844	0.517
1511106665517	9.682	-2.806	0.488
1511106665521	9.653	-2.786	0.469
1511106665533	9.605	-2.777	0.43
1511106665547	9.538	-2.806	0.469
1511106665551	9.5	-2.834	0.498
1511106665564	9.433	-2.853	0.545
1511106665578	9.481	-2.882	0.555
1511106665582	9.481	-2.873	0.555
1511106665595	9.49	-2.796	0.555
1511106665610	9.634	-2.7	0.555
1511106665611	9.634	-2.719	0.555
1511106665623	9.653	-2.681	0.565
1511106665638	9.557	-2.672	0.459
1511106665684	9.557	-2.7	0.459
1511106665696	9.577	-2.825	0.44
1511106665708	9.586	-2.873	0.507
1511106665716	9.538	-2.94	0.612
1511106665721	9.328	-2.93	0.785
1511106665725	9.261	-2.767	1.082
1511106665726	9.261	-2.767	1.197
1511106665729	9.127	-2.566	1.369
1511106665730	9.165	-2.547	1.245
1511106665751	9.376	-2.221	1.446
1511106665755	9.127	-2.269	1.187
1511106665759	9.251	-2.288	0.45
1511106665776	9.519	-2.499	0.287
1511106665777	9.634	-2.557	0.363
