timestamp	x	y	z
1515361069683	9.931	-0.306	0.708
1515361069701	9.95	-0.287	0.699
1515361069702	9.931	-0.296	0.708
1515361069715	9.921	-0.287	0.699
1515361069716	9.96	-0.287	0.699
1515361069725	9.988	-0.287	0.727
1515361069734	10.008	-0.335	0.737
1515361069745	10.027	-0.344	0.727
1515361069760	10.056	-0.344	0.756
1515361069764	10.056	-0.335	0.756
1515361069777	10.046	-0.344	0.756
1515361069784	10.036	-0.363	0.766
1515361069797	10.017	-0.335	0.737
1515361069806	10.027	-0.335	0.727
1515361069837	10.008	-0.306	0.766
1515361069852	9.998	-0.277	0.9
1515361069870	9.931	-0.239	0.785
1515361069883	9.902	-0.22	0.794
1515361069885	9.826	-0.229	0.794
1515361069897	9.816	-0.229	0.814
1515361069917	9.845	-0.249	0.833
1515361069918	9.893	-0.296	0.823
1515361069927	9.988	-0.335	0.823
1515361069943	10.036	-0.373	0.679
1515361069945	10.017	-0.392	0.756
1515361069962	9.96	-0.43	0.747
1515361069973	9.854	-0.402	0.823
1515361069975	9.759	-0.402	0.823
1515361069988	9.739	-0.335	0.919
1515361070003	9.711	-0.306	1.034
1515361070008	9.711	-0.325	1.034
1515361070018	9.759	-0.335	1.082
1515361070033	9.797	-0.44	1.245
1515361070035	9.845	-0.555	1.245
1515361070048	9.864	-0.679	1.321
1515361070063	9.912	-0.967	1.302
1515361070078	9.941	-1.015	1.254
1515361070093	9.96	-1.034	1.177
1515361070111	10.008	-0.996	1.177
1515361070112	10.046	-0.957	1.187
1515361070124	10.036	-0.861	1.245
1515361070133	10.036	-0.814	1.245
1515361070162	9.998	-0.766	1.292
1515361070164	9.931	-0.718	1.273
1515361070166	9.845	-0.679	1.273
1515361070211	9.778	-0.679	1.177
1515361070230	9.72	-0.67	1.177
1515361070241	9.672	-0.651	1.082
1515361070247	9.653	-0.641	0.976
1515361070252	9.634	-0.622	0.976
1515361070254	9.644	-0.593	0.871
1515361070258	9.644	-0.565	0.833
1515361070259	9.663	-0.478	0.833
1515361070260	9.72	-0.383	0.641
1515361070267	9.778	-0.22	0.641
1515361070271	9.874	-0.076	0.478
1515361070284	10.008	0.067	0.478
1515361070305	10.266	0.21	0.459
1515361070307	10.266	0.373	0.459
1515361070317	10.506	0.517	0.498
1515361070323	10.697	0.737	0.517
1515361070328	10.697	0.67	0.526
1515361070339	11.233	0.909	0.526
1515361070346	11.693	0.89	0.402
1515361070360	11.942	1.034	0.344
1515361070364	11.942	1.139	0.344
1515361070379	12.546	0.957	0.383
1515361070384	12.546	1.034	0.229
1515361070398	12.699	0.718	0.22
1515361070405	12.651	0.641	0.172
1515361070419	12.632	0.354	0.268
1515361070424	12.632	0.45	0.392
1515361070439	12.641	0.603	0.383
1515361070444	12.488	0.603	0.335
1515361070456	12.344	1.13	0.191
1515361070465	12.067	1.436	0.009
1515361070480	11.703	1.608	-0.076
1515361070499	10.994	2.02	0.153
1515361070504	10.582	2.02	0.277
1515361070516	10.151	2.25	0.335
1515361070527	9.634	2.25	0.344
1515361070542	9.146	2.269	0.287
1515361070545	8.743	2.068	0.258
1515361070572	8.36	1.704	0.411
1515361070575	8.389	1.484	0.43
1515361070590	8.466	1.369	0.373
1515361070594	8.38	1.264	0.181
1515361070607	8.169	1.197	-0.172
1515361070617	7.853	1.149	-0.507
1515361070633	7.451	1.206	-0.689
1515361070635	6.972	1.312	-0.555
1515361070649	6.56	1.417	-0.421
1515361070654	6.215	1.541	-0.402
1515361070667	5.976	1.513	-0.392
1515361070677	5.822	1.446	-0.325
1515361070692	5.707	1.34	-0.411
1515361070695	5.707	1.283	-0.526
1515361070709	5.87	1.245	-0.574
1515361070715	6.138	1.302	-0.478
1515361070727	6.378	1.407	-0.373
1515361070739	6.627	1.513	-0.402
1515361070753	6.981	1.561	-0.402
1515361070755	7.355	1.541	-0.287
1515361070767	7.776	1.551	-0.181
1515361070783	8.178	1.541	-0.143
1515361070785	8.552	1.561	-0.249
1515361070818	8.849	1.656	-0.517
1515361070823	9.107	1.8	-0.679
1515361070825	9.433	2.059	-0.718
1515361070843	9.816	2.432	-0.545
1515361070845	10.17	2.863	-0.411
1515361070854	10.439	3.179	-0.363
1515361070856	10.64	3.313	-0.21
1515361070871	10.678	3.352	0.632
1515361070875	10.486	3.294	0.66
1515361070888	10.161	3.007	0.679
1515361070894	9.931	2.451	0.632
1515361070907	9.921	1.733	0.335
1515361070916	10.199	1.101	0.325
1515361070931	10.668	0.651	0.478
1515361070934	11.301	0.45	0.517
1515361070948	12.105	0.574	-0.038
1515361070954	12.019	0.852	-0.038
1515361070966	12.143	1.245	-0.373
1515361070975	12.162	1.762	-0.565
1515361070991	12.028	2.288	-0.478
1515361070994	11.741	2.672	-0.316
1515361071007	11.329	2.911	0.229
1515361071014	10.86	3.074	0.229
1515361071027	10.419	3.16	1.005
1515361071038	10.036	3.17	1.043
1515361071053	9.692	2.719	1.283
1515361071055	9.395	2.758	1.388
1515361071068	9.194	2.106	0.938
1515361071074	9.127	2.039	0.938
1515361071087	9.222	1.331	0.565
1515361071098	9.395	1.273	0.565
1515361071113	9.567	0.469	0.708
1515361071115	9.816	0.574	0.708
1515361071128	10.084	0.268	0.172
1515361071143	10.314	0.134	0.143
1515361071145	10.314	0.162	0.296
1515361071158	10.324	0.287	0.172
1515361071173	10.4	0.66	0.306
1515361071175	10.4	0.766	0.584
1515361071188	10.496	0.967	0.957
1515361071203	10.563	1.091	1.359
1515361071205	10.563	1.149	1.676
1515361071218	10.592	1.139	1.857
1515361071233	10.563	0.967	1.886
1515361071235	10.41	0.967	1.81
1515361071248	10.343	0.823	1.589
1515361071263	10.161	0.44	1.292
1515361071265	9.931	0.44	0.996
1515361071278	9.739	0.172	0.823
1515361071293	9.605	0.201	0.727
1515361071295	9.5	0.201	0.679
1515361071308	9.433	0.162	0.699
1515361071323	9.423	0.249	0.804
1515361071338	9.596	0.459	1.273
1515361071354	9.701	0.325	1.446
1515361071356	9.816	0.296	1.474
1515361071370	9.95	0.296	1.532
1515361071374	9.921	0.124	1.494
1515361071385	9.931	0.038	1.503
1515361071400	9.95	-0.028	1.35
1515361071405	10.027	-0.181	1.283
1515361071415	10.142	-0.325	1.12
1515361071431	10.228	-0.411	1.11
1515361071435	10.314	-0.421	1.091
1515361071445	10.314	-0.402	1.043
1515361071460	10.324	-0.363	1.015
1515361071464	10.305	-0.268	1.005
1515361071475	10.276	-0.124	0.909
1515361071507	10.18	0.057	0.871
1515361071511	10.027	0.249	0.89
1515361071519	9.854	0.392	0.948
1515361071521	9.682	0.478	0.957
1515361071526	9.586	0.526	0.967
1515361071538	9.5	0.555	1.053
1515361071548	9.452	0.526	1.158
1515361071568	9.423	0.383	1.321
1515361071578	9.452	0.268	1.359
1515361071593	9.548	0.162	1.331
1515361071595	9.625	0.038	1.283
1515361071609	9.739	-0.076	1.216
1515361071614	9.787	-0.191	1.13
1515361071627	9.835	-0.335	1.072
1515361071637	9.854	-0.411	1.024
1515361071651	9.864	-0.421	0.986
1515361071654	9.854	-0.373	0.996
1515361071668	9.797	-0.335	0.986
1515361071674	9.749	-0.287	0.986
1515361071687	9.759	-0.21	1.024
1515361071696	9.835	-0.114	1.072
1515361071707	9.941	-0.105	1.13
1515361071721	10.065	-0.057	1.187
1515361071742	10.276	0.019	1.283
1515361071749	10.305	0.067	1.254
1515361071759	10.266	0.028	1.206
1515361071764	10.237	-0.019	1.206
1515361071778	10.151	-0.124	1.11
1515361071790	10.027	-0.229	1.11
1515361071804	9.759	-0.325	1.072
1515361071806	9.787	-0.373	1.072
1515361071819	9.692	-0.402	1.168
1515361071824	9.692	-0.411	1.168
1515361071838	9.73	-0.411	1.245
1515361071849	9.73	-0.373	1.245
1515361071864	9.816	-0.335	1.331
1515361071866	9.816	-0.239	1.331
1515361071880	9.816	-0.124	1.302
1515361071884	9.816	-0.028	1.302
1515361071898	9.835	0.028	1.168
1515361071908	9.835	0.067	1.168
1515361071917	9.816	0.086	1.082
1515361071926	9.787	0.067	1.235
1515361071940	9.711	-0.076	1.043
1515361071955	9.749	-0.114	0.871
1515361071970	9.864	-0.153	0.794
1515361071975	9.864	-0.181	0.794
1515361071988	9.969	0.0	0.794
1515361071999	9.969	-0.047	0.794
1515361072014	10.103	0.229	0.814
1515361072016	10.103	0.172	0.737
1515361072029	10.103	0.229	0.699
1515361072034	10.103	0.258	0.708
1515361072048	10.113	0.517	0.775
1515361072059	10.266	0.517	0.804
1515361072067	10.439	0.804	0.747
1515361072076	10.735	0.804	0.689
1515361072089	11.071	0.9	0.498
1515361072094	11.396	0.9	0.344
1515361072107	11.636	1.091	0.191
1515361072120	11.923	1.091	0.201
1515361072127	12.306	1.12	0.354
1515361072136	12.804	1.12	0.316
1515361072149	13.254	1.158	0.172
1515361072155	13.532	1.158	0.124
1515361072167	13.657	1.331	0.067
1515361072179	13.647	1.628	-0.249
1515361072187	13.455	1.905	-0.517
1515361072219	13.168	2.02	-0.737
1515361072222	12.718	2.212	-0.804
1515361072224	12.153	2.403	-0.641
1515361072232	11.511	2.585	-0.45
1515361072248	10.879	2.777	-0.239
1515361072249	10.228	2.777	-0.095
1515361072261	9.596	2.729	-0.114
1515361072272	9.021	2.547	-0.114
1515361072274	8.475	2.241	-0.21
1515361072286	8.044	1.915	-0.22
1515361072300	7.738	1.599	-0.201
1515361072311	7.537	1.34	-0.258
1515361072315	7.345	1.139	-0.383
1515361072330	7.144	1.024	-0.507
1515361072336	7.0	0.948	-0.574
1515361072347	6.857	0.9	-0.555
1515361072356	6.694	0.852	-0.43
1515361072366	6.589	0.814	-0.296
1515361072376	6.522	0.785	-0.201
1515361072387	6.502	0.794	-0.038
1515361072394	6.56	0.852	0.067
1515361072405	6.665	0.89	0.086
1515361072417	6.78	0.986	0.038
1515361072425	6.953	1.11	-0.076
1515361072435	7.106	1.216	-0.067
1515361072448	7.326	1.312	-0.057
1515361072454	7.585	1.407	0.028
1515361072465	7.834	1.455	0.076
1515361072477	7.977	1.513	-0.086
1515361072485	8.102	1.618	-0.306
1515361072507	8.207	1.886	-0.383
1515361072514	8.293	2.078	-0.22
1515361072526	8.494	2.327	-0.134
1515361072539	8.81	2.49	-0.095
1515361072545	9.241	2.547	-0.162
1515361072555	9.615	2.509	-0.134
1515361072569	9.931	2.461	-0.086
1515361072574	10.276	2.355	0.124
1515361072586	10.544	2.241	0.43
1515361072599	10.678	2.202	0.517
1515361072605	10.515	2.193	0.335
1515361072615	10.247	2.174	0.201
1515361072630	10.132	2.097	0.258
1515361072634	10.276	1.944	0.392
1515361072646	10.592	1.752	0.967
1515361072659	10.965	1.676	1.005
1515361072665	11.233	1.618	1.484
1515361072675	11.492	1.58	1.436
1515361072690	11.722	1.513	0.689
1515361072694	11.732	1.541	0.756
1515361072706	11.435	1.522	-0.229
1515361072720	11.205	1.503	-0.229
1515361072725	11.042	1.503	-0.249
1515361072735	10.841	1.494	0.201
1515361072750	10.084	1.522	0.584
1515361072754	10.094	1.513	0.89
1515361072766	8.945	1.426	1.187
1515361072777	8.945	1.235	1.494
1515361072785	8.15	1.015	1.551
1515361072794	8.15	0.814	1.656
1515361072807	8.456	0.66	1.618
1515361072814	8.456	0.536	1.369
1515361072826	9.72	0.411	1.034
1515361072840	10.333	0.316	0.919
1515361072845	11.119	-0.057	0.9
1515361072855	11.444	-0.143	0.574
1515361072870	11.396	0.105	-0.076
1515361072875	11.329	0.086	-0.823
1515361072907	11.272	0.191	-1.292
1515361072910	11.186	0.421	-1.273
1515361072913	11.08	0.574	-0.909
1515361072916	10.956	0.498	-0.373
1515361072929	10.85	0.517	0.191
1515361072949	10.783	0.517	0.689
1515361072951	10.726	0.641	0.861
1515361072961	10.726	0.727	0.881
1515361072967	10.783	0.89	0.852
1515361072976	10.803	1.005	0.699
1515361072991	10.822	1.034	0.632
1515361072994	10.707	0.928	0.612
1515361073005	10.419	0.708	0.603
1515361073018	10.094	0.402	0.574
1515361073024	9.845	0.134	0.526
1515361073038	9.672	-0.095	0.555
1515361073049	9.577	-0.239	0.612
1515361073057	9.49	-0.363	0.67
1515361073065	9.404	-0.469	0.708
1515361073079	9.328	-0.45	0.708
1515361073084	9.28	-0.325	0.708
1515361073098	9.261	-0.086	0.622
1515361073108	9.261	0.162	0.612
1515361073117	9.299	0.335	0.612
1515361073124	9.337	0.507	0.603
1515361073138	9.366	0.67	0.584
1515361073144	9.443	0.766	0.517
1515361073155	9.548	0.766	0.469
1515361073170	9.72	0.737	0.421
1515361073174	9.931	0.689	0.354
1515361073185	10.18	0.622	0.316
1515361073200	10.362	0.526	0.373
1515361073205	10.515	0.383	0.373
1515361073216	10.611	0.229	0.373
1515361073230	10.668	0.067	0.344
1515361073235	10.668	-0.076	0.373
1515361073245	10.649	-0.162	0.498
1515361073260	10.592	-0.134	0.67
1515361073264	10.477	-0.019	0.794
1515361073276	10.343	0.114	0.871
1515361073291	10.228	0.22	0.919
1515361073295	10.075	0.22	0.938
1515361073305	9.912	0.114	0.948
1515361073318	9.711	-0.114	0.9
1515361073324	9.615	-0.296	0.852
1515361073335	9.567	-0.469	0.823
1515361073344	9.548	-0.584	0.794
1515361073358	9.529	-0.689	0.766
1515361073365	9.538	-0.737	0.766
1515361073382	9.653	-0.727	0.871
1515361073385	9.653	-0.632	0.871
1515361073396	9.768	-0.488	0.89
1515361073411	9.883	-0.354	0.871
1515361073415	9.941	-0.22	0.871
1515361073426	10.008	-0.095	0.89
1515361073441	10.113	-0.038	0.871
1515361073445	10.113	0.028	0.871
1515361073456	10.123	0.067	0.823
1515361073471	10.132	0.047	0.833
1515361073475	10.132	0.009	0.833
1515361073486	10.113	-0.095	0.823
1515361073501	10.103	-0.162	0.823
1515361073505	10.103	-0.268	0.823
1515361073517	10.094	-0.344	0.785
1515361073532	10.065	-0.363	0.766
1515361073547	10.027	-0.344	0.708
1515361073562	9.95	-0.153	0.718
1515361073577	9.883	-0.162	0.794
1515361073592	9.787	0.009	0.833
1515361073626	9.787	0.009	0.823
1515361073630	9.874	0.258	0.871
1515361073638	9.874	0.258	0.842
1515361073642	10.065	0.201	0.794
1515361073646	10.075	0.201	0.785
1515361073654	10.046	0.153	0.737
1515361073657	10.036	0.153	0.641
1515361073671	10.084	0.22	0.469
1515361073674	10.247	0.22	0.316
1515361073687	10.448	0.134	0.229
1515361073696	10.563	0.287	0.143
1515361073712	10.534	0.459	0.143
1515361073714	10.563	0.612	0.153
1515361073736	10.668	0.718	-0.057
1515361073739	10.822	0.766	-0.22
1515361073754	10.984	0.928	-0.249
1515361073755	11.09	1.082	-0.114
1515361073772	11.176	1.197	0.249
1515361073774	11.272	1.245	0.191
1515361073787	11.243	1.091	0.172
1515361073806	11.55	1.35	0.354
1515361073815	11.712	1.245	0.22
1515361073831	11.913	1.216	0.028
1515361073834	12.143	1.235	-0.143
1515361073850	12.354	1.359	-0.21
1515361073854	12.517	1.561	-0.277
1515361073866	12.555	1.676	-0.258
1515361073890	12.469	1.618	-0.258
1515361073891	12.373	1.618	-0.249
1515361073895	12.172	1.676	-0.22
1515361073906	11.875	1.685	-0.105
1515361073914	11.435	1.685	-0.181
1515361073926	10.87	1.637	-0.402
1515361073936	10.314	1.58	-0.392
1515361073949	9.816	1.666	-0.392
1515361073954	9.366	1.704	-0.296
1515361073968	8.906	1.685	-0.258
1515361073974	8.514	1.628	-0.258
1515361073990	7.814	1.57	-0.421
1515361073998	7.738	1.503	-0.335
1515361074004	7.374	1.484	-0.402
1515361074018	7.039	1.455	-0.363
1515361074031	6.761	1.474	-0.354
1515361074043	6.56	1.426	-0.134
1515361074045	6.502	1.398	-0.134
1515361074057	6.55	1.331	0.038
1515361074073	6.742	1.206	0.191
1515361074075	6.684	1.072	0.181
1515361074087	6.742	0.9	0.143
1515361074102	6.981	0.785	0.028
1515361074105	7.02	0.814	0.028
1515361074118	7.326	0.957	-0.009
1515361074133	7.163	1.053	-0.105
1515361074135	7.211	1.091	-0.105
1515361074147	7.154	1.139	-0.181
1515361074162	7.546	1.177	0.076
1515361074177	7.757	1.398	0.201
1515361074192	8.743	1.58	0.076
1515361074195	8.743	1.656	0.076
1515361074207	9.194	1.666	-0.009
1515361074223	9.854	1.743	0.181
1515361074225	9.816	1.877	0.181
1515361074240	10.046	2.059	0.162
1515361074244	10.362	2.059	0.162
1515361074257	10.726	1.857	0.0
1515361074268	11.339	1.915	0.047
1515361074285	11.272	1.79	0.076
1515361074287	11.253	1.656	0.009
1515361074298	11.272	1.637	-0.335
1515361074327	11.071	1.781	-0.689
1515361074334	10.937	2.193	-0.708
1515361074338	10.917	2.451	-0.191
1515361074347	10.917	2.365	0.268
1515361074359	10.745	2.193	0.689
1515361074364	10.745	2.154	1.082
1515361074378	10.314	1.589	1.273
1515361074401	9.644	1.264	0.823
1515361074407	9.49	1.264	0.383
1515361074417	9.663	1.13	-0.019
1515361074430	9.893	1.091	-0.028
1515361074434	10.046	1.091	0.287
1515361074449	10.056	1.12	0.593
1515361074454	9.854	1.12	0.775
1515361074466	9.567	1.139	0.823
1515361074475	9.28	1.139	0.699
1515361074491	9.04	1.024	0.603
1515361074494	8.878	1.024	0.622
1515361074507	8.801	1.043	0.699
1515361074514	8.83	1.197	0.689
1515361074526	9.136	1.034	0.632
1515361074537	9.625	0.909	0.708
1515361074546	10.18	0.785	0.833
1515361074554	10.927	0.383	1.168
1515361074569	11.617	0.0	1.561
1515361074574	11.913	-0.296	1.561
1515361074587	11.799	-0.373	1.072
1515361074595	11.55	-0.316	0.344
1515361074606	11.301	-0.172	-0.229
1515361074614	11.071	0.105	-0.498
1515361074628	10.803	0.392	-0.498
1515361074634	10.554	0.622	-0.296
1515361074645	10.381	0.718	0.047
1515361074655	10.218	0.689	0.469
1515361074665	10.027	0.632	0.804
1515361074674	9.826	0.574	0.928
1515361074686	9.701	0.507	0.938
1515361074694	9.653	0.459	0.948
1515361074705	9.72	0.411	0.928
1515361074718	9.807	0.344	0.909
1515361074725	9.902	0.229	0.833
1515361074735	10.017	0.095	0.708
1515361074748	10.084	-0.009	0.622
1515361074754	10.094	-0.114	0.574
1515361074765	10.027	-0.181	0.565
1515361074797	9.902	-0.191	0.565
1515361074798	9.749	-0.162	0.612
1515361074798	9.653	-0.076	0.737
1515361074806	9.586	0.028	0.794
1515361074814	9.605	0.191	0.814
1515361074825	9.701	0.325	0.747
1515361074836	9.854	0.459	0.651
1515361074845	9.96	0.555	0.593
1515361074854	10.027	0.565	0.574
1515361074866	10.075	0.555	0.526
1515361074874	10.123	0.507	0.507
1515361074885	10.161	0.43	0.507
1515361074897	10.228	0.383	0.603
1515361074905	10.228	0.277	0.689
1515361074914	10.209	0.162	0.718
1515361074929	10.19	0.038	0.727
1515361074934	10.17	-0.067	0.727
1515361074946	10.142	-0.153	0.747
1515361074959	10.151	-0.143	0.794
1515361074965	10.142	-0.134	0.794
1515361074976	10.161	-0.047	0.804
1515361074989	10.132	0.067	0.861
1515361075004	10.017	0.124	0.89
1515361075019	9.941	0.22	0.89
1515361075049	9.893	0.181	0.909
1515361075055	9.893	0.124	0.909
1515361075059	9.883	0.038	0.89
1515361075060	9.941	-0.028	0.785
1515361075070	9.941	-0.095	0.785
1515361075080	9.998	-0.172	0.708
1515361075094	10.046	-0.172	0.689
1515361075109	10.065	-0.143	0.756
1515361075126	10.075	-0.105	0.814
1515361075151	10.056	-0.067	0.814
1515361075152	10.017	-0.076	0.89
1515361075156	9.969	-0.028	0.9
1515361075168	9.893	-0.038	0.871
1515361075174	9.893	-0.038	0.861
1515361075186	9.921	-0.086	0.842
1515361075197	9.941	-0.277	0.833
1515361075206	9.969	-0.181	0.852
1515361075214	9.969	-0.21	0.852
1515361075228	9.95	-0.229	0.823
1515361075234	9.921	-0.249	0.823
1515361075245	9.912	-0.239	0.823
1515361075257	9.912	-0.229	0.823
1515361075265	9.874	-0.172	0.804
1515361075274	9.835	-0.019	0.814
1515361075288	9.768	-0.124	0.814
1515361075294	9.768	-0.124	0.833
1515361075305	9.768	0.047	0.794
1515361075316	9.778	0.076	0.775
1515361075325	9.787	0.114	0.727
1515361075334	9.826	0.134	0.699
1515361075346	9.854	0.143	0.689
1515361075354	9.874	0.124	0.699
1515361075365	9.912	0.143	0.689
1515361075376	9.96	0.143	0.67
1515361075385	9.988	0.153	0.622
1515361075394	10.008	0.191	0.555
1515361075410	10.027	0.229	0.517
1515361075415	10.056	0.354	0.45
1515361075425	10.132	0.488	0.335
1515361075440	10.285	0.593	0.325
1515361075445	10.429	0.747	0.287
1515361075455	10.534	0.909	0.22
1515361075470	10.582	1.072	0.124
1515361075474	10.668	1.11	0.114
1515361075488	10.716	1.053	0.191
1515361075499	10.793	0.957	0.22
1515361075515	10.879	0.823	0.181
1515361075517	10.975	0.766	0.162
1515361075530	11.281	0.718	0.21
1515361075534	11.272	0.766	0.191
1515361075547	11.368	0.833	0.162
1515361075559	11.444	0.967	0.028
1515361075567	11.511	1.091	0.019
1515361075576	11.607	1.197	0.076
1515361075589	11.77	1.388	0.105
1515361075606	11.961	1.532	0.277
1515361075607	12.201	1.618	0.373
1515361075620	12.354	1.752	-0.009
1515361075625	12.354	2.02	-0.009
1515361075635	12.316	2.241	-0.134
1515361075650	12.067	2.423	-0.373
1515361075654	12.115	2.557	-0.373
1515361075669	11.923	2.652	-0.948
1515361075680	11.588	2.691	-0.948
1515361075695	11.233	2.681	-0.833
1515361075701	10.764	2.652	-0.833
1515361075710	10.19	2.537	-0.153
1515361075725	9.088	2.308	0.153
1515361075759	9.012	1.915	0.153
1515361075768	8.073	1.474	0.306
1515361075769	7.642	1.015	0.268
1515361075770	7.642	0.641	0.268
1515361075771	6.905	0.373	0.268
1515361075783	6.905	0.201	0.268
1515361075801	6.33	0.105	0.22
1515361075807	6.004	0.134	0.162
1515361075815	6.004	0.162	0.162
1515361075838	6.024	0.402	0.067
1515361075839	6.024	0.344	0.067
1515361075857	6.32	0.689	-0.038
1515361075864	6.608	0.909	-0.105
1515361075878	6.828	1.101	-0.086
1515361075891	6.828	1.312	0.047
1515361075897	7.096	1.618	0.095
1515361075905	7.096	1.561	0.095
1515361075918	7.527	1.618	0.153
1515361075924	7.527	1.656	0.153
1515361075937	8.226	1.838	0.172
1515361075961	8.226	1.733	0.181
1515361075962	8.964	1.944	0.134
1515361075966	8.964	1.944	-0.019
1515361075980	9.653	2.078	-0.191
1515361075984	9.96	2.078	-0.316
1515361075997	10.429	1.963	-0.402
1515361076043	10.889	1.963	-0.249
1515361076044	11.272	1.877	0.067
1515361076045	11.425	1.877	0.047
1515361076046	11.55	1.618	-0.287
1515361076046	11.693	1.618	-0.545
1515361076057	11.856	1.216	-0.498
1515361076067	11.981	1.216	-0.162
1515361076077	11.981	0.679	0.229
1515361076104	11.779	0.373	0.555
1515361076105	11.387	0.325	0.775
1515361076106	10.822	0.325	0.89
1515361076116	10.228	0.498	0.938
1515361076125	9.787	0.727	0.909
1515361076136	9.711	1.005	0.747
1515361076146	9.864	1.379	0.488
1515361076158	10.228	1.723	0.287
1515361076164	10.668	1.925	0.354
1515361076176	11.071	1.925	0.536
1515361076188	11.339	1.81	0.67
1515361076204	11.387	1.618	0.679
1515361076205	11.147	1.446	0.488
1515361076219	10.812	1.292	0.344
1515361076224	10.496	1.273	0.277
1515361076235	10.209	1.177	0.306
1515361076249	9.768	0.986	0.402
1515361076254	9.414	0.852	0.43
1515361076268	9.299	0.67	0.44
1515361076277	9.385	0.44	0.526
1515361076288	9.672	0.181	0.737
1515361076294	9.96	-0.009	0.871
1515361076310	10.18	-0.143	0.459
1515361076314	10.285	-0.086	0.459
1515361076325	10.343	0.143	0.057
1515361076341	10.467	0.402	-0.411
1515361076345	10.678	0.66	-0.411
1515361076356	10.879	0.861	-0.363
1515361076371	10.85	0.957	0.162
1515361076376	10.85	1.034	0.162
1515361076386	10.582	1.024	0.536
1515361076401	10.075	0.699	0.986
1515361076406	10.075	0.651	0.986
1515361076416	9.902	0.45	0.986
1515361076452	9.596	0.277	0.861
1515361076455	9.529	0.057	0.814
1515361076464	9.538	-0.057	0.727
1515361076466	9.577	-0.143	0.727
1515361076489	9.739	-0.191	0.651
1515361076494	9.835	-0.143	0.718
1515361076509	9.912	-0.076	0.833
1515361076519	9.941	0.019	0.833
1515361076527	9.912	0.105	0.823
1515361076536	9.902	0.153	0.823
1515361076549	9.941	0.019	0.699
1515361076554	9.979	0.153	0.699
1515361076567	9.998	0.124	0.536
1515361076579	9.998	0.076	0.536
1515361076587	9.988	0.028	0.411
1515361076595	10.027	-0.009	0.411
1515361076608	10.046	0.124	0.402
1515361076614	10.065	0.009	0.402
1515361076627	10.103	0.22	0.545
1515361076638	10.142	0.172	0.545
1515361076647	10.209	0.411	0.574
1515361076654	10.266	0.316	0.574
1515361076671	10.324	0.363	0.526
1515361076675	10.324	0.354	0.536
1515361076685	10.305	0.344	0.526
1515361076703	10.199	0.306	0.517
1515361076705	10.199	0.277	0.469
1515361076716	10.17	0.191	0.469
1515361076730	10.123	0.124	0.469
1515361076734	10.084	0.028	0.488
1515361076746	10.008	-0.076	0.536
1515361076762	10.008	-0.124	0.574
1515361076765	9.998	-0.143	0.574
1515361076776	9.921	-0.153	0.603
1515361076791	9.921	-0.134	0.641
1515361076795	9.835	-0.114	0.67
1515361076806	9.854	-0.086	0.689
1515361076821	9.854	-0.086	0.737
1515361076825	9.874	-0.047	0.785
1515361076836	9.902	-0.019	0.766
1515361076850	9.921	-0.019	0.747
1515361076855	9.96	-0.038	0.756
1515361076866	9.988	-0.076	0.727
1515361076881	10.017	-0.114	0.718
1515361076885	10.036	-0.181	0.689
1515361076896	10.046	-0.21	0.699
1515361076908	10.036	-0.249	0.718
1515361076918	10.027	-0.258	0.747
1515361076925	10.017	-0.277	0.775
1515361076941	9.969	-0.316	0.794
1515361076944	9.941	-0.335	0.766
1515361076957	9.912	-0.325	0.727
1515361076971	9.902	-0.306	0.727
1515361076977	9.874	-0.296	0.689
1515361076986	9.854	-0.229	0.67
1515361077004	9.845	-0.172	0.679
1515361077017	9.835	-0.047	0.727
1515361077031	9.893	0.019	0.737
1515361077034	9.912	0.028	0.785
1515361077047	9.931	0.047	0.766
1515361077057	9.941	0.0	0.775
1515361077067	9.921	-0.047	0.766
1515361077076	9.912	-0.076	0.775
1515361077093	9.73	-0.114	0.775
1515361077094	9.826	-0.134	0.727
1515361077108	9.778	-0.162	0.718
1515361077116	9.73	-0.162	0.708
1515361077127	9.72	-0.172	0.689
1515361077155	9.73	-0.134	0.699
1515361077160	9.826	-0.095	0.727
1515361077167	9.921	-0.057	0.737
1515361077171	9.988	-0.047	0.727
1515361077186	10.036	-0.028	0.699
1515361077187	10.113	-0.038	0.718
1515361077201	10.113	-0.047	0.699
1515361077212	10.123	-0.038	0.66
1515361077216	10.132	-0.047	0.66
1515361077233	10.123	-0.019	0.651
1515361077245	10.075	0.028	0.565
1515361077247	10.075	0.095	0.565
1515361077259	10.257	0.239	0.488
1515361077265	10.209	0.383	0.488
1515361077278	10.534	0.584	0.229
1515361077288	10.544	0.794	0.287
1515361077302	10.87	1.101	-0.009
1515361077304	10.87	1.139	-0.009
1515361077322	11.042	1.407	-0.086
1515361077331	11.31	1.637	-0.038
1515361077334	11.253	1.79	-0.038
1515361077348	11.588	1.896	0.076
1515361077354	11.684	1.886	0.076
1515361077367	12.23	1.8	0.076
1515361077377	12.23	1.819	0.076
1515361077390	12.402	1.925	0.316
1515361077394	12.402	1.857	0.316
1515361077408	12.421	1.723	0.296
1515361077414	12.421	1.541	0.296
1515361077427	12.153	1.254	0.383
1515361077436	12.153	1.024	0.383
1515361077453	11.415	0.718	0.402
1515361077456	10.956	0.756	0.287
1515361077467	10.975	0.766	0.287
1515361077483	10.046	0.833	0.258
1515361077498	9.634	1.063	0.009
1515361077513	9.213	1.379	-0.028
1515361077528	8.791	1.695	-0.086
1515361077546	8.542	1.762	0.019
1515361077558	8.178	1.8	0.172
1515361077575	7.92	1.79	0.239
1515361077588	7.604	1.771	0.181
1515361077606	7.451	1.503	0.134
1515361077618	7.144	1.063	-0.009
1515361077636	7.077	0.89	-0.134
1515361077649	7.163	0.622	-0.229
1515361077664	7.316	0.488	-0.268
1515361077679	7.537	0.45	-0.373
1515361077695	7.632	0.517	-0.143
1515361077709	7.738	0.632	-0.086
1515361077726	7.805	0.66	-0.028
1515361077728	7.891	0.737	-0.038
1515361077739	7.939	0.861	-0.028
1515361077756	8.13	1.082	0.057
1515361077770	8.188	1.608	0.095
1515361077787	8.715	1.819	-0.191
1515361077801	9.194	2.106	-0.134
1515361077825	9.72	2.279	0.028
1515361077827	10.305	2.403	0.143
1515361077829	10.87	2.461	0.21
1515361077835	11.253	2.461	0.191
1515361077845	11.233	2.394	0.143
1515361077857	10.975	2.221	0.067
1515361077873	10.745	1.915	-0.076
1515361077887	10.764	1.723	0.086
1515361077901	10.85	1.58	0.622
1515361077905	10.841	1.513	0.622
1515361077917	10.793	1.417	0.66
1515361077938	10.64	1.273	0.44
1515361077957	10.64	1.139	0.44
1515361077959	10.391	1.13	0.277
1515361077961	9.874	1.149	-0.019
1515361077966	9.874	1.216	-0.019
1515361077975	9.912	1.359	-0.124
1515361077996	10.237	1.57	0.162
1515361078000	10.324	1.752	0.162
1515361078014	10.573	1.608	0.794
1515361078016	10.573	1.647	0.794
1515361078033	10.64	1.398	1.043
1515361078041	10.582	1.177	0.948
1515361078055	10.515	1.072	0.948
1515361078068	10.63	1.072	0.469
1515361078069	10.525	1.053	0.469
1515361078083	10.764	1.034	0.316
1515361078085	10.745	0.948	0.316
1515361078098	10.841	0.766	0.632
1515361078112	10.707	0.526	0.804
1515361078114	10.745	0.296	0.804
1515361078134	10.525	0.143	0.804
1515361078143	9.931	0.143	0.488
1515361078145	10.008	0.181	0.488
1515361078159	9.787	0.249	0.268
1515361078164	9.787	0.306	0.268
1515361078176	9.883	0.373	0.392
1515361078187	10.017	0.354	0.392
1515361078196	10.056	0.316	0.928
1515361078204	10.036	0.258	0.861
1515361078218	9.912	0.201	1.197
1515361078236	9.826	0.153	1.225
1515361078246	9.701	0.124	1.225
1515361078255	9.634	0.086	1.082
1515361078265	9.625	0.028	1.082
1515361078278	9.787	-0.009	1.034
1515361078293	9.96	-0.067	0.957
1515361078295	10.113	-0.134	0.881
1515361078308	10.247	-0.229	0.842
1515361078321	10.314	-0.229	0.871
1515361078324	10.314	-0.21	0.89
1515361078337	10.285	-0.153	0.89
1515361078344	10.065	0.0	0.9
1515361078355	10.056	0.258	0.957
1515361078367	10.056	0.181	0.996
1515361078375	9.96	0.392	0.996
1515361078384	9.912	0.325	0.938
1515361078398	9.874	0.383	0.861
1515361078404	9.912	0.383	0.794
1515361078415	9.979	0.363	0.718
1515361078427	10.036	0.181	0.67
1515361078435	10.084	0.268	0.622
1515361078444	10.123	0.028	0.632
1515361078460	10.113	0.028	0.612
1515361078465	10.094	-0.047	0.603
1515361078476	10.084	-0.114	0.641
1515361078491	10.084	-0.181	0.622
1515361078505	9.979	-0.181	0.565
1515361078522	9.921	-0.162	0.536
1515361078534	9.749	-0.105	0.488
1515361078549	9.663	-0.086	0.526
1515361078554	9.615	-0.105	0.584
1515361078567	9.586	-0.086	0.689
1515361078577	9.577	-0.057	0.699
1515361078596	9.567	-0.047	0.708
1515361078597	9.577	-0.019	0.718
1515361078609	9.577	0.028	0.737
1515361078627	9.596	0.095	0.756
1515361078640	9.711	0.22	0.785
1515361078682	9.759	0.21	0.852
1515361078700	9.883	0.057	0.871
1515361078710	9.96	-0.019	0.833
1515361078714	9.988	-0.057	0.833
1515361078719	10.046	-0.105	0.632
1515361078723	10.123	-0.134	0.718
1515361078731	10.199	-0.105	0.584
1515361078732	10.314	-0.086	0.498
1515361078740	10.448	-0.076	0.507
1515361078751	10.544	-0.086	0.517
1515361078761	10.563	-0.134	0.545
1515361078764	10.525	-0.134	0.545
1515361078785	10.429	-0.172	0.526
1515361078793	10.305	-0.181	0.526
1515361078797	10.218	-0.191	0.536
1515361078811	10.123	-0.229	0.536
1515361078816	10.084	-0.277	0.555
1515361078842	10.008	-0.325	0.574
1515361078846	10.008	-0.325	0.574
1515361078852	9.96	-0.325	0.603
1515361078884	9.921	-0.287	0.574
1515361078886	10.017	-0.229	0.469
1515361078892	9.874	-0.181	0.469
1515361078895	9.864	-0.114	0.392
1515361078895	9.845	-0.057	0.392
1515361078912	9.835	0.028	0.392
1515361078915	9.816	0.076	0.392
1515361078932	9.759	0.143	0.469
1515361078942	9.759	0.143	0.478
1515361078953	9.787	0.162	0.507
1515361078955	9.787	0.124	0.507
1515361078968	9.902	0.086	0.536
1515361078983	9.969	0.057	0.545
1515361078984	9.969	0.0	0.545
1515361078998	10.027	-0.028	0.545
1515361079014	10.151	-0.047	0.498
1515361079015	10.151	-0.057	0.498
1515361079029	10.333	0.038	0.478
1515361079047	10.477	0.268	0.45
1515361079056	10.477	0.229	0.45
1515361079067	10.448	0.172	0.392
1515361079074	10.448	0.306	0.335
1515361079088	10.314	0.229	0.325
1515361079094	10.314	0.229	0.306
1515361079107	10.142	0.335	0.258
1515361079119	10.142	0.335	0.229
1515361079128	10.209	0.536	0.22
1515361079136	10.276	0.536	0.191
1515361079149	10.362	0.689	0.21
1515361079164	10.448	1.139	0.229
1515361079166	10.534	1.446	0.306
1515361079179	10.649	1.426	0.402
1515361079194	10.783	1.867	0.545
1515361079196	10.984	1.972	0.469
1515361079209	11.358	2.126	0.22
1515361079224	11.875	1.972	0.124
1515361079226	12.364	1.743	-0.191
1515361079239	12.718	1.589	-0.593
1515361079255	13.024	1.532	-0.43
1515361079269	13.417	1.455	-0.507
1515361079287	13.637	1.206	-0.919
1515361079288	13.743	0.852	-1.177
1515361079299	13.599	0.545	-0.986
1515361079314	13.226	0.43	-0.536
1515361079316	12.517	0.565	-0.105
1515361079329	11.54	0.967	0.229
1515361079344	10.496	1.417	0.536
1515361079346	9.567	1.733	0.871
1515361079381	8.83	1.944	0.986
1515361079388	8.236	1.972	0.708
1515361079389	7.757	1.838	0.651
1515361079391	7.393	1.666	0.392
1515361079403	7.106	1.503	0.162
1515361079407	6.933	1.359	-0.028
1515361079419	6.818	1.206	-0.21
1515361079425	6.665	1.101	-0.344
1515361079437	6.502	0.986	-0.402
1515361079448	6.292	0.852	-0.43
1515361079456	6.129	0.727	-0.316
1515361079464	5.995	0.66	-0.095
1515361079492	5.88	0.603	0.22
1515361079494	5.88	0.632	0.354
1515361079527	6.129	0.708	0.383
1515361079532	6.11	0.804	0.383
1515361079537	6.292	0.881	0.316
1515361079539	6.531	0.957	0.201
1515361079550	6.885	0.996	-0.028
1515361079557	7.202	1.053	0.009
1515361079570	7.767	1.187	-0.124
1515361079574	7.767	1.407	-0.124
1515361079588	8.121	1.589	0.143
1515361079598	8.485	1.8	0.134
1515361079607	8.849	1.925	0.239
1515361079614	9.222	1.905	0.325
1515361079629	10.017	1.704	0.66
1515361079634	10.017	1.771	0.66
1515361079647	10.439	1.666	0.603
1515361079658	10.917	1.647	0.603
1515361079667	11.368	1.81	0.421
1515361079674	11.617	2.097	0.43
1515361079689	12.095	2.26	-0.028
1515361079694	12.095	2.288	-0.028
1515361079707	12.507	2.164	-0.067
1515361079718	12.842	1.848	0.086
1515361079726	12.948	1.379	0.229
1515361079734	12.747	1.292	0.21
1515361079750	11.923	1.072	0.21
1515361079767	10.534	1.082	0.143
1515361079779	10.621	1.187	0.143
1515361079786	9.998	1.264	0.019
1515361079796	9.471	1.292	0.019
1515361079817	8.81	1.359	0.143
1515361079818	8.657	1.426	0.421
1515361079824	8.734	1.446	0.881
1515361079839	8.849	1.254	1.283
1515361079844	8.849	1.292	1.589
1515361079858	9.04	0.919	1.666
1515361079869	9.04	0.823	1.561
1515361079877	9.625	0.45	1.426
1515361079884	9.625	0.45	1.197
1515361079899	10.467	0.153	0.967
1515361079904	10.927	0.153	0.794
1515361079920	11.099	-0.191	0.679
1515361079930	11.099	-0.191	0.651
1515361079937	11.243	-0.354	0.469
1515361079946	11.138	-0.201	0.143
1515361079964	10.994	-0.114	-0.143
1515361079976	10.774	0.459	0.057
1515361079991	10.678	0.718	0.306
1515361079995	10.611	0.871	0.612
1515361080012	10.496	0.833	0.852
1515361080025	10.343	0.756	0.948
1515361080038	9.921	0.45	1.254
1515361080060	9.653	0.229	1.321
1515361080070	9.28	-0.181	1.245
1515361080082	9.213	-0.402	1.216
1515361080102	9.395	-0.66	1.13
1515361080118	9.557	-0.66	1.053
1515361080120	9.826	-0.574	0.919
1515361080130	10.075	-0.469	0.852
1515361080144	10.266	-0.344	0.804
1515361080155	10.439	-0.229	0.804
1515361080170	10.563	-0.086	0.756
1515361080178	10.506	-0.047	0.794
1515361080188	10.41	-0.028	0.814
1515361080202	10.343	-0.028	0.804
1515361080204	10.237	-0.038	0.775
1515361080218	10.199	-0.067	0.718
1515361080229	10.19	-0.134	0.641
1515361080244	10.218	-0.181	0.622
1515361080258	10.295	-0.21	0.622
1515361080268	10.285	-0.191	0.651
1515361080274	10.209	-0.153	0.718
1515361080289	10.123	-0.124	0.814
1515361080294	9.998	-0.086	0.861
1515361080307	9.874	-0.057	0.919
1515361080318	9.768	-0.086	0.986
1515361080327	9.692	-0.086	0.996
1515361080336	9.653	-0.124	1.024
1515361080352	9.672	-0.191	0.976
1515361080355	9.672	-0.239	0.976
1515361080366	9.72	-0.277	0.948
1515361080381	9.931	-0.354	0.814
1515361080385	9.931	-0.411	0.814
1515361080396	10.017	-0.478	0.794
1515361080412	10.094	-0.526	0.747
1515361080415	10.142	-0.555	0.747
1515361080429	10.17	-0.536	0.804
1515361080442	10.132	-0.488	0.804
1515361080445	10.094	-0.383	0.861
1515361080456	10.027	-0.268	0.89
1515361080471	9.998	-0.181	0.919
1515361080475	9.95	-0.114	0.967
1515361080486	9.931	-0.086	0.957
1515361080502	9.921	-0.086	0.976
1515361080505	9.902	-0.105	0.976
1515361080516	9.883	-0.162	0.967
1515361080531	9.854	-0.21	0.967
1515361080534	9.807	-0.239	0.996
1515361080546	9.787	-0.249	0.986
1515361080561	9.778	-0.249	0.986
1515361080565	9.768	-0.287	0.948
1515361080576	9.759	-0.306	0.948
1515361080591	9.73	-0.344	0.948
1515361080595	9.72	-0.325	0.957
1515361080606	9.749	-0.325	1.015
1515361080621	9.749	-0.306	1.015
1515361080625	9.768	-0.306	0.948
1515361080636	9.797	-0.296	0.957
1515361080652	9.835	-0.277	0.967
1515361080661	9.874	-0.277	0.957
1515361080670	9.883	-0.296	0.938
1515361080682	9.902	-0.363	0.919
1515361080685	9.893	-0.363	0.919
1515361080696	9.874	-0.411	0.938
1515361080712	9.893	-0.402	0.957
1515361080715	9.912	-0.402	0.986
1515361080727	9.921	-0.383	0.986
1515361080742	9.921	-0.335	0.986
1515361080745	9.931	-0.181	0.976
1515361080757	9.95	-0.268	1.015
1515361080772	9.96	-0.239	1.034
1515361080788	9.96	-0.249	1.043
1515361080804	9.979	-0.268	1.043
1515361080839	9.931	-0.316	1.005
1515361080843	9.921	-0.316	0.976
1515361080847	9.921	-0.363	0.967
1515361080850	9.912	-0.344	0.986
1515361080861	9.921	-0.335	0.986
1515361080867	9.902	-0.325	0.986
1515361080876	9.921	-0.277	0.996
1515361080892	9.902	-0.249	1.024
1515361080897	9.883	-0.191	1.043
1515361080912	9.845	-0.172	1.053
1515361080917	9.845	-0.124	1.063
1515361080928	9.864	-0.114	1.082
1515361080935	9.864	-0.124	1.072
1515361080951	9.912	-0.124	1.063
1515361080954	9.921	-0.134	1.072
1515361080968	9.921	-0.124	1.101
1515361080974	9.931	-0.153	1.072
1515361080987	9.96	-0.162	1.043
1515361080995	9.95	-0.191	1.034
1515361081010	9.96	-0.201	1.024
1515361081014	9.979	-0.191	1.034
1515361081027	9.988	-0.201	1.034
1515361081034	10.036	-0.201	1.005
1515361081047	10.065	-0.249	0.957
1515361081055	10.094	-0.249	0.871
1515361081070	10.056	-0.21	0.871
1515361081074	10.027	-0.162	0.852
1515361081087	9.941	-0.047	0.852
1515361081094	9.902	0.095	0.842
1515361081106	9.902	0.22	0.881
1515361081117	9.979	0.306	0.919
1515361081132	10.046	0.354	0.919
1515361081135	10.142	0.392	0.909
1515361081147	10.209	0.44	0.785
1515361081162	10.63	0.45	0.526
1515361081165	10.496	0.402	0.526
1515361081177	10.726	0.411	0.383
1515361081192	11.099	0.488	0.162
1515361081195	11.138	0.584	0.162
1515361081207	11.281	0.699	0.172
1515361081222	11.55	0.871	0.191
1515361081225	11.454	1.072	0.191
1515361081237	11.492	1.292	0.191
1515361081252	11.31	1.484	0.335
1515361081255	11.377	1.589	0.335
1515361081267	11.368	1.551	0.632
1515361081283	11.559	1.369	0.986
1515361081297	11.77	0.919	1.063
1515361081312	12.105	0.756	0.996
1515361081315	12.105	0.794	0.842
1515361081327	12.143	0.948	0.785
1515361081343	12.076	1.091	0.172
1515361081345	12.076	1.101	-0.134
1515361081359	11.559	1.091	-0.114
1515361081364	11.559	1.12	0.038
1515361081378	10.525	0.938	0.258
1515361081388	10.525	1.034	0.555
1515361081399	9.04	0.814	0.737
1515361081407	9.04	0.919	0.766
1515361081419	7.623	0.756	0.785
1515361081424	7.623	0.756	0.794
1515361081438	6.464	0.44	0.737
1515361081449	6.158	0.44	0.545
1515361081459	5.765	0.172	0.277
1515361081467	5.602	0.172	0.162
1515361081479	5.487	0.019	0.153
1515361081485	5.43	0.019	0.124
1515361081518	5.564	0.038	0.067
1515361081523	5.87	0.038	0.249
1515361081529	6.186	0.028	0.335
1515361081534	6.445	0.028	0.277
1515361081538	6.665	0.038	0.21
1515361081545	6.953	0.038	0.172
1515361081561	7.364	0.44	0.21
1515361081568	7.594	0.478	0.325
1515361081582	7.824	0.756	0.45
1515361081584	8.054	0.976	0.603
1515361081597	8.255	1.101	0.603
1515361081604	8.561	1.177	0.469
1515361081616	9.021	1.273	0.383
1515361081626	9.557	1.359	0.325
1515361081635	10.075	1.379	0.402
1515361081644	10.554	1.302	0.612
1515361081658	10.917	1.225	0.66
1515361081664	11.004	1.168	0.498
1515361081675	10.803	1.177	0.21
1515361081685	10.573	1.101	-0.239
1515361081695	10.678	0.976	-0.689
1515361081704	11.052	0.909	-0.727
1515361081717	11.578	0.938	-0.201
1515361081724	12.095	1.005	0.622
1515361081735	12.536	0.938	1.187
1515361081748	12.728	0.785	1.264
1515361081755	12.526	0.603	1.101
1515361081765	12.076	0.44	1.005
1515361081778	11.588	0.392	0.871
1515361081784	11.348	0.45	0.526
1515361081796	11.53	0.603	0.181
1515361081808	12.076	0.833	0.143
1515361081822	12.469	0.804	0.555
1515361081841	12.68	0.67	1.264
1515361081842	12.603	0.172	1.494
1515361081845	11.952	-0.277	1.494
1515361081855	11.214	-0.469	0.756
1515361081870	10.094	-0.612	0.143
1515361081874	10.094	-0.67	0.143
1515361081888	9.672	-0.699	0.402
1515361081899	9.337	-0.689	0.536
1515361081913	9.021	-0.737	0.536
1515361081915	8.782	-0.814	0.689
1515361081928	8.542	-0.89	0.823
1515361081943	8.207	-0.928	1.101
1515361081945	8.284	-0.948	1.101
1515361081958	8.351	-0.871	1.436
1515361081973	8.59	-0.727	1.417
1515361081981	8.59	-0.488	1.417
1515361081989	9.127	-0.21	1.302
1515361082003	9.596	0.067	1.187
1515361082005	9.577	0.239	1.187
1515361082018	10.075	0.316	1.072
1515361082035	10.889	0.354	0.612
1515361082050	11.435	0.316	0.21
1515361082067	11.569	0.258	0.258
1515361082080	11.406	0.162	0.411
1515361082093	11.406	-0.105	0.593
1515361082095	11.138	-0.038	0.593
1515361082110	10.496	-0.067	1.034
1515361082115	10.496	-0.134	1.034
1515361082127	9.807	-0.296	1.264
1515361082139	9.739	-0.296	1.264
1515361082154	9.127	-0.402	1.312
1515361082155	9.203	-0.402	1.321
1515361082170	9.04	-0.411	1.321
1515361082184	9.117	-0.488	1.264
1515361082186	9.117	-0.574	1.177
1515361082219	9.414	-0.66	1.12
1515361082227	9.548	-0.794	1.034
1515361082230	9.701	-0.794	0.967
1515361082232	9.816	-0.804	0.909
1515361082247	9.931	-0.747	0.871
1515361082252	9.931	-0.747	0.881
1515361082263	10.084	-0.612	0.9
1515361082265	10.123	-0.612	0.948
1515361082278	10.151	-0.459	1.005
1515361082288	10.17	-0.459	1.082
1515361082302	10.18	-0.344	1.082
1515361082304	10.17	-0.344	1.034
1515361082318	10.161	-0.268	0.986
1515361082326	10.132	-0.268	0.9
1515361082338	10.142	-0.268	0.852
1515361082348	10.113	-0.277	0.814
1515361082358	10.103	-0.296	0.833
1515361082365	10.084	-0.306	0.861
1515361082379	10.075	-0.306	0.909
1515361082384	10.056	-0.296	0.928
1515361082397	10.017	-0.277	0.948
1515361082406	9.941	-0.268	0.976
1515361082422	9.864	-0.258	0.986
1515361082424	9.807	-0.239	0.986
1515361082438	9.768	-0.229	0.986
1515361082444	9.739	-0.229	0.967
1515361082457	9.711	-0.249	0.967
1515361082466	9.711	-0.268	0.957
1515361082476	9.739	-0.287	0.976
1515361082484	9.778	-0.316	0.976
1515361082497	9.826	-0.325	0.996
1515361082504	9.864	-0.354	0.967
1515361082517	9.921	-0.363	0.957
1515361082529	10.008	-0.373	0.976
1515361082537	10.027	-0.363	0.996
1515361082545	10.046	-0.363	1.015
1515361082559	10.027	-0.383	0.996
1515361082564	10.027	-0.383	0.948
1515361082576	10.008	-0.421	0.928
1515361082589	10.017	-0.459	0.938
1515361082595	9.979	-0.526	0.948
1515361082605	9.941	-0.584	0.976
1515361082619	9.893	-0.651	1.005
1515361082624	9.864	-0.689	1.053
1515361082636	9.835	-0.747	1.082
1515361082648	9.826	-0.785	1.101
1515361082655	9.835	-0.775	1.11
1515361082665	9.893	-0.775	1.139
1515361082678	9.912	-0.747	1.158
1515361082684	9.921	-0.747	1.139
1515361082696	9.941	-0.727	1.101
1515361082709	9.96	-0.679	1.082
1515361082715	9.969	-0.66	1.034
1515361082725	9.941	-0.603	1.024
1515361082739	9.921	-0.555	1.024
1515361082744	9.874	-0.526	1.034
1515361082755	9.845	-0.498	1.063
1515361082770	9.835	-0.459	1.034
1515361082775	9.835	-0.43	1.034
1515361082785	9.826	-0.383	1.024
1515361082800	9.816	-0.373	0.986
1515361082804	9.816	-0.363	0.986
1515361082815	9.854	-0.316	0.976
1515361082830	9.893	-0.316	1.005
1515361082834	9.893	-0.296	1.005
1515361082848	9.902	-0.316	1.043
1515361082856	9.902	-0.335	1.043
1515361082872	9.883	-0.354	1.072
1515361082892	9.883	-0.392	1.072
1515361082895	9.797	-0.459	1.091
1515361082898	9.797	-0.478	1.091
1515361082917	9.768	-0.498	1.053
1515361082919	9.749	-0.459	1.053
1515361082927	9.931	-0.325	0.948
1515361082935	9.874	-0.325	0.919
1515361082949	10.113	-0.134	0.919
1515361082954	10.113	-0.134	0.909
1515361082965	10.314	-0.057	0.89
1515361082979	10.314	0.095	0.823
1515361082985	10.707	0.249	0.708
1515361082996	11.013	0.45	0.708
1515361083008	11.166	0.718	0.593
1515361083014	11.32	0.67	0.354
1515361083025	11.559	0.823	0.229
1515361083039	11.789	0.881	0.143
1515361083045	12.019	0.871	0.076
1515361083054	12.095	0.871	0.086
1515361083069	12.048	1.11	0.296
1515361083074	12.019	1.11	0.555
1515361083085	12.105	1.264	0.545
1515361083097	12.325	1.513	0.574
1515361083105	12.517	1.388	0.737
1515361083115	12.632	1.446	0.67
1515361083130	12.622	1.513	0.632
1515361083134	12.507	1.446	0.651
1515361083147	12.277	1.254	0.507
1515361083161	12.038	1.053	0.306
1515361083166	11.732	0.89	0.076
1515361083179	11.301	0.708	-0.047
1515361083190	10.803	0.545	0.095
1515361083194	10.18	0.402	0.287
1515361083205	9.395	0.363	0.44
1515361083219	8.629	0.354	0.478
1515361083225	7.91	0.344	0.555
1515361083235	7.249	0.316	0.622
1515361083248	6.665	0.258	0.737
1515361083258	6.071	0.162	0.804
1515361083265	5.602	0.134	0.766
1515361083282	5.123	0.201	0.478
1515361083295	5.095	0.44	0.316
1515361083312	5.324	0.498	0.086
1515361083327	5.842	0.766	0.057
1515361083343	6.905	0.976	0.201
1515361083356	7.211	0.842	0.105
1515361083373	7.872	0.814	-0.086
1515361083386	8.169	0.833	-0.038
1515361083402	8.81	1.13	-0.047
1515361083417	9.098	1.494	-0.105
1515361083432	9.481	2.049	-0.114
1515361083447	9.672	2.26	-0.019
1515361083462	10.362	2.557	0.134
1515361083477	10.822	2.7	0.287
1515361083493	11.607	2.566	0.373
1515361083507	11.751	2.288	0.249
1515361083522	11.377	1.455	-0.047
1515361083537	11.013	1.053	-0.249
1515361083553	10.649	0.584	-0.325
1515361083567	10.64	0.536	-0.114
1515361083586	10.707	0.507	0.526
1515361083600	10.601	0.651	0.89
1515361083613	9.96	0.986	0.928
1515361083627	9.596	1.206	0.727
1515361083643	9.395	1.388	0.727
1515361083656	9.596	1.465	1.197
1515361083672	10.247	1.235	1.417
1515361083687	10.668	0.928	1.608
1515361083725	10.745	0.344	1.455
1515361083736	10.917	0.143	0.66
1515361083744	10.917	-0.124	0.411
1515361083748	10.917	-0.124	0.373
1515361083751	10.965	-0.172	0.43
1515361083755	10.965	-0.172	0.459
1515361083767	10.391	-0.268	0.411
1515361083778	10.084	-0.268	0.373
1515361083794	9.807	-0.047	0.43
1515361083797	9.605	-0.047	0.584
1515361083808	9.577	0.047	0.727
1515361083823	9.711	0.114	0.948
1515361083835	9.893	0.114	1.101
1515361083853	10.017	0.114	1.197
1515361083854	10.103	-0.114	1.302
1515361083855	10.123	-0.268	1.379
1515361083868	10.113	-0.421	1.398
1515361083880	10.094	-0.574	1.388
1515361083887	10.075	-0.718	1.379
1515361083896	10.065	-0.823	1.369
1515361083913	9.998	-0.881	1.264
1515361083915	9.979	-0.833	1.149
1515361083925	9.988	-0.794	1.091
1515361083940	9.969	-0.727	1.11
1515361083951	9.931	-0.612	1.082
1515361083957	9.902	-0.517	1.043
1515361083969	9.941	-0.43	1.063
1515361083977	9.988	-0.344	1.063
1515361083989	10.008	-0.258	1.072
1515361084001	10.017	-0.229	1.024
1515361084004	9.998	-0.191	0.909
1515361084019	10.027	-0.181	0.756
1515361084037	10.247	-0.181	0.622
1515361084047	10.237	-0.249	0.574
1515361084060	10.237	-0.229	0.555
1515361084064	10.17	-0.229	0.574
1515361084081	10.056	-0.21	0.766
1515361084090	9.941	-0.172	0.689
1515361084094	9.835	-0.134	0.766
1515361084105	9.759	-0.114	0.842
1515361084120	9.701	-0.076	0.967
1515361084127	9.692	-0.067	1.015
1515361084135	9.672	-0.067	1.072
1515361084154	9.682	-0.105	1.082
1515361084157	9.739	-0.162	1.072
1515361084167	9.854	-0.201	1.043
1515361084182	9.941	-0.287	1.043
1515361084185	10.008	-0.344	0.967
1515361084195	10.056	-0.421	0.986
1515361084207	10.084	-0.411	1.015
1515361084214	10.113	-0.459	1.063
1515361084225	10.142	-0.478	1.091
1515361084234	10.151	-0.488	1.158
1515361084245	10.113	-0.498	1.206
1515361084255	10.075	-0.507	1.197
1515361084274	10.046	-0.488	1.197
1515361084276	10.017	-0.45	1.177
1515361084286	10.017	-0.411	1.149
1515361084300	9.979	-0.411	1.149
1515361084308	9.969	-0.402	1.168
1515361084316	9.96	-0.411	1.168
1515361084331	10.036	-0.392	1.101
1515361084336	10.036	-0.363	1.101
1515361084348	10.151	-0.325	1.082
1515361084357	10.151	-0.335	1.082
1515361084367	10.142	-0.335	1.034
1515361084376	10.113	-0.354	1.034
1515361084392	10.065	-0.363	0.976
1515361084414	10.017	-0.373	0.976
1515361084419	9.941	-0.392	0.928
1515361084421	9.941	-0.373	0.928
1515361084434	9.921	-0.363	0.909
1515361084436	9.912	-0.335	0.909
1515361084454	9.902	-0.296	0.842
1515361084460	9.912	-0.277	0.842
1515361084469	9.864	-0.191	0.823
1515361084486	9.816	-0.105	0.737
1515361084499	9.797	-0.105	0.756
1515361084523	9.749	0.047	0.823
1515361084525	9.749	0.047	0.89
1515361084527	9.854	0.22	0.919
1515361084541	10.008	0.22	0.928
1515361084548	10.065	0.296	0.948
1515361084556	10.065	0.296	0.967
1515361084571	10.084	0.287	0.957
1515361084574	10.065	0.229	0.948
1515361084586	10.017	0.153	0.957
1515361084594	9.979	0.153	0.957
1515361084606	9.941	0.095	0.957
1515361084615	9.921	0.086	0.948
1515361084631	9.854	0.047	0.967
1515361084634	9.864	-0.105	0.919
1515361084647	9.826	-0.057	0.919
1515361084654	9.826	-0.057	0.881
1515361084666	9.835	-0.114	0.9
1515361084677	9.835	-0.095	0.957
1515361084692	9.854	-0.086	1.005
1515361084695	9.797	-0.067	1.015
1515361084707	9.72	-0.086	1.043
1515361084721	9.596	-0.095	1.063
1515361084724	9.481	-0.114	1.043
1515361084738	9.414	-0.181	1.063
1515361084744	9.385	-0.229	1.053
1515361084757	9.423	-0.277	1.072
1515361084767	9.519	-0.306	1.091
1515361084782	9.797	-0.316	1.101
1515361084786	9.759	-0.296	1.101
1515361084796	9.883	-0.268	1.063
1515361084810	9.979	-0.239	1.043
1515361084814	10.056	-0.21	1.034
1515361084828	10.084	-0.134	0.996
1515361084834	10.075	-0.038	0.967
1515361084847	10.065	0.047	1.005
1515361084856	10.027	0.095	1.063
1515361084871	9.988	0.134	0.938
1515361084874	9.998	0.172	1.072
1515361084887	10.065	0.162	1.053
1515361084894	10.113	0.153	1.015
1515361084906	10.18	0.162	0.938
1515361084916	10.247	0.162	0.89
1515361084931	10.343	0.239	0.651
1515361084934	10.458	0.344	0.756
1515361084948	10.601	0.459	0.708
1515361084954	10.726	0.603	0.679
1515361084966	10.822	0.708	0.67
1515361084977	10.889	0.727	0.679
1515361084991	10.917	0.718	0.603
1515361084994	10.956	0.794	0.536
1515361085008	11.013	0.9	0.517
1515361085014	11.119	1.053	0.574
1515361085026	11.243	1.187	0.689
1515361085036	11.377	1.359	0.747
1515361085052	11.473	1.484	0.766
1515361085054	11.626	1.503	0.823
1515361085067	11.789	1.474	0.699
1515361085074	11.961	1.532	0.766
1515361085103	12.067	1.58	0.689
1515361085109	12.115	1.599	0.612
1515361085114	12.105	1.599	0.335
1515361085118	12.076	1.57	0.411
1515361085128	12.0	1.513	0.373
1515361085134	11.837	1.455	0.392
1515361085145	11.607	1.436	0.373
1515361085158	11.406	1.484	0.335
1515361085165	11.157	1.522	0.354
1515361085185	10.831	1.608	0.335
1515361085186	10.333	1.637	0.287
1515361085194	9.826	1.589	0.239
1515361085205	9.261	1.465	0.325
1515361085221	8.102	1.312	0.344
1515361085228	8.178	1.13	0.325
1515361085234	7.747	0.938	0.172
1515361085247	6.924	0.804	0.229
1515361085258	6.924	0.66	0.076
1515361085265	6.215	0.526	0.134
1515361085276	6.196	0.498	0.076
1515361085288	5.842	0.478	0.009
1515361085294	5.842	0.507	-0.057
1515361085307	5.784	0.766	-0.019
1515361085314	5.937	0.727	0.038
1515361085325	6.091	1.005	0.114
1515361085337	6.301	1.053	0.201
1515361085349	6.464	1.206	0.249
1515361085354	6.704	1.12	0.201
1515361085366	7.058	1.321	0.143
1515361085383	7.431	1.426	0.143
1515361085384	7.795	1.426	0.153
1515361085399	8.15	1.79	0.172
1515361085404	8.475	1.944	0.181
1515361085418	8.801	2.164	0.134
1515361085430	9.165	2.269	0.105
1515361085442	9.538	2.327	0.229
1515361085444	9.893	2.336	0.43
1515361085458	10.209	2.288	0.574
1515361085464	10.419	2.231	0.727
1515361085477	10.496	2.097	0.689
1515361085486	10.467	1.896	0.526
1515361085502	10.295	1.637	0.402
1515361085504	10.056	1.398	0.363
1515361085517	9.826	1.254	0.354
1515361085524	9.73	1.254	0.383
1515361085535	9.749	1.283	0.421
1515361085547	9.979	1.388	0.555
1515361085555	10.429	1.532	0.747
1515361085564	11.042	1.676	1.063
1515361085579	11.712	1.743	1.264
1515361085584	12.23	1.752	1.34
1515361085596	12.469	1.752	1.398
1515361085607	12.45	1.762	1.388
1515361085615	12.277	1.752	1.168
1515361085624	12.182	1.733	0.967
1515361085637	12.21	1.666	0.881
1515361085644	12.249	1.522	0.976
1515361085655	12.201	1.292	1.273
1515361085667	12.009	1.015	1.58
1515361085675	11.483	0.747	1.608
1515361085684	10.783	0.498	1.264
1515361085701	9.395	0.344	0.421
1515361085706	9.395	0.268	0.421
1515361085718	8.858	0.229	0.181
1515361085745	8.619	0.258	0.622
1515361085760	8.83	0.287	0.9
1515361085778	9.059	0.296	1.561
1515361085790	9.615	0.21	1.848
1515361085820	9.615	0.277	1.781
1515361085822	9.969	0.584	1.589
1515361085834	10.036	0.612	1.187
1515361085836	10.094	0.584	1.187
1515361085854	10.113	0.488	0.967
1515361085870	10.123	0.229	0.976
1515361085885	10.17	0.067	1.063
1515361085902	10.228	0.028	1.082
1515361085918	10.381	0.105	1.005
1515361085928	10.429	0.162	1.063
1515361085940	10.429	0.229	1.149
1515361085959	10.362	0.229	1.139
1515361085970	10.228	0.172	1.139
1515361085975	10.065	0.124	1.225
1515361085984	9.912	0.047	1.379
1515361086003	9.72	-0.095	1.484
1515361086014	9.692	-0.134	1.541
1515361086029	9.672	-0.181	1.426
1515361086034	9.672	-0.181	1.388
1515361086049	9.605	-0.191	1.379
1515361086056	9.605	-0.191	1.436
1515361086067	9.557	-0.191	1.446
1515361086075	9.711	-0.191	1.455
1515361086091	9.615	-0.201	1.522
1515361086095	9.672	-0.201	1.532
1515361086105	9.826	-0.153	1.57
1515361086119	9.883	-0.134	1.58
1515361086124	9.979	-0.134	1.503
1515361086141	10.056	-0.105	1.494
1515361086149	10.113	-0.105	1.417
1515361086154	10.17	-0.076	1.35
1515361086168	10.218	-0.019	1.254
1515361086177	10.218	-0.019	1.177
1515361086193	10.18	-0.009	1.101
1515361086194	10.151	0.143	1.12
1515361086210	10.084	0.038	1.11
1515361086214	10.027	0.086	1.139
1515361086231	9.931	0.095	1.197
1515361086238	9.854	0.134	1.245
1515361086244	9.778	0.134	1.292
1515361086257	9.749	0.124	1.302
1515361086267	9.73	0.153	1.359
1515361086283	9.73	0.124	1.541
1515361086298	9.73	0.124	1.369
1515361086314	9.749	0.134	1.312
1515361086315	9.778	0.134	1.254
1515361086329	9.807	0.143	1.225
1515361086334	9.816	0.162	1.216
1515361086349	9.807	0.172	1.235
1515361086357	9.807	0.21	1.273
1515361086367	9.816	0.21	1.292
1515361086375	9.854	0.239	1.331
1515361086392	9.912	0.296	1.312
1515361086395	9.95	0.306	1.302
1515361086404	9.96	0.287	1.292
1515361086420	9.969	0.268	1.264
1515361086424	9.941	0.258	1.264
1515361086438	9.921	0.258	1.292
1515361086448	9.912	0.287	1.273
1515361086460	9.921	0.316	1.225
1515361086465	9.941	0.325	1.206
1515361086480	9.95	0.325	1.254
1515361086484	9.95	0.296	1.254
1515361086495	9.893	0.277	1.273
1515361086510	9.634	0.21	1.254
1515361086514	9.701	0.143	1.254
1515361086528	9.605	0.086	1.264
1515361086537	9.548	0.038	1.312
1515361086561	9.51	0.0	1.302
1515361086574	9.5	-0.009	1.292
1515361086577	9.625	0.028	1.388
1515361086583	9.625	0.086	1.388
1515361086592	9.72	0.172	1.388
1515361086595	9.826	0.249	1.35
1515361086615	10.113	0.316	1.331
1515361086617	10.075	0.296	1.331
1515361086630	10.103	0.268	1.359
1515361086634	10.103	0.249	1.359
1515361086655	10.017	0.21	1.388
1515361086656	10.017	0.229	1.388
1515361086667	9.998	0.229	1.331
1515361086676	9.988	0.229	1.331
1515361086689	9.96	0.22	1.254
1515361086694	9.921	0.249	1.254
1515361086707	9.893	0.43	1.283
1515361086718	9.854	0.325	1.273
1515361086727	9.845	0.363	1.321
1515361086736	9.835	0.402	1.321
1515361086749	9.768	0.411	1.436
1515361086767	9.749	0.363	1.369
1515361086780	9.73	0.316	1.331
1515361086786	9.567	0.181	1.331
1515361086797	9.682	0.181	1.273
1515361086808	9.672	0.124	1.235
1515361086820	9.682	0.114	1.216
1515361086826	9.682	0.153	1.177
1515361086840	9.711	0.287	1.12
1515361086844	9.711	0.287	1.072
1515361086858	9.778	0.44	1.072
1515361086867	9.778	0.44	1.082
1515361086877	9.768	0.488	1.043
1515361086885	9.768	0.488	1.053
1515361086900	9.768	0.488	1.149
1515361086904	9.778	0.488	1.149
1515361086917	9.845	0.536	1.149
1515361086929	9.931	0.536	1.13
1515361086937	9.95	0.402	1.139
1515361086945	9.988	0.249	1.158
1515361086961	9.979	0.057	1.216
1515361086966	9.96	-0.076	1.273
1515361086978	9.883	-0.181	1.283
1515361086992	9.778	-0.229	1.245
1515361087005	9.711	-0.296	1.273
1515361087022	9.72	-0.306	1.283
1515361087036	9.893	-0.268	1.369
1515361087052	10.18	-0.172	1.359
1515361087068	10.352	0.047	1.254
1515361087083	10.688	0.124	1.034
1515361087096	10.812	0.296	0.948
1515361087112	10.831	0.325	0.737
1515361087127	10.735	0.392	0.689
1515361087162	10.621	0.43	0.679
1515361087163	10.496	0.498	0.679
1515361087167	10.439	0.584	0.708
1515361087174	10.429	0.679	0.814
1515361087175	10.515	0.766	0.852
1515361087188	10.678	0.852	0.814
1515361087196	10.879	0.967	0.823
1515361087207	11.099	1.082	0.881
1515361087214	11.339	1.187	0.919
1515361087229	11.712	1.235	0.833
1515361087234	11.741	1.273	0.9
1515361087247	11.837	1.292	0.9
1515361087260	11.885	1.235	1.053
1515361087267	12.038	1.024	1.177
1515361087276	12.316	0.842	1.034
1515361087299	12.526	0.526	0.612
1515361087313	12.747	0.555	0.612
1515361087315	12.737	0.679	0.488
1515361087319	12.584	0.766	0.325
1515361087335	12.335	0.794	0.086
1515361087337	11.913	0.852	0.038
1515361087349	11.243	0.928	0.134
1515361087356	10.534	1.091	0.392
1515361087368	9.787	1.225	0.612
1515361087374	9.069	1.264	0.708
1515361087385	8.36	1.245	0.66
1515361087398	7.728	1.12	0.593
1515361087422	7.173	0.967	0.565
1515361087423	6.713	0.804	0.45
1515361087429	6.368	0.584	0.373
1515361087440	5.937	0.421	0.258
1515361087445	5.822	0.383	0.498
1515361087461	5.765	0.411	0.392
1515361087470	5.736	0.44	0.325
1515361087474	5.851	0.459	0.316
1515361087486	5.985	0.498	0.354
1515361087500	6.186	0.612	0.45
1515361087505	6.541	0.794	0.555
1515361087517	6.895	0.794	0.536
1515361087530	7.077	0.785	0.0
1515361087534	7.192	0.814	0.0
1515361087545	7.364	0.957	-0.134
1515361087560	7.565	1.254	-0.086
1515361087564	7.872	1.656	0.019
1515361087574	8.236	1.992	0.191
1515361087592	8.59	2.26	0.287
1515361087595	8.954	2.451	0.306
1515361087606	9.768	2.547	0.383
1515361087623	9.768	2.662	0.363
1515361087625	10.381	2.681	0.277
1515361087638	10.592	2.566	0.354
1515361087654	10.745	2.442	0.536
1515361087656	10.889	2.308	0.775
1515361087667	11.08	2.174	0.9
1515361087684	11.387	2.068	0.699
1515361087686	11.655	1.829	0.488
1515361087697	11.885	1.628	0.153
1515361087716	11.894	1.292	0.009
1515361087717	11.655	1.254	-0.153
1515361087729	11.195	0.919	-0.21
1515361087745	10.707	0.919	-0.047
1515361087748	10.17	0.718	0.277
1515361087759	9.672	0.565	0.699
1515361087774	9.289	0.344	1.245
1515361087788	8.887	0.22	1.331
1515361087805	8.945	0.229	1.388
1515361087807	9.203	0.162	1.561
1515361087819	9.538	0.038	1.762
1515361087835	9.845	-0.191	2.049
1515361087848	10.151	-0.45	2.183
1515361087867	10.17	-0.392	2.298
1515361087890	11.339	0.0	1.446
1515361087894	12.153	0.067	1.446
1515361087907	12.957	-0.019	1.599
1515361087916	13.302	-0.258	1.58
1515361087927	13.302	-0.076	1.216
1515361087937	12.9	0.114	0.565
1515361087952	11.913	0.268	0.067
1515361087954	10.793	0.679	-0.344
1515361087967	10.18	1.043	-0.392
1515361087986	9.941	1.302	-0.22
1515361087988	9.864	1.35	0.124
1515361088000	9.711	1.292	0.651
1515361088036	9.414	1.177	1.11
1515361088045	9.05	1.024	1.522
1515361088049	8.705	0.823	1.848
1515361088056	8.408	0.555	2.106
1515361088061	8.111	0.277	2.221
1515361088064	7.91	0.028	2.241
1515361088067	7.862	-0.134	2.154
1515361088078	8.006	-0.268	1.838
1515361088092	8.37	-0.373	1.743
1515361088104	8.858	-0.498	1.13
1515361088108	9.404	-0.66	1.139
1515361088117	9.979	-0.756	0.967
1515361088133	10.85	-0.747	0.823
1515361088135	10.85	-0.66	0.823
1515361088152	11.09	-0.459	0.919
1515361088172	11.166	-0.22	1.254
1515361088176	11.166	0.009	1.254
1515361088179	10.994	0.22	1.474
1515361088196	10.496	0.363	1.599
1515361088197	10.496	0.421	1.599
1515361088208	10.199	0.45	1.388
1515361088214	9.998	0.373	1.388
1515361088232	9.778	0.22	1.12
1515361088238	9.634	0.047	1.197
1515361088254	9.548	-0.249	1.197
1515361088255	9.481	-0.22	1.197
1515361088267	9.433	-0.44	1.302
1515361088274	9.433	-0.344	1.302
1515361088286	9.443	-0.392	1.532
1515361088295	9.471	-0.373	1.407
1515361088312	9.49	-0.296	1.407
1515361088314	9.519	-0.239	1.398
1515361088326	9.548	-0.191	1.379
1515361088334	9.567	-0.162	1.379
1515361088345	9.577	-0.153	1.446
1515361088356	9.615	-0.153	1.436
1515361088371	9.835	-0.172	1.407
1515361088375	9.739	-0.21	1.254
1515361088386	9.902	-0.239	1.283
1515361088394	9.902	-0.229	1.245
1515361088405	10.065	-0.229	1.206
1515361088415	10.065	-0.21	1.149
1515361088431	10.247	-0.201	1.149
1515361088434	10.247	-0.191	1.139
1515361088446	10.285	-0.21	1.187
1515361088463	10.314	-0.22	1.245
1515361088465	10.276	-0.22	1.302
1515361088478	10.199	-0.268	1.292
1515361088496	10.094	-0.325	1.292
1515361088508	9.902	-0.402	1.321
1515361088526	9.826	-0.517	1.35
1515361088539	9.682	-0.555	1.369
1515361088557	9.644	-0.536	1.359
1515361088558	9.634	-0.507	1.359
1515361088571	9.634	-0.459	1.331
1515361088585	9.644	-0.411	1.312
1515361088599	9.72	-0.268	1.292
1515361088616	9.787	-0.21	1.331
1515361088618	9.874	-0.153	1.321
1515361088629	9.988	-0.134	1.273
1515361088647	10.027	-0.143	1.292
1515361088663	10.046	-0.22	1.302
1515361088676	9.998	-0.258	1.369
1515361088689	9.969	-0.268	1.369
1515361088706	9.931	-0.268	1.292
1515361088719	9.95	-0.191	1.273
1515361088734	9.979	-0.143	1.168
1515361088749	10.017	-0.009	1.139
1515361088785	10.017	0.086	1.091
1515361088810	9.969	0.201	1.091
1515361088814	9.95	0.229	1.11
1515361088817	9.912	0.229	1.139
1515361088819	9.864	0.201	1.158
1515361088820	9.835	0.153	1.168
1515361088835	9.787	0.105	1.187
1515361088841	9.759	0.076	1.177
1515361088852	9.778	0.038	1.101
1515361088861	9.835	0.009	1.101
1515361088870	9.96	-0.019	1.043
1515361088874	9.96	-0.057	1.043
1515361088895	10.046	-0.038	1.043
1515361088908	10.103	-0.009	1.072
1515361088910	10.17	0.047	1.12
1515361088921	10.228	0.095	1.082
1515361088929	10.247	0.162	1.015
1515361088943	10.295	0.239	1.015
1515361088951	10.343	0.335	1.043
1515361088962	10.41	0.584	1.072
1515361088964	10.515	0.498	0.976
1515361088976	10.697	0.584	1.005
1515361088990	10.85	0.718	1.015
1515361088996	10.975	0.89	1.015
1515361089005	11.09	1.053	0.976
1515361089018	11.166	1.187	0.9
1515361089024	11.243	1.273	0.823
1515361089035	11.262	1.283	1.082
1515361089047	11.272	1.312	1.091
1515361089055	11.339	1.369	1.091
1515361089064	11.463	1.455	1.177
1515361089077	11.53	1.522	1.465
1515361089084	11.597	1.465	1.465
1515361089095	11.674	1.35	1.177
1515361089106	11.684	1.321	1.024
1515361089115	11.55	1.34	0.699
1515361089124	11.387	1.455	0.392
1515361089137	11.291	1.398	0.201
1515361089144	11.291	1.494	0.047
1515361089155	10.927	1.407	0.239
1515361089172	10.927	1.398	0.402
1515361089175	10.247	1.436	0.517
1515361089186	10.247	1.503	0.526
1515361089198	9.605	1.522	0.507
1515361089204	9.299	1.522	0.478
1515361089215	8.945	1.302	0.517
1515361089227	8.667	1.321	0.316
1515361089235	8.504	1.321	0.162
1515361089245	8.408	1.11	0.114
1515361089257	8.255	1.158	0.009
1515361089275	7.987	1.149	-0.038
1515361089277	7.632	1.149	-0.067
1515361089289	7.307	1.12	-0.086
1515361089302	7.115	1.139	-0.162
1515361089304	6.857	1.139	-0.201
1515361089319	6.723	1.197	-0.201
1515361089324	6.646	1.273	-0.134
1515361089337	6.646	1.379	0.038
1515361089347	6.742	1.465	0.143
1515361089363	7.02	1.628	0.114
1515361089365	7.345	1.723	0.0
1515361089378	7.585	1.771	-0.086
1515361089392	7.786	1.771	-0.201
1515361089394	7.977	1.8	-0.287
1515361089407	8.13	1.886	-0.258
1515361089424	8.293	1.934	-0.268
1515361089425	8.485	1.944	-0.287
1515361089440	8.648	1.877	-0.325
1515361089461	8.849	1.743	-0.383
1515361089473	9.079	1.618	-0.402
1515361089478	9.423	1.494	-0.239
1515361089487	9.749	1.369	-0.009
1515361089498	9.988	1.388	0.124
1515361089500	10.075	1.522	0.21
1515361089507	10.094	1.685	0.086
1515361089516	10.142	1.81	-0.172
1515361089530	10.19	1.867	-0.287
1515361089535	10.161	1.829	-0.363
1515361089554	10.103	1.733	-0.373
1515361089559	9.998	1.647	-0.344
1515361089564	9.864	1.589	-0.258
1515361089576	9.787	1.656	-0.086
1515361089588	9.73	1.656	0.086
1515361089595	9.634	1.57	0.047
1515361089605	9.596	1.426	-0.047
1515361089623	9.634	1.187	-0.124
1515361089633	9.778	0.986	-0.076
1515361089634	9.95	0.948	-0.019
1515361089652	10.036	1.12	0.43
1515361089654	10.036	1.359	0.392
1515361089667	9.998	1.599	0.747
1515361089677	9.969	1.819	0.775
1515361089693	10.18	1.972	1.369
1515361089694	10.697	2.078	1.312
1515361089710	12.67	2.241	1.446
1515361089714	12.67	2.212	1.446
1515361089727	14.269	2.001	2.327
1515361089738	14.174	1.053	2.327
1515361089753	12.22	0.43	1.273
1515361089754	12.297	-0.019	1.273
1515361089769	10.266	-0.43	-0.296
1515361089787	9.73	-0.545	0.028
1515361089797	9.5	-0.593	0.028
1515361089809	9.414	-0.603	0.737
1515361089817	9.462	-0.689	1.063
1515361089829	9.481	-0.852	1.063
1515361089843	9.433	-1.024	1.561
1515361089844	9.433	-1.177	1.561
1515361089860	9.586	-0.996	1.886
1515361089889	9.385	-0.421	2.049
1515361089894	8.973	-0.191	1.743
1515361089907	8.935	-0.268	1.589
1515361089917	8.935	-0.172	1.436
1515361089935	9.433	-0.43	1.283
1515361089939	9.759	-0.363	1.13
1515361089951	10.056	-0.354	1.024
1515361089964	10.419	-0.277	0.9
1515361089981	10.554	0.009	0.909
1515361089984	10.707	0.009	0.986
1515361089997	10.649	0.411	1.12
1515361090010	10.525	0.411	1.225
1515361090016	10.343	0.545	1.264
1515361090024	10.228	0.545	1.292
1515361090039	10.151	0.44	1.264
1515361090044	10.132	0.287	1.254
1515361090055	10.084	0.143	1.235
1515361090068	10.046	0.143	1.216
1515361090076	10.046	-0.296	1.245
1515361090084	10.056	-0.306	1.283
1515361090100	10.065	-0.498	1.34
1515361090104	10.046	-0.622	1.388
1515361090115	9.979	-0.747	1.484
1515361090129	9.874	-0.804	1.589
1515361090135	9.759	-0.833	1.666
1515361090144	9.663	-0.804	1.647
1515361090160	9.634	-0.775	1.647
1515361090190	9.605	-0.689	1.589
1515361090192	9.605	-0.603	1.503
1515361090194	9.634	-0.555	1.426
1515361090203	9.682	-0.545	1.388
1515361090209	9.778	-0.565	1.34
1515361090218	9.874	-0.593	1.283
1515361090235	9.912	-0.651	1.206
1515361090236	9.921	-0.641	1.158
1515361090248	9.921	-0.651	1.13
1515361090264	9.902	-0.632	1.091
1515361090266	9.874	-0.603	1.091
1515361090282	9.912	-0.565	1.101
1515361090291	9.912	-0.536	1.11
1515361090307	9.912	-0.507	1.158
1515361090309	9.921	-0.44	1.168
1515361090315	9.912	-0.411	1.11
1515361090325	9.95	-0.373	1.072
1515361090340	9.931	-0.344	1.043
1515361090344	9.931	-0.316	1.043
1515361090355	9.912	-0.277	0.996
1515361090369	9.912	-0.239	0.957
1515361090376	9.921	-0.21	0.986
1515361090385	9.931	-0.191	0.996
1515361090401	9.912	-0.172	1.053
1515361090404	9.931	-0.162	1.063
1515361090415	9.912	-0.134	1.11
1515361090428	9.864	-0.134	1.168
1515361090435	9.816	-0.134	1.168
1515361090444	9.739	-0.105	1.235
1515361090458	9.682	-0.114	1.225
1515361090464	9.653	-0.143	1.206
1515361090476	9.663	-0.172	1.168
1515361090492	9.701	-0.22	1.139
1515361090496	9.749	-0.239	1.12
1515361090508	9.778	-0.277	1.11
1515361090522	9.816	-0.268	1.091
1515361090526	9.816	-0.268	0.938
1515361090538	9.864	-0.229	1.043
1515361090552	9.845	-0.229	1.101
1515361090567	9.797	-0.22	1.13
1515361090585	9.807	-0.22	1.206
1515361090599	9.807	-0.249	1.177
1515361090616	9.854	-0.249	1.053
1515361090624	9.941	-0.239	1.024
1515361090640	10.218	-0.038	0.957
1515361090644	10.218	-0.124	0.957
1515361090657	10.324	0.124	0.747
1515361090669	10.324	0.028	0.747
1515361090677	10.237	0.028	0.708
1515361090685	10.237	0.009	0.708
1515361090700	10.056	-0.086	0.756
1515361090704	10.056	-0.086	0.794
1515361090716	9.864	-0.095	0.852
1515361090731	9.653	0.028	0.89
1515361090735	9.634	0.028	0.938
1515361090744	9.634	0.095	0.957
1515361090760	9.596	0.22	0.919
1515361090764	9.596	0.22	0.89
1515361090777	9.672	0.172	0.871
1515361090789	9.672	0.172	0.852
1515361090797	9.73	0.086	0.842
1515361090806	9.787	0.086	0.861
1515361090820	9.787	0.134	0.823
1515361090824	9.835	0.134	0.814
1515361090837	9.912	0.287	0.708
1515361090850	10.017	0.44	0.651
1515361090857	10.132	0.402	0.651
1515361090865	10.276	0.459	0.67
1515361090892	10.391	0.488	0.708
1515361090895	10.477	0.536	0.737
1515361090900	10.486	0.536	0.67
1515361090918	10.429	0.488	0.603
1515361090920	10.247	0.43	0.536
1515361090932	10.142	0.392	0.517
1515361090943	10.027	0.373	0.526
1515361090945	9.931	0.392	0.545
1515361090956	9.883	0.411	0.498
1515361090979	9.787	0.45	0.44
1515361090980	9.72	0.488	0.45
1515361090988	9.634	0.488	0.469
1515361090999	9.538	0.507	0.43
1515361091007	9.5	0.565	0.45
1515361091014	9.519	0.603	0.526
1515361091030	9.577	0.641	0.536
1515361091034	9.672	0.727	0.545
1515361091047	9.807	0.737	0.517
1515361091060	9.931	0.747	0.45
1515361091067	9.988	0.737	0.43
1515361091078	9.998	0.699	0.43
1515361091091	10.027	0.67	0.43
1515361091095	10.113	0.651	0.43
1515361091105	10.199	0.679	0.45
1515361091119	10.295	0.727	0.459
1515361091124	10.4	0.833	0.469
1515361091134	10.467	0.919	0.421
1515361091149	10.534	1.015	0.383
1515361091155	10.582	1.082	0.363
1515361091165	10.621	1.168	0.344
1515361091182	10.783	1.302	0.258
1515361091184	10.994	1.446	0.277
1515361091195	11.243	1.57	0.354
1515361091209	11.492	1.666	0.277
1515361091214	11.827	1.762	0.009
1515361091224	12.172	1.848	-0.114
1515361091239	12.431	1.925	0.009
1515361091244	12.536	1.953	-0.009
1515361091255	12.565	1.972	-0.249
1515361091269	12.546	1.934	-0.747
1515361091275	12.593	1.905	-0.612
1515361091285	12.641	1.915	-0.593
1515361091300	12.641	1.972	-0.335
1515361091304	12.526	2.02	-0.306
1515361091319	11.789	2.135	0.009
1515361091331	11.789	2.26	0.162
1515361091338	10.822	2.308	0.038
1515361091350	10.822	2.308	-0.047
1515361091362	10.429	2.241	-0.047
1515361091368	9.768	2.097	-0.162
1515361091380	9.462	1.896	-0.201
1515361091392	9.423	1.743	-0.201
1515361091398	8.619	1.608	-0.191
1515361091422	8.255	1.407	-0.191
1515361091428	7.556	1.149	-0.201
1515361091439	7.259	1.225	-0.114
1515361091453	7.0	0.976	-0.038
1515361091467	6.771	1.034	-0.076
1515361091484	6.378	1.005	-0.172
1515361091499	6.282	0.986	-0.086
1515361091514	6.368	0.986	-0.047
1515361091529	6.771	1.197	0.009
1515361091546	7.01	1.292	0.057
1515361091560	7.307	1.407	-0.019
1515361091574	7.336	1.628	-0.086
1515361091588	7.47	1.723	-0.258
1515361091605	7.652	1.972	-0.191
1515361091618	8.083	2.288	0.114
1515361091660	8.351	2.394	0.181
1515361091680	9.012	2.442	0.191
1515361091693	9.433	2.413	0.095
1515361091696	9.816	2.365	0.124
1515361091700	10.142	2.288	0.086
1515361091711	10.372	2.116	0.038
1515361091714	10.582	1.934	-0.086
1515361091716	10.793	1.781	-0.143
1515361091725	10.984	1.714	-0.057
1515361091727	11.128	1.695	-0.124
1515361091739	11.214	1.666	-0.316
1515361091744	11.214	1.608	-0.498
1515361091758	11.157	1.57	-0.373
1515361091768	11.023	1.551	-0.114
1515361091789	10.85	1.57	0.258
1515361091793	10.735	1.685	0.641
1515361091803	10.544	1.81	0.919
1515361091807	10.257	1.781	1.053
1515361091818	9.96	1.685	0.996
1515361091832	9.797	1.618	0.785
1515361091843	9.902	1.599	0.612
1515361091845	10.257	1.704	0.584
1515361091858	10.64	1.896	0.842
1515361091864	11.013	2.059	1.206
1515361091877	11.339	2.087	1.532
1515361091889	11.463	1.963	1.695
1515361091900	11.368	1.656	1.656
1515361091905	11.099	1.331	1.503
1515361091918	10.716	0.967	1.254
1515361091924	10.333	0.622	1.005
1515361091937	9.979	0.402	0.871
1515361091949	9.577	0.239	0.804
1515361091960	9.261	0.143	0.517
1515361091964	9.079	0.095	0.622
1515361091977	9.088	0.114	1.082
1515361091984	9.308	0.038	1.024
1515361091997	9.481	0.009	1.12
1515361092006	9.72	0.038	1.225
1515361092021	9.979	0.239	1.503
1515361092024	10.19	0.162	1.465
1515361092039	10.343	0.469	1.647
1515361092044	10.486	0.555	1.647
1515361092056	10.544	0.727	1.637
1515361092066	10.448	0.833	1.561
1515361092080	10.266	0.833	1.264
1515361092085	10.065	0.747	1.283
1515361092097	9.845	0.402	1.177
1515361092104	9.692	0.363	1.101
1515361092116	9.625	0.21	1.13
1515361092125	9.596	0.124	1.177
1515361092142	9.596	0.086	1.13
1515361092144	9.625	0.057	1.158
1515361092156	9.653	0.086	1.254
1515361092164	9.739	0.038	1.254
1515361092177	9.864	0.047	1.398
1515361092191	10.065	0.047	1.426
1515361092195	10.065	0.028	1.426
1515361092208	10.237	0.038	1.398
1515361092216	10.237	0.0	1.398
1515361092232	10.324	-0.086	1.379
1515361092234	10.324	-0.124	1.379
1515361092248	10.314	-0.201	1.331
1515361092254	10.314	-0.239	1.331
1515361092269	10.266	-0.306	1.245
1515361092277	10.209	-0.306	1.206
1515361092285	10.056	-0.325	1.264
1515361092297	10.103	-0.239	1.302
1515361092307	10.056	-0.153	1.35
1515361092351	9.96	-0.067	1.379
1515361092352	9.845	0.0	1.474
1515361092353	9.768	0.047	1.484
1515361092355	9.711	0.047	1.503
1515361092376	9.634	0.009	1.522
1515361092377	9.557	0.009	1.503
1515361092389	9.529	-0.038	1.474
1515361092402	9.51	-0.095	1.455
1515361092422	9.519	-0.143	1.484
1515361092423	9.557	-0.201	1.494
1515361092429	9.577	-0.249	1.503
1515361092442	9.625	-0.277	1.513
1515361092444	9.682	-0.296	1.503
1515361092463	9.749	-0.306	1.503
1515361092464	9.787	-0.296	1.494
1515361092479	9.845	-0.268	1.484
1515361092489	9.883	-0.258	1.388
1515361092504	9.941	-0.191	1.321
1515361092506	9.96	-0.134	1.264
1515361092519	9.998	-0.047	1.206
1515361092524	10.027	0.0	1.149
1515361092536	10.027	0.086	1.158
1515361092546	10.008	0.124	1.13
1515361092562	9.96	0.143	1.139
1515361092565	9.931	0.143	1.072
1515361092578	9.902	0.114	1.11
1515361092584	9.835	0.076	1.139
1515361092597	9.739	0.019	1.197
1515361092608	9.682	0.0	1.206
1515361092626	9.692	-0.009	1.245
1515361092627	9.682	-0.028	1.245
1515361092640	9.759	-0.019	1.206
1515361092644	9.835	-0.009	1.158
1515361092657	9.893	0.047	1.158
1515361092671	9.931	0.057	1.12
1515361092675	9.979	0.076	1.082
1515361092688	10.017	0.114	1.082
1515361092700	10.017	0.162	1.063
1515361092705	9.979	0.172	1.034
1515361092716	9.902	0.22	1.072
1515361092729	9.845	0.249	1.235
1515361092735	9.816	0.239	1.139
1515361092747	9.778	0.258	1.158
1515361092775	9.816	0.306	0.948
1515361092777	9.883	0.277	1.015
1515361092789	10.132	0.239	0.948
1515361092807	10.065	0.201	0.967
1515361092819	10.123	0.095	1.072
1515361092837	10.094	0.067	1.091
1515361092849	10.046	0.009	1.197
1515361092867	10.027	-0.009	1.168
1515361092881	9.921	-0.134	1.187
1515361092895	9.854	-0.143	1.187
1515361092907	9.807	-0.124	1.13
1515361092924	9.835	-0.105	1.091
1515361092925	9.835	-0.076	1.091
1515361092939	9.883	0.009	1.101
1515361092956	9.902	0.038	1.063
1515361092967	9.864	0.076	1.063
1515361092975	9.864	0.114	1.043
1515361092984	9.874	0.153	1.043
1515361092999	9.864	0.22	1.024
1515361093015	9.874	0.306	0.957
1515361093029	9.893	0.402	0.938
1515361093035	9.902	0.402	0.909
1515361093045	9.912	0.43	0.9
1515361093060	9.902	0.402	0.919
1515361093076	9.874	0.344	0.938
1515361093122	9.787	0.268	0.909
1515361093131	9.73	0.201	0.919
1515361093134	9.692	0.181	0.919
1515361093136	9.711	0.143	0.928
1515361093143	9.778	0.143	0.928
1515361093149	9.874	0.114	0.938
1515361093162	9.95	0.114	0.976
1515361093169	10.017	0.114	1.005
1515361093181	10.094	0.114	0.996
1515361093192	10.17	0.086	1.015
1515361093194	10.218	0.076	0.986
1515361093210	10.228	0.076	0.986
1515361093214	10.19	0.067	0.938
1515361093235	10.142	0.076	0.9
1515361093249	10.103	0.057	0.881
1515361093251	10.084	0.076	0.881
1515361093265	10.056	0.114	0.852
1515361093265	10.008	0.162	0.842
1515361093276	9.96	0.229	0.823
1515361093284	9.95	0.277	0.814
1515361093300	9.921	0.363	0.785
1515361093304	9.96	0.498	0.756
1515361093320	10.027	0.67	0.747
1515361093328	10.075	0.861	0.766
1515361093336	10.123	0.967	0.756
1515361093345	10.218	1.043	0.727
1515361093359	10.276	1.072	0.718
1515361093364	10.324	1.091	0.727
1515361093376	10.41	1.11	0.737
1515361093387	10.544	1.197	0.794
1515361093395	10.726	1.388	0.718
1515361093404	10.956	1.58	0.565
1515361093419	11.214	1.771	0.517
1515361093435	11.492	2.183	0.545
1515361093449	11.597	2.346	0.66
1515361093455	11.732	2.365	0.584
1515361093467	11.885	2.279	0.354
1515361093482	12.086	2.03	0.105
1515361093495	12.067	2.126	0.095
1515361093512	11.904	2.001	0.249
1515361093525	11.808	1.704	0.459
1515361093541	11.597	1.484	0.565
1515361093546	11.597	1.426	0.565
1515361093557	11.588	1.426	0.555
1515361093573	11.358	1.57	0.354
1515361093586	11.004	1.714	0.22
1515361093602	10.036	1.896	0.344
1515361093616	9.567	1.886	0.421
1515361093631	8.667	1.8	0.316
1515361093645	8.236	1.752	0.363
1515361093661	7.393	1.541	0.383
1515361093676	6.981	1.312	0.249
1515361093692	6.167	0.996	0.172
1515361093706	5.909	0.881	0.019
1515361093722	5.717	0.871	0.086
1515361093738	5.707	0.996	0.316
1515361093752	5.928	1.177	0.354
1515361093766	6.292	1.254	0.402
1515361093784	6.828	1.35	0.421
1515361093786	7.134	1.35	0.478
1515361093798	7.288	1.407	0.373
1515361093813	7.642	1.561	0.239
1515361093826	8.226	1.656	0.277
1515361093842	8.638	1.819	0.325
1515361093856	9.241	1.953	0.383
1515361093871	9.49	2.269	0.402
1515361093875	9.701	2.26	0.373
1515361093886	9.874	2.595	0.287
1515361093927	10.017	2.595	0.229
1515361093935	10.075	2.672	0.153
1515361093944	10.113	2.518	0.019
1515361093962	10.036	2.365	0.105
1515361093969	9.969	2.174	0.306
1515361093972	9.931	2.02	0.44
1515361093973	9.893	2.116	0.421
1515361093974	9.912	2.03	0.258
1515361093986	10.046	1.944	0.191
1515361093999	10.285	1.819	0.316
1515361094005	10.544	1.762	0.459
1515361094006	10.64	1.733	0.45
1515361094023	10.554	1.733	0.373
1515361094024	10.266	1.752	0.191
1515361094035	9.835	1.781	0.153
1515361094048	9.443	1.838	0.277
1515361094055	9.203	2.03	0.469
1515361094065	9.241	2.288	0.756
1515361094079	9.759	2.557	1.091
1515361094084	10.755	2.882	1.379
1515361094096	12.057	3.304	1.81
1515361094109	13.235	3.361	2.078
1515361094115	14.202	2.873	2.269
1515361094124	14.882	2.26	2.384
1515361094142	14.633	1.704	1.771
1515361094144	14.135	1.637	0.354
1515361094154	13.264	1.867	-1.015
1515361094169	12.287	2.011	-1.599
1515361094174	11.138	1.877	-1.398
1515361094189	10.228	1.618	-0.852
1515361094202	9.672	1.264	-0.325
1515361094204	9.481	0.89	0.229
1515361094215	9.318	0.593	0.727
1515361094226	9.079	0.392	1.12
1515361094234	8.906	0.296	1.455
1515361094244	8.772	0.421	1.57
1515361094256	8.667	0.718	1.628
1515361094264	8.533	1.12	1.599
1515361094277	8.447	1.551	1.417
1515361094289	8.504	1.867	1.245
1515361094294	8.763	2.087	1.091
1515361094304	9.184	2.135	0.948
1515361094317	9.625	2.068	0.871
1515361094324	10.075	2.011	0.727
1515361094334	10.448	1.982	0.44
1515361094347	10.64	2.02	0.162
1515361094354	10.678	2.106	0.028
1515361094364	10.573	2.202	0.095
1515361094380	10.372	2.375	0.287
1515361094384	10.094	2.518	0.469
1515361094395	9.845	2.662	0.651
1515361094410	9.577	2.767	0.814
1515361094416	9.376	2.901	0.871
1515361094425	9.203	2.959	0.919
1515361094440	9.059	2.968	0.89
1515361094444	8.954	2.968	0.881
1515361094455	8.887	2.949	0.919
1515361094472	8.839	2.901	0.976
1515361094475	8.868	2.844	0.785
1515361094487	8.964	2.786	0.708
1515361094497	9.107	2.786	0.775
1515361094505	9.27	2.844	0.708
1515361094519	9.366	2.882	0.574
1515361094536	9.395	2.901	0.574
1515361094537	9.347	2.863	0.584
1515361094547	9.27	2.777	0.785
1515361094564	9.27	2.614	0.938
1515361094565	9.203	2.384	0.986
1515361094603	9.146	1.982	1.063
1515361094612	9.088	1.982	1.11
1515361094624	9.136	1.934	1.034
1515361094630	9.289	1.934	0.9
1515361094633	9.462	2.212	0.794
1515361094635	9.615	2.212	0.66
1515361094642	9.807	2.518	0.536
1515361094647	9.96	2.518	0.421
1515361094658	9.95	2.997	0.459
1515361094668	9.893	2.997	0.699
1515361094692	9.797	3.457	1.072
1515361094693	9.711	3.457	1.302
1515361094702	9.682	3.361	1.407
1515361094706	9.644	3.208	1.455
1515361094717	9.586	2.748	1.436
1515361094727	9.529	2.442	1.206
1515361094740	9.462	1.992	0.976
1515361094744	9.376	1.714	0.842
1515361094757	9.318	1.513	0.823
1515361094772	9.241	1.359	0.871
1515361094777	9.213	1.283	0.871
1515361094785	9.241	1.302	0.881
1515361094796	9.261	1.474	0.842
1515361094804	9.328	1.79	0.708
1515361094815	9.423	2.212	0.545
1515361094830	9.529	2.652	0.373
1515361094835	9.625	3.131	0.335
1515361094847	9.759	3.505	0.296
1515361094861	9.807	3.754	0.239
1515361094864	9.816	3.821	0.143
1515361094877	9.816	3.725	0.019
1515361094894	9.72	3.486	-0.047
1515361094896	9.634	3.189	-0.095
1515361094909	9.538	2.844	-0.105
1515361094917	9.433	2.528	-0.153
1515361094926	9.337	2.279	-0.153
1515361094939	9.232	2.097	-0.172
1515361094954	9.165	2.02	-0.201
1515361094956	9.127	1.972	-0.258
1515361094969	9.136	1.982	-0.421
1515361094985	9.203	2.001	-0.421
1515361094986	9.241	2.068	-0.478
1515361094998	9.28	2.221	-0.526
1515361095013	9.395	2.71	-0.402
1515361095027	9.423	2.873	-0.268
1515361095041	9.452	3.141	-0.105
1515361095044	9.51	3.323	-0.105
1515361095058	9.701	3.438	-0.038
1515361095070	9.931	3.486	-0.047
1515361095078	10.228	3.466	-0.22
1515361095085	10.573	3.409	-0.21
1515361095103	11.214	3.38	-0.478
1515361095105	11.214	3.313	-0.478
1515361095116	11.339	3.227	-0.641
1515361095131	11.492	3.141	-0.89
1515361095134	11.492	3.083	-0.89
1515361095148	11.415	3.016	-0.641
1515361095156	11.502	2.911	-0.641
1515361095168	11.425	2.825	-0.574
1515361095176	11.425	2.834	-0.574
1515361095192	11.502	2.815	-0.124
1515361095194	11.502	2.796	-0.124
1515361095207	11.655	2.748	0.009
1515361095216	11.655	2.681	0.009
1515361095227	12.0	2.547	-0.181
1515361095236	12.0	2.365	-0.181
1515361095251	12.21	2.202	-0.067
1515361095254	12.21	2.154	-0.067
1515361095276	12.507	2.039	-0.143
1515361095279	12.507	2.097	-0.143
1515361095289	12.507	2.106	-0.43
1515361095322	12.325	2.116	-0.45
1515361095323	12.0	2.078	-0.603
1515361095325	11.54	2.039	-0.45
1515361095332	11.09	2.011	-0.383
1515361095341	10.582	1.963	-0.172
1515361095362	10.017	1.905	0.086
1515361095363	8.667	1.848	0.296
1515361095376	8.121	1.762	0.421
1515361095377	7.479	1.628	0.478
1515361095388	6.972	1.417	0.478
1515361095397	6.512	1.206	0.421
1515361095406	6.215	1.063	0.392
1515361095416	6.071	0.957	0.44
1515361095434	5.995	0.957	0.363
1515361095435	5.985	1.034	0.21
1515361095446	6.033	1.292	0.134
1515361095454	6.196	1.292	0.095
1515361095465	6.445	1.436	-0.114
1515361095479	6.713	1.676	-0.277
1515361095492	6.981	1.714	-0.411
1515361095500	7.307	1.714	-0.344
1515361095509	7.441	1.867	-0.325
1515361095514	7.546	1.934	-0.306
1515361095527	7.738	2.049	-0.296
1515361095535	7.958	2.174	-0.411
1515361095551	8.169	2.288	-0.545
1515361095554	8.36	2.375	-0.622
1515361095568	8.571	2.461	-0.699
1515361095574	8.82	2.576	-0.708
1515361095587	9.117	2.719	-0.66
1515361095596	9.423	2.873	-0.574
1515361095614	9.692	3.007	-0.526
1515361095616	9.912	3.122	-0.392
1515361095626	10.094	3.198	-0.258
1515361095641	10.18	3.265	-0.411
1515361095644	10.209	3.17	-0.354
1515361095658	10.218	3.016	-0.459
1515361095664	10.161	2.739	-0.469
1515361095678	10.027	2.432	-0.354
1515361095687	9.874	2.116	-0.191
1515361095702	9.548	1.867	0.105
1515361095704	9.538	1.704	0.067
1515361095718	9.49	1.676	0.086
1515361095724	9.548	1.733	0.21
1515361095737	9.73	1.79	0.402
1515361095749	9.998	1.867	0.593
1515361095766	10.381	1.905	0.737
1515361095778	10.448	1.972	0.651
1515361095796	10.467	1.982	0.45
1515361095809	10.458	2.078	0.411
1515361095826	10.17	2.212	0.411
1515361095839	9.979	2.308	0.45
1515361095856	9.807	2.212	0.737
1515361095869	9.672	1.925	0.785
1515361095885	9.596	1.752	0.814
1515361095899	9.308	1.417	0.612
1515361095915	9.165	1.331	0.603
1515361095929	8.916	1.206	0.67
1515361095945	8.552	1.168	0.785
1515361095960	8.494	1.168	0.737
1515361095977	9.222	1.34	1.149
1515361095990	9.625	1.455	1.551
1515361096023	10.764	1.513	1.733
1515361096024	10.946	1.331	1.829
1515361096037	11.406	1.072	1.091
1515361096060	11.406	0.871	0.632
1515361096062	11.875	0.766	0.306
1515361096068	11.875	0.718	0.0
1515361096094	11.837	0.478	-0.181
1515361096095	11.837	0.555	-0.181
1515361096113	11.483	0.316	-0.019
1515361096114	11.483	0.411	0.296
1515361096123	10.984	0.421	0.689
1515361096125	11.071	0.421	1.024
1515361096142	10.515	0.507	1.35
1515361096153	10.218	0.555	1.695
1515361096157	9.759	0.584	1.877
1515361096171	9.395	0.459	1.972
1515361096174	9.088	0.459	1.944
1515361096188	8.868	0.038	1.781
1515361096199	8.715	0.038	1.58
1515361096205	8.763	-0.344	1.398
1515361096215	8.858	-0.555	1.283
1515361096227	9.04	-0.555	1.13
1515361096241	9.241	-0.67	1.034
1515361096244	9.462	-0.67	0.919
1515361096259	9.739	-0.612	0.919
1515361096264	10.056	-0.459	1.053
1515361096277	10.305	-0.306	1.197
1515361096289	10.506	-0.143	1.331
1515361096307	10.774	0.21	1.446
1515361096318	10.64	0.325	1.494
1515361096333	10.573	0.392	1.494
1515361096336	10.477	0.363	1.436
1515361096350	10.362	0.287	1.35
1515361096362	10.209	0.181	1.245
1515361096364	10.123	0.114	1.216
1515361096379	10.113	0.019	1.225
1515361096384	9.969	-0.076	1.312
1515361096397	9.883	-0.162	1.331
1515361096407	9.787	-0.258	1.359
1515361096423	9.711	-0.316	1.398
1515361096425	9.682	-0.335	1.455
1515361096440	9.653	-0.344	1.656
1515361096444	9.625	-0.354	1.551
1515361096456	9.615	-0.363	1.57
1515361096467	9.596	-0.373	1.58
1515361096475	9.615	-0.383	1.589
1515361096484	9.653	-0.392	1.58
1515361096497	9.692	-0.402	1.57
1515361096504	9.72	-0.383	1.541
1515361096515	9.778	-0.411	1.474
1515361096527	9.826	-0.44	1.369
1515361096535	9.864	-0.44	1.283
1515361096544	9.893	-0.392	1.187
1515361096558	9.931	-0.306	1.149
1515361096564	9.979	-0.21	1.13
1515361096576	10.008	-0.114	1.101
1515361096590	9.988	-0.019	1.091
1515361096595	9.969	0.028	1.11
1515361096609	9.902	0.038	1.139
1515361096621	9.845	0.067	1.187
1515361096626	9.787	0.095	1.254
1515361096644	9.739	0.114	1.273
1515361096645	9.711	0.162	1.254
1515361096655	9.672	0.201	1.245
1515361096666	9.672	0.22	1.197
1515361096677	9.701	0.22	0.976
1515361096693	9.739	0.201	1.072
1515361096694	9.826	0.153	1.053
1515361096710	9.921	0.114	1.101
1515361096714	9.921	0.095	1.101
1515361096725	9.96	0.067	1.072
1515361096749	9.998	0.009	1.063
1515361096766	9.998	-0.019	1.063
1515361096774	9.998	-0.028	1.015
1515361096775	10.008	-0.038	1.053
1515361096776	10.008	-0.047	1.072
1515361096787	10.036	-0.038	1.043
1515361096799	10.017	-0.028	1.034
1515361096805	9.988	-0.009	1.216
1515361096826	9.95	-0.019	1.091
1515361096827	9.902	-0.038	1.13
1515361096835	9.883	-0.076	1.13
1515361096846	9.854	-0.124	1.139
1515361096855	9.845	-0.134	1.139
1515361096865	9.816	-0.181	1.11
1515361096878	9.787	-0.181	1.11
1515361096890	9.778	-0.239	1.13
1515361096905	9.826	-0.277	1.216
1515361096919	9.826	-0.258	1.197
1515361096926	9.835	-0.268	1.216
1515361096934	9.835	-0.249	1.168
1515361096948	9.931	-0.21	1.158
1515361096954	9.931	-0.21	1.149
1515361096965	10.008	-0.038	1.13
1515361096978	10.065	-0.124	1.101
1515361096985	10.094	-0.028	1.063
1515361096994	10.142	-0.028	0.996
1515361097009	10.142	-0.028	0.967
1515361097014	10.132	-0.028	0.928
1515361097028	10.056	-0.086	0.89
1515361097039	9.988	-0.124	0.948
1515361097044	9.931	-0.124	0.976
1515361097057	9.95	-0.028	1.024
1515361097067	9.988	0.086	1.034
1515361097083	10.075	0.201	0.938
1515361097084	10.142	0.296	0.996
1515361097100	10.19	0.335	0.928
1515361097105	10.199	0.402	0.823
1515361097115	10.257	0.45	0.833
1515361097131	10.257	0.488	0.833
1515361097136	10.276	0.545	0.785
1515361097147	10.362	0.66	0.67
1515361097161	10.774	0.785	0.555
1515361097166	10.64	0.909	0.488
1515361097177	10.774	1.024	0.354
1515361097199	11.061	1.139	0.258
1515361097211	11.071	1.35	0.191
1515361097220	11.205	1.474	0.316
1515361097225	11.387	1.589	0.22
1515361097234	11.53	1.752	0.22
1515361097249	11.626	1.867	0.229
1515361097254	11.636	1.934	0.191
1515361097267	11.578	1.944	0.114
1515361097278	11.454	1.905	-0.028
1515361097290	11.377	1.867	-0.143
1515361097295	11.301	1.877	-0.134
1515361097309	11.224	1.886	0.028
1515361097314	11.099	1.944	0.181
1515361097326	11.013	1.992	0.258
1515361097338	10.965	2.059	0.22
1515361097345	10.86	2.078	0.105
1515361097355	10.812	2.126	0.067
1515361097370	10.649	2.106	0.067
1515361097374	10.649	2.097	0.067
1515361097385	10.506	2.001	-0.134
1515361097399	10.237	1.867	-0.325
1515361097405	9.845	1.666	-0.402
1515361097415	9.356	1.532	-0.306
1515361097431	8.284	1.264	-0.047
1515361097464	7.795	1.101	0.0
1515361097470	6.943	0.804	0.067
1515361097479	6.617	0.708	0.181
1515361097501	6.253	0.699	0.268
1515361097502	6.311	0.785	0.268
1515361097508	6.445	0.919	0.201
1515361097519	6.445	1.024	0.095
1515361097532	6.885	1.149	0.047
1515361097538	6.885	1.331	0.047
1515361097549	7.671	1.57	0.124
1515361097571	8.111	1.589	-0.028
1515361097579	8.226	1.608	-0.019
1515361097587	8.226	1.58	0.009
1515361097594	8.332	1.541	0.009
1515361097610	8.705	1.532	0.095
1515361097627	9.213	1.762	-0.067
1515361097638	9.127	1.743	-0.067
1515361097647	9.51	2.068	0.047
1515361097655	9.538	2.068	0.249
1515361097676	9.912	2.212	0.478
1515361097677	9.912	2.212	0.469
1515361097687	10.151	2.039	0.392
1515361097698	10.151	2.039	0.325
1515361097706	10.199	1.819	0.22
1515361097719	10.199	1.819	0.21
1515361097731	10.19	1.57	0.134
1515361097734	10.036	1.57	0.105
1515361097747	10.103	1.388	0.105
1515361097755	10.084	1.388	0.191
1515361097766	10.132	1.302	0.249
1515361097774	10.228	1.302	0.268
1515361097790	10.237	1.149	0.201
1515361097794	10.142	1.149	0.124
1515361097806	9.998	1.149	0.009
1515361097818	9.95	1.302	-0.124
1515361097826	9.979	1.321	-0.258
1515361097834	10.084	1.465	-0.268
1515361097851	10.237	1.647	0.191
1515361097865	10.391	1.877	0.335
1515361097882	10.266	1.905	0.028
1515361097897	9.615	1.8	0.105
1515361097912	8.964	1.762	0.622
1515361097926	9.079	1.532	0.852
1515361097942	9.893	1.426	0.957
1515361097956	10.678	1.388	1.12
1515361097972	12.23	1.35	2.317
1515361097987	12.67	0.756	2.432
1515361098002	12.23	0.354	0.622
1515361098016	11.789	0.162	-0.201
1515361098061	10.917	0.526	-0.162
1515361098062	10.257	0.459	0.153
1515361098080	9.883	0.268	0.804
1515361098097	8.906	-0.229	1.264
1515361098109	8.849	-0.239	1.57
1515361098125	8.954	-0.44	1.982
1515361098141	9.117	-0.306	1.819
1515361098155	9.385	-0.306	1.628
1515361098167	9.625	-0.507	1.398
1515361098185	10.036	-0.632	0.823
1515361098197	10.17	-0.737	0.641
1515361098213	10.439	-0.43	0.411
1515361098232	10.688	0.124	0.469
1515361098245	10.716	0.354	0.679
1515361098260	10.486	0.555	1.072
1515361098276	10.486	0.632	1.072
1515361098288	10.17	0.469	1.13
1515361098302	10.027	0.392	0.957
1515361098321	9.874	0.239	0.986
1515361098381	9.883	-0.009	0.909
1515361098389	9.912	-0.172	0.938
1515361098391	9.912	-0.354	0.938
1515361098394	9.893	-0.498	1.082
1515361098398	9.893	-0.593	1.235
1515361098401	9.807	-0.67	1.254
1515361098402	9.807	-0.679	1.254
1515361098404	9.692	-0.498	1.321
1515361098409	9.692	-0.574	1.321
1515361098419	9.644	-0.44	1.388
1515361098425	9.605	-0.44	1.359
1515361098438	9.663	-0.335	1.292
1515361098451	9.663	-0.335	1.235
1515361098457	9.826	-0.296	1.187
1515361098467	9.826	-0.296	1.12
1515361098484	9.921	-0.258	1.082
1515361098495	9.96	-0.249	1.101
1515361098510	9.921	-0.277	1.091
1515361098519	9.921	-0.277	1.101
1515361098530	9.941	-0.316	1.139
1515361098539	9.969	-0.316	1.187
1515361098547	9.95	-0.363	1.187
1515361098556	9.941	-0.363	1.149
1515361098574	9.96	-0.373	1.072
1515361098575	9.95	-0.373	0.976
1515361098587	9.96	-0.344	0.9
1515361098600	9.998	-0.344	0.871
1515361098609	10.027	-0.325	0.842
1515361098617	10.017	-0.296	0.833
1515361098632	9.979	-0.287	0.823
1515361098634	9.941	-0.258	0.9
1515361098648	9.893	-0.21	0.957
1515361098657	9.864	-0.21	1.015
1515361098667	9.826	-0.181	1.063
1515361098676	9.807	-0.162	1.024
1515361098691	9.787	-0.143	1.024
1515361098694	9.797	-0.134	0.976
1515361098707	9.826	-0.105	0.928
1515361098719	9.874	-0.105	0.89
1515361098727	9.931	-0.124	0.871
1515361098736	9.979	-0.162	0.871
1515361098752	10.027	-0.181	0.852
1515361098754	10.046	-0.181	0.871
1515361098767	10.036	-0.172	0.861
1515361098776	10.008	-0.124	0.842
1515361098787	9.941	-0.076	0.861
1515361098799	9.912	-0.019	0.861
1515361098811	9.902	0.028	0.871
1515361098814	9.883	0.047	0.871
1515361098827	9.902	0.067	0.852
1515361098837	9.921	0.057	0.804
1515361098846	9.95	0.019	0.785
1515361098855	9.979	0.0	0.766
1515361098870	10.008	-0.057	0.766
1515361098874	9.998	-0.057	0.804
1515361098885	9.998	-0.057	0.861
1515361098894	10.017	-0.067	0.881
1515361098904	10.046	-0.047	0.957
1515361098915	10.103	-0.067	0.986
1515361098933	10.199	-0.067	0.986
1515361098935	10.247	-0.105	0.928
1515361098947	10.237	-0.124	0.823
1515361098960	10.151	-0.105	0.718
1515361098964	10.008	-0.038	0.66
1515361098975	9.902	0.076	0.622
1515361098987	9.816	0.181	0.603
1515361098996	9.797	0.296	0.651
1515361099006	9.826	0.392	0.679
1515361099033	9.854	0.488	0.622
1515361099037	9.883	0.565	0.584
1515361099039	9.912	0.641	0.545
1515361099050	9.988	0.708	0.507
1515361099062	10.056	0.766	0.459
1515361099082	10.18	0.814	0.344
1515361099083	10.247	0.948	0.239
1515361099096	10.305	1.063	-0.019
1515361099102	10.305	1.206	-0.019
1515361099115	10.391	1.254	-0.124
1515361099117	10.391	1.245	-0.124
1515361099128	10.362	1.235	-0.019
1515361099134	10.362	1.225	-0.019
1515361099148	10.199	1.206	0.105
1515361099156	10.199	1.216	0.105
1515361099171	10.18	1.379	-0.019
1515361099203	10.18	1.245	-0.019
1515361099204	10.352	1.312	0.076
1515361099204	10.352	1.312	0.229
1515361099209	10.755	1.292	0.258
1515361099217	10.908	1.245	0.325
1515361099230	10.917	1.139	0.325
1515361099234	10.917	1.139	0.335
1515361099248	10.975	1.197	0.229
1515361099254	10.975	1.197	0.114
1515361099267	11.147	1.446	0.0
1515361099277	11.301	1.446	-0.067
1515361099290	11.368	1.714	-0.143
1515361099294	11.444	1.714	-0.162
1515361099305	11.483	1.848	-0.124
1515361099326	11.502	1.925	-0.105
1515361099327	11.483	1.925	-0.095
1515361099337	11.415	2.078	-0.038
1515361099344	11.425	2.078	0.067
1515361099357	11.32	2.078	0.067
1515361099366	11.205	2.02	0.038
1515361099383	11.042	1.992	0.047
1515361099384	10.803	1.896	0.162
1515361099398	10.563	1.8	0.191
1515361099404	10.314	1.723	0.191
1515361099417	10.084	1.676	0.181
1515361099430	9.778	1.676	0.134
1515361099441	9.538	1.656	0.181
1515361099444	9.366	1.647	0.181
1515361099455	9.299	1.608	0.181
1515361099470	9.385	1.561	-0.028
1515361099474	9.481	1.407	-0.268
1515361099486	9.452	1.292	-0.517
1515361099523	9.184	1.216	-1.043
1515361099526	8.724	1.206	-0.938
1515361099530	8.169	1.264	-1.043
1515361099531	7.537	1.331	-0.986
1515361099539	6.953	1.417	-0.804
1515361099548	6.435	1.513	-0.67
1515361099561	5.995	1.656	-0.517
1515361099564	5.717	1.79	-0.335
1515361099577	5.516	1.934	-0.229
1515361099584	5.372	2.03	-0.21
1515361099596	5.353	2.116	-0.249
1515361099605	5.583	2.25	-0.373
1515361099623	6.043	2.25	-0.363
1515361099624	6.426	2.288	-0.363
1515361099638	6.818	2.384	-0.459
1515361099644	7.297	2.461	-0.517
1515361099655	7.853	2.49	-0.507
1515361099666	8.447	2.423	-0.459
1515361099675	9.021	2.346	-0.373
1515361099684	9.5	2.269	-0.325
1515361099707	9.941	2.279	-0.22
1515361099721	10.333	2.365	-0.057
1515361099724	10.544	2.384	0.057
1515361099726	10.621	2.279	0.057
1515361099738	10.506	2.126	-0.095
1515361099744	10.209	1.992	-0.296
1515361099761	9.807	1.953	-0.411
1515361099765	9.5	2.011	-0.45
1515361099776	9.28	2.106	-0.383
1515361099789	9.117	2.26	-0.287
1515361099795	9.069	2.49	-0.296
1515361099840	9.127	2.767	-0.181
1515361099841	9.28	2.901	-0.057
1515361099841	9.452	2.873	-0.019
1515361099842	9.663	2.729	0.162
1515361099847	9.95	2.499	0.45
1515361099855	10.333	2.288	0.881
1515361099864	10.841	2.03	1.465
1515361099877	11.406	1.81	2.576
1515361099884	11.818	1.541	2.528
1515361099895	12.143	1.283	2.739
1515361099906	12.297	0.9	2.691
1515361099915	12.306	0.45	2.394
1515361099924	12.249	0.258	2.394
1515361099936	12.22	0.201	1.599
1515361099953	12.134	0.019	1.532
1515361099954	12.134	0.019	1.685
1515361099967	11.933	0.105	1.57
1515361099974	11.655	0.249	1.417
1515361099986	11.138	0.354	1.532
1515361099997	10.946	0.316	1.637
1515361100005	10.582	0.316	1.81
1515361100016	10.582	0.22	1.896
1515361100027	9.768	-0.038	2.039
1515361100034	9.462	-0.038	2.221
1515361100051	9.452	-0.402	2.375
1515361100061	9.213	-0.354	2.451
1515361100065	9.194	-0.689	2.557
1515361100077	9.203	-0.679	2.595
1515361100089	9.194	-0.641	2.576
1515361100094	9.146	-0.641	2.528
1515361100107	9.127	-0.469	2.423
1515361100122	9.136	0.076	2.413
1515361100127	9.184	0.383	2.375
1515361100137	9.251	0.794	2.298
1515361100147	9.347	1.13	2.193
1515361100162	9.462	1.465	2.03
1515361100164	9.596	1.79	1.877
1515361100179	9.816	2.068	1.666
1515361100184	10.084	2.288	1.494
1515361100198	10.266	2.47	1.398
1515361100208	10.467	2.652	1.321
1515361100216	10.63	2.767	1.168
1515361100224	10.812	2.959	1.082
1515361100240	10.803	2.796	0.89
1515361100246	10.956	2.815	0.833
1515361100254	11.032	2.739	0.718
1515361100269	11.004	2.643	0.699
1515361100274	10.822	2.442	0.737
1515361100285	10.601	2.212	0.794
1515361100297	10.324	1.963	0.938
1515361100305	10.046	1.666	1.177
1515361100314	9.749	1.321	1.484
1515361100328	9.5	1.005	1.762
1515361100342	9.28	0.689	1.972
1515361100345	9.117	0.392	2.212
1515361100358	9.012	0.134	2.442
1515361100365	9.059	0.076	2.451
1515361100394	8.954	-0.268	2.336
1515361100411	9.146	-0.239	2.432
1515361100412	9.088	-0.153	2.47
1515361100418	9.088	-0.057	2.499
1515361100428	9.069	0.114	2.547
1515361100441	9.079	0.277	2.604
1515361100451	9.117	0.488	2.633
1515361100465	9.203	0.737	2.691
1515361100466	9.289	0.976	2.672
1515361100483	9.299	1.312	2.499
1515361100495	9.289	1.503	2.432
1515361100509	9.203	1.628	2.499
1515361100514	9.203	1.723	2.499
1515361100525	9.127	1.819	2.633
1515361100538	9.088	1.848	2.71
1515361100546	9.107	1.819	2.796
1515361100554	9.146	1.81	2.844
1515361100568	9.184	1.771	2.863
1515361100579	9.146	1.723	2.739
1515361100585	9.107	1.714	2.739
1515361100600	8.887	1.637	2.691
1515361100604	8.887	1.58	2.691
1515361100616	8.82	1.34	2.921
1515361100628	8.753	1.359	2.892
1515361100636	9.184	1.628	2.873
1515361100644	8.715	0.909	2.911
1515361100660	8.782	1.091	3.093
1515361100676	9.002	1.197	3.131
1515361100687	9.318	1.264	3.141
1515361100696	9.318	1.292	3.16
1515361100704	9.376	1.369	3.16
1515361100721	9.529	1.436	3.064
1515361100736	9.586	1.474	2.968
1515361100747	9.634	1.561	2.815
1515361100755	9.452	1.618	2.796
1515361100766	9.51	1.685	2.767
1515361100779	9.222	1.723	2.815
1515361100784	9.222	1.723	2.863
1515361100795	8.945	1.762	2.901
1515361100807	8.945	1.848	2.949
1515361100815	8.743	1.886	3.026
1515361100824	8.743	1.848	3.093
1515361100839	8.724	1.628	3.122
1515361100844	8.734	1.628	3.064
1515361100855	8.734	1.34	2.968
1515361100868	8.782	1.359	2.901
1515361100875	8.753	1.225	2.968
1515361100884	8.686	0.948	2.892
1515361100898	8.59	1.13	2.921
1515361100904	8.38	1.283	2.988
1515361100915	8.648	1.11	2.911
1515361100927	8.504	1.11	2.968
1515361100935	8.332	1.312	3.045
1515361100944	8.456	1.35	3.179
1515361100958	8.6	1.532	3.265
1515361100964	8.705	1.58	3.342
1515361100975	8.609	1.704	3.179
1515361100988	8.715	1.723	2.997
1515361100995	9.586	1.561	2.959
1515361101006	10.697	1.494	2.537
1515361101021	9.5	1.436	2.729
1515361101025	9.759	1.35	2.681
1515361101038	9.596	1.35	2.719
1515361101054	9.318	1.312	2.959
1515361101070	9.299	1.254	3.035
1515361101082	9.203	1.206	3.074
1515361101094	9.289	1.283	3.045
1515361101110	9.385	1.302	2.834
1515361101143	9.376	1.264	2.834
1515361101145	9.51	1.254	2.748
1515361101146	9.634	1.273	2.614
1515361101161	9.768	1.359	2.49
1515361101166	9.759	1.58	2.48
1515361101179	9.529	1.762	2.624
1515361101179	9.433	1.877	2.624
1515361101188	9.012	1.848	1.886
1515361101195	9.443	1.857	2.25
1515361101210	10.18	1.781	1.369
1515361101225	11.032	1.81	1.283
1515361101232	9.835	1.398	3.352
1515361101241	9.835	1.13	3.352
1515361101249	9.318	1.11	3.917
1515361101260	9.28	1.331	3.917
1515361101275	9.385	1.666	3.39
1515361101305	9.5	1.599	3.39
1515361101306	9.385	1.235	3.332
1515361101306	9.835	1.11	3.514
1515361101307	9.835	0.842	3.514
1515361101319	9.644	0.833	3.658
1515361101327	9.471	0.9	3.466
1515361101340	9.423	0.909	3.313
1515361101351	9.289	0.775	3.16
1515361101355	9.059	0.641	3.17
1515361101366	8.954	0.545	3.16
1515361101381	9.05	0.478	1.666
1515361101404	9.404	0.21	1.982
1515361101410	9.165	0.651	2.174
