timestamp	x	y	z
1512420161873	-8.533	4.204	-2.576
1512420161888	-8.6	4.348	-2.499
1512420161900	-8.657	4.395	-2.432
1512420161913	-8.686	4.319	-2.365
1512420161914	-8.791	4.137	-2.403
1512420161923	-8.925	3.926	-2.403
1512420161933	-9.012	3.687	-2.461
1512420161944	-9.04	3.524	-2.518
1512420161953	-8.992	3.581	-2.614
1512420161965	-8.973	3.687	-2.662
1512420161977	-8.906	3.792	-2.729
1512420161983	-8.858	3.802	-2.758
1512420161993	-8.81	3.744	-2.777
1512420162010	-8.83	3.668	-2.7
1512420162013	-8.83	3.505	-2.585
1512420162023	-8.734	3.237	-2.547
1512420162034	-8.696	2.968	-2.49
1512420162043	-8.782	2.806	-2.576
1512420162053	-8.849	2.71	-2.595
1512420162064	-8.973	2.681	-2.643
1512420162073	-9.05	2.815	-2.7
1512420162083	-9.059	3.026	-2.662
1512420162095	-9.069	3.237	-2.662
1512420162113	-8.973	3.447	-2.355
1512420162115	-8.868	3.601	-2.355
1512420162126	-8.753	3.725	-2.442
1512420162133	-8.696	3.754	-2.394
1512420162143	-8.705	3.735	-2.413
1512420162154	-8.667	3.696	-2.518
1512420162163	-8.571	3.715	-2.604
1512420162173	-8.581	3.754	-2.681
1512420162184	-8.638	3.725	-2.806
1512420162197	-8.753	3.668	-2.719
1512420162203	-8.849	3.572	-2.576
1512420162215	-8.983	3.39	-2.509
1512420162223	-9.05	3.141	-2.451
1512420162233	-9.107	2.873	-2.432
1512420162247	-9.155	2.604	-2.71
1512420162253	-9.136	2.537	-2.71
1512420162274	-9.194	2.672	-2.911
1512420162275	-9.213	2.729	-2.988
1512420162287	-9.203	2.767	-3.055
1512420162301	-9.347	2.892	-2.93
1512420162308	-9.423	2.921	-2.748
1512420162317	-9.443	2.882	-2.624
1512420162327	-9.404	2.739	-2.595
1512420162336	-9.28	2.672	-2.509
1512420162343	-9.232	2.681	-2.518
1512420162353	-9.289	2.547	-2.604
1512420162365	-9.337	2.365	-2.557
1512420162416	-9.337	2.26	-2.461
1512420162417	-9.213	2.26	-2.672
1512420162418	-9.194	2.231	-2.394
1512420162418	-9.299	2.049	-2.394
1512420162419	-9.462	1.838	-2.49
1512420162424	-9.433	1.733	-2.241
1512420162433	-9.328	1.838	-2.279
1512420162443	-9.232	1.972	-2.442
1512420162455	-9.366	2.174	-2.394
1512420162473	-9.452	2.375	-2.317
1512420162486	-9.337	2.461	-2.604
1512420162493	-9.27	2.269	-2.748
1512420162503	-9.146	2.097	-3.15
1512420162515	-9.079	2.375	-3.208
1512420162523	-9.222	2.844	-3.208
1512420162533	-9.146	3.399	-3.323
1512420162545	-8.983	3.782	-3.38
1512420162553	-9.51	4.146	-3.562
1512420162563	-10.056	4.28	-3.486
1512420162575	-10.343	2.384	-3.486
1512420162583	-10.429	1.005	-3.256
1512420162593	-10.544	0.459	-2.901
1512420162610	-10.956	0.191	-3.026
1512420162613	-11.147	0.651	-2.93
1512420162624	-11.042	1.359	-2.892
1512420162637	-10.822	1.905	-2.911
1512420162643	-10.592	1.905	-3.074
1512420162654	-10.812	2.154	-2.595
1512420162667	-11.348	2.815	-2.557
1512420162673	-11.415	3.093	-2.7
1512420162683	-11.875	3.275	-2.403
1512420162698	-12.162	3.352	-2.068
1512420162703	-12.095	3.409	-1.896
1512420162713	-11.779	3.859	-0.9
1512420162728	-11.08	4.721	-0.622
1512420162733	-10.448	6.004	-1.072
1512420162743	-10.18	7.422	-1.398
1512420162758	-9.471	8.322	-1.551
1512420162763	-8.265	8.782	-1.158
1512420162773	-6.55	9.385	-1.101
1512420162788	-4.922	10.075	-1.599
1512420162793	-3.974	10.17	-2.518
1512420162804	-3.562	9.222	-3.39
1512420162818	-3.284	7.719	-3.696
1512420162823	-3.141	6.704	-3.821
1512420162833	-2.997	6.464	-4.099
1512420162848	-3.102	6.407	-4.012
1512420162853	-3.275	6.11	-4.041
1512420162863	-3.409	5.746	-3.696
1512420162878	-3.629	5.095	-3.284
1512420162883	-3.993	4.175	-2.921
1512420162893	-4.453	3.399	-2.557
1512420162909	-4.903	2.825	-2.269
1512420162913	-5.277	2.652	-1.781
1512420162923	-5.43	2.921	-1.695
1512420162939	-5.19	3.648	-1.666
1512420162943	-4.989	4.309	-0.871
1512420162953	-4.999	4.673	-0.44
1512420162968	-4.951	5.008	-0.957
1512420162973	-5.449	4.338	-1.79
1512420162984	-6.962	3.131	-1.925
1512420163005	-8.178	2.202	-2.164
1512420163006	-8.657	1.857	-2.528
1512420163013	-8.466	1.905	-2.279
1512420163028	-7.776	2.193	-2.461
1512420163033	-7.422	3.85	-2.509
1512420163043	-7.479	5.918	-2.882
1512420163058	-7.451	7.767	-2.087
1512420163063	-8.265	8.514	-2.087
1512420163129	-10.094	6.33	-1.972
1512420163138	-12.172	3.313	-1.091
1512420163151	-13.101	1.139	-2.604
1512420163159	-11.339	1.245	-1.771
1512420163162	-8.782	1.637	-1.551
1512420163164	-6.857	2.365	-3.265
1512420163178	-6.445	4.118	-5.028
1512420163184	-7.106	6.522	-5.114
1512420163184	-7.901	8.418	-5.478
1512420163185	-9.682	8.83	-5.526
1512420163186	-10.975	8.782	-3.811
1512420163186	-10.841	8.552	1.35
1512420163202	-11.205	7.767	2.863
1512420163203	-11.664	6.177	3.83
1512420163213	-12.067	4.012	2.202
1512420163256	-11.76	1.637	-0.268
1512420163257	-11.866	0.679	-2.566
1512420163258	-11.339	1.838	-3.696
1512420163259	-10.822	3.61	-4.999
1512420163264	-9.596	4.884	-6.004
1512420163273	-8.265	5.344	-6.636
1512420163283	-6.818	4.903	-6.454
1512420163297	-7.163	3.84	-6.253
1512420163303	-7.47	3.85	-5.612
1512420163313	-7.929	3.533	-4.213
1512420163326	-8.332	3.294	-2.672
1512420163346	-8.743	2.988	-1.13
1512420163347	-9.222	2.691	-0.019
1512420163357	-9.337	2.355	0.392
1512420163363	-9.318	2.413	0.201
1512420163373	-9.289	2.748	-0.392
1512420163388	-9.203	2.988	-1.225
1512420163393	-9.04	2.94	-2.106
1512420163403	-8.839	3.074	-2.968
1512420163416	-8.485	2.863	-3.601
1512420163423	-8.523	2.624	-3.352
1512420163433	-8.964	2.413	-3.419
1512420163446	-9.376	2.269	-3.39
1512420163453	-9.701	2.193	-3.189
1512420163463	-9.835	1.838	-2.892
1512420163478	-9.921	1.292	-2.777
1512420163483	-10.008	0.89	-2.662
1512420163619	-10.036	0.804	-2.451
1512420163620	-10.094	1.015	-2.47
1512420163621	-10.123	1.321	-2.595
1512420163621	-9.787	1.417	-2.652
1512420163622	-9.423	1.398	-2.518
1512420163622	-9.328	1.522	-2.691
1512420163623	-9.347	1.915	-2.806
1512420163624	-9.395	2.432	-2.834
1512420163624	-9.194	2.662	-2.767
1512420163625	-9.031	2.662	-2.777
1512420163625	-9.012	2.595	-2.691
1512420163626	-9.002	2.691	-2.528
1512420163626	-9.184	2.815	-2.566
1512420163633	-9.366	2.748	-2.528
1512420163643	-9.299	2.604	-2.528
1512420163660	-9.098	2.528	-2.451
1512420163664	-8.992	2.461	-2.49
1512420163678	-9.04	2.48	-2.547
1512420163689	-9.069	2.557	-2.7
1512420163693	-9.079	2.528	-2.786
1512420163703	-9.04	2.528	-2.853
1512420163717	-9.002	2.604	-2.968
1512420163723	-8.945	2.777	-3.016
1512420163733	-8.906	2.901	-2.988
1512420163748	-8.887	2.93	-2.853
1512420163753	-8.945	2.93	-2.796
1512420163764	-8.992	3.016	-2.729
1512420163779	-9.021	3.189	-2.911
1512420163783	-9.127	3.342	-3.016
1512420163793	-9.184	3.39	-3.016
1512420163807	-9.079	3.265	-2.911
1512420163813	-9.059	2.968	-2.911
1512420163823	-9.117	2.614	-2.959
1512420163837	-9.251	2.365	-3.045
1512420163843	-9.28	2.336	-2.997
1512420163853	-9.232	2.365	-3.064
1512420163866	-9.213	2.327	-3.026
1512420163873	-9.232	2.231	-2.853
1512420163883	-9.308	2.001	-2.767
1512420163898	-9.289	1.886	-2.758
1512420163911	-9.299	1.771	-3.007
1512420163933	-9.347	1.905	-2.643
1512420163936	-9.347	2.011	-2.643
1512420163938	-9.414	1.944	-2.71
1512420163976	-9.672	2.02	-2.949
1512420163980	-9.605	2.288	-2.949
1512420163981	-9.318	2.461	-2.844
1512420163981	-9.395	2.336	-2.528
1512420163986	-9.768	2.03	-2.528
1512420163995	-9.874	1.781	-2.528
1512420164010	-10.027	1.723	-2.758
1512420164021	-10.017	1.494	-3.055
1512420164029	-9.941	1.264	-3.275
1512420164040	-9.864	1.043	-3.514
1512420164050	-10.199	0.651	-3.524
1512420164053	-10.285	0.593	-3.543
1512420164064	-10.448	0.641	-3.964
1512420164078	-10.649	0.612	-3.821
1512420164083	-10.448	0.833	-3.878
1512420164094	-10.391	0.986	-4.022
1512420164110	-10.372	1.12	-3.84
1512420164113	-10.285	1.637	-3.658
1512420164123	-10.381	2.011	-3.572
1512420164140	-10.544	2.26	-3.189
1512420164143	-10.496	3.131	-2.863
1512420164155	-10.448	3.821	-2.806
1512420164168	-10.707	4.338	-2.806
1512420164173	-10.735	4.453	-2.672
1512420164183	-10.889	4.424	-2.442
1512420164199	-11.281	4.137	-1.867
1512420164203	-11.301	3.658	-1.58
1512420164213	-10.937	3.658	-1.12
1512420164227	-10.314	4.089	-0.296
1512420164233	-9.893	4.788	-0.153
1512420164244	-9.625	5.545	-0.162
1512420164259	-9.04	6.062	-0.201
1512420164263	-8.188	6.024	-0.277
1512420164274	-7.288	5.87	-0.335
1512420164292	-6.234	6.158	-0.737
1512420164294	-5.296	6.502	-1.618
1512420164303	-4.692	6.608	-2.202
1512420164318	-4.089	6.474	-2.652
1512420164323	-3.562	6.167	-2.863
1512420164335	-3.294	5.822	-2.892
1512420164347	-3.371	5.401	-3.064
1512420164353	-3.61	4.874	-3.17
1512420164363	-3.917	4.338	-3.581
1512420164378	-4.185	4.127	-3.533
1512420164383	-4.415	4.415	-3.323
1512420164395	-4.539	4.606	-3.284
1512420164406	-4.941	4.52	-2.767
1512420164414	-5.497	4.51	-1.953
1512420164423	-5.784	4.424	-1.494
1512420164437	-5.784	3.696	-1.292
1512420164443	-6.608	2.633	-1.216
1512420164454	-7.594	1.436	-1.407
1512420164467	-8.427	0.411	-1.992
1512420164473	-8.82	0.047	-2.758
1512420164483	-8.734	0.842	-2.614
1512420164499	-8.284	2.317	-2.001
1512420164503	-7.92	3.974	-3.495
1512420164514	-8.494	7.02	-2.308
1512420164531	-9.222	8.868	-1.264
1512420164533	-9.548	7.805	-1.992
1512420164546	-9.605	5.64	-2.164
1512420164563	-10.266	3.715	-1.522
1512420164564	-11.004	2.518	-1.762
1512420164576	-10.534	1.81	-2.375
1512420164593	-9.443	1.628	-3.85
1512420164594	-9.203	3.409	-4.079
1512420164606	-9.222	5.966	-4.079
1512420164623	-8.456	7.881	-4.587
1512420164624	-7.987	9.462	-4.395
1512420164636	-7.872	9.692	-4.213
1512420164651	-8.207	9.059	-3.237
1512420164653	-9.031	7.46	-1.953
1512420164670	-9.759	5.19	-0.775
1512420164674	-9.96	3.246	-0.766
1512420164686	-9.519	2.336	-0.794
1512420164699	-9.232	2.423	-2.145
1512420164712	-9.797	3.352	-2.279
1512420164714	-10.017	4.443	-2.748
1512420164723	-9.184	5.468	-3.198
1512420164735	-8.016	6.014	-3.457
1512420164756	-6.991	6.244	-3.955
1512420164767	-6.435	6.205	-3.974
1512420164769	-6.818	6.091	-3.984
1512420164791	-7.546	5.727	-4.06
1512420164796	-7.939	5.248	-3.715
1512420164801	-8.322	4.664	-2.853
1512420164810	-9.021	3.974	-2.097
1512420164813	-9.395	3.438	-1.398
1512420164826	-9.146	3.179	-0.976
1512420164833	-8.964	3.16	-1.015
1512420164845	-8.619	3.189	-1.388
1512420164864	-8.466	3.39	-1.953
1512420164864	-8.38	3.668	-2.509
1512420164876	-8.447	4.118	-3.179
1512420164891	-8.447	4.089	-3.639
1512420164894	-8.408	4.166	-3.687
1512420164906	-8.466	4.328	-3.715
1512420164921	-8.638	4.357	-3.572
1512420164925	-8.83	4.022	-3.16
1512420164936	-8.973	3.83	-2.853
1512420164948	-9.002	3.198	-2.547
1512420164953	-9.069	2.777	-2.269
1512420164964	-9.146	2.47	-2.26
1512420164981	-9.107	2.432	-2.394
1512420164984	-9.127	2.652	-2.423
1512420164995	-9.069	2.911	-2.528
1512420165005	-8.916	3.055	-2.719
1512420165013	-8.763	3.256	-2.739
1512420165024	-8.734	3.39	-2.719
1512420165040	-8.772	3.323	-2.71
1512420165043	-8.878	3.026	-2.719
1512420165055	-8.983	2.643	-2.643
1512420165063	-9.165	2.221	-2.48
1512420165073	-9.356	1.915	-2.518
1512420165087	-9.519	1.867	-2.691
1512420165102	-9.797	1.992	-2.595
1512420165103	-9.692	1.972	-2.451
1512420165117	-9.557	1.743	-2.528
1512420165131	-9.72	1.608	-2.624
1512420165133	-9.759	1.522	-2.604
1512420165146	-9.663	1.532	-2.614
1512420165153	-9.682	1.513	-2.691
1512420165164	-9.625	1.647	-2.748
1512420165176	-9.443	1.915	-2.815
1512420165183	-9.337	2.25	-2.834
1512420165193	-9.232	2.576	-2.873
1512420165207	-9.05	2.796	-2.921
1512420165223	-9.05	2.94	-2.844
1512420165225	-8.992	2.978	-2.681
1512420165242	-8.954	2.901	-2.614
1512420165247	-9.088	2.633	-2.509
1512420165256	-9.308	2.279	-2.202
1512420165269	-9.356	2.164	-2.049
1512420165273	-9.28	2.25	-2.097
1512420165283	-9.213	2.499	-2.241
1512420165294	-9.194	2.652	-2.547
1512420165303	-9.194	2.643	-2.767
1512420165313	-9.165	2.576	-2.643
1512420165324	-9.069	2.442	-2.509
1512420165333	-9.299	2.135	-2.633
1512420165343	-9.529	1.857	-2.48
1512420165356	-9.51	1.628	-2.423
1512420165363	-9.49	1.58	-2.336
1512420165373	-9.49	1.608	-2.327
1512420165387	-9.557	1.637	-2.384
1512420165393	-9.615	1.695	-2.624
1512420165403	-9.529	1.771	-2.93
1512420165417	-9.376	1.81	-3.122
1512420165423	-9.27	1.915	-3.332
1512420165433	-9.203	2.011	-3.447
1512420165447	-9.155	2.078	-3.256
1512420165453	-9.184	2.097	-3.256
1512420165463	-9.261	2.049	-2.959
1512420165477	-9.318	2.231	-2.815
1512420165483	-9.318	2.221	-2.815
1512420165496	-9.194	2.576	-2.921
1512420165509	-9.107	2.882	-3.016
1512420165513	-9.088	3.179	-2.863
1512420165525	-9.079	3.275	-2.758
1512420165537	-8.973	2.921	-2.672
1512420165543	-8.973	2.921	-2.518
1512420165555	-9.021	2.911	-2.528
1512420165568	-9.05	2.882	-2.643
1512420165608	-9.088	2.863	-2.624
1512420165616	-9.05	3.045	-2.643
1512420165623	-9.05	2.739	-2.719
1512420165628	-9.05	2.739	-2.595
1512420165630	-9.146	2.71	-2.719
1512420165634	-9.203	2.652	-3.055
1512420165637	-9.433	2.499	-3.083
1512420165646	-9.395	2.355	-2.911
1512420165660	-9.404	2.269	-2.825
1512420165663	-9.739	2.03	-2.576
1512420165673	-9.692	2.097	-2.451
1512420165687	-9.5	1.915	-2.767
1512420165693	-9.634	1.762	-3.122
1512420165703	-9.644	2.106	-3.332
1512420165717	-9.548	2.442	-3.581
1512420165723	-9.471	2.662	-3.735
1512420165733	-9.481	2.844	-3.792
1512420165752	-9.72	2.853	-3.39
1512420165753	-10.247	2.48	-3.284
1512420165763	-10.735	1.79	-3.074
1512420165776	-11.348	0.967	-2.997
1512420165783	-11.693	0.584	-3.112
1512420165793	-11.348	0.565	-3.352
1512420165805	-11.09	0.526	-3.131
1512420165813	-10.975	0.957	-3.514
1512420165823	-10.697	1.781	-3.533
1512420165834	-10.64	2.652	-4.175
1512420165843	-10.496	3.294	-3.706
1512420165853	-10.783	3.323	-3.284
1512420165864	-11.195	2.786	-3.323
1512420165873	-11.789	2.518	-2.518
1512420165883	-12.22	2.183	-1.819
1512420165896	-12.115	1.608	-1.484
1512420165903	-11.645	1.676	-0.957
1512420165914	-10.755	2.624	0.296
1512420165937	-9.826	3.782	0.536
1512420165940	-9.174	5.19	0.354
1512420165950	-8.581	6.656	0.21
1512420165955	-7.632	7.087	-0.335
1512420165963	-6.512	6.895	-0.727
1512420165973	-5.209	7.479	-0.411
1512420165985	-4.022	8.59	-1.072
1512420166000	-3.361	9.28	-1.829
1512420166003	-3.323	8.801	-2.968
1512420166015	-3.284	7.269	-3.428
1512420166023	-3.227	5.947	-3.62
1512420166033	-3.227	5.631	-3.629
1512420166046	-3.409	5.842	-3.897
1512420166053	-3.706	6.004	-4.031
1512420166063	-3.811	6.004	-3.945
1512420166075	-4.079	5.411	-3.687
1512420166087	-4.683	4.635	-2.911
1512420166093	-5.593	3.782	-2.193
1512420166105	-6.435	3.208	-1.877
1512420166113	-6.32	3.179	-1.829
1512420166123	-5.937	3.189	-1.561
1512420166140	-6.732	3.074	-2.039
1512420166143	-6.732	3.505	-2.039
1512420166153	-7.776	3.735	-2.106
1512420166165	-8.686	3.821	-1.723
1512420166173	-9.232	3.533	-1.723
1512420166183	-9.395	2.758	-0.852
1512420166195	-8.906	1.896	-1.417
1512420166203	-8.916	1.982	-1.417
1512420166213	-8.638	3.131	-1.666
1512420166226	-9.136	5.066	-2.001
1512420166233	-9.136	6.665	-2.001
1512420166243	-9.73	6.253	-1.465
1512420166257	-10.142	5.209	-2.221
1512420166275	-9.031	4.846	-2.901
1512420166285	-8.236	2.729	-4.146
1512420166293	-8.236	2.662	-3.993
1512420166303	-7.403	2.633	-3.792
1512420166315	-7.958	4.261	-5.171
1512420166323	-7.958	4.175	-4.98
1512420166333	-9.49	5.707	-4.213
1512420166345	-9.385	7.134	-3.055
1512420166353	-9.127	7.814	-2.106
1512420166363	-9.088	7.422	-0.737
1512420166377	-9.797	4.453	0.469
1512420166383	-10.716	4.453	0.287
1512420166393	-11.243	2.748	-0.258
1512420166405	-10.64	1.522	-0.89
1512420166433	-10.247	1.513	-1.024
1512420166439	-9.548	3.696	-2.451
1512420166442	-8.801	4.759	-3.591
1512420166444	-8.169	6.234	-4.242
1512420166472	-7.527	7.182	-4.711
1512420166474	-7.163	7.278	-4.75
1512420166476	-7.307	6.512	-4.549
1512420166484	-7.776	5.372	-4.156
1512420166494	-8.188	4.309	-3.304
1512420166503	-8.15	3.39	-2.672
1512420166513	-8.265	2.94	-2.193
1512420166527	-8.83	2.853	-1.896
1512420166533	-9.203	2.949	-1.723
1512420166543	-9.079	3.361	-1.81
1512420166562	-8.935	3.821	-1.982
1512420166563	-8.753	4.118	-2.346
1512420166574	-8.571	4.261	-2.739
1512420166587	-8.437	4.223	-2.959
1512420166593	-8.37	4.051	-2.94
1512420166606	-8.226	3.869	-2.825
1512420166617	-8.13	3.706	-2.719
1512420166623	-8.044	3.601	-2.528
1512420166642	-7.834	3.696	-2.442
1512420166648	-7.508	4.175	-2.499
1512420166653	-7.46	4.941	-2.509
1512420166663	-7.441	5.755	-2.566
1512420166675	-7.508	6.33	-2.681
1512420166683	-7.719	6.56	-2.786
1512420166693	-8.178	6.435	-2.585
1512420166705	-8.868	5.995	-2.106
1512420166713	-9.155	5.114	-1.666
1512420166723	-9.261	4.031	-1.398
1512420166738	-9.423	3.007	-1.474
1512420166743	-9.854	2.26	-1.762
1512420166755	-10.285	1.934	-2.174
1512420166770	-10.113	1.723	-2.672
1512420166773	-9.845	1.321	-2.901
1512420166786	-9.835	0.89	-3.237
1512420166800	-9.787	0.565	-3.639
1512420166804	-9.864	0.517	-3.505
1512420166816	-9.845	0.584	-3.438
1512420166829	-9.807	0.622	-3.601
1512420166833	-9.835	0.89	-3.457
1512420166846	-9.807	1.292	-3.294
1512420166859	-9.586	1.599	-3.131
1512420166863	-9.519	1.982	-2.949
1512420166876	-9.605	2.317	-2.662
1512420166889	-9.308	2.547	-2.355
1512420166893	-9.146	2.652	-2.241
1512420166907	-9.232	2.662	-2.241
1512420166921	-9.385	2.806	-2.336
1512420166925	-9.299	2.959	-2.518
1512420166936	-9.174	3.093	-2.614
1512420166946	-9.146	3.141	-2.614
1512420166953	-9.098	3.112	-2.739
1512420166963	-9.021	3.064	-2.873
1512420166976	-8.945	2.815	-2.786
1512420166983	-8.868	2.499	-2.662
1512420166993	-8.906	2.174	-2.509
1512420167006	-8.839	1.953	-2.518
1512420167013	-8.925	1.867	-2.461
1512420167023	-9.261	1.915	-2.739
1512420167036	-9.127	1.905	-2.49
1512420167043	-9.059	2.049	-2.394
1512420167053	-9.27	2.212	-2.346
1512420167068	-9.299	2.212	-2.528
1512420167073	-9.366	2.011	-2.47
1512420167083	-9.462	1.8	-2.595
1512420167096	-9.586	1.647	-2.748
1512420167103	-9.538	1.608	-2.978
1512420167113	-9.337	1.743	-3.189
1512420167126	-9.414	2.03	-3.38
1512420167133	-9.347	2.365	-3.419
1512420167143	-9.337	2.614	-3.342
1512420167157	-9.414	2.739	-3.17
1512420167163	-9.471	2.585	-2.997
1512420167173	-9.404	2.288	-2.806
1512420167188	-9.433	1.982	-2.652
1512420167193	-9.414	1.838	-2.662
1512420167203	-9.299	1.972	-2.595
1512420167216	-9.174	2.039	-2.604
1512420167223	-9.088	2.355	-2.729
1512420167233	-9.107	2.672	-2.901
1512420167253	-9.088	2.988	-2.921
1512420167258	-8.964	3.035	-2.911
1512420167270	-8.964	2.93	-2.825
1512420167293	-9.04	2.748	-2.7
1512420167297	-9.05	2.49	-2.518
1512420167301	-9.079	2.288	-2.432
1512420167304	-9.165	2.221	-2.384
1512420167313	-9.184	2.269	-2.394
1512420167323	-9.174	2.423	-2.47
1512420167342	-9.155	2.672	-2.585
1512420167343	-9.059	2.853	-2.662
1512420167356	-8.983	2.93	-2.672
1512420167369	-9.117	2.892	-2.643
1512420167373	-9.28	2.719	-2.595
1512420167384	-9.27	2.48	-2.499
1512420167400	-9.28	2.26	-2.298
1512420167403	-9.347	2.001	-2.336
1512420167413	-9.385	1.896	-2.423
1512420167427	-9.356	2.02	-2.509
1512420167433	-9.289	2.135	-2.595
1512420167443	-9.213	2.212	-2.604
1512420167457	-9.194	2.154	-2.643
1512420167463	-9.241	2.164	-2.719
1512420167473	-9.27	2.317	-2.796
1512420167487	-9.299	2.49	-2.739
1512420167493	-9.308	2.499	-2.7
1512420167503	-9.27	2.375	-2.652
1512420167516	-9.376	2.126	-2.547
1512420167523	-9.443	1.915	-2.509
1512420167533	-9.423	1.915	-2.576
1512420167547	-9.596	2.011	-3.074
1512420167553	-9.615	2.346	-3.189
1512420167563	-9.443	2.643	-3.553
1512420167576	-9.433	2.681	-3.715
1512420167583	-9.548	2.451	-3.428
1512420167593	-9.701	2.059	-3.237
1512420167607	-9.921	1.637	-3.179
1512420167613	-10.17	1.139	-3.15
1512420167623	-10.17	0.938	-2.93
1512420167634	-10.017	0.852	-2.844
1512420167643	-10.017	0.996	-2.509
1512420167653	-9.883	1.34	-2.901
1512420167664	-9.854	2.049	-2.882
1512420167673	-9.347	2.748	-3.533
1512420167684	-9.433	3.179	-3.284
1512420167699	-9.883	3.342	-2.834
1512420167703	-9.988	3.687	-2.834
1512420167713	-9.826	3.945	-2.413
1512420167725	-10.036	3.792	-2.547
1512420167733	-10.419	3.725	-2.47
1512420167743	-10.573	3.802	-2.193
1512420167757	-10.496	3.792	-2.231
1512420167763	-10.735	3.581	-2.643
1512420167773	-10.85	3.313	-2.978
1512420167787	-11.09	3.035	-3.371
1512420167793	-11.205	2.652	-2.911
1512420167803	-10.984	2.566	-2.48
1512420167820	-10.18	3.629	-2.403
1512420167823	-9.261	5.066	-2.394
1512420167835	-8.418	7.02	-1.465
1512420167852	-7.297	9.194	-0.814
1512420167854	-4.386	10.946	-1.379
1512420167865	-4.252	11.77	-1.637
1512420167880	-4.405	11.53	-2.001
1512420167883	-4.692	9.902	-2.461
1512420167895	-5.085	8.303	-2.365
1512420167912	-5.516	7.077	-2.758
1512420167914	-5.813	5.822	-3.189
1512420167925	-5.918	4.376	-3.696
1512420167942	-5.746	4.443	-3.782
1512420167944	-5.516	3.62	-3.524
1512420167963	-5.458	3.246	-3.304
1512420167970	-5.593	3.093	-2.691
1512420167987	-5.66	3.227	-2.566
1512420167989	-5.736	3.208	-2.346
1512420168002	-5.985	2.901	-2.145
1512420168004	-6.349	2.681	-1.925
1512420168016	-6.608	2.71	-1.589
1512420168038	-6.493	3.419	-1.139
1512420168040	-6.493	3.419	-1.139
1512420168049	-6.704	3.581	-0.718
1512420168062	-7.154	3.17	-0.823
1512420168064	-7.805	2.355	-1.12
1512420168103	-8.245	1.494	-1.503
1512420168105	-8.389	0.919	-1.599
1512420168117	-8.427	0.632	-1.934
1512420168124	-8.408	1.101	-2.327
1512420168126	-8.111	2.499	-2.135
1512420168130	-7.968	4.673	-1.647
1512420168135	-7.872	7.623	-2.566
1512420168154	-7.144	9.385	-1.982
1512420168155	-7.767	8.427	0.249
1512420168168	-9.768	6.282	-2.135
1512420168178	-10.19	5.468	-1.465
1512420168183	-9.519	4.434	-1.177
1512420168205	-8.916	2.547	-2.767
1512420168210	-8.475	1.503	-3.668
1512420168215	-8.312	1.57	-4.472
1512420168230	-8.657	2.49	-4.654
1512420168239	-8.878	3.706	-5.114
1512420168243	-9.931	5.363	-4.482
1512420168255	-10.927	5.928	-3.189
1512420168268	-10.831	5.19	-3.074
1512420168277	-10.391	5.085	-1.216
1512420168284	-10.199	4.893	-0.258
1512420168298	-9.299	4.913	-0.718
1512420168303	-8.456	5.315	-1.503
1512420168314	-8.427	5.487	-2.911
1512420168327	-9.04	5.401	-3.773
1512420168333	-9.49	5.411	-3.964
1512420168343	-9.184	5.631	-3.581
1512420168359	-8.38	5.966	-3.102
1512420168363	-7.853	6.387	-3.141
1512420168373	-8.092	6.665	-2.863
1512420168389	-8.274	6.636	-2.739
1512420168395	-8.083	6.368	-2.921
1512420168403	-7.91	6.091	-2.968
1512420168419	-7.757	5.707	-3.055
1512420168423	-7.69	5.277	-3.093
1512420168433	-7.872	5.142	-3.026
1512420168448	-8.025	5.209	-2.863
1512420168453	-7.996	5.229	-2.681
1512420168467	-7.853	5.219	-2.662
1512420168480	-7.786	5.277	-2.652
1512420168483	-7.68	5.42	-2.882
1512420168497	-7.623	5.64	-2.997
1512420168514	-7.604	5.66	-2.997
1512420168515	-7.661	5.43	-2.719
1512420168525	-7.814	4.989	-2.47
1512420168542	-7.901	4.692	-2.164
1512420168543	-8.025	4.577	-1.829
1512420168555	-8.15	4.501	-1.695
1512420168569	-8.226	4.395	-1.695
1512420168573	-8.351	4.271	-1.656
1512420168583	-8.456	4.213	-1.781
1512420168599	-8.581	4.127	-2.011
1512420168603	-8.763	3.936	-2.423
1512420168613	-9.347	3.601	-2.786
1512420168630	-9.634	2.968	-3.179
1512420168633	-9.759	1.915	-3.505
1512420168644	-10.056	-1.13	-3.984
1512420168662	-10.199	-1.12	-4.367
1512420168663	-10.343	-1.982	-4.415
1512420168681	-10.352	-1.953	-4.424
1512420168688	-10.295	-1.417	-4.127
1512420168697	-10.123	0.181	-3.648
1512420168707	-9.96	1.053	-3.055
1512420168713	-9.988	1.819	-2.585
1512420168723	-9.95	2.154	-2.25
1512420168734	-9.625	2.461	-1.972
1512420168743	-9.232	2.499	-1.867
1512420168753	-9.031	2.48	-1.905
1512420168765	-8.964	2.786	-2.403
1512420168774	-9.174	3.505	-2.853
1512420168783	-8.945	4.06	-2.786
1512420168796	-8.466	4.099	-2.758
1512420168810	-8.523	3.83	-2.978
1512420168813	-8.782	3.639	-3.112
1512420168825	-8.839	3.562	-3.064
1512420168833	-8.83	3.294	-2.93
1512420168843	-8.849	2.94	-2.796
1512420168854	-8.916	2.681	-2.758
1512420168863	-9.05	2.547	-2.767
1512420168873	-9.136	2.451	-2.777
1512420168885	-9.165	2.298	-2.786
1512420168900	-9.136	2.116	-2.834
1512420168932	-9.155	1.972	-2.873
1512420168936	-9.251	1.963	-2.806
1512420168939	-9.299	2.02	-2.748
1512420168944	-9.28	2.087	-2.691
1512420168955	-9.356	2.116	-2.643
1512420168957	-9.366	2.126	-2.624
1512420168963	-9.174	2.078	-2.777
1512420168976	-9.222	1.944	-2.758
1512420168986	-9.462	1.925	-2.557
1512420169002	-9.443	2.039	-2.643
1512420169012	-9.328	2.202	-2.662
1512420169013	-9.28	2.298	-2.557
1512420169023	-9.27	2.279	-2.461
1512420169035	-9.261	2.327	-2.595
1512420169043	-9.423	2.662	-2.911
1512420169055	-9.452	3.055	-3.007
1512420169066	-9.241	3.179	-2.767
1512420169073	-9.136	2.959	-2.672
1512420169083	-9.146	2.585	-2.585
1512420169096	-9.213	2.375	-2.432
1512420169103	-9.232	2.336	-2.327
1512420169113	-9.261	2.461	-2.403
1512420169124	-9.146	2.672	-2.451
1512420169133	-9.021	2.863	-2.528
1512420169143	-8.973	2.959	-2.691
1512420169154	-8.992	3.064	-2.796
1512420169163	-9.002	3.141	-2.767
1512420169173	-8.954	3.064	-2.604
1512420169184	-8.983	2.901	-2.518
1512420169193	-9.059	2.748	-2.423
1512420169203	-9.088	2.633	-2.384
1512420169215	-9.155	2.384	-2.49
1512420169223	-9.318	2.174	-2.518
1512420169233	-9.443	1.982	-2.48
1512420169248	-9.385	1.896	-2.461
1512420169253	-9.328	1.934	-2.528
1512420169263	-9.376	2.039	-2.767
1512420169277	-9.28	2.375	-2.863
1512420169283	-9.28	2.308	-3.016
1512420169296	-9.222	2.212	-2.748
1512420169309	-9.232	2.059	-2.681
1512420169313	-9.289	1.963	-2.681
1512420169325	-9.328	1.915	-2.47
1512420169337	-9.289	1.925	-2.547
1512420169343	-9.28	1.925	-2.672
1512420169356	-9.251	2.001	-2.777
1512420169370	-9.213	2.298	-2.873
1512420169373	-9.002	2.652	-2.921
1512420169384	-8.887	2.873	-2.978
1512420169398	-8.935	2.863	-3.055
1512420169403	-9.088	2.863	-3.045
1512420169415	-9.059	2.748	-2.968
1512420169428	-9.165	2.719	-2.921
1512420169433	-9.165	2.652	-2.949
1512420169443	-9.146	2.423	-2.882
1512420169458	-9.174	2.442	-2.93
1512420169463	-9.174	2.442	-2.968
1512420169475	-9.155	2.423	-2.959
1512420169487	-9.222	2.518	-3.064
1512420169493	-9.299	2.604	-3.016
1512420169509	-9.28	2.604	-2.892
1512420169516	-9.28	2.585	-2.911
1512420169523	-9.251	2.585	-3.007
1512420169534	-9.232	2.691	-3.007
1512420169545	-9.127	2.825	-3.055
1512420169553	-9.069	2.901	-3.055
1512420169563	-9.146	2.873	-3.16
1512420169575	-9.146	2.844	-3.093
1512420169583	-9.146	2.748	-3.112
1512420169593	-9.261	2.624	-3.007
1512420169604	-9.385	2.719	-3.055
1512420169613	-9.395	2.815	-3.064
1512420169623	-9.443	2.758	-3.122
1512420169636	-9.395	2.739	-3.016
1512420169643	-9.376	2.796	-3.045
1512420169653	-9.548	3.035	-3.217
1512420169667	-9.644	3.352	-3.246
1512420169673	-9.481	3.505	-3.505
1512420169684	-9.146	3.668	-3.735
1512420169698	-9.337	3.83	-3.304
1512420169703	-9.481	3.83	-3.361
1512420169715	-9.672	3.687	-3.035
1512420169727	-10.295	3.246	-2.758
1512420169763	-10.285	2.959	-2.183
1512420169769	-10.372	2.949	-2.212
1512420169772	-11.109	2.949	-2.566
1512420169776	-11.166	3.16	-2.767
1512420169779	-10.755	3.045	-2.758
1512420169787	-10.601	2.662	-3.055
1512420169793	-10.841	2.681	-3.342
1512420169803	-10.975	2.882	-3.61
1512420169818	-10.783	2.844	-3.763
1512420169823	-10.697	2.796	-3.399
1512420169833	-10.707	2.604	-3.093
1512420169846	-10.649	2.518	-2.49
1512420169873	-10.554	2.394	-1.877
1512420169874	-10.285	2.346	-1.168
1512420169874	-9.423	3.237	-0.363
1512420169883	-7.805	5.305	0.325
1512420169893	-5.937	7.556	0.191
1512420169905	-4.108	9.433	0.201
1512420169913	-2.537	10.917	-0.632
1512420169930	-1.465	11.684	-1.925
1512420169936	-1.149	10.917	-2.739
1512420169943	-1.379	9.27	-3.342
1512420169953	-1.695	8.13	-3.773
1512420169969	-2.212	7.182	-4.041
1512420169988	-3.055	5.88	-4.865
1512420169989	-4.079	4.922	-5.037
1512420169995	-4.587	4.443	-4.482
1512420170003	-4.635	4.855	-4.482
1512420170013	-4.97	5.257	-3.648
1512420170026	-5.516	4.913	-2.719
1512420170038	-6.225	3.964	-1.704
1512420170045	-7.039	2.806	-1.216
1512420170055	-8.763	1.886	-0.105
1512420170063	-8.763	0.957	-0.105
1512420170073	-9.251	-0.038	-0.545
1512420170089	-9.117	-0.316	-1.225
1512420170094	-8.523	0.574	-1.896
1512420170103	-8.303	2.355	-2.25
1512420170115	-9.146	7.901	-2.403
1512420170123	-9.146	7.901	-2.786
1512420170133	-8.81	8.878	-3.237
1512420170146	-8.236	7.383	-2.633
1512420170153	-8.801	5.037	-2.576
1512420170163	-10.889	2.681	-3.122
1512420170175	-10.601	1.005	-3.419
1512420170183	-8.849	0.593	-4.003
1512420170193	-7.067	1.915	-3.581
1512420170208	-7.077	7.0	-3.993
1512420170213	-8.341	7.0	-5.353
1512420170227	-9.854	7.47	-4.338
1512420170235	-11.08	6.972	-2.403
1512420170243	-10.688	5.822	-1.024
1512420170254	-9.672	4.51	-0.067
1512420170266	-8.676	3.782	0.22
1512420170273	-8.044	3.859	-0.871
1512420170283	-7.977	4.606	-2.93
1512420170295	-8.887	5.315	-3.715
1512420170303	-9.73	5.775	-4.357
1512420170313	-9.49	6.043	-4.759
1512420170326	-8.916	5.784	-4.29
1512420170333	-8.648	5.391	-3.284
1512420170343	-8.466	4.731	-2.643
1512420170358	-8.485	4.108	-2.327
1512420170363	-8.686	3.495	-1.838
1512420170374	-8.83	2.806	-2.001
1512420170385	-8.81	2.557	-2.375
1512420170393	-8.667	2.71	-2.901
1512420170405	-8.6	3.074	-3.371
1512420170416	-8.6	3.572	-3.639
1512420170423	-8.561	4.06	-3.61
1512420170433	-8.705	4.453	-3.323
1512420170446	-8.916	4.826	-2.758
1512420170453	-9.05	5.095	-2.336
1512420170463	-9.002	4.999	-1.905
1512420170480	-8.82	4.616	-1.676
1512420170483	-8.629	4.146	-1.695
1512420170493	-8.514	3.792	-1.982
1512420170508	-8.542	3.62	-2.346
1512420170523	-8.705	3.409	-2.729
1512420170524	-8.667	3.323	-3.122
1512420170538	-8.561	3.514	-3.055
1512420170543	-8.581	3.907	-2.892
1512420170553	-8.542	4.319	-2.767
1512420170573	-8.571	4.616	-2.595
1512420170575	-8.523	4.644	-2.394
1512420170590	-8.418	4.51	-2.317
1512420170597	-8.303	4.29	-2.336
1512420170616	-8.399	4.271	-2.403
1512420170618	-8.581	4.29	-2.413
1512420170636	-8.648	4.213	-2.365
1512420170639	-8.552	4.07	-2.375
1512420170645	-8.466	3.926	-2.365
1512420170658	-8.399	3.917	-2.327
1512420170673	-8.418	3.926	-2.451
1512420170674	-8.456	3.897	-2.528
1512420170688	-8.619	3.715	-2.595
1512420170693	-8.724	3.371	-2.49
1512420170703	-8.858	2.777	-2.547
1512420170716	-9.423	2.03	-2.892
1512420170723	-9.931	1.302	-2.834
1512420170737	-10.103	0.794	-2.796
1512420170747	-10.209	0.526	-2.815
1512420170753	-10.103	0.392	-2.863
1512420170763	-10.046	0.354	-2.767
1512420170774	-10.027	0.574	-2.863
1512420170783	-9.941	1.091	-3.035
1512420170793	-9.759	1.608	-3.246
1512420170807	-9.557	1.934	-3.304
1512420170816	-9.337	1.982	-3.265
1512420170827	-9.27	1.905	-3.16
1512420170837	-9.347	1.886	-3.045
1512420170843	-9.366	1.925	-2.93
1512420170853	-9.28	1.925	-2.557
1512420170864	-9.222	1.877	-2.384
1512420170873	-9.232	1.857	-2.423
1512420170883	-9.241	1.925	-2.432
1512420170896	-9.213	2.106	-2.499
1512420170903	-9.174	2.241	-2.624
1512420170913	-9.002	2.384	-2.681
1512420170927	-9.079	2.518	-2.7
1512420170933	-9.079	2.576	-2.652
1512420170943	-8.858	2.413	-2.662
1512420170956	-9.146	2.26	-2.911
1512420170963	-9.194	2.269	-2.911
1512420170973	-9.127	2.451	-2.825
1512420170989	-9.079	2.604	-2.739
1512420170995	-9.174	2.499	-2.729
1512420171003	-9.28	2.355	-2.786
1512420171017	-9.289	2.317	-2.863
1512420171059	-9.241	2.375	-2.834
1512420171059	-9.232	2.154	-2.748
1512420171060	-9.27	2.087	-2.633
1512420171061	-9.385	1.857	-2.777
1512420171066	-9.51	1.867	-2.796
1512420171075	-9.548	2.03	-2.767
1512420171083	-9.481	1.925	-2.729
1512420171093	-9.433	1.714	-2.729
1512420171108	-9.49	1.541	-2.758
1512420171113	-9.51	1.522	-2.901
1512420171123	-9.51	1.608	-3.016
1512420171137	-9.395	1.656	-2.968
1512420171143	-9.299	1.676	-2.949
1512420171153	-9.289	1.714	-2.949
1512420171167	-9.27	1.915	-3.016
1512420171173	-9.251	2.183	-3.093
1512420171183	-9.194	2.442	-2.978
1512420171198	-9.174	2.48	-2.921
1512420171203	-9.184	2.355	-2.729
1512420171213	-9.203	2.25	-2.662
1512420171226	-9.299	2.154	-2.633
1512420171233	-9.27	2.145	-2.614
1512420171243	-9.232	2.202	-2.595
1512420171256	-9.194	2.241	-2.633
1512420171263	-9.174	2.298	-2.652
1512420171273	-9.203	2.327	-2.681
1512420171288	-9.213	2.327	-2.672
1512420171293	-9.203	2.288	-2.672
1512420171303	-9.28	2.298	-2.786
1512420171319	-9.347	2.317	-2.921
1512420171323	-9.366	2.25	-2.93
1512420171335	-9.261	2.145	-2.93
1512420171352	-9.184	2.02	-2.921
1512420171353	-9.174	1.944	-2.825
1512420171365	-9.184	2.106	-2.959
1512420171380	-9.203	2.432	-3.141
1512420171383	-9.127	2.921	-3.141
1512420171424	-9.031	3.141	-3.064
1512420171427	-9.079	3.074	-3.15
1512420171449	-9.194	2.892	-2.959
1512420171453	-9.174	2.662	-2.604
1512420171454	-9.222	2.394	-2.614
1512420171455	-9.241	2.26	-2.652
1512420171458	-9.213	2.221	-2.518
1512420171472	-9.241	2.298	-2.595
1512420171473	-9.146	2.47	-2.786
1512420171491	-8.992	2.758	-2.806
1512420171500	-8.868	2.949	-2.873
1512420171503	-8.925	3.016	-2.873
1512420171513	-9.031	2.681	-2.825
1512420171530	-9.261	2.346	-2.853
1512420171536	-9.443	2.432	-2.853
1512420171543	-9.366	2.739	-2.949
1512420171558	-9.05	3.093	-2.786
1512420171563	-8.782	3.208	-2.863
1512420171573	-8.791	3.332	-2.834
1512420171587	-8.839	3.562	-3.122
1512420171593	-8.868	3.83	-3.122
1512420171603	-8.906	3.936	-2.834
1512420171617	-8.676	3.715	-2.509
1512420171623	-8.868	3.581	-2.509
1512420171633	-9.366	3.466	-2.461
1512420171649	-9.682	3.217	-2.174
1512420171653	-9.797	2.834	-2.279
1512420171663	-9.739	2.403	-2.241
1512420171678	-9.73	2.231	-2.499
1512420171688	-9.883	2.193	-2.834
1512420171694	-10.027	2.126	-3.246
1512420171704	-9.807	2.365	-3.447
1512420171713	-10.17	2.604	-3.294
1512420171723	-10.247	2.308	-3.553
1512420171738	-9.921	2.365	-3.179
1512420171743	-9.73	2.595	-3.093
1512420171753	-9.979	3.323	-3.486
1512420171768	-10.142	3.926	-3.371
1512420171773	-10.247	4.079	-3.371
1512420171783	-10.343	4.099	-3.208
1512420171803	-10.573	3.811	-3.055
1512420171805	-10.803	3.428	-2.997
1512420171816	-10.87	3.055	-2.873
1512420171831	-11.042	2.873	-2.892
1512420171833	-11.032	2.7	-2.892
1512420171845	-10.726	2.633	-2.547
1512420171858	-9.95	2.863	-1.944
1512420171863	-8.992	3.658	-1.484
1512420171873	-8.188	4.932	-1.254
1512420171888	-7.393	6.11	-1.608
1512420171893	-6.244	7.048	-1.407
1512420171903	-5.133	7.728	-1.733
1512420171921	-4.482	8.092	-1.992
1512420171923	-4.166	7.987	-1.992
1512420171934	-3.926	7.575	-2.26
1512420171952	-3.84	7.115	-2.317
1512420171954	-4.051	6.301	-2.365
1512420171966	-4.577	5.43	-2.604
1512420171982	-5.2	4.778	-2.758
1512420171984	-5.631	4.376	-2.662
1512420172025	-5.928	3.926	-2.212
1512420172027	-5.956	3.773	-1.934
1512420172028	-5.746	3.007	-1.551
1512420172043	-5.928	2.011	-1.532
1512420172044	-6.512	1.407	-1.513
1512420172059	-7.163	1.388	-1.503
1512420172072	-7.719	1.599	-1.34
1512420172074	-8.111	1.685	-1.723
1512420172086	-8.236	1.838	-2.183
1512420172106	-8.217	2.643	-1.81
1512420172108	-8.37	3.562	-1.34
1512420172119	-8.389	4.472	-1.656
1512420172127	-8.504	5.152	-1.206
1512420172133	-8.81	5.478	-1.302
1512420172147	-9.012	5.2	-2.241
1512420172157	-9.49	4.405	-0.948
1512420172163	-10.391	3.984	-2.212
1512420172173	-10.419	4.52	-2.796
1512420172189	-9.854	5.286	-4.089
1512420172196	-8.782	5.152	-4.041
1512420172205	-7.728	5.372	-4.635
1512420172220	-7.355	5.2	-5.612
1512420172223	-7.872	4.874	-6.033
1512420172258	-9.021	5.449	-6.11
1512420172265	-9.605	5.966	-6.071
1512420172267	-9.557	6.186	-4.75
1512420172271	-9.663	5.64	-3.352
1512420172275	-9.826	4.338	-2.461
1512420172290	-9.845	3.38	-1.158
1512420172301	-10.209	3.61	-1.158
1512420172305	-10.199	4.089	-1.379
1512420172313	-9.874	4.539	-1.685
1512420172324	-9.174	5.152	-2.355
1512420172338	-7.489	5.822	-2.959
1512420172343	-7.46	6.196	-2.959
1512420172353	-7.527	5.918	-3.687
1512420172364	-8.006	5.152	-3.677
1512420172373	-8.274	4.759	-2.518
1512420172384	-8.236	4.252	-2.25
1512420172395	-7.929	3.61	-2.25
1512420172403	-7.757	3.15	-2.154
1512420172414	-7.776	3.007	-2.384
1512420172426	-7.767	3.198	-2.672
1512420172438	-7.834	3.581	-2.853
1512420172444	-8.351	3.84	-2.882
1512420172453	-8.581	3.917	-2.719
1512420172463	-8.839	3.888	-2.604
1512420172477	-9.433	3.62	-2.423
1512420172489	-9.739	3.62	-2.126
1512420172495	-9.711	3.457	-1.992
1512420172504	-9.51	3.39	-1.972
1512420172521	-9.337	3.438	-2.087
1512420172525	-9.174	3.62	-2.25
1512420172534	-8.992	3.61	-2.576
1512420172543	-8.897	3.457	-2.949
1512420172553	-8.964	3.284	-3.122
1512420172563	-9.127	2.959	-3.141
1512420172573	-9.232	2.815	-3.055
1512420172583	-9.308	2.739	-2.873
1512420172595	-9.337	2.633	-2.7
1512420172603	-9.414	2.384	-2.681
1512420172614	-9.51	2.078	-2.614
1512420172626	-9.49	1.599	-2.394
1512420172644	-9.385	0.976	-2.566
1512420172645	-9.692	0.459	-2.71
1512420172659	-10.065	0.296	-2.729
1512420172664	-9.931	0.469	-2.863
1512420172675	-9.653	0.814	-3.122
1512420172689	-9.51	1.158	-3.304
1512420172697	-9.385	1.494	-3.428
1512420172705	-9.337	1.762	-3.38
1512420172717	-9.232	1.925	-3.304
1512420172723	-9.165	1.972	-3.093
1512420172735	-9.136	1.944	-2.806
1512420172753	-9.222	1.934	-2.413
1512420172765	-9.328	2.116	-2.365
1512420172777	-9.289	2.394	-2.154
1512420172783	-9.452	2.624	-2.279
1512420172796	-9.682	2.815	-2.308
1512420172809	-9.462	2.863	-2.317
1512420172813	-9.117	2.767	-2.279
1512420172824	-9.136	2.652	-2.451
1512420172838	-9.251	2.547	-2.643
1512420172843	-9.241	2.499	-2.767
1512420172853	-9.136	2.403	-2.815
1512420172864	-9.098	2.288	-2.863
1512420172873	-9.146	2.269	-2.949
1512420172883	-9.184	2.298	-3.064
1512420172894	-9.251	2.346	-3.093
1512420172903	-9.261	2.279	-3.035
1512420172913	-9.184	2.097	-2.853
1512420172926	-9.241	1.81	-2.7
1512420172933	-9.404	1.532	-2.604
1512420172945	-9.51	1.379	-2.509
1512420172958	-9.452	1.35	-2.423
1512420172975	-9.366	1.513	-2.451
1512420172977	-9.366	1.513	-2.451
1512420172991	-9.5	1.695	-2.729
1512420172993	-9.5	1.972	-2.729
1512420173003	-9.567	2.26	-2.892
1512420173014	-9.414	2.308	-2.748
1512420173023	-9.289	2.068	-2.557
1512420173033	-9.328	1.685	-2.451
1512420173045	-9.414	1.474	-2.384
1512420173068	-9.529	1.465	-2.403
1512420173069	-9.567	1.532	-2.499
1512420173088	-9.452	1.58	-2.537
1512420173089	-9.366	1.589	-2.624
1512420173098	-9.337	1.666	-2.71
1512420173129	-9.308	1.743	-2.834
1512420173131	-9.318	1.81	-2.959
1512420173133	-9.452	2.011	-2.959
1512420173136	-9.414	2.154	-2.633
1512420173143	-9.27	2.049	-2.537
1512420173153	-9.308	1.857	-2.432
1512420173167	-9.557	1.8	-2.509
1512420173174	-9.557	1.867	-2.451
1512420173197	-9.462	1.915	-2.47
1512420173198	-9.471	1.915	-2.643
1512420173203	-9.471	1.953	-2.729
1512420173213	-9.308	2.059	-2.729
1512420173225	-9.443	2.221	-2.767
1512420173233	-9.289	2.221	-2.672
1512420173243	-9.328	2.039	-2.547
1512420173260	-9.356	1.79	-2.509
1512420173263	-9.433	1.58	-2.604
1512420173273	-9.395	1.541	-2.7
1512420173284	-9.27	1.762	-2.748
1512420173293	-9.251	1.695	-2.844
1512420173303	-9.184	1.762	-2.901
1512420173315	-9.136	1.676	-2.825
1512420173323	-9.184	1.57	-2.844
1512420173333	-9.299	1.666	-2.959
1512420173345	-9.337	1.992	-3.016
1512420173353	-9.28	2.298	-2.978
1512420173363	-9.232	2.423	-2.853
1512420173374	-9.241	2.308	-2.806
1512420173383	-9.203	2.183	-2.566
1512420173393	-9.136	1.972	-2.585
1512420173405	-9.251	1.838	-2.643
1512420173413	-9.28	1.896	-2.576
1512420173424	-9.261	1.857	-2.585
1512420173436	-9.232	1.676	-2.48
1512420173443	-9.107	1.369	-2.241
1512420173453	-9.136	1.101	-2.288
1512420173465	-9.27	1.024	-2.461
1512420173473	-9.318	0.948	-2.423
1512420173483	-9.155	1.321	-3.007
1512420173495	-9.615	2.509	-3.955
1512420173503	-10.065	3.773	-4.146
1512420173513	-9.289	4.405	-3.811
1512420173525	-9.356	4.06	-3.457
1512420173533	-9.72	3.045	-2.863
1512420173549	-9.874	2.116	-2.25
1512420173554	-9.95	1.292	-1.925
1512420173563	-9.941	0.766	-1.781
1512420173573	-10.094	0.689	-1.992
1512420173585	-10.036	0.9	-2.078
1512420173593	-9.864	1.005	-2.518
1512420173603	-9.759	1.187	-2.834
1512420173615	-9.615	1.541	-2.968
1512420173623	-9.548	1.838	-3.294
1512420173633	-9.462	2.269	-3.486
1512420173645	-9.136	2.748	-3.562
1512420173653	-8.916	3.035	-3.332
1512420173664	-9.079	3.016	-3.265
1512420173677	-9.577	2.758	-3.16
1512420173683	-10.103	2.681	-2.566
1512420173695	-10.276	1.972	-2.633
1512420173708	-10.19	1.407	-2.202
1512420173713	-9.998	1.723	-2.7
1512420173724	-10.065	2.652	-2.911
1512420173738	-9.308	4.041	-3.323
1512420173743	-9.308	4.003	-3.323
1512420173754	-9.165	3.917	-3.256
1512420173768	-10.362	4.175	-2.71
1512420173773	-10.362	4.28	-2.71
1512420173783	-10.86	4.194	-2.662
1512420173799	-11.109	3.888	-2.442
1512420173803	-11.253	3.15	-2.269
1512420173813	-11.463	2.739	-2.049
1512420173831	-10.774	2.873	-0.881
1512420173843	-9.931	4.252	-0.747
1512420173858	-7.728	7.47	-1.283
1512420173863	-7.728	7.441	-1.283
1512420173874	-6.617	8.59	-1.982
1512420173888	-5.037	9.701	-2.47
1512420173893	-5.037	9.768	-3.083
1512420173905	-4.836	9.021	-3.447
1512420173945	-5.066	7.498	-3.438
1512420173953	-5.372	5.928	-3.725
1512420173956	-5.755	4.577	-3.735
1512420173959	-5.679	3.811	-3.754
1512420173961	-5.602	3.572	-3.658
1512420173978	-5.42	3.859	-3.38
1512420173980	-5.2	4.482	-3.198
1512420173985	-5.047	4.778	-3.304
1512420173995	-5.142	4.711	-3.16
1512420174020	-5.554	4.644	-2.729
1512420174022	-5.909	4.529	-2.279
1512420174035	-6.225	4.233	-1.972
1512420174036	-6.435	3.821	-1.666
1512420174043	-6.273	4.271	-1.072
1512420174053	-6.33	4.386	-0.766
1512420174068	-6.981	4.28	-0.766
1512420174081	-7.594	3.62	-1.11
1512420174083	-7.834	3.045	-1.455
1512420174097	-7.91	2.432	-1.704
1512420174103	-7.91	1.944	-2.365
1512420174113	-7.872	1.666	-3.083
1512420174126	-7.747	2.183	-2.988
1512420174133	-7.652	3.17	-2.806
1512420174143	-7.632	4.367	-2.384
1512420174162	-7.546	6.024	-4.338
1512420174169	-7.24	7.393	-2.815
1512420174173	-8.552	5.899	-1.934
1512420174186	-9.701	3.859	-4.051
1512420174193	-10.515	3.639	-2.039
1512420174203	-10.563	3.055	-1.79
1512420174216	-9.538	2.873	-2.279
1512420174223	-8.552	3.562	-1.81
1512420174233	-8.265	3.409	-3.352
1512420174246	-8.82	3.84	-4.692
1512420174253	-10.027	5.803	-3.342
1512420174264	-10.803	6.991	-2.269
1512420174276	-10.352	6.905	-2.777
1512420174283	-9.778	6.78	-1.647
1512420174293	-9.768	6.263	-1.11
1512420174306	-9.663	5.468	-1.513
1512420174313	-9.663	5.066	-1.551
1512420174323	-9.663	4.922	-2.518
1512420174336	-9.213	5.219	-3.15
1512420174344	-8.552	5.832	-3.888
1512420174353	-7.862	6.531	-4.309
1512420174367	-7.431	6.847	-4.558
1512420174373	-7.336	6.684	-4.52
1512420174383	-7.288	6.474	-4.261
1512420174396	-7.096	6.416	-4.07
1512420174403	-6.847	6.177	-3.792
1512420174413	-6.684	5.755	-3.38
1512420174428	-6.78	5.056	-3.409
1512420174433	-6.991	4.453	-3.035
1512420174445	-7.106	4.127	-2.758
1512420174456	-7.23	4.031	-2.557
1512420174463	-7.441	4.051	-2.461
1512420174473	-7.642	4.252	-2.212
1512420174486	-7.642	4.51	-2.164
1512420174493	-7.546	4.702	-2.231
1512420174504	-7.422	4.721	-2.365
1512420174518	-7.431	4.884	-2.959
1512420174523	-7.738	5.133	-3.035
1512420174533	-8.178	5.219	-2.997
1512420174546	-8.332	5.085	-2.834
1512420174553	-8.303	4.951	-2.557
1512420174563	-8.322	4.788	-2.327
1512420174576	-8.207	4.29	-2.269
1512420174583	-7.901	3.601	-2.509
1512420174593	-8.006	2.834	-2.815
1512420174607	-9.241	2.03	-3.141
1512420174613	-11.186	1.398	-3.39
1512420174623	-12.268	1.245	-2.011
1512420174638	-11.875	1.359	-0.794
1512420174643	-11.166	1.465	-0.603
1512420174653	-10.707	1.283	-1.216
1512420174666	-10.343	0.814	-1.944
1512420174673	-10.333	0.555	-2.49
1512420174683	-10.4	0.469	-3.131
1512420174696	-10.266	0.43	-3.668
1512420174703	-9.682	0.517	-3.955
1512420174713	-9.395	0.823	-4.108
1512420174727	-9.232	1.149	-4.194
1512420174733	-9.117	1.474	-4.146
1512420174764	-9.05	1.867	-3.897
1512420174765	-8.945	2.221	-3.447
1512420174769	-9.347	2.537	-2.978
1512420174775	-9.51	2.921	-2.355
1512420174811	-9.337	2.652	-1.618
1512420174815	-9.385	2.183	-1.264
1512420174816	-9.577	1.905	-1.043
1512420174817	-9.452	1.905	-1.043
1512420174829	-9.289	2.336	-1.264
1512420174835	-9.174	2.691	-1.647
1512420174848	-9.04	2.921	-1.992
1512420174853	-8.83	3.064	-2.279
1512420174863	-8.753	3.122	-2.451
1512420174878	-8.743	3.055	-2.47
1512420174883	-8.839	2.748	-2.537
1512420174893	-9.127	2.413	-2.509
1512420174907	-9.251	2.116	-2.547
1512420174913	-9.232	1.867	-2.442
1512420174923	-9.318	1.685	-2.47
1512420174937	-9.51	1.589	-2.614
1512420174943	-9.586	1.436	-2.777
1512420174953	-9.49	1.197	-2.806
1512420174966	-9.433	0.842	-2.729
1512420174973	-9.481	0.44	-2.796
1512420174983	-9.548	0.134	-2.921
1512420174997	-9.519	0.057	-3.026
1512420175003	-9.49	0.478	-3.332
1512420175014	-9.902	1.848	-3.83
1512420175027	-10.046	3.409	-4.099
1512420175033	-9.107	4.012	-3.533
1512420175043	-8.906	3.323	-2.93
1512420175057	-9.49	2.145	-2.739
1512420175063	-9.682	1.34	-2.355
1512420175073	-9.605	1.12	-2.001
1512420175099	-9.625	1.091	-1.915
1512420175100	-9.615	1.168	-2.02
1512420175106	-9.414	1.417	-2.26
1512420175114	-9.261	1.8	-2.537
1512420175124	-9.251	2.164	-2.815
1512420175134	-9.251	2.365	-2.978
1512420175148	-9.146	2.317	-2.94
1512420175153	-9.174	1.982	-2.719
1512420175165	-9.299	1.57	-2.47
1512420175174	-9.452	1.225	-2.241
1512420175183	-9.567	1.034	-2.087
1512420175194	-9.596	0.928	-1.972
1512420175225	-9.577	0.948	-1.982
1512420175226	-9.5	1.091	-2.097
1512420175226	-9.404	1.369	-2.317
1512420175238	-9.347	1.695	-2.537
1512420175243	-9.347	2.02	-2.796
1512420175253	-9.385	2.269	-2.94
1512420175264	-9.356	2.394	-2.959
1512420175273	-9.318	2.308	-2.834
1512420175283	-9.395	2.02	-2.681
1512420175298	-9.51	1.79	-2.576
1512420175303	-9.471	1.647	-2.394
1512420175316	-9.481	1.57	-2.317
1512420175328	-9.529	1.484	-2.413
1512420175333	-9.452	1.532	-2.461
1512420175343	-9.366	1.685	-2.595
1512420175358	-9.376	1.838	-2.796
1512420175363	-9.347	2.03	-2.959
1512420175373	-9.251	2.25	-2.949
1512420175388	-9.27	2.317	-3.026
1512420175393	-9.299	2.509	-2.796
1512420175403	-9.28	2.834	-2.7
1512420175418	-9.184	2.786	-2.547
1512420175423	-9.174	2.672	-2.336
1512420175433	-9.318	2.748	-2.26
1512420175449	-9.27	2.892	-2.384
1512420175453	-9.261	2.863	-2.288
1512420175465	-9.136	2.988	-2.327
1512420175482	-8.983	3.083	-2.566
1512420175484	-8.983	3.026	-2.595
1512420175496	-9.079	2.94	-2.853
1512420175513	-9.213	2.94	-2.7
1512420175515	-9.232	2.921	-2.643
1512420175528	-9.251	2.633	-2.604
1512420175543	-9.289	1.714	-2.681
1512420175545	-9.395	1.656	-2.806
1512420175556	-9.433	1.608	-2.873
1512420175573	-9.395	1.877	-3.007
1512420175610	-9.347	2.576	-3.237
1512420175623	-9.452	2.968	-3.15
1512420175631	-9.337	3.122	-3.035
1512420175634	-9.299	3.055	-2.739
1512420175638	-9.328	2.815	-2.71
1512420175648	-9.376	2.748	-2.873
1512420175649	-9.471	2.853	-2.921
1512420175651	-9.538	2.834	-2.557
1512420175657	-9.51	2.576	-2.796
1512420175670	-9.414	2.365	-3.15
1512420175680	-9.567	2.518	-2.873
1512420175689	-9.759	2.643	-3.227
1512420175694	-10.065	2.576	-3.639
1512420175711	-10.237	2.298	-3.572
1512420175725	-9.854	2.049	-3.907
1512420175726	-9.395	1.972	-3.486
1512420175736	-9.471	2.384	-3.141
1512420175749	-9.605	3.198	-2.873
1512420175757	-9.893	3.696	-2.767
1512420175770	-10.381	3.955	-2.394
1512420175782	-10.544	3.974	-2.241
1512420175788	-10.554	3.888	-2.183
1512420175796	-10.697	3.859	-2.183
1512420175808	-10.927	3.744	-2.327
1512420175813	-11.166	3.735	-2.614
1512420175826	-11.205	3.562	-2.672
1512420175833	-10.975	3.275	-2.729
1512420175848	-10.544	3.725	-2.365
1512420175858	-9.663	4.386	-2.135
1512420175865	-8.542	5.822	-2.126
1512420175873	-7.537	7.738	-2.355
1512420175883	-6.656	9.031	-2.844
1512420175894	-5.918	9.644	-2.968
1512420175903	-5.439	9.337	-2.796
1512420175914	-5.152	8.217	-2.825
1512420175924	-5.152	6.876	-2.566
1512420175933	-5.401	5.535	-2.758
1512420175945	-5.784	4.491	-2.911
1512420175956	-6.138	3.83	-3.026
1512420175964	-6.119	3.553	-2.997
1512420175977	-5.966	3.447	-2.873
1512420175983	-5.755	3.419	-2.48
1512420175996	-5.612	3.696	-2.212
1512420176010	-5.583	3.782	-2.116
1512420176022	-5.478	3.897	-1.637
1512420176024	-5.497	4.204	-1.197
1512420176045	-5.554	4.242	-0.842
1512420176053	-5.449	4.395	-0.622
1512420176054	-5.449	4.424	-0.622
1512420176065	-5.267	4.453	-0.89
1512420176073	-5.229	4.357	-1.503
1512420176083	-5.468	4.357	-1.426
1512420176093	-6.129	3.945	-1.704
1512420176110	-7.048	2.853	-2.844
1512420176126	-7.144	2.71	-3.275
1512420176133	-7.297	3.045	-3.313
1512420176143	-7.632	3.428	-2.403
1512420176159	-8.466	3.792	-2.087
1512420176163	-8.466	4.252	-1.321
1512420176173	-8.447	5.458	-1.168
1512420176183	-8.274	5.775	-1.053
1512420176193	-8.878	5.229	-2.087
1512420176203	-9.519	4.348	-2.068
1512420176215	-10.228	4.233	-2.537
1512420176223	-9.462	4.309	-3.438
1512420176233	-8.858	4.089	-3.275
1512420176246	-8.667	5.564	-3.763
1512420176253	-8.514	5.564	-4.108
1512420176263	-9.203	7.067	-3.821
1512420176274	-9.893	7.163	-3.457
1512420176283	-10.496	7.163	-2.566
1512420176293	-10.812	5.842	-1.695
1512420176304	-11.052	3.093	-1.283
1512420176313	-11.128	3.026	-0.699
1512420176323	-10.822	3.792	-1.426
1512420176338	-10.305	4.654	-2.518
1512420176343	-9.768	5.458	-3.179
1512420176353	-9.414	5.775	-4.06
1512420176364	-9.002	5.621	-4.348
1512420176373	-8.648	5.277	-4.434
1512420176384	-8.38	4.692	-4.233
1512420176394	-8.408	4.166	-3.811
1512420176403	-8.341	4.051	-3.428
1512420176439	-8.178	4.003	-2.94
1512420176443	-8.15	3.648	-2.624
1512420176447	-8.159	3.601	-2.231
1512420176450	-8.025	4.012	-1.963
1512420176455	-7.929	4.29	-1.886
1512420176470	-7.968	4.395	-1.886
1512420176478	-7.881	4.472	-2.02
1512420176483	-7.891	4.529	-2.068
1512420176494	-7.958	4.52	-2.116
1512420176503	-7.949	4.319	-2.221
1512420176520	-7.977	4.137	-2.308
1512420176523	-8.044	4.041	-2.432
1512420176534	-8.102	3.993	-2.451
1512420176548	-8.169	3.888	-2.47
1512420176556	-8.332	3.754	-2.499
1512420176567	-8.466	3.668	-2.47
1512420176576	-8.542	3.639	-2.461
1512420176583	-8.696	3.802	-2.509
1512420176594	-8.945	3.984	-2.413
1512420176612	-9.117	3.782	-2.26
1512420176616	-9.299	3.122	-2.154
1512420176625	-9.663	2.164	-2.116
1512420176639	-10.123	1.091	-2.106
1512420176643	-10.448	0.124	-2.298
1512420176653	-10.64	-0.67	-2.672
1512420176670	-10.668	-1.043	-3.026
1512420176673	-10.582	-1.11	-3.419
1512420176685	-10.324	-0.957	-3.782
1512420176697	-10.056	-0.66	-4.099
1512420176703	-9.931	0.0	-4.424
1512420176713	-9.941	0.938	-4.52
1512420176724	-9.739	1.762	-4.233
1512420176733	-9.5	2.202	-3.83
1512420176743	-9.481	2.317	-3.304
1512420176755	-9.567	2.336	-2.719
1512420176763	-9.625	2.327	-2.241
1512420176773	-9.51	2.25	-1.781
1512420176787	-9.423	2.202	-1.465
1512420176793	-9.337	2.279	-1.465
1512420176804	-9.241	2.547	-1.963
1512420176818	-8.858	3.256	-2.097
1512420176823	-8.858	3.352	-2.097
1512420176834	-8.734	3.706	-2.221
1512420176848	-8.6	4.022	-2.423
1512420176866	-8.667	4.156	-2.279
1512420176879	-8.638	3.821	-2.154
1512420176883	-8.638	3.821	-2.001
1512420176897	-8.676	3.495	-2.154
1512420176909	-8.763	3.352	-2.202
1512420176913	-8.906	3.294	-2.25
1512420176923	-8.954	3.217	-2.365
1512420176938	-9.117	2.853	-2.442
1512420176943	-9.117	2.853	-2.461
1512420176953	-8.992	2.652	-2.384
1512420176968	-9.289	2.116	-2.71
1512420176973	-9.749	2.116	-2.815
1512420176985	-9.835	1.79	-2.729
1512420176998	-9.538	1.532	-2.739
1512420177003	-9.433	1.407	-2.921
1512420177013	-9.538	1.312	-3.208
1512420177028	-9.548	1.455	-3.505
1512420177033	-9.423	1.608	-3.668
1512420177045	-9.318	1.781	-3.754
1512420177060	-9.241	1.771	-3.658
1512420177063	-9.251	1.838	-3.533
1512420177075	-9.299	1.771	-3.265
1512420177085	-9.337	1.79	-2.978
1512420177093	-9.404	1.838	-2.719
1512420177103	-9.471	1.905	-2.528
1512420177115	-9.471	1.992	-2.25
1512420177124	-9.356	2.039	-2.011
1512420177133	-9.289	2.02	-1.963
1512420177147	-9.261	2.106	-2.001
1512420177153	-9.155	2.346	-2.135
1512420177163	-9.021	2.537	-2.221
1512420177178	-9.002	2.681	-2.346
1512420177183	-9.012	2.767	-2.461
1512420177193	-9.021	2.825	-2.47
1512420177208	-9.031	2.777	-2.442
1512420177213	-9.021	2.662	-2.384
1512420177223	-9.146	2.585	-2.375
1512420177238	-9.308	2.595	-2.461
1512420177243	-9.232	2.604	-2.394
1512420177281	-9.136	2.528	-2.317
1512420177292	-9.241	2.355	-2.413
1512420177295	-9.385	2.135	-2.49
1512420177302	-9.385	1.925	-2.49
1512420177305	-9.347	1.704	-2.442
1512420177307	-9.366	1.484	-2.461
1512420177318	-9.289	1.254	-2.499
1512420177328	-9.241	1.11	-2.528
1512420177333	-9.222	1.082	-2.585
1512420177343	-9.289	1.177	-2.633
1512420177359	-9.395	1.436	-2.786
1512420177363	-9.395	1.8	-2.911
1512420177373	-9.414	2.068	-2.853
1512420177386	-9.433	2.126	-2.691
1512420177393	-9.519	2.059	-2.672
1512420177405	-9.519	2.135	-2.604
1512420177418	-9.519	2.241	-2.624
1512420177423	-9.49	2.231	-2.652
1512420177433	-9.433	2.423	-2.537
1512420177447	-9.462	2.614	-2.748
1512420177453	-9.347	2.825	-2.844
1512420177463	-9.136	2.949	-2.892
1512420177477	-8.983	2.988	-2.806
1512420177483	-8.983	2.959	-2.825
1512420177493	-9.107	3.007	-3.055
1512420177505	-9.184	3.217	-2.729
1512420177513	-9.031	3.371	-2.662
1512420177523	-8.935	3.217	-2.614
1512420177535	-8.983	3.035	-2.49
1512420177543	-9.079	3.074	-2.49
1512420177553	-9.136	3.179	-2.585
1512420177567	-9.079	3.581	-3.007
1512420177573	-9.079	3.562	-3.007
1512420177583	-9.04	3.744	-3.016
1512420177598	-9.05	3.476	-2.968
1512420177603	-9.05	3.514	-2.968
1512420177613	-9.098	3.15	-2.93
1512420177629	-9.079	2.825	-3.208
1512420177633	-9.079	2.873	-3.055
1512420177644	-9.059	3.342	-3.246
1512420177660	-9.098	3.505	-3.083
1512420177663	-9.165	3.457	-2.968
1512420177675	-9.155	3.026	-2.968
1512420177689	-9.165	2.509	-2.547
1512420177693	-9.471	2.557	-2.624
1512420177704	-10.027	2.308	-2.719
1512420177720	-10.477	2.126	-2.461
1512420177723	-10.63	2.135	-2.183
1512420177734	-10.333	2.154	-2.547
1512420177749	-10.276	2.719	-2.317
1512420177753	-10.381	2.7	-2.691
1512420177765	-10.075	3.399	-2.71
1512420177779	-9.979	3.907	-3.083
1512420177783	-10.151	4.156	-3.313
1512420177797	-10.123	4.252	-3.007
1512420177810	-10.237	3.993	-2.672
1512420177813	-10.372	3.533	-2.48
1512420177824	-10.64	3.428	-2.49
1512420177839	-10.85	3.189	-2.624
1512420177843	-10.755	3.064	-2.834
1512420177854	-10.659	2.863	-2.911
1512420177869	-10.611	2.662	-3.035
1512420177873	-10.544	2.48	-3.026
1512420177883	-10.247	2.633	-2.796
1512420177898	-9.73	2.93	-2.557
1512420177903	-9.328	3.208	-2.518
1512420177914	-8.849	3.543	-2.241
1512420177928	-8.13	4.242	-2.059
1512420177933	-6.972	5.506	-1.608
1512420177944	-5.535	7.0	-1.551
1512420177959	-4.3	8.408	-1.676
1512420177963	-3.572	9.127	-1.896
1512420177974	-3.055	8.868	-2.241
1512420177989	-2.748	8.159	-2.557
1512420177993	-2.767	7.422	-2.681
1512420178004	-2.921	6.799	-2.882
1512420178019	-3.246	6.378	-3.342
1512420178023	-3.668	6.004	-3.773
1512420178034	-3.993	5.583	-4.204
1512420178049	-4.204	5.296	-4.156
1512420178065	-4.616	4.941	-3.888
1512420178071	-5.142	4.587	-3.428
1512420178091	-5.832	4.309	-2.413
1512420178127	-6.426	3.696	-1.762
1512420178128	-6.943	2.748	-1.58
1512420178129	-7.594	1.944	-1.216
1512420178131	-8.332	1.484	-1.264
1512420178155	-9.107	1.58	-1.896
1512420178162	-8.782	2.011	-2.231
1512420178163	-8.571	2.413	-2.71
1512420178168	-8.772	3.064	-3.16
1512420178175	-8.82	4.166	-3.811
1512420178183	-9.059	5.755	-2.968
1512420178201	-9.059	7.307	-2.557
1512420178203	-8.753	8.217	-1.877
1512420178213	-8.657	7.393	-1.695
1512420178229	-8.858	5.545	-1.886
1512420178233	-9.289	3.342	-1.838
1512420178243	-9.826	2.221	-0.718
1512420178257	-10.621	1.896	-3.227
1512420178263	-9.73	2.988	-3.304
1512420178273	-8.533	5.162	-3.83
1512420178286	-7.958	6.646	-5.267
1512420178293	-7.632	6.78	-5.267
1512420178303	-7.604	6.416	-5.181
1512420178316	-8.408	6.33	-3.61
1512420178323	-8.514	6.694	-3.61
1512420178333	-9.328	6.732	-2.911
1512420178347	-9.471	6.205	-2.48
1512420178356	-9.577	5.545	-2.48
1512420178364	-9.548	4.798	-2.154
1512420178378	-9.433	4.051	-2.384
1512420178383	-9.366	3.572	-2.997
1512420178393	-9.155	3.476	-3.275
1512420178407	-8.59	4.118	-3.332
1512420178413	-8.59	4.07	-3.486
1512420178423	-8.255	4.415	-3.352
1512420178437	-7.46	4.577	-3.237
1512420178443	-7.594	4.558	-3.256
1512420178455	-7.0	4.577	-3.189
1512420178464	-6.914	4.836	-2.94
1512420178473	-6.723	5.152	-3.064
1512420178483	-6.732	5.401	-2.968
1512420178499	-7.431	5.794	-2.518
1512420178504	-7.738	6.253	-2.221
1512420178517	-8.13	6.416	-1.963
1512420178525	-8.552	6.071	-1.628
1512420178533	-9.107	5.42	-1.388
1512420178543	-9.921	4.28	-1.12
1512420178559	-10.314	3.533	-0.861
1512420178565	-10.285	3.189	-0.861
1512420178574	-10.199	3.064	-0.996
1512420178588	-10.084	2.652	-1.407
1512420178593	-9.787	2.202	-2.02
1512420178603	-9.625	1.58	-2.633
1512420178615	-9.739	0.775	-3.342
1512420178623	-9.988	-0.105	-3.725
1512420178633	-10.065	-0.833	-3.945
1512420178647	-9.921	-1.177	-4.089
1512420178653	-9.921	-1.158	-4.118
1512420178663	-10.084	-0.775	-4.213
1512420178679	-10.046	-0.191	-4.29
1512420178683	-9.883	0.459	-4.099
1512420178695	-9.73	1.043	-3.773
1512420178710	-9.663	1.455	-3.409
1512420178713	-9.577	1.743	-2.901
1512420178725	-9.356	1.953	-2.47
1512420178740	-9.213	2.106	-2.193
1512420178743	-9.395	2.365	-1.925
1512420178755	-9.356	2.662	-1.857
1512420178770	-9.098	2.94	-1.867
1512420178773	-8.878	3.275	-1.972
1512420178785	-8.82	3.668	-2.097
1512420178801	-8.763	3.984	-2.145
1512420178804	-8.609	4.127	-2.183
1512420178815	-8.638	4.108	-2.193
1512420178830	-8.734	3.869	-2.087
1512420178833	-8.791	3.601	-2.039
1512420178845	-8.849	3.399	-2.02
1512420178860	-8.916	3.189	-2.135
1512420178863	-8.983	3.007	-2.212
1512420178875	-9.05	2.825	-2.336
1512420178890	-9.088	2.643	-2.566
1512420178893	-9.069	2.298	-2.566
1512420178905	-9.194	1.81	-2.595
1512420178920	-9.634	1.417	-2.853
1512420178964	-9.979	1.292	-2.853
1512420178969	-9.845	1.312	-2.901
1512420178970	-9.577	1.331	-2.921
1512420178972	-9.519	1.273	-2.997
1512420178976	-9.596	1.321	-3.179
1512420178984	-9.663	1.561	-3.332
1512420178984	-9.567	1.79	-3.304
1512420178996	-9.356	1.81	-3.198
1512420179013	-9.318	1.723	-3.141
1512420179020	-9.404	1.676	-3.122
1512420179031	-9.423	1.771	-3.064
1512420179035	-9.404	1.886	-2.988
1512420179043	-9.337	1.963	-2.882
1512420179053	-9.328	1.963	-2.758
1512420179068	-9.356	1.944	-2.518
1512420179073	-9.366	1.867	-2.518
1512420179083	-9.337	1.8	-2.346
1512420179097	-9.328	1.771	-2.298
1512420179103	-9.385	1.8	-2.308
1512420179113	-9.356	1.877	-2.279
1512420179127	-9.261	1.953	-2.231
1512420179133	-9.232	2.001	-2.25
1512420179143	-9.251	2.049	-2.432
1512420179158	-9.251	2.097	-2.384
1512420179163	-9.222	2.183	-2.346
1512420179174	-9.203	2.221	-2.336
1512420179189	-9.194	2.221	-2.365
1512420179193	-9.222	2.25	-2.375
1512420179205	-9.184	2.308	-2.375
1512420179221	-9.184	2.317	-2.346
1512420179223	-9.194	2.288	-2.375
1512420179236	-9.28	2.308	-2.49
1512420179250	-9.356	2.308	-2.643
1512420179254	-9.318	2.47	-2.739
1512420179266	-9.261	2.614	-2.796
1512420179281	-9.232	2.739	-2.825
1512420179283	-9.251	2.844	-2.901
1512420179296	-9.184	2.691	-2.806
1512420179312	-9.155	2.604	-2.739
1512420179314	-9.213	2.403	-2.7
1512420179326	-9.261	2.26	-2.662
1512420179342	-9.241	2.308	-2.681
1512420179344	-9.184	2.394	-2.652
1512420179357	-9.174	2.442	-2.719
1512420179372	-9.213	2.442	-2.786
1512420179374	-9.213	2.432	-2.719
1512420179387	-9.203	2.346	-2.585
1512420179402	-9.251	2.212	-2.528
1512420179403	-9.289	2.116	-2.461
1512420179417	-9.289	2.059	-2.604
1512420179431	-9.347	1.972	-2.633
1512420179433	-9.347	2.078	-2.652
1512420179446	-9.318	2.174	-2.825
1512420179461	-9.299	2.202	-2.748
1512420179463	-9.328	2.231	-2.576
1512420179476	-9.347	2.202	-2.423
1512420179491	-9.356	2.212	-2.288
1512420179493	-9.337	2.269	-2.346
1512420179506	-9.241	2.288	-2.394
1512420179521	-9.251	2.47	-2.384
1512420179523	-9.174	2.691	-2.566
1512420179536	-9.021	2.7	-2.825
1512420179551	-9.021	2.806	-2.815
1512420179553	-9.069	2.988	-2.911
1512420179566	-9.031	3.15	-2.901
1512420179581	-8.878	3.217	-2.806
1512420179583	-8.801	3.208	-2.786
1512420179596	-8.734	3.112	-2.844
1512420179611	-8.897	3.093	-2.662
1512420179613	-9.155	3.093	-2.585
1512420179629	-9.165	3.102	-2.49
1512420179641	-9.155	3.112	-2.537
1512420179643	-9.117	3.198	-2.595
1512420179656	-8.992	3.323	-2.739
1512420179671	-8.897	3.505	-2.796
1512420179673	-8.801	3.677	-2.93
1512420179687	-8.753	3.735	-2.921
1512420179701	-8.696	3.553	-3.141
1512420179703	-8.945	3.102	-3.045
1512420179717	-9.308	2.71	-2.911
1512420179731	-9.644	2.26	-2.911
1512420179733	-9.912	1.867	-2.7
1512420179747	-10.199	1.733	-2.595
1512420179785	-10.065	1.695	-2.595
1512420179791	-9.634	2.02	-2.882
1512420179798	-9.988	2.624	-3.093
1512420179806	-9.998	2.959	-3.093
1512420179809	-10.103	2.873	-2.978
1512420179813	-10.237	2.403	-2.241
1512420179822	-10.228	2.509	-2.26
1512420179828	-10.324	2.815	-2.068
1512420179834	-10.64	2.853	-2.183
1512420179843	-10.965	2.806	-2.346
1512420179857	-10.889	3.189	-2.106
1512420179873	-10.908	3.466	-2.614
1512420179876	-10.85	4.003	-1.915
1512420179884	-10.324	4.893	-1.733
1512420179897	-9.49	6.062	-1.877
1512420179903	-8.715	7.69	-2.442
1512420179913	-8.303	9.012	-2.566
1512420179929	-6.885	9.519	-2.49
1512420179936	-6.885	9.826	-2.71
1512420179947	-6.445	9.921	-2.825
1512420179955	-7.202	9.241	-2.691
1512420179963	-7.7	7.891	-2.461
1512420179974	-7.949	6.186	-2.557
1512420179985	-8.236	4.453	-2.557
1512420179993	-8.159	3.227	-2.691
1512420180003	-7.843	2.49	-2.873
1512420180015	-7.355	1.829	-3.16
1512420180023	-6.771	1.829	-3.514
1512420180033	-6.387	2.547	-3.543
1512420180044	-6.071	3.198	-3.505
1512420180053	-5.727	3.811	-3.352
1512420180063	-5.468	3.869	-2.997
1512420180076	-5.353	4.022	-2.461
1512420180088	-5.382	4.06	-1.992
1512420180093	-5.449	3.993	-1.714
1512420180105	-5.391	3.936	-1.637
1512420180113	-5.181	3.802	-1.656
1512420180123	-5.095	3.83	-1.714
1512420180136	-5.296	3.878	-2.011
1512420180143	-5.583	3.907	-2.518
1512420180153	-5.842	3.936	-2.624
1512420180166	-6.071	4.031	-2.279
1512420180173	-6.416	4.022	-2.145
1512420180187	-6.933	3.878	-1.781
1512420180197	-7.345	3.668	-1.838
1512420180203	-7.441	3.543	-2.288
1512420180213	-7.814	3.323	-1.695
1512420180227	-8.437	2.777	-2.739
1512420180233	-8.973	2.681	-3.016
1512420180243	-9.098	3.706	-3.083
1512420180254	-8.561	4.434	-3.744
1512420180263	-8.035	4.606	-4.568
1512420180273	-8.016	4.233	-4.731
1512420180285	-8.561	3.696	-4.357
1512420180293	-8.475	3.725	-3.553
1512420180303	-8.763	3.926	-3.974
1512420180319	-9.194	5.219	-3.553
1512420180332	-9.059	6.828	-3.15
1512420180334	-9.73	8.561	-3.15
1512420180348	-10.333	9.548	-1.8
1512420180353	-10.324	8.743	-1.79
1512420180369	-10.448	7.393	-0.555
1512420180379	-10.697	6.34	-0.737
1512420180383	-10.898	5.679	-0.67
1512420180393	-11.272	5.257	-0.9
1512420180407	-11.329	5.066	-2.039
1512420180424	-9.452	5.066	-2.547
1512420180426	-9.452	5.439	-2.547
1512420180438	-8.399	5.746	-4.108
1512420180443	-7.805	5.775	-4.108
1512420180453	-7.585	5.315	-4.644
1512420180466	-7.489	4.711	-4.96
1512420180479	-7.431	4.06	-4.941
1512420180487	-7.518	3.265	-4.597
1512420180497	-7.853	2.662	-2.796
1512420180513	-8.322	2.106	-2.145
1512420180514	-8.839	1.589	-2.145
1512420180527	-9.203	1.245	-1.484
1512420180533	-9.366	0.861	-1.158
1512420180543	-9.328	0.555	-0.948
1512420180554	-9.366	0.325	-1.11
1512420180563	-9.395	0.325	-1.551
1512420180575	-9.328	0.708	-2.949
1512420180603	-9.308	1.34	-2.949
1512420180604	-9.337	2.298	-3.572
1512420180606	-9.241	3.409	-3.917
1512420180633	-9.088	4.309	-3.897
1512420180635	-8.801	4.759	-3.419
1512420180637	-8.648	4.625	-2.978
1512420180653	-8.801	4.051	-2.557
1512420180654	-9.069	3.457	-2.174
1512420180664	-9.27	3.102	-2.097
1512420180677	-9.347	2.901	-2.26
1512420180685	-9.28	2.882	-2.566
1512420180701	-8.83	3.112	-3.007
1512420180708	-8.763	3.399	-3.409
1512420180713	-8.571	3.648	-3.524
1512420180723	-8.619	3.782	-3.601
1512420180737	-8.6	3.227	-3.495
1512420180743	-8.763	3.227	-3.313
1512420180753	-8.992	2.681	-3.112
1512420180769	-9.155	1.838	-2.911
1512420180773	-9.376	1.838	-2.815
1512420180783	-9.414	1.944	-2.729
1512420180799	-9.289	2.059	-2.604
1512420180803	-9.261	2.135	-2.528
1512420180813	-9.261	2.241	-2.528
1512420180825	-9.241	2.413	-2.557
1512420180833	-9.222	2.518	-2.547
1512420180843	-9.213	2.547	-2.547
1512420180854	-9.194	2.49	-2.557
1512420180863	-9.146	2.499	-2.49
1512420180873	-9.203	2.557	-2.499
1512420180884	-9.308	2.652	-2.633
1512420180893	-9.385	2.796	-2.71
1512420180903	-9.404	2.911	-2.7
1512420180914	-9.299	2.853	-2.691
1512420180923	-9.308	2.7	-2.672
1512420180933	-9.366	2.47	-2.672
1512420180943	-9.356	2.279	-2.643
1512420180953	-9.347	2.154	-2.662
1512420180963	-9.376	2.078	-2.672
1512420180974	-9.404	2.03	-2.691
1512420180983	-9.385	1.992	-2.7
1512420180993	-9.347	1.982	-2.7
1512420181004	-9.299	1.982	-2.71
1512420181013	-9.289	2.087	-2.662
1512420181023	-9.251	2.241	-2.518
1512420181034	-9.27	2.423	-2.394
1512420181043	-9.27	2.509	-2.154
1512420181053	-9.299	2.432	-2.039
1512420181064	-9.328	2.241	-2.001
1512420181073	-9.328	2.03	-1.848
1512420181083	-9.328	1.886	-1.695
1512420181094	-9.385	1.934	-1.723
1512420181103	-9.366	2.039	-1.944
1512420181113	-9.261	2.202	-2.202
1512420181124	-9.194	2.365	-2.47
1512420181133	-9.146	2.461	-2.691
1512420181143	-9.136	2.509	-2.873
1512420181154	-9.184	2.528	-2.968
1512420181163	-9.27	2.49	-2.968
1512420181173	-9.318	2.327	-2.94
1512420181184	-9.308	2.135	-2.825
1512420181193	-9.318	2.039	-2.815
1512420181203	-9.27	2.039	-2.806
1512420181214	-9.251	2.135	-2.892
1512420181223	-9.261	2.308	-2.968
1512420181233	-9.261	2.451	-3.026
1512420181246	-9.28	2.499	-2.882
1512420181253	-9.241	2.451	-2.882
1512420181263	-9.222	2.327	-2.844
1512420181277	-9.232	2.212	-2.681
1512420181283	-9.203	2.174	-2.681
1512420181293	-9.165	2.154	-2.624
1512420181306	-9.136	2.126	-2.528
1512420181313	-9.136	2.106	-2.528
1512420181323	-9.146	2.164	-2.537
1512420181334	-9.194	2.288	-2.595
1512420181343	-9.184	2.47	-2.595
1512420181353	-9.127	2.624	-2.576
1512420181364	-9.088	2.643	-2.624
1512420181373	-9.136	2.499	-2.624
1512420181383	-9.241	2.336	-2.566
1512420181395	-9.136	2.174	-2.461
1512420181403	-9.27	2.078	-2.308
1512420181421	-9.213	2.011	-2.451
1512420181424	-9.289	1.915	-2.49
1512420181439	-9.356	1.867	-2.423
1512420181449	-9.328	1.896	-2.499
1512420181466	-9.5	1.944	-2.585
1512420181470	-9.644	2.116	-2.748
1512420181476	-9.634	2.432	-2.825
1512420181486	-9.433	2.461	-2.681
1512420181493	-9.308	2.48	-2.47
1512420181503	-9.328	2.164	-2.49
1512420181516	-9.567	1.608	-2.758
1512420181523	-9.72	1.551	-2.796
1512420181533	-9.605	1.513	-2.672
1512420181553	-9.289	2.049	-3.102
1512420181563	-9.184	2.49	-3.524
1512420181575	-9.079	2.777	-3.371
1512420181583	-9.079	2.863	-3.102
1512420181593	-9.146	2.604	-2.892
1512420181605	-9.241	2.288	-2.729
1512420181613	-9.289	2.068	-2.633
1512420181623	-9.318	2.039	-2.547
1512420181635	-9.356	2.087	-2.528
1512420181643	-9.337	2.288	-2.643
1512420181653	-9.347	2.729	-2.739
1512420181665	-9.395	3.304	-2.691
1512420181673	-9.308	3.591	-2.576
1512420181683	-9.308	3.246	-2.748
1512420181695	-9.376	2.729	-2.825
1512420181703	-9.5	2.614	-2.719
1512420181713	-9.634	2.633	-2.739
1512420181725	-9.874	2.585	-2.94
1512420181733	-9.931	2.729	-3.15
1512420181743	-9.557	2.662	-3.141
1512420181755	-9.739	1.8	-2.786
1512420181763	-9.845	1.34	-2.825
1512420181773	-9.739	1.982	-2.796
1512420181785	-9.768	2.901	-2.576
1512420181793	-10.027	3.859	-3.007
1512420181803	-10.228	4.807	-3.064
1512420181815	-10.084	4.941	-3.035
1512420181823	-9.998	4.568	-2.767
1512420181833	-10.209	4.424	-2.442
1512420181845	-10.477	3.993	-2.327
1512420181853	-10.937	3.15	-2.078
1512420181863	-11.013	2.719	-1.905
1512420181875	-10.19	3.342	-1.676
1512420181883	-9.136	4.683	-1.848
1512420181893	-8.447	6.407	-2.461
1512420181905	-7.853	8.351	-2.921
1512420181913	-6.972	9.969	-3.514
1512420181923	-6.234	10.755	-3.878
1512420181935	-5.966	10.103	-3.581
1512420181943	-6.033	8.648	-3.189
1512420181953	-6.311	7.393	-2.681
1512420181965	-6.828	6.167	-2.432
1512420181973	-7.23	4.893	-2.614
1512420181983	-7.412	3.984	-2.949
1512420181995	-7.441	3.601	-3.17
1512420182003	-7.383	3.514	-3.533
1512420182013	-7.393	3.38	-3.763
1512420182025	-7.278	3.122	-3.495
1512420182033	-6.933	2.873	-3.122
1512420182043	-6.464	2.921	-2.652
1512420182055	-6.1	3.189	-1.848
1512420182063	-5.889	3.332	-1.857
1512420182073	-5.784	3.313	-1.618
1512420182092	-5.775	3.409	-1.57
1512420182093	-5.775	3.61	-1.57
1512420182103	-5.928	3.83	-1.465
1512420182115	-5.918	4.242	-1.13
1512420182123	-5.583	4.673	-1.13
1512420182133	-5.554	4.692	-1.81
1512420182147	-6.129	4.252	-2.288
1512420182153	-6.129	3.821	-2.288
1512420182163	-6.454	3.543	-2.633
1512420182175	-6.847	2.949	-3.102
1512420182183	-7.422	2.02	-3.629
1512420182193	-8.159	1.359	-2.978
1512420182205	-8.169	1.714	-2.03
1512420182213	-8.035	2.873	-2.03
1512420182223	-7.824	4.28	-2.039
1512420182237	-8.035	4.846	-2.47
1512420182243	-8.188	4.683	-1.618
1512420182261	-9.826	4.711	-1.647
1512420182266	-11.176	3.141	-4.089
1512420182274	-10.486	1.953	-4.07
1512420182285	-8.609	4.759	-3.016
1512420182298	-6.751	5.104	-4.261
1512420182305	-6.167	5.095	-4.558
1512420182316	-6.502	5.813	-5.133
1512420182329	-7.259	7.278	-3.926
1512420182333	-8.906	9.079	-3.428
1512420182343	-10.525	9.28	-2.624
1512420182357	-12.019	7.585	-1.771
1512420182363	-12.728	5.775	-0.134
1512420182376	-12.431	3.629	0.737
1512420182386	-11.799	1.963	0.354
1512420182393	-11.712	2.068	-1.206
1512420182403	-11.32	3.217	-2.968
1512420182416	-10.467	4.616	-4.443
1512420182423	-9.261	5.775	-5.803
1512420182433	-8.207	6.483	-6.177
1512420182446	-7.623	6.598	-6.378
1512420182453	-7.68	6.502	-5.717
1512420182463	-7.805	6.205	-4.903
1512420182476	-7.565	5.564	-4.108
1512420182483	-7.278	4.903	-3.275
1512420182493	-7.23	4.29	-2.355
1512420182506	-7.288	3.629	-1.762
1512420182516	-7.451	3.265	-1.264
1512420182523	-7.546	3.189	-1.005
1512420182536	-7.556	3.313	-0.89
1512420182543	-7.403	3.629	-1.206
1512420182553	-7.23	4.118	-1.628
1512420182566	-7.221	4.635	-1.944
1512420182573	-7.431	4.778	-2.375
1512420182585	-7.671	4.664	-2.518
1512420182596	-7.786	4.549	-2.509
1512420182603	-7.862	4.261	-2.537
1512420182613	-8.083	3.85	-2.595
1512420182626	-8.408	3.706	-2.604
1512420182633	-9.002	3.773	-2.681
1512420182643	-9.586	4.012	-2.384
1512420182656	-9.778	4.051	-2.25
1512420182663	-9.672	4.137	-2.001
1512420182673	-9.586	4.204	-1.752
1512420182686	-9.653	3.964	-1.685
1512420182693	-9.72	3.39	-1.781
1512420182703	-9.768	2.729	-1.972
1512420182719	-9.874	2.116	-2.202
1512420182723	-10.008	1.484	-2.518
1512420182734	-10.151	0.881	-2.911
1512420182749	-10.247	0.392	-3.217
1512420182753	-10.084	0.076	-3.581
1512420182764	-9.816	-0.124	-4.041
1512420182779	-9.768	-0.162	-4.395
1512420182783	-9.816	0.019	-4.549
1512420182795	-9.701	0.287	-4.462
1512420182806	-9.557	0.478	-4.204
1512420182813	-9.615	0.651	-3.869
1512420182823	-9.653	0.9	-3.476
1512420182836	-9.577	1.11	-3.074
1512420182843	-9.481	1.331	-2.767
1512420182853	-9.328	1.589	-2.528
1512420182866	-9.241	1.886	-2.346
1512420182873	-9.251	2.174	-2.212
1512420182883	-9.241	2.336	-2.02
1512420182896	-9.146	2.423	-2.26
1512420182903	-9.088	2.423	-2.164
1512420182913	-9.021	2.375	-2.423
1512420182927	-8.935	2.288	-2.298
1512420182933	-8.878	2.193	-2.403
1512420182943	-8.849	2.154	-2.739
1512420182957	-8.782	2.135	-3.026
1512420182963	-8.83	2.087	-2.844
1512420182973	-9.232	2.145	-2.748
1512420182987	-9.567	2.193	-2.863
1512420182993	-9.443	2.26	-2.825
1512420183003	-9.471	2.403	-2.729
1512420183017	-9.328	2.394	-2.729
1512420183023	-9.548	2.078	-2.451
1512420183033	-9.864	1.8	-2.595
1512420183047	-9.816	1.743	-2.853
1512420183053	-9.519	2.279	-2.882
1512420183063	-9.366	2.154	-2.758
1512420183077	-9.567	2.02	-2.806
1512420183096	-9.5	2.059	-3.026
1512420183097	-9.395	2.106	-2.882
1512420183108	-9.328	2.193	-2.739
1512420183115	-9.423	2.154	-2.719
1512420183128	-9.548	2.164	-2.672
1512420183138	-9.577	2.221	-2.537
1512420183143	-9.462	2.221	-2.461
1512420183153	-9.299	2.183	-2.375
1512420183168	-9.289	2.135	-2.317
1512420183173	-9.328	2.145	-2.336
1512420183185	-9.328	2.241	-2.403
1512420183200	-9.251	2.394	-2.499
1512420183203	-9.079	2.557	-2.547
1512420183215	-8.964	2.7	-2.604
1512420183223	-8.973	2.796	-2.652
1512420183233	-9.069	2.844	-2.7
1512420183243	-9.117	2.873	-2.595
1512420183253	-9.127	2.643	-2.394
1512420183263	-9.261	2.25	-2.25
1512420183273	-9.452	2.001	-2.078
1512420183283	-9.538	1.944	-2.03
1512420183293	-9.423	1.857	-1.886
1512420183303	-9.404	1.81	-1.647
1512420183313	-9.28	2.078	-1.647
1512420183323	-8.992	2.413	-1.992
1512420183333	-8.83	2.825	-2.279
1512420183343	-8.801	3.466	-2.423
1512420183353	-8.763	4.012	-2.681
1512420183363	-8.782	4.271	-2.825
1512420183373	-8.82	4.127	-2.729
1512420183383	-8.897	3.668	-2.499
1512420183393	-9.088	3.122	-2.308
1512420183403	-9.289	2.604	-2.059
1512420183413	-9.404	2.164	-1.877
1512420183424	-9.404	1.829	-1.819
1512420183433	-9.471	1.695	-2.011
1512420183443	-9.443	1.752	-2.279
1512420183453	-9.308	2.02	-2.47
1512420183463	-9.194	2.327	-2.681
1512420183473	-9.098	2.643	-2.729
1512420183483	-9.05	2.959	-2.652
1512420183493	-9.107	3.093	-2.576
1512420183503	-9.174	2.959	-2.451
1512420183513	-9.213	2.786	-2.145
1512420183523	-9.194	2.786	-2.02
1512420183533	-9.165	2.921	-2.068
1512420183543	-9.079	3.074	-2.221
1512420183553	-9.031	3.112	-2.547
1512420183563	-8.983	2.997	-2.643
1512420183573	-8.964	2.968	-2.758
1512420183583	-8.983	2.997	-2.921
1512420183593	-8.973	3.055	-2.959
1512420183603	-8.983	3.189	-2.978
1512420183613	-9.05	3.352	-2.901
1512420183623	-9.088	3.419	-2.758
1512420183633	-9.098	3.505	-2.614
1512420183643	-9.069	3.466	-2.614
1512420183653	-9.059	3.438	-2.892
1512420183663	-9.069	3.581	-2.652
1512420183673	-9.021	3.591	-2.719
1512420183683	-8.935	3.304	-2.691
1512420183694	-9.127	2.882	-2.547
1512420183703	-9.088	2.518	-2.566
1512420183713	-9.136	2.288	-2.853
1512420183724	-9.241	2.193	-2.643
1512420183733	-9.395	2.346	-2.681
1512420183743	-9.289	2.279	-2.7
1512420183754	-9.27	2.442	-2.758
1512420183763	-9.366	2.355	-3.016
1512420183773	-9.395	2.25	-2.93
1512420183784	-9.385	2.039	-2.997
1512420183793	-9.452	1.886	-2.911
1512420183803	-9.5	1.599	-2.547
1512420183814	-9.644	1.197	-2.585
1512420183823	-9.653	1.082	-2.672
1512420183833	-9.653	1.455	-2.7
1512420183844	-9.672	1.944	-2.662
1512420183853	-9.5	2.174	-2.834
1512420183863	-9.318	2.346	-2.94
1512420183874	-9.107	2.614	-3.045
1512420183883	-9.127	2.94	-2.853
1512420183893	-9.002	3.237	-2.834
1512420183904	-8.849	3.457	-2.834
1512420183925	-8.839	4.003	-2.49
1512420183927	-8.571	4.328	-2.786
1512420183934	-8.552	4.424	-2.557
1512420183947	-8.609	4.453	-2.662
1512420183956	-8.791	4.491	-2.796
1512420183968	-9.05	4.367	-2.93
1512420183973	-9.366	3.84	-2.882
1512420183983	-9.816	3.39	-3.141
1512420183995	-9.768	3.304	-3.141
1512420184003	-9.797	3.428	-3.055
1512420184013	-10.17	3.821	-3.342
1512420184026	-10.429	4.051	-3.955
1512420184033	-10.688	4.051	-4.338
1512420184043	-11.272	3.869	-3.964
1512420184054	-11.933	3.562	-3.227
1512420184063	-12.038	3.323	-2.49
1512420184073	-11.483	3.706	-1.848
1512420184090	-10.419	4.807	-1.35
1512420184103	-9.079	6.407	-0.986
1512420184104	-8.063	8.437	-0.641
1512420184114	-7.259	9.969	-0.948
1512420184123	-6.387	10.621	-1.388
1512420184133	-5.382	10.458	-1.225
1512420184144	-4.74	9.395	-1.513
1512420184159	-5.631	7.939	-2.394
1512420184163	-5.631	6.684	-2.394
1512420184174	-6.397	5.602	-3.198
1512420184183	-6.723	4.97	-4.099
1512420184193	-6.569	4.597	-4.635
1512420184204	-6.148	4.386	-4.951
1512420184213	-5.717	4.424	-4.788
1512420184223	-5.679	4.52	-4.472
1512420184234	-5.87	4.376	-3.955
1512420184243	-6.119	3.917	-2.968
1512420184253	-6.474	3.141	-2.059
1512420184264	-6.876	2.298	-1.101
1512420184273	-7.211	1.628	-0.383
1512420184283	-7.288	1.331	-0.095
1512420184296	-6.675	1.264	-0.258
1512420184303	-6.675	1.599	-0.258
1512420184313	-6.435	1.972	-0.612
1512420184325	-6.349	2.241	-2.106
1512420184333	-6.225	2.614	-2.106
1512420184343	-6.1	2.988	-2.413
1512420184355	-6.062	3.256	-2.614
1512420184363	-6.129	3.371	-2.614
1512420184373	-6.177	4.06	-2.097
1512420184386	-6.608	5.037	-3.284
1512420184393	-6.531	6.148	-2.518
1512420184403	-6.493	5.985	-3.256
1512420184414	-7.518	4.951	-2.873
1512420184423	-7.518	4.893	-1.905
1512420184435	-8.188	1.771	-3.064
1512420184444	-8.073	1.723	-3.256
1512420184453	-8.073	2.011	-3.112
1512420184463	-7.441	3.735	-4.395
1512420184477	-8.169	4.558	-5.209
1512420184483	-9.615	5.229	-5.382
1512420184493	-10.228	6.215	-4.846
1512420184504	-10.276	6.445	-3.237
1512420184513	-10.314	6.953	-1.762
1512420184523	-10.247	7.288	-1.091
1512420184534	-10.716	6.56	-1.235
1512420184543	-11.626	5.497	-1.283
1512420184553	-12.105	4.51	-1.618
1512420184564	-12.105	4.529	-1.599
1512420184573	-11.597	5.296	-1.369
1512420184583	-10.621	6.569	-1.407
1512420184596	-9.797	7.7	-1.762
1512420184603	-8.82	8.13	-2.777
1512420184613	-7.862	8.169	-3.715
1512420184625	-7.441	7.814	-4.319
1512420184633	-7.403	7.106	-4.491
1512420184643	-7.546	6.263	-4.367
1512420184654	-7.556	5.353	-4.031
1512420184663	-7.508	4.443	-3.62
1512420184673	-7.527	3.687	-3.055
1512420184684	-7.623	3.093	-2.49
1512420184693	-7.642	2.71	-2.126
1512420184703	-7.709	2.423	-1.848
1512420184714	-7.968	2.202	-1.829
1512420184723	-8.198	2.183	-1.819
1512420184733	-8.36	2.269	-1.867
1512420184752	-8.552	2.327	-2.059
1512420184754	-8.724	2.451	-2.135
1512420184770	-8.791	2.557	-2.25
1512420184777	-8.878	2.595	-2.403
1512420184783	-8.983	2.604	-2.518
1512420184793	-9.127	2.624	-2.662
1512420184807	-9.241	2.719	-2.786
1512420184813	-9.261	2.71	-2.863
1512420184823	-9.251	2.557	-2.911
1512420184835	-9.241	2.537	-3.007
1512420184843	-9.318	2.681	-2.959
1512420184853	-9.443	3.112	-2.825
1512420184866	-9.385	3.639	-2.834
1512420184873	-9.194	4.079	-2.662
1512420184883	-8.983	4.348	-2.499
1512420184894	-8.782	4.376	-2.394
1512420184903	-8.609	4.213	-2.221
1512420184913	-8.552	3.926	-2.25
1512420184925	-8.676	3.601	-2.202
1512420184933	-8.715	3.419	-2.097
1512420184943	-8.657	3.361	-2.145
1512420184954	-8.743	3.179	-2.279
1512420184963	-9.059	2.873	-2.432
1512420184973	-9.28	2.518	-2.672
1512420184984	-9.328	2.049	-2.7
1512420184993	-9.308	1.599	-2.892
1512420185003	-9.663	1.302	-3.227
1512420185016	-10.017	1.082	-3.035
1512420185023	-9.778	0.833	-3.035
1512420185033	-9.701	0.469	-3.035
1512420185045	-9.864	0.306	-3.122
1512420185053	-9.902	0.584	-3.141
1512420185063	-9.854	1.168	-3.083
1512420185076	-9.625	1.647	-2.901
1512420185083	-9.443	1.848	-2.901
1512420185095	-9.337	2.001	-2.806
1512420185109	-9.069	2.231	-2.71
1512420185125	-9.069	2.509	-2.71
1512420185126	-9.127	2.786	-2.739
1512420185135	-9.012	3.016	-2.643
1512420185143	-9.012	3.131	-2.49
1512420185153	-9.04	3.122	-2.518
1512420185165	-9.107	3.093	-2.442
1512420185173	-9.184	2.988	-2.49
1512420185183	-9.27	2.968	-2.48
1512420185196	-9.299	2.863	-2.518
1512420185203	-9.28	2.576	-2.509
1512420185213	-9.289	2.174	-2.48
1512420185225	-9.672	1.743	-2.576
1512420185233	-9.625	1.331	-2.633
1512420185243	-9.72	0.996	-2.537
1512420185256	-9.663	0.814	-2.585
1512420185263	-9.557	0.775	-2.691
1512420185273	-9.51	0.823	-2.767
1512420185285	-9.414	0.909	-2.901
1512420185293	-9.423	1.206	-3.141
1512420185303	-9.366	1.915	-3.083
1512420185315	-9.261	1.886	-2.863
1512420185323	-9.27	1.695	-2.681
1512420185333	-9.404	1.608	-2.595
1512420185345	-9.452	1.58	-2.442
1512420185353	-9.443	1.628	-2.375
1512420185363	-9.433	1.695	-2.413
1512420185375	-9.433	1.8	-2.528
1512420185383	-9.27	1.992	-2.681
1512420185393	-9.155	2.164	-2.796
1512420185405	-9.146	2.336	-3.035
1512420185413	-9.155	2.576	-3.179
1512420185423	-9.079	2.681	-3.15
1512420185435	-9.107	2.624	-3.045
1512420185443	-9.136	2.384	-2.892
1512420185453	-9.146	2.116	-2.633
1512420185466	-9.174	1.877	-2.47
1512420185473	-9.222	1.714	-2.451
1512420185483	-9.203	1.723	-2.499
1512420185498	-9.289	2.145	-2.815
1512420185503	-9.443	2.892	-3.083
1512420185513	-9.337	3.466	-3.093
1512420185525	-9.136	3.505	-3.064
1512420185533	-9.05	3.064	-2.882
1512420185543	-9.146	2.48	-2.576
1512420185555	-9.337	2.02	-2.48
1512420185563	-9.452	1.733	-2.375
1512420185582	-9.481	1.723	-2.25
1512420185598	-9.471	1.819	-2.241
1512420185600	-9.356	1.963	-2.26
1512420185615	-9.261	2.231	-2.269
1512420185617	-9.165	2.336	-2.537
1512420185624	-9.098	2.49	-2.777
1512420185634	-9.079	2.719	-2.882
1512420185651	-9.069	2.844	-2.892
1512420185659	-9.031	2.844	-2.911
1512420185666	-9.012	2.863	-2.796
1512420185680	-9.04	2.882	-2.691
1512420185683	-9.059	2.94	-2.557
1512420185693	-9.031	2.978	-2.518
1512420185707	-9.021	3.026	-2.48
1512420185713	-8.992	3.007	-2.423
1512420185723	-9.059	2.949	-2.375
1512420185737	-9.05	2.968	-2.48
1512420185743	-9.021	3.083	-2.566
1512420185753	-8.983	3.313	-2.633
1512420185767	-8.858	3.572	-2.767
1512420185773	-8.81	3.725	-2.959
1512420185783	-8.897	3.668	-2.767
1512420185796	-8.887	3.438	-2.796
1512420185803	-8.887	3.265	-2.739
1512420185813	-8.791	3.179	-2.777
1512420185826	-8.849	3.17	-2.729
1512420185833	-8.916	3.313	-2.796
1512420185843	-8.906	3.39	-3.055
1512420185856	-8.992	3.38	-2.767
1512420185863	-9.107	3.342	-2.853
1512420185873	-9.165	3.313	-2.739
1512420185886	-9.299	3.265	-2.509
1512420185893	-9.299	3.409	-2.499
1512420185903	-9.088	3.591	-2.298
1512420185916	-8.954	3.668	-2.47
1512420185923	-9.232	3.505	-2.461
1512420185933	-9.337	3.696	-2.576
1512420185946	-9.184	4.166	-2.633
1512420185953	-8.925	4.472	-2.786
1512420185963	-8.935	4.482	-2.786
1512420185976	-9.069	4.606	-2.777
1512420185983	-9.337	4.721	-3.026
1512420185994	-9.548	4.654	-2.815
1512420186008	-9.768	4.635	-2.662
1512420186013	-10.362	4.194	-2.604
1512420186023	-10.707	3.505	-2.308
1512420186036	-10.793	3.17	-2.212
1512420186043	-11.08	2.825	-2.604
1512420186053	-11.253	2.729	-2.7
1512420186067	-11.176	3.093	-2.652
1512420186073	-10.774	4.434	-2.825
1512420186083	-10.094	5.832	-2.911
1512420186095	-9.337	7.326	-2.959
1512420186107	-8.504	8.265	-3.16
1512420186113	-7.862	8.676	-2.988
1512420186127	-7.326	8.447	-2.432
1512420186133	-6.828	8.006	-2.327
1512420186143	-6.541	7.537	-2.537
1512420186158	-6.359	6.694	-2.71
1512420186163	-6.148	5.736	-2.834
1512420186173	-5.956	5.056	-2.978
1512420186186	-5.851	4.664	-3.323
1512420186193	-5.775	4.673	-3.457
1512420186203	-5.707	4.75	-3.457
1512420186216	-5.506	4.769	-3.409
1512420186223	-5.257	4.778	-3.17
1512420186233	-5.114	4.731	-2.882
1512420186248	-5.018	4.692	-2.451
1512420186253	-5.095	4.443	-1.972
1512420186263	-5.229	4.041	-1.714
1512420186276	-5.229	3.658	-1.541
1512420186283	-5.449	3.026	-1.541
1512420186294	-5.822	2.26	-1.819
1512420186306	-6.091	1.867	-2.02
1512420186313	-6.024	1.992	-2.26
1512420186323	-5.794	2.557	-2.739
1512420186336	-5.727	3.419	-2.499
1512420186343	-5.899	4.405	-2.097
1512420186353	-6.1	5.296	-3.294
1512420186366	-5.727	4.98	-2.269
1512420186373	-7.058	3.17	-1.551
1512420186386	-8.772	1.13	-2.202
1512420186396	-9.749	0.22	-1.398
1512420186416	-9.538	-0.296	-1.474
1512420186435	-8.667	-0.67	-2.126
1512420186440	-7.393	-0.632	-2.815
1512420186441	-6.541	1.158	-3.897
1512420186445	-6.991	5.047	-3.38
1512420186454	-7.671	8.887	-3.792
1512420186463	-8.447	10.994	-5.564
1512420186478	-9.548	10.831	-5.401
1512420186488	-10.937	8.916	-3.553
1512420186493	-11.722	6.253	-0.794
1512420186504	-11.741	3.265	-0.057
1512420186517	-11.808	1.58	-0.306
1512420186536	-12.172	1.589	-1.292
1512420186537	-12.871	3.246	-2.308
1512420186549	-13.551	5.487	-2.394
1512420186553	-12.402	7.594	-2.432
1512420186564	-10.793	9.347	-2.853
1512420186577	-9.634	9.979	-3.629
1512420186583	-8.102	9.194	-4.846
1512420186596	-7.891	7.91	-5.889
1512420186607	-7.891	6.953	-5.889
1512420186613	-8.351	5.966	-5.056
1512420186624	-8.121	4.711	-4.012
1512420186637	-7.977	3.687	-2.959
1512420186643	-8.044	3.217	-2.269
1512420186653	-7.91	3.476	-2.308
1512420186664	-7.518	4.051	-2.604
1512420186673	-7.0	4.462	-3.093
1512420186683	-6.723	4.529	-3.399
1512420186697	-6.818	4.3	-3.447
1512420186703	-7.077	3.754	-3.198
1512420186713	-7.585	3.112	-2.758
1512420186727	-7.843	2.451	-2.279
1512420186733	-8.303	1.81	-1.925
1512420186743	-8.552	1.369	-1.877
1512420186758	-8.858	1.34	-2.164
1512420186763	-9.194	1.819	-2.461
1512420186773	-9.404	2.442	-2.71
1512420186788	-9.548	3.045	-2.739
1512420186806	-9.567	3.533	-2.719
1512420186807	-9.615	4.06	-2.7
1512420186815	-9.672	4.108	-2.719
1512420186823	-9.596	4.118	-2.767
1512420186833	-9.51	3.763	-2.892
1512420186843	-9.414	3.543	-3.122
1512420186853	-9.27	3.409	-3.323
1512420186863	-9.165	3.399	-3.438
1512420186873	-9.021	3.447	-3.466
1512420186883	-8.772	3.524	-3.486
1512420186895	-8.552	3.601	-3.457
1512420186903	-8.475	3.715	-3.466
1512420186913	-8.475	3.782	-3.524
1512420186923	-8.542	3.84	-3.419
1512420186933	-8.523	3.754	-3.265
1512420186943	-8.523	3.581	-3.016
1512420186953	-8.59	3.352	-2.758
1512420186963	-8.667	3.17	-2.566
1512420186973	-8.715	3.064	-2.451
1512420186983	-8.753	2.978	-2.336
1512420186993	-8.791	2.911	-2.394
1512420187003	-8.82	2.873	-2.461
1512420187015	-8.791	2.949	-2.451
1512420187023	-8.743	3.112	-2.49
1512420187033	-8.667	3.284	-2.576
1512420187045	-8.648	3.438	-2.662
1512420187060	-8.686	3.581	-2.719
1512420187063	-8.715	3.735	-2.652
1512420187075	-8.763	3.754	-2.566
1512420187083	-8.849	3.639	-2.48
1512420187093	-8.858	3.476	-2.375
1512420187105	-8.878	3.361	-2.241
1512420187113	-8.945	3.275	-2.097
1512420187123	-8.925	3.284	-2.059
1512420187135	-8.964	3.323	-2.087
1512420187181	-9.117	3.294	-2.116
1512420187182	-9.04	3.112	-2.106
1512420187183	-9.05	2.796	-2.106
1512420187183	-9.27	2.499	-2.26
1512420187184	-9.5	2.193	-2.202
1512420187193	-9.615	1.819	-2.193
1512420187203	-9.596	1.436	-2.279
1512420187213	-9.653	1.139	-2.528
1512420187223	-9.672	1.043	-2.748
1512420187244	-9.644	1.082	-3.208
1512420187246	-9.529	1.273	-3.447
1512420187261	-9.49	1.369	-3.495
1512420187269	-9.5	1.379	-3.524
1512420187277	-9.423	1.541	-3.466
1512420187285	-9.433	1.81	-3.419
1512420187293	-9.404	2.068	-3.399
1512420187303	-9.299	2.279	-3.294
1512420187314	-9.232	2.576	-3.17
1512420187323	-9.232	2.758	-3.122
1512420187360	-9.174	2.825	-3.045
1512420187361	-9.117	2.853	-2.988
1512420187362	-9.059	2.863	-2.882
1512420187366	-9.031	2.93	-2.691
1512420187374	-9.079	3.016	-2.423
1512420187383	-9.05	3.083	-2.423
1512420187393	-8.992	3.179	-1.857
1512420187404	-9.012	3.198	-2.039
1512420187413	-9.031	3.074	-2.039
1512420187423	-9.05	3.083	-2.106
1512420187434	-9.088	3.275	-2.25
1512420187443	-9.069	3.256	-2.432
1512420187453	-9.088	3.208	-2.48
1512420187464	-9.059	3.17	-2.576
1512420187473	-9.059	3.016	-2.585
1512420187483	-9.117	2.834	-2.537
1512420187494	-9.05	2.834	-2.585
1512420187503	-9.05	2.815	-2.719
1512420187514	-9.05	2.748	-2.719
1512420187524	-9.021	2.48	-2.796
1512420187533	-9.069	2.49	-2.815
1512420187551	-9.146	2.317	-2.786
1512420187556	-9.194	2.068	-2.767
1512420187563	-9.213	2.145	-2.786
1512420187573	-9.232	1.896	-2.777
1512420187584	-9.241	1.944	-2.806
1512420187593	-9.213	1.963	-2.892
1512420187618	-9.184	2.078	-2.949
1512420187619	-9.194	2.221	-3.016
1512420187623	-9.184	2.346	-3.064
1512420187633	-9.069	2.394	-3.141
1512420187644	-9.04	2.308	-3.016
1512420187653	-9.136	2.068	-2.911
1512420187663	-9.308	1.838	-2.739
1512420187674	-9.376	1.781	-2.662
1512420187683	-9.28	1.762	-2.595
1512420187703	-9.222	1.838	-2.566
1512420187704	-9.194	2.001	-2.652
1512420187713	-9.107	2.221	-2.748
1512420187723	-9.05	2.442	-2.786
1512420187735	-9.021	2.557	-2.853
1512420187743	-9.04	2.624	-2.863
1512420187753	-9.136	2.547	-2.767
1512420187764	-9.241	2.451	-2.643
1512420187773	-9.318	2.384	-2.662
1512420187783	-9.452	2.413	-2.7
1512420187796	-9.481	2.451	-2.834
1512420187803	-9.433	2.557	-2.786
1512420187814	-9.471	2.614	-2.547
1512420187826	-9.529	2.509	-2.662
1512420187833	-9.452	2.442	-2.729
1512420187844	-9.308	2.48	-2.729
1512420187856	-9.232	2.566	-2.547
1512420187863	-9.203	2.624	-2.451
1512420187873	-9.194	2.624	-2.518
1512420187886	-9.241	2.643	-2.49
1512420187893	-9.251	2.853	-2.528
1512420187903	-9.117	3.122	-2.442
1512420187916	-9.021	3.409	-2.49
1512420187923	-9.232	3.763	-2.729
1512420187933	-9.174	4.127	-2.432
1512420187947	-9.002	3.763	-2.528
1512420187953	-9.519	3.256	-3.237
1512420187964	-9.548	3.284	-3.016
1512420187976	-9.529	3.074	-3.189
1512420187983	-9.73	2.566	-2.614
1512420187993	-9.969	1.886	-2.949
1512420188006	-9.988	1.436	-3.112
1512420188013	-10.094	1.503	-2.758
1512420188024	-10.247	1.733	-2.576
1512420188037	-10.094	2.145	-2.71
1512420188043	-10.209	2.624	-2.643
1512420188054	-10.324	3.045	-2.595
1512420188087	-10.247	3.399	-2.47
1512420188097	-10.218	3.696	-2.518
1512420188098	-10.218	3.84	-2.528
1512420188100	-10.544	3.859	-2.672
1512420188113	-10.745	3.792	-2.796
1512420188115	-10.601	3.533	-2.643
1512420188128	-10.573	3.16	-2.48
1512420188142	-11.128	3.352	-2.547
1512420188143	-11.377	3.514	-2.547
1512420188155	-9.414	4.319	-2.049
1512420188163	-9.414	4.328	-2.049
1512420188173	-9.251	5.707	-2.461
1512420188184	-8.667	6.972	-2.691
1512420188197	-7.355	8.035	-2.576
1512420188203	-6.033	8.801	-2.355
1512420188214	-4.826	8.782	-2.375
1512420188223	-4.482	7.949	-2.423
1512420188233	-5.324	6.953	-2.442
1512420188245	-5.353	5.296	-2.423
1512420188253	-4.587	5.296	-2.518
1512420188263	-4.146	4.817	-2.518
1512420188296	-4.003	4.587	-2.614
1512420188297	-3.993	4.501	-2.518
1512420188297	-4.223	4.74	-2.7
1512420188305	-4.855	5.056	-2.643
1512420188313	-4.989	4.96	-2.317
1512420188325	-4.951	4.807	-2.039
1512420188335	-5.171	4.348	-2.011
1512420188343	-5.583	4.041	-1.628
1512420188353	-5.995	3.553	-1.484
1512420188364	-6.636	2.94	-1.79
1512420188386	-7.067	3.122	-2.078
1512420188387	-7.412	3.447	-2.327
1512420188397	-7.776	3.811	-2.509
1512420188403	-8.341	4.185	-2.853
1512420188416	-8.648	4.395	-2.662
1512420188426	-9.098	4.127	-2.279
1512420188433	-9.701	3.696	-2.739
1512420188443	-10.103	3.773	-2.499
1512420188455	-10.017	3.85	-2.317
1512420188470	-9.816	3.869	-2.729
1512420188475	-10.046	4.051	-3.122
1512420188485	-10.103	4.874	-3.112
1512420188493	-10.209	5.746	-3.543
1512420188503	-9.998	6.32	-3.648
1512420188516	-10.161	6.014	-3.419
1512420188523	-10.534	5.209	-3.524
1512420188533	-10.621	4.731	-3.035
1512420188546	-10.391	4.989	-2.959
1512420188561	-9.768	5.305	-3.179
1512420188563	-9.27	5.583	-3.208
1512420188574	-8.897	5.813	-3.198
1512420188583	-8.38	5.947	-3.083
1512420188593	-8.025	5.918	-3.102
1512420188604	-7.747	5.928	-3.112
1512420188613	-7.585	5.842	-3.064
1512420188627	-7.288	5.526	-3.208
1512420188636	-7.412	5.2	-3.208
1512420188643	-7.288	5.066	-3.217
1512420188653	-6.857	5.008	-2.978
1512420188669	-6.598	4.683	-2.873
1512420188674	-6.646	4.386	-2.624
1512420188683	-6.79	4.194	-2.461
1512420188698	-7.01	4.3	-2.604
1512420188703	-7.087	4.462	-2.624
1512420188713	-7.278	4.328	-2.614
1512420188727	-7.489	4.261	-2.384
1512420188733	-7.671	4.194	-2.375
1512420188743	-7.747	4.166	-2.509
1512420188757	-7.949	3.974	-1.12
1512420188766	-9.098	2.384	-1.12
1512420188777	-8.418	2.633	-1.273
1512420188788	-8.198	3.486	-2.461
1512420188795	-8.198	4.213	-2.786
1512420188804	-8.293	4.472	-2.786
1512420188816	-8.427	4.893	-3.342
1512420188823	-8.399	5.468	-3.342
1512420188835	-8.82	5.602	-3.543
1512420188848	-9.136	5.487	-3.112
