timestamp	x	y	z
1515959982121	-9.337	-0.143	-3.074
1515959982138	-9.347	-0.114	-3.122
1515959982140	-9.548	-0.134	-3.227
1515959982160	-9.49	-0.181	-3.294
1515959982161	-9.557	-0.191	-3.313
1515959982170	-9.548	-0.153	-3.352
1515959982180	-9.404	-0.095	-3.304
1515959982190	-9.328	-0.038	-3.304
1515959982200	-9.308	-0.057	-3.284
1515959982213	-9.385	-0.21	-3.304
1515959982220	-9.471	-0.21	-3.332
1515959982230	-9.557	-0.411	-3.447
1515959982241	-9.519	-0.335	-3.495
1515959982250	-9.404	-0.21	-3.553
1515959982260	-9.337	-0.287	-3.572
1515959982273	-9.356	-0.153	-3.533
1515959982280	-9.366	-0.143	-3.39
1515959982290	-9.376	-0.172	-3.246
1515959982302	-9.404	-0.201	-3.17
1515959982309	-9.395	-0.277	-3.15
1515959982320	-9.49	-0.354	-3.217
1515959982331	-9.625	-0.354	-3.246
1515959982339	-9.634	-0.296	-3.275
1515959982350	-9.605	-0.239	-3.217
1515959982362	-9.529	-0.124	-3.064
1515959982370	-9.471	-0.009	-2.93
1515959982380	-9.462	0.0	-2.767
1515959982391	-9.443	0.028	-2.413
1515959982399	-9.672	0.191	-2.174
1515959982410	-9.883	0.201	-2.106
1515959982421	-10.065	0.229	-1.915
1515959982429	-10.324	0.316	-1.704
1515959982444	-10.381	0.44	-1.455
1515959982453	-10.439	0.545	-1.398
1515959982460	-10.554	0.488	-1.838
1515959982470	-10.659	0.316	-2.729
1515959982481	-11.004	0.181	-3.581
1515959982496	-11.31	0.067	-4.29
1515959982500	-11.54	0.172	-4.75
1515959982512	-11.511	0.325	-4.999
1515959982519	-11.415	0.402	-5.104
1515959982530	-11.473	0.335	-5.037
1515959982544	-11.387	0.354	-4.903
1515959982550	-11.119	0.325	-4.702
1515959982560	-10.803	0.086	-4.424
1515959982572	-10.4	-0.268	-4.252
1515959982579	-10.103	-0.507	-3.955
1515959982590	-9.912	-0.603	-3.677
1515959982605	-9.49	-0.402	-3.371
1515959982609	-8.753	-0.201	-3.102
1515959982640	-7.968	-0.057	-3.505
1515959982641	-8.006	-0.363	-3.639
1515959982642	-7.68	-0.383	-3.629
1515959982658	-7.173	-0.268	-3.85
1515959982663	-6.704	-0.335	-4.127
1515959982669	-6.512	-0.632	-4.146
1515959982680	-6.426	-0.986	-4.309
1515959982692	-6.311	-1.407	-4.683
1515959982699	-6.225	-1.925	-4.597
1515959982710	-6.196	-2.355	-4.597
1515959982722	-6.33	-2.739	-4.568
1515959982729	-6.56	-3.016	-4.568
1515959982740	-6.771	-3.16	-4.778
1515959982754	-7.02	-3.102	-4.951
1515959982760	-7.02	-2.672	-4.951
1515959982771	-7.02	-2.03	-5.162
1515959982785	-6.78	-1.197	-4.97
1515959982790	-6.78	-1.091	-4.97
1515959982802	-6.589	-1.187	-5.008
1515959982815	-7.546	-1.589	-5.114
1515959982830	-8.293	-1.513	-5.248
1515959982845	-9.347	-1.187	-5.19
1515959982850	-9.347	-1.187	-5.037
1515959982862	-9.155	-0.756	-4.664
1515959982875	-8.159	0.469	-3.926
1515959982880	-8.159	0.469	-3.122
1515959982890	-7.872	1.072	-2.279
1515959982905	-7.642	1.13	-2.03
1515959982910	-7.642	1.13	-2.174
1515959982920	-8.801	0.641	-2.48
1515959982935	-9.462	-0.354	-2.825
1515959982940	-9.615	-0.354	-2.968
1515959982952	-9.232	-0.967	-2.815
1515959982965	-8.341	-1.474	-2.212
1515959982970	-7.939	-1.848	-2.03
1515959982982	-8.226	-1.771	-2.93
1515959982995	-8.935	-1.245	-4.96
1515959983000	-9.797	-0.967	-6.292
1515959983013	-10.151	-0.881	-6.263
1515959983025	-9.73	-0.833	-5.956
1515959983030	-9.289	-0.727	-5.65
1515959983041	-9.098	-0.325	-6.004
1515959983055	-9.452	-0.43	-6.387
1515959983060	-9.988	-0.545	-6.378
1515959983072	-10.257	-0.679	-6.052
1515959983085	-10.285	-0.919	-5.707
1515959983090	-10.352	-0.833	-5.401
1515959983102	-10.4	-0.584	-4.951
1515959983115	-10.295	-0.488	-4.788
1515959983120	-10.113	-0.411	-4.597
1515959983130	-9.807	-0.45	-4.798
1515959983144	-9.672	-0.612	-4.97
1515959983149	-9.883	-0.545	-4.769
1515959983162	-10.046	-0.268	-4.491
1515959983176	-10.017	-0.153	-4.415
1515959983180	-10.017	-0.239	-4.223
1515959983191	-9.969	-0.287	-4.012
1515959983205	-9.883	-0.296	-3.936
1515959983209	-9.682	-0.249	-3.869
1515959983220	-9.404	-0.229	-3.696
1515959983235	-9.136	-0.229	-3.409
1515959983240	-9.079	-0.181	-3.074
1515959983251	-9.222	-0.009	-2.825
1515959983265	-9.395	0.076	-2.911
1515959983269	-9.452	0.019	-2.873
1515959983280	-9.433	-0.057	-2.758
1515959983295	-9.328	-0.105	-2.585
1515959983299	-9.251	-0.143	-2.499
1515959983310	-9.213	-0.191	-2.499
1515959983325	-9.308	-0.21	-2.624
1515959983329	-9.481	-0.162	-2.652
1515959983340	-9.605	-0.105	-2.652
1515959983355	-9.605	-0.019	-2.7
1515959983359	-9.577	0.067	-2.595
1515959983370	-9.557	0.181	-2.509
1515959983385	-9.644	0.296	-2.375
1515959983389	-9.692	0.402	-2.26
1515959983462	-9.663	0.45	-2.183
1515959983471	-9.567	0.43	-2.106
1515959983475	-9.538	0.354	-2.049
1515959983481	-9.548	0.325	-2.059
1515959983486	-9.615	0.325	-2.087
1515959983497	-9.644	0.296	-2.097
1515959983507	-9.557	0.268	-2.02
1515959983513	-9.529	0.22	-2.02
1515959983515	-9.519	0.21	-2.039
1515959983515	-9.615	0.201	-2.039
1515959983516	-9.653	0.268	-2.087
1515959983517	-9.625	0.354	-2.154
1515959983534	-9.557	0.43	-2.25
1515959983535	-9.577	0.45	-2.365
1515959983558	-9.615	0.459	-2.355
1515959983563	-9.567	0.373	-2.346
1515959983567	-9.5	0.268	-2.298
1515959983591	-9.538	0.162	-2.288
1515959983591	-9.557	0.143	-2.26
1515959983592	-9.586	0.162	-2.193
1515959983600	-9.567	0.201	-2.183
1515959983611	-9.596	0.277	-2.269
1515959983628	-9.596	0.392	-2.346
1515959983633	-9.596	0.411	-2.346
1515959983643	-9.557	0.411	-2.164
1515959983654	-9.538	0.411	-2.174
1515959983660	-9.577	0.43	-2.02
1515959983670	-9.567	0.43	-2.011
1515959983682	-9.529	0.392	-1.944
1515959983690	-9.5	0.383	-1.896
1515959983700	-9.538	0.392	-1.886
1515959983713	-9.548	0.411	-1.848
1515959983720	-9.538	0.43	-1.79
1515959983730	-9.519	0.45	-1.723
1515959983742	-9.49	0.469	-1.637
1515959983750	-9.471	0.507	-1.599
1515959983760	-9.433	0.565	-1.532
1515959983772	-9.452	0.545	-1.436
1515959983780	-9.548	0.498	-1.436
1515959983790	-9.605	0.517	-1.321
1515959983802	-9.538	0.555	-1.158
1515959983809	-9.5	0.354	-0.986
1515959983820	-9.5	0.411	-0.814
1515959983832	-9.481	0.373	-0.689
1515959983840	-9.452	0.488	-0.737
1515959983850	-9.376	0.507	-1.197
1515959983866	-9.51	0.392	-1.896
1515959983870	-9.73	0.249	-2.135
1515959983880	-9.72	0.057	-2.384
1515959983895	-9.739	-0.105	-2.585
1515959983900	-9.768	0.134	-2.643
1515959983910	-9.644	0.344	-2.882
1515959983924	-9.49	0.249	-3.122
1515959983930	-9.586	0.191	-3.15
1515959983940	-9.941	-0.201	-3.294
1515959983954	-9.768	-0.708	-3.332
1515959983960	-10.056	-0.747	-3.074
1515959983970	-10.036	-0.612	-3.122
1515959983984	-9.931	-0.143	-3.313
1515959983990	-9.759	0.402	-3.687
1515959984000	-9.538	0.584	-4.108
1515959984014	-9.433	0.555	-4.376
1515959984020	-9.51	0.555	-4.52
1515959984030	-9.615	0.411	-4.664
1515959984050	-9.845	0.067	-4.223
1515959984060	-9.893	0.095	-3.917
1515959984075	-9.912	0.076	-3.677
1515959984080	-9.912	0.019	-3.553
1515959984090	-9.921	-0.038	-3.581
1515959984104	-9.95	-0.067	-3.591
1515959984110	-10.046	-0.086	-3.591
1515959984120	-10.094	0.086	-3.505
1515959984134	-10.103	0.268	-3.466
1515959984140	-10.075	0.268	-3.533
1515959984155	-10.161	0.249	-3.811
1515959984174	-10.362	0.114	-4.338
1515959984176	-10.601	0.009	-4.759
1515959984183	-10.707	0.019	-4.989
1515959984194	-10.582	-0.009	-4.999
1515959984230	-10.419	-0.162	-4.932
1515959984233	-10.314	-0.143	-4.932
1515959984238	-10.19	-0.076	-4.903
1515959984241	-9.988	-0.076	-4.683
1515959984247	-9.672	-0.086	-4.28
1515959984251	-9.356	-0.076	-3.821
1515959984268	-9.031	-0.057	-3.677
1515959984275	-8.801	-0.086	-3.687
1515959984281	-8.629	-0.095	-3.648
1515959984290	-8.523	-0.105	-3.514
1515959984300	-8.418	-0.143	-3.409
1515959984315	-8.332	-0.134	-3.265
1515959984320	-8.169	-0.086	-3.112
1515959984330	-7.996	-0.105	-3.122
1515959984343	-7.958	-0.201	-3.007
1515959984350	-7.901	-0.277	-2.93
1515959984360	-7.814	-0.43	-3.122
1515959984373	-7.805	-0.574	-3.342
1515959984379	-7.747	-0.593	-3.581
1515959984390	-7.508	-0.584	-3.859
1515959984402	-7.269	-0.67	-4.166
1515959984409	-7.211	-0.67	-4.357
1515959984420	-7.278	-0.699	-4.759
1515959984433	-7.412	-0.785	-5.104
1515959984440	-7.623	-0.948	-5.219
1515959984451	-7.728	-1.139	-5.449
1515959984465	-7.719	-1.177	-5.583
1515959984470	-7.575	-1.206	-5.487
1515959984480	-7.546	-1.359	-5.286
1515959984495	-7.565	-1.58	-5.056
1515959984500	-7.527	-1.819	-5.219
1515959984511	-7.795	-2.059	-5.861
1515959984525	-8.389	-2.317	-6.483
1515959984530	-9.059	-2.193	-6.684
1515959984540	-9.079	-1.714	-6.694
1515959984555	-8.6	-1.082	-6.55
1515959984560	-8.236	-0.842	-6.234
1515959984570	-8.054	-0.861	-5.832
1515959984585	-7.929	-0.842	-5.008
1515959984590	-7.728	-0.622	-4.07
1515959984601	-7.527	-0.996	-3.399
1515959984615	-7.805	-1.302	-3.304
1515959984620	-8.437	-1.197	-4.051
1515959984630	-9.059	-0.718	-5.056
1515959984646	-9.548	-0.239	-5.669
1515959984650	-9.5	-0.095	-5.956
1515959984661	-9.107	-0.076	-5.707
1515959984675	-8.504	-0.162	-5.152
1515959984680	-7.949	-0.325	-4.252
1515959984691	-7.364	-0.354	-2.806
1515959984705	-6.713	-0.335	-1.455
1515959984710	-6.167	-0.584	-1.082
1515959984720	-6.368	-0.871	-1.618
1515959984735	-7.489	-0.689	-1.915
1515959984740	-8.849	-0.526	-2.691
1515959984751	-9.768	-0.632	-3.284
1515959984765	-10.132	-0.459	-3.399
1515959984770	-9.51	-0.201	-3.658
1515959984781	-8.638	0.181	-3.361
1515959984795	-8.063	0.641	-2.595
1515959984800	-7.786	0.9	-2.135
1515959984810	-8.016	0.814	-2.719
1515959984825	-8.686	0.584	-3.84
1515959984830	-9.452	0.354	-5.056
1515959984841	-10.199	-0.258	-6.081
1515959984855	-10.927	-0.919	-6.435
1515959984860	-11.071	-1.426	-6.148
1515959984871	-10.496	-1.503	-4.97
1515959984885	-9.874	-1.015	-4.309
1515959984890	-9.644	-0.66	-4.415
1515959984900	-9.883	-0.66	-5.047
1515959984915	-10.257	-0.718	-5.238
1515959984920	-10.257	-0.718	-4.539
1515959984931	-10.075	-0.651	-3.907
1515959984945	-10.036	-0.526	-3.668
1515959984950	-10.17	-0.392	-3.936
1515959984961	-10.554	-0.191	-4.223
1515959984975	-10.783	0.134	-4.395
1515959984980	-10.716	0.43	-4.242
1515959984991	-10.467	0.679	-3.869
1515959985024	-10.161	0.833	-3.419
1515959985028	-10.056	0.747	-3.045
1515959985030	-9.998	0.603	-2.777
1515959985033	-9.835	0.488	-2.499
1515959985049	-9.634	0.335	-2.308
1515959985050	-9.5	0.181	-2.202
1515959985061	-9.414	0.057	-2.183
1515959985070	-9.308	0.019	-2.346
1515959985080	-9.232	0.143	-2.537
1515959985095	-9.251	0.21	-2.94
1515959985100	-9.347	0.201	-3.352
1515959985110	-9.337	0.105	-3.668
1515959985122	-9.213	-0.095	-3.897
1515959985130	-9.184	-0.287	-4.051
1515959985140	-9.299	-0.459	-4.06
1515959985154	-9.452	-0.679	-4.127
1515959985160	-9.567	-0.794	-4.07
1515959985170	-9.615	-0.852	-3.917
1515959985184	-9.596	-0.804	-3.754
1515959985190	-9.529	-0.593	-3.668
1515959985200	-9.471	-0.325	-3.62
1515959985210	-9.423	-0.153	-3.409
1515959985220	-9.404	-0.038	-3.495
1515959985230	-9.452	0.067	-3.304
1515959985243	-9.49	0.038	-3.198
1515959985249	-9.471	-0.095	-3.055
1515959985260	-9.423	-0.172	-2.988
1515959985270	-9.567	-0.201	-2.997
1515959985280	-9.471	-0.22	-3.026
1515959985291	-9.557	-0.201	-3.064
1515959985300	-9.366	-0.181	-3.045
1515959985310	-9.337	-0.153	-3.035
1515959985321	-9.385	-0.134	-3.007
1515959985330	-9.462	-0.153	-3.007
1515959985340	-9.5	-0.181	-2.988
1515959985351	-9.433	-0.21	-2.853
1515959985360	-9.376	-0.249	-2.815
1515959985370	-9.366	-0.258	-2.758
1515959985381	-9.366	-0.019	-2.71
1515959985396	-9.347	0.114	-2.719
1515959985400	-9.347	0.162	-2.691
1515959985411	-9.385	0.172	-2.681
1515959985420	-9.423	0.162	-2.652
1515959985430	-9.443	0.172	-2.681
1515959985441	-9.395	0.191	-2.672
1515959985456	-9.356	0.249	-2.71
1515959985460	-9.337	0.258	-2.691
1515959985471	-9.347	0.258	-2.614
1515959985480	-9.395	0.258	-2.643
1515959985490	-9.471	0.22	-2.767
1515959985501	-9.51	0.124	-2.844
1515959985518	-9.5	-0.019	-2.853
1515959985520	-9.51	-0.172	-2.825
1515959985532	-9.481	-0.258	-2.796
1515959985540	-9.414	-0.287	-2.748
1515959985550	-9.433	-0.181	-2.662
1515959985562	-9.462	-0.057	-2.604
1515959985570	-9.519	0.0	-2.566
1515959985580	-9.538	0.0	-2.499
1515959985592	-9.519	0.019	-2.509
1515959985600	-9.443	-0.038	-2.48
1515959985610	-9.356	-0.057	-2.47
1515959985621	-9.366	0.047	-2.47
1515959985630	-9.433	0.114	-2.48
1515959985640	-9.452	0.114	-2.509
1515959985653	-9.471	0.114	-2.672
1515959985660	-9.481	0.105	-2.748
1515959985670	-9.414	0.047	-2.786
1515959985681	-9.385	0.019	-2.786
1515959985690	-9.385	0.028	-2.758
1515959985700	-9.385	0.057	-2.815
1515959985712	-9.395	0.105	-3.007
1515959985720	-9.433	0.134	-3.179
1515959985730	-9.414	0.124	-3.275
1515959985742	-9.356	0.095	-3.208
1515959985750	-9.328	0.076	-3.093
1515959985760	-9.404	0.028	-2.921
1515959985772	-9.481	-0.038	-2.758
1515959985780	-9.51	-0.134	-2.672
1515959985790	-9.557	-0.172	-2.557
1515959985802	-9.625	-0.095	-2.403
1515959985833	-9.692	0.067	-2.384
1515959985835	-9.768	0.124	-2.327
1515959985837	-9.739	0.143	-2.202
1515959985840	-9.625	0.134	-2.135
1515959985850	-9.538	0.124	-2.241
1515959985864	-9.596	0.057	-2.576
1515959985870	-9.739	-0.057	-2.949
1515959985880	-9.854	-0.191	-3.15
1515959985891	-9.874	-0.296	-3.102
1515959985900	-9.845	-0.277	-3.15
1515959985910	-9.826	-0.124	-2.959
1515959985921	-9.816	0.038	-2.643
1515959985930	-9.778	0.143	-2.365
1515959985939	-9.816	0.134	-2.288
1515959985950	-9.95	0.172	-2.825
1515959985959	-9.979	0.153	-2.825
1515959985970	-9.96	0.134	-3.514
1515959985980	-9.969	0.268	-3.888
1515959985990	-9.969	0.383	-4.261
1515959986000	-9.864	0.277	-4.223
1515959986011	-9.96	-0.057	-4.012
1515959986020	-10.036	-0.363	-3.802
1515959986030	-9.979	-0.498	-3.782
1515959986040	-9.96	-0.45	-4.06
1515959986049	-9.95	-0.565	-4.415
1515959986060	-9.988	-0.679	-4.644
1515959986071	-10.065	-0.718	-4.855
1515959986080	-10.075	-0.756	-4.922
1515959986090	-9.969	-0.785	-4.788
1515959986101	-9.787	-0.67	-4.664
1515959986109	-9.72	-0.689	-4.558
1515959986119	-9.711	-0.756	-4.443
1515959986130	-9.653	-0.555	-4.118
1515959986140	-9.529	-0.593	-3.907
1515959986150	-9.452	-0.699	-3.744
1515959986169	-9.462	-0.785	-3.83
1515959986185	-9.347	-0.871	-3.993
1515959986186	-9.261	-0.948	-4.233
1515959986190	-9.213	-0.881	-4.213
1515959986200	-9.194	-0.718	-4.089
1515959986210	-8.983	-0.545	-4.041
1515959986221	-8.686	-0.402	-4.089
1515959986229	-8.552	-0.344	-3.897
1515959986240	-8.571	-0.296	-3.811
1515959986251	-8.504	-0.162	-3.668
1515959986259	-8.255	-0.21	-3.495
1515959986270	-8.063	-0.498	-3.304
1515959986281	-7.977	-0.804	-3.361
1515959986290	-8.111	-1.091	-3.275
1515959986300	-8.226	-1.273	-3.131
1515959986312	-8.178	-1.35	-2.997
1515959986320	-8.083	-1.302	-3.15
1515959986330	-8.025	-1.139	-3.428
1515959986343	-8.006	-0.89	-3.447
1515959986350	-7.91	-0.708	-3.629
1515959986360	-7.901	-0.804	-3.687
1515959986373	-8.102	-0.881	-3.792
1515959986380	-8.236	-0.766	-3.744
1515959986390	-8.198	-0.833	-3.773
1515959986403	-8.217	-0.957	-3.677
1515959986410	-8.303	-0.976	-3.313
1515959986421	-8.418	-0.986	-2.777
1515959986433	-8.274	-1.005	-2.652
1515959986440	-8.236	-1.197	-3.198
1515959986451	-8.629	-1.369	-4.003
1515959986463	-9.251	-1.254	-4.644
1515959986470	-9.692	-1.053	-4.932
1515959986481	-9.692	-0.861	-4.999
1515959986493	-9.366	-0.584	-4.922
1515959986500	-8.954	-0.43	-4.759
1515959986510	-8.638	-0.402	-4.357
1515959986523	-8.437	-0.459	-3.687
1515959986530	-8.312	-0.612	-2.825
1515959986541	-8.236	-0.871	-2.566
1515959986554	-8.399	-1.082	-3.045
1515959986560	-9.002	-0.881	-3.85
1515959986571	-9.577	-0.526	-4.568
1515959986583	-9.682	-0.277	-5.028
1515959986590	-9.385	0.028	-5.142
1515959986600	-9.059	0.239	-4.951
1515959986613	-8.849	0.0	-4.223
1515959986642	-8.82	-0.373	-3.026
1515959986645	-8.619	-0.603	-1.513
1515959986652	-8.207	-0.555	0.038
1515959986653	-7.814	-0.632	0.459
1515959986667	-8.054	-0.967	-0.574
1515959986672	-8.945	-1.11	-1.302
1515959986684	-9.749	-1.082	-1.647
1515959986691	-10.247	-1.321	-2.135
1515959986702	-9.031	-1.637	-2.461
1515959986710	-9.031	-1.599	-2.461
1515959986723	-8.217	-1.206	-2.355
1515959986730	-7.776	-0.823	-1.915
1515959986740	-7.632	-0.363	-1.867
1515959986750	-7.518	0.105	-2.346
1515959986763	-7.929	0.306	-3.399
1515959986770	-8.897	0.009	-4.625
1515959986780	-9.902	-0.584	-5.707
1515959986791	-10.745	-1.264	-6.282
1515959986800	-11.071	-1.656	-6.071
1515959986810	-9.893	-1.522	-5.583
1515959986821	-9.05	-0.852	-4.999
1515959986829	-8.743	-0.076	-4.204
1515959986840	-8.887	0.421	-3.85
1515959986852	-9.376	0.306	-3.754
1515959986860	-10.18	0.306	-3.926
1515959986870	-10.889	-0.469	-3.964
1515959986881	-10.937	-1.35	-3.83
1515959986890	-10.534	-1.953	-3.725
1515959986900	-10.017	-1.513	-4.108
1515959986912	-9.625	-1.024	-4.865
1515959986919	-9.385	-0.316	-5.229
1515959986930	-9.127	-0.172	-5.037
1515959986942	-8.964	-0.105	-4.711
1515959986950	-9.146	-0.047	-4.348
1515959986960	-9.586	-0.124	-4.146
1515959986971	-9.941	-0.44	-3.926
1515959986982	-10.036	-0.794	-3.936
1515959986990	-9.998	-1.091	-4.06
1515959987001	-9.941	-1.187	-4.213
1515959987009	-9.854	-1.149	-4.443
1515959987020	-9.682	-1.024	-4.472
1515959987033	-9.5	-0.842	-4.376
1515959987040	-9.366	-0.67	-4.309
1515959987050	-9.356	-0.526	-4.242
1515959987061	-9.337	-0.507	-4.127
1515959987070	-9.28	-0.574	-3.926
1515959987080	-9.241	-0.718	-3.658
1515959987092	-9.222	-0.785	-3.457
1515959987100	-9.28	-0.785	-3.38
1515959987110	-9.404	-0.612	-3.275
1515959987122	-9.356	-0.363	-3.141
1515959987129	-9.194	-0.124	-2.949
1515959987140	-9.136	0.086	-2.825
1515959987152	-9.261	0.201	-2.834
1515959987162	-9.462	0.21	-2.901
1515959987170	-9.653	0.124	-2.911
1515959987183	-9.711	0.028	-2.825
1515959987189	-9.663	-0.057	-2.719
1515959987200	-9.586	-0.114	-2.633
1515959987212	-9.557	-0.114	-2.624
1515959987219	-9.5	-0.105	-2.652
1515959987230	-9.395	-0.038	-2.643
1515959987251	-9.337	0.067	-2.614
1515959987252	-9.347	0.134	-2.518
1515959987260	-9.347	0.191	-2.384
1515959987272	-9.376	0.191	-2.327
1515959987279	-9.395	0.162	-2.365
1515959987290	-9.423	0.105	-2.461
1515959987330	-9.414	0.114	-2.518
1515959987331	-9.395	0.124	-2.557
1515959987331	-9.395	0.105	-2.585
1515959987332	-9.414	0.047	-2.633
1515959987340	-9.462	0.009	-2.662
1515959987350	-9.443	-0.076	-2.719
1515959987363	-9.414	-0.105	-2.853
1515959987369	-9.433	-0.114	-2.988
1515959987380	-9.51	-0.162	-3.284
1515959987392	-9.5	-0.162	-3.38
1515959987399	-9.423	-0.181	-3.399
1515959987410	-9.356	-0.21	-3.399
1515959987424	-9.423	-0.22	-3.39
1515959987458	-9.433	-0.21	-3.323
1515959987461	-9.366	-0.114	-3.294
1515959987464	-9.328	0.009	-3.198
1515959987471	-9.385	0.095	-2.997
1515959987473	-9.414	0.153	-3.045
1515959987480	-9.395	0.086	-2.921
1515959987490	-9.414	-0.019	-2.853
1515959987501	-9.404	-0.153	-2.892
1515959987514	-9.376	-0.181	-2.853
1515959987520	-9.356	-0.153	-2.604
1515959987530	-9.347	-0.086	-2.672
1515959987544	-9.404	-0.028	-2.585
1515959987560	-9.404	-0.057	-2.509
1515959987561	-9.395	-0.067	-2.595
1515959987572	-9.414	-0.105	-2.825
1515959987579	-9.5	-0.191	-2.882
1515959987590	-9.51	-0.21	-3.007
1515959987604	-9.452	-0.143	-3.083
1515959987609	-9.337	-0.028	-2.901
1515959987620	-9.347	0.067	-2.691
1515959987632	-9.471	0.172	-2.624
1515959987639	-9.586	0.181	-2.739
1515959987650	-9.663	0.086	-2.672
1515959987663	-9.644	-0.095	-2.681
1515959987670	-9.605	-0.191	-2.681
1515959987680	-9.625	-0.019	-2.662
1515959987692	-9.672	0.306	-2.777
1515959987699	-9.577	0.325	-3.045
1515959987710	-9.51	0.383	-3.102
1515959987723	-9.615	0.45	-2.968
1515959987730	-9.807	0.498	-2.863
1515959987740	-9.826	0.411	-2.844
1515959987753	-9.73	0.287	-2.873
1515959987760	-9.701	0.239	-3.102
1515959987770	-9.711	0.229	-3.284
1515959987782	-9.711	0.229	-3.457
1515959987790	-9.739	0.287	-3.61
1515959987800	-9.912	0.191	-3.677
1515959987814	-10.027	-0.019	-3.811
1515959987820	-9.998	-0.22	-3.85
1515959987837	-9.921	-0.421	-3.811
1515959987841	-9.826	-0.593	-3.878
1515959987850	-9.835	-0.804	-4.338
1515959987860	-10.008	-0.967	-4.759
1515959987874	-10.036	-1.024	-4.903
1515959987880	-9.759	-1.091	-4.922
1515959987890	-9.462	-1.149	-4.903
1515959987903	-9.366	-1.149	-4.97
1515959987910	-9.452	-1.254	-5.133
1515959987920	-9.596	-1.331	-5.181
1515959987935	-9.577	-1.369	-5.449
1515959987940	-9.423	-1.532	-5.535
1515959987950	-9.299	-1.637	-5.42
1515959987965	-9.289	-1.589	-5.123
1515959987970	-9.261	-1.312	-4.989
1515959987981	-9.155	-1.015	-5.066
1515959987995	-8.992	-0.881	-4.999
1515959988000	-8.83	-0.919	-4.941
1515959988011	-8.734	-1.12	-4.846
1515959988025	-8.791	-1.388	-4.673
1515959988030	-8.925	-1.398	-4.472
1515959988041	-8.964	-1.283	-4.223
1515959988055	-8.945	-1.034	-3.964
1515959988060	-8.81	-0.823	-4.07
1515959988071	-8.648	-0.804	-4.213
1515959988085	-8.561	-0.861	-4.415
1515959988090	-8.571	-0.842	-4.462
1515959988101	-8.638	-0.689	-4.376
1515959988115	-8.533	-0.689	-4.443
1515959988120	-8.418	-0.747	-4.348
1515959988131	-8.245	-0.737	-4.395
1515959988145	-8.092	-0.727	-4.213
1515959988150	-8.054	-0.641	-4.146
1515959988174	-8.044	-0.612	-4.051
1515959988176	-7.987	-0.507	-3.945
1515959988193	-7.834	-0.363	-3.907
1515959988195	-7.652	-0.325	-3.907
1515959988205	-7.642	-0.296	-3.936
1515959988210	-7.623	-0.392	-4.051
1515959988221	-7.632	-0.603	-4.031
1515959988235	-7.728	-0.861	-3.198
1515959988269	-7.872	-1.35	-3.198
1515959988276	-7.757	-2.001	-2.547
1515959988283	-7.834	-2.442	-3.093
1515959988286	-8.102	-2.576	-3.859
1515959988287	-8.657	-2.403	-4.194
1515959988297	-8.973	-1.915	-4.252
1515959988300	-8.753	-1.225	-4.07
1515959988324	-8.236	-0.603	-3.936
1515959988327	-7.929	0.0	-3.562
1515959988337	-7.834	0.335	-2.863
1515959988343	-8.6	0.478	-2.106
1515959988351	-8.897	0.067	-1.513
1515959988360	-9.232	-1.043	-1.206
1515959988372	-9.663	-2.039	-1.79
1515959988385	-9.864	-2.461	-2.518
1515959988390	-10.056	-2.624	-3.265
1515959988400	-9.749	-1.896	-4.156
1515959988411	-9.107	-0.794	-4.577
1515959988420	-8.284	0.21	-4.606
1515959988430	-7.604	1.608	-3.955
1515959988445	-7.374	1.398	-3.629
1515959988450	-7.805	1.187	-2.959
1515959988460	-8.408	0.775	-2.786
1515959988473	-8.839	0.028	-3.217
1515959988480	-9.318	-0.785	-3.533
1515959988490	-9.653	-1.57	-4.031
1515959988503	-9.902	-2.298	-4.367
1515959988510	-10.343	-1.982	-4.022
1515959988520	-10.209	-1.024	-3.763
1515959988536	-9.605	-0.306	-3.869
1515959988540	-9.04	0.268	-3.773
1515959988551	-8.619	0.584	-3.419
1515959988566	-8.782	0.45	-3.304
1515959988570	-9.318	0.287	-3.15
1515959988581	-9.768	-0.028	-3.821
1515959988596	-10.41	-0.593	-4.654
1515959988600	-10.841	-0.747	-5.037
1515959988611	-10.525	-0.747	-4.96
1515959988627	-10.065	-0.775	-5.008
1515959988630	-9.95	-0.43	-4.922
1515959988641	-9.749	-0.019	-4.472
1515959988657	-9.567	0.172	-3.917
1515959988660	-9.452	0.105	-3.409
1515959988675	-9.395	-0.134	-3.16
1515959988690	-9.51	-0.536	-3.15
1515959988692	-9.893	-0.708	-2.806
1515959988704	-10.314	-0.536	-2.509
1515959988716	-10.486	-0.258	-2.25
1515959988720	-10.266	-0.038	-2.288
1515959988730	-9.854	0.086	-2.241
1515959988744	-9.548	0.258	-2.413
1515959988750	-9.49	0.363	-2.71
1515959988760	-9.519	0.201	-2.729
1515959988777	-9.557	0.028	-2.786
1515959988780	-9.51	-0.124	-2.777
1515959988792	-9.443	-0.335	-2.777
1515959988800	-9.452	-0.478	-2.853
1515959988810	-9.462	-0.584	-3.198
1515959988822	-9.462	-0.67	-3.476
1515959988837	-9.376	-0.756	-3.629
1515959988840	-9.289	-0.881	-3.696
1515959988852	-9.241	-0.928	-3.792
1515959988860	-9.194	-0.909	-3.744
1515959988870	-9.165	-0.804	-3.629
1515959988882	-9.251	-0.651	-3.553
1515959988897	-9.376	-0.43	-3.581
1515959988900	-9.462	-0.277	-3.486
1515959988912	-9.471	-0.114	-3.323
1515959988920	-9.471	0.201	-3.313
1515959988930	-9.557	0.507	-3.639
1515959988942	-9.787	0.689	-4.012
1515959988950	-9.864	0.794	-4.012
1515959988960	-9.672	0.689	-3.782
1515959988972	-9.289	0.373	-3.313
1515959988980	-9.414	0.134	-3.313
1515959988990	-9.51	-0.019	-3.217
1515959989003	-9.557	-0.181	-3.419
1515959989010	-9.567	-0.287	-3.543
1515959989020	-9.615	-0.296	-3.955
1515959989033	-9.433	-0.067	-4.012
1515959989040	-9.433	-0.086	-4.012
1515959989072	-9.414	0.0	-4.07
1515959989080	-9.318	-0.191	-3.945
1515959989083	-9.318	-0.162	-3.792
1515959989089	-9.328	-0.344	-3.572
1515959989091	-9.423	-0.44	-3.256
1515959989100	-9.241	-0.498	-2.978
1515959989116	-9.05	-0.421	-2.729
1515959989122	-9.079	-0.162	-2.662
1515959989130	-9.423	0.105	-2.672
1515959989140	-9.395	0.268	-2.643
1515959989153	-9.414	0.383	-2.518
1515959989160	-9.404	0.402	-2.394
1515959989174	-9.414	0.325	-2.308
1515959989180	-9.481	0.277	-2.394
1515959989190	-9.5	0.344	-2.47
1515959989200	-9.462	0.354	-2.566
1515959989210	-9.433	0.335	-2.652
1515959989236	-9.423	0.181	-2.7
1515959989237	-9.443	0.153	-2.7
1515959989242	-9.471	0.028	-2.652
1515959989250	-9.51	-0.086	-2.691
1515959989260	-9.529	-0.114	-2.739
1515959989271	-9.481	0.0	-2.681
1515959989279	-9.414	0.191	-2.643
1515959989290	-9.404	0.277	-2.662
1515959989300	-9.462	0.287	-2.71
1515959989309	-9.49	0.277	-2.672
1515959989320	-9.471	0.201	-2.566
1515959989330	-9.414	0.076	-2.413
1515959989340	-9.433	-0.067	-2.26
1515959989351	-9.5	-0.134	-2.145
1515959989362	-9.567	-0.086	-2.078
1515959989370	-9.586	0.0	-2.011
1515959989381	-9.557	0.105	-1.963
1515959989392	-9.538	0.172	-2.059
1515959989400	-9.538	0.239	-2.097
1515959989410	-9.462	0.344	-1.848
1515959989422	-9.299	0.392	-1.637
1515959989430	-9.289	0.411	-1.522
1515959989440	-9.443	0.545	-1.503
1515959989452	-9.625	0.718	-1.647
1515959989460	-9.701	0.842	-1.637
1515959989470	-9.51	0.823	-1.886
1515959989483	-9.385	0.794	-2.145
1515959989490	-9.318	0.756	-2.413
1515959989500	-9.299	0.545	-2.71
1515959989513	-9.356	0.191	-3.035
1515959989520	-9.462	-0.086	-3.275
1515959989530	-9.615	-0.172	-3.533
1515959989543	-9.778	-0.162	-3.629
1515959989550	-9.787	-0.239	-3.792
1515959989560	-9.682	-0.277	-3.773
1515959989572	-9.72	-0.306	-3.735
1515959989580	-9.874	-0.181	-3.438
1515959989590	-9.931	-0.009	-3.198
1515959989603	-9.816	0.028	-3.112
1515959989610	-9.663	0.0	-2.978
1515959989620	-9.625	-0.114	-2.949
1515959989632	-9.787	-0.21	-2.882
1515959989640	-9.979	-0.181	-2.806
1515959989650	-9.998	-0.095	-2.815
1515959989662	-10.151	-0.009	-2.921
1515959989670	-10.362	-0.21	-3.122
1515959989680	-10.247	-0.43	-3.352
1515959989692	-10.046	-0.574	-3.581
1515959989700	-10.027	-0.584	-3.936
1515959989710	-9.969	-0.574	-4.376
1515959989723	-10.084	-0.373	-4.635
1515959989730	-10.113	-0.22	-4.874
1515959989740	-10.151	-0.268	-5.056
1515959989751	-10.285	-0.316	-5.104
1515959989760	-10.419	-0.344	-4.855
1515959989770	-10.458	-0.335	-4.606
1515959989781	-10.257	-0.612	-4.568
1515959989790	-10.17	-0.641	-4.453
1515959989800	-10.17	-0.459	-4.472
1515959989813	-9.797	-0.488	-4.453
1515959989844	-9.05	-0.689	-4.223
1515959989850	-9.05	-0.689	-4.213
1515959989862	-8.964	-0.919	-4.185
1515959989898	-8.782	-0.651	-4.146
1515959989922	-8.475	-0.651	-3.754
1515959989929	-7.92	-0.574	-3.352
1515959989938	-7.795	-0.383	-3.294
1515959989943	-7.719	-0.201	-3.399
1515959989949	-7.738	-0.229	-3.696
1515959989953	-7.776	-0.545	-3.763
1515959989957	-7.728	-0.785	-3.581
1515959989961	-7.709	-0.881	-3.514
1515959989965	-7.594	-1.053	-3.399
1515959989989	-7.604	-1.149	-3.447
1515959989991	-7.824	-1.292	-3.648
1515959989997	-8.15	-1.139	-3.562
1515959990003	-8.274	-0.919	-3.591
1515959990012	-8.274	-0.804	-3.629
1515959990027	-8.245	-0.67	-3.543
1515959990030	-8.303	-0.488	-3.447
1515959990044	-8.245	-0.498	-3.371
1515959990055	-8.083	-0.66	-3.179
1515959990060	-8.073	-0.641	-3.17
1515959990075	-8.14	-0.861	-3.543
1515959990085	-8.657	-0.967	-4.108
1515959990091	-9.261	-1.015	-4.721
1515959990100	-9.72	-1.015	-4.769
1515959990112	-9.941	-0.871	-4.635
1515959990120	-9.816	-0.66	-4.309
1515959990130	-9.433	-0.498	-3.917
1515959990143	-9.002	-0.517	-3.476
1515959990150	-8.581	-0.632	-3.15
1515959990160	-8.38	-0.919	-3.323
1515959990173	-8.705	-1.197	-3.974
1515959990185	-9.548	-1.235	-4.395
1515959990201	-10.103	-0.957	-4.424
1515959990202	-9.979	-0.517	-4.52
1515959990210	-9.452	-0.124	-4.616
1515959990220	-8.964	0.028	-4.625
1515959990233	-8.657	0.009	-4.395
1515959990240	-8.494	-0.191	-4.089
1515959990250	-8.427	-0.421	-3.763
1515959990269	-9.012	-0.976	-3.859
1515959990280	-9.519	-1.015	-4.146
1515959990291	-9.634	-0.938	-4.348
1515959990300	-9.452	-0.756	-4.357
1515959990310	-9.127	-0.43	-4.261
1515959990323	-8.887	-0.124	-4.089
1515959990330	-8.782	-0.038	-3.974
1515959990342	-8.715	-0.095	-3.754
1515959990354	-8.715	-0.22	-3.486
1515959990360	-8.724	-0.363	-3.15
1515959990370	-8.734	-0.498	-2.739
1515959990386	-8.514	-0.555	-2.394
1515959990400	-8.609	-0.488	-2.614
1515959990414	-8.916	-0.478	-3.677
1515959990420	-9.299	-0.488	-3.677
1515959990432	-9.605	-0.478	-3.878
1515959990444	-9.5	-0.469	-3.639
1515959990450	-9.127	-0.354	-3.639
1515959990460	-8.705	-0.143	-3.342
1515959990476	-8.102	0.134	-2.135
1515959990480	-8.083	0.258	-2.135
1515959990490	-7.786	0.229	-1.618
1515959990503	-7.632	-0.095	-1.177
1515959990510	-7.853	-0.383	-1.063
1515959990520	-8.389	-0.498	-1.857
1515959990534	-9.854	-0.526	-3.026
1515959990540	-9.854	-0.45	-3.026
1515959990550	-9.711	-0.498	-3.495
1515959990565	-8.418	-0.593	-3.476
1515959990570	-8.418	-0.45	-3.629
1515959990580	-8.016	-0.306	-3.811
1515959990594	-8.887	-0.421	-3.658
1515959990600	-8.887	-0.373	-3.553
1515959990610	-9.203	-0.45	-3.658
1515959990624	-9.347	-0.679	-4.453
1515959990630	-9.347	-0.986	-5.229
1515959990654	-10.534	-1.426	-5.65
1515959990660	-10.228	-1.264	-5.458
1515959990670	-9.835	-0.909	-5.286
1515959990685	-9.376	-0.181	-5.315
1515959990690	-9.433	-0.268	-5.324
1515959990700	-9.692	-0.641	-5.085
1515959990736	-10.113	-0.804	-4.386
1515959990741	-10.477	-0.66	-3.62
1515959990745	-10.525	-0.708	-3.055
1515959990749	-10.237	-0.699	-2.528
1515959990756	-10.017	-0.373	-2.174
1515959990771	-9.998	0.038	-2.442
1515959990775	-10.209	0.727	-2.892
1515959990782	-10.41	1.494	-3.17
1515959990793	-10.333	1.877	-3.227
1515959990803	-10.17	1.886	-3.102
1515959990810	-9.988	1.743	-2.834
1515959990820	-9.969	1.359	-2.681
1515959990834	-9.941	0.823	-2.643
1515959990844	-9.874	0.316	-2.394
1515959990851	-9.701	-0.162	-2.336
1515959990864	-9.577	-0.43	-2.384
1515959990870	-9.49	-0.488	-2.528
1515959990880	-9.395	-0.44	-2.691
1515959990894	-9.366	-0.306	-2.949
1515959990900	-9.395	-0.134	-3.237
1515959990910	-9.385	0.0	-3.476
1515959990923	-9.356	0.009	-3.648
1515959990930	-9.356	-0.057	-3.754
1515959990940	-9.395	-0.105	-3.725
1515959990952	-9.452	-0.076	-3.62
1515959990960	-9.481	-0.038	-3.476
1515959990970	-9.548	0.0	-3.361
1515959990982	-9.577	-0.009	-3.217
1515959990990	-9.615	0.038	-3.074
1515959991000	-9.577	0.067	-2.988
1515959991012	-9.557	0.105	-2.882
1515959991020	-9.548	0.153	-2.777
1515959991030	-9.557	0.201	-2.71
1515959991045	-9.548	0.287	-2.662
1515959991050	-9.529	0.316	-2.681
1515959991060	-9.519	0.296	-2.643
1515959991075	-9.481	0.287	-2.595
1515959991080	-9.452	0.249	-2.518
1515959991090	-9.471	0.21	-2.423
1515959991105	-9.5	0.21	-2.336
1515959991110	-9.538	0.191	-2.241
1515959991120	-9.557	0.172	-2.269
1515959991135	-9.567	0.162	-2.279
1515959991140	-9.538	0.162	-2.298
1515959991152	-9.5	0.191	-2.288
1515959991165	-9.5	0.249	-2.336
1515959991170	-9.51	0.287	-2.384
1515959991180	-9.529	0.335	-2.461
1515959991195	-9.49	0.344	-2.48
1515959991200	-9.481	0.335	-2.48
1515959991211	-9.49	0.373	-2.47
1515959991225	-9.51	0.373	-2.547
1515959991230	-9.51	0.344	-2.547
1515959991240	-9.5	0.344	-2.509
1515959991255	-9.5	0.363	-2.47
1515959991260	-9.51	0.354	-2.47
1515959991270	-9.557	0.354	-2.47
1515959991286	-9.557	0.325	-2.442
1515959991290	-9.529	0.306	-2.413
1515959991300	-9.51	0.325	-2.375
1515959991315	-9.529	0.325	-2.346
1515959991320	-9.557	0.373	-2.346
1515959991330	-9.529	0.421	-2.145
1515959991345	-9.538	0.43	-2.154
1515959991350	-9.557	0.392	-2.001
1515959991360	-9.548	0.335	-2.011
1515959991375	-9.548	0.306	-1.982
1515959991380	-9.538	0.335	-1.944
1515959991390	-9.529	0.363	-1.857
1515959991405	-9.519	0.421	-1.819
1515959991410	-9.538	0.507	-1.771
1515959991420	-9.529	0.565	-1.762
1515959991430	-9.49	0.584	-1.819
1515959991440	-9.452	0.526	-1.781
1515959991450	-9.443	0.478	-1.714
1515959991465	-9.443	0.488	-1.733
1515959991470	-9.471	0.517	-1.905
1515959991480	-9.548	0.498	-2.059
1515959991495	-9.538	0.45	-1.925
1515959991500	-9.395	0.325	-1.992
1515959991510	-9.385	0.421	-2.154
1515959991547	-9.471	0.335	-2.384
1515959991552	-9.634	0.162	-2.7
1515959991555	-9.739	0.095	-2.767
1515959991559	-9.644	0.038	-2.748
1515959991563	-9.567	0.009	-2.873
1515959991588	-9.596	0.095	-2.806
1515959991591	-9.605	0.114	-2.949
1515959991593	-9.701	0.086	-3.035
1515959991601	-9.768	0.124	-2.988
1515959991616	-9.672	0.105	-2.873
1515959991620	-9.596	0.105	-2.834
1515959991631	-9.596	0.239	-2.806
1515959991644	-9.596	0.258	-2.777
1515959991650	-9.548	0.095	-2.892
1515959991660	-9.644	0.038	-2.729
1515959991674	-9.653	0.009	-2.739
1515959991680	-9.692	-0.038	-2.815
1515959991690	-9.73	0.057	-2.758
1515959991705	-9.692	0.067	-2.863
1515959991710	-9.711	-0.105	-3.055
1515959991720	-9.826	-0.258	-3.189
1515959991731	-9.998	-0.469	-3.313
1515959991740	-10.343	-0.679	-3.313
1515959991750	-10.534	-0.536	-3.332
1515959991764	-10.314	0.028	-3.313
1515959991770	-9.912	0.574	-3.457
1515959991780	-9.605	0.689	-3.648
1515959991791	-9.797	0.66	-3.773
1515959991800	-10.18	0.632	-3.964
1515959991810	-10.295	0.545	-3.821
1515959991823	-10.257	0.469	-3.543
1515959991830	-10.113	0.277	-3.284
1515959991840	-10.132	0.105	-3.246
1515959991854	-10.343	0.143	-3.294
1515959991860	-10.362	0.201	-3.332
1515959991871	-10.123	0.172	-3.371
1515959991880	-9.874	0.086	-3.543
1515959991890	-9.883	0.0	-3.447
1515959991901	-9.874	0.134	-3.141
1515959991916	-9.73	0.296	-2.873
1515959991920	-9.5	0.296	-2.863
1515959991931	-9.328	0.191	-3.083
1515959991940	-9.222	0.0	-3.304
1515959991950	-9.069	-0.105	-3.304
1515959991961	-8.935	-0.22	-3.332
1515959991970	-8.916	-0.335	-3.342
1515959991980	-8.868	-0.296	-3.61
1515959991991	-8.686	-0.172	-3.802
1515959992007	-8.389	-0.201	-3.936
1515959992010	-8.274	-0.316	-3.869
1515959992024	-8.284	-0.632	-3.878
1515959992033	-8.504	-0.747	-3.955
1515959992041	-8.59	-0.67	-3.964
1515959992052	-8.485	-0.593	-3.878
1515959992067	-8.37	-0.43	-3.878
1515959992070	-8.38	-0.316	-3.917
1515959992081	-8.447	-0.344	-3.897
1515959992096	-8.561	-0.392	-3.897
1515959992100	-8.581	-0.45	-3.696
1515959992111	-8.638	-0.44	-3.658
1515959992120	-8.676	-0.411	-3.505
1515959992130	-8.724	-0.43	-3.658
1515959992141	-8.724	-0.306	-3.83
1515959992150	-8.696	-0.21	-3.993
1515959992160	-8.772	-0.095	-4.041
1515959992171	-8.83	-0.095	-3.907
1515959992187	-8.83	-0.124	-3.897
1515959992195	-8.801	-0.009	-3.888
1515959992216	-8.791	-0.067	-3.984
1515959992218	-8.945	-0.067	-4.079
1515959992220	-9.021	-0.229	-4.051
1515959992231	-9.127	-0.354	-4.06
1515959992246	-9.213	-0.421	-3.974
1515959992250	-9.222	-0.469	-3.811
1515959992266	-9.107	-0.335	-3.687
1515959992276	-8.945	-0.181	-3.591
1515959992291	-8.676	-0.067	-3.639
1515959992308	-8.629	-0.22	-3.83
1515959992310	-8.667	-0.363	-3.974
1515959992324	-8.906	-0.363	-4.06
1515959992336	-9.098	-0.287	-4.252
1515959992373	-9.27	-0.287	-4.367
1515959992375	-9.308	-0.229	-4.434
1515959992381	-9.184	-0.153	-4.453
1515959992390	-9.021	-0.067	-4.376
1515959992392	-8.906	-0.057	-4.271
1515959992399	-8.81	-0.162	-4.127
1515959992404	-8.782	-0.335	-4.185
1515959992413	-8.887	-0.517	-4.328
1515959992427	-9.012	-0.641	-4.52
1515959992430	-9.05	-0.66	-4.568
1515959992440	-8.954	-0.66	-4.606
1515959992452	-8.878	-0.651	-4.731
1515959992460	-8.887	-0.651	-4.865
1515959992471	-8.858	-0.718	-4.798
1515959992486	-8.772	-0.756	-4.51
1515959992490	-8.705	-0.718	-4.261
1515959992501	-8.724	-0.66	-4.271
1515959992510	-8.81	-0.718	-4.472
1515959992520	-8.935	-0.852	-4.51
1515959992530	-8.945	-0.881	-4.549
1515959992562	-8.849	-0.861	-4.616
1515959992563	-8.772	-0.89	-4.644
1515959992563	-8.734	-0.89	-4.616
1515959992570	-8.696	-0.823	-4.443
1515959992580	-8.696	-0.756	-4.395
1515959992590	-8.772	-0.727	-4.376
1515959992600	-8.887	-0.603	-4.443
1515959992610	-8.973	-0.536	-4.501
1515959992620	-8.983	-0.488	-4.51
1515959992632	-8.887	-0.43	-4.434
1515959992640	-8.801	-0.402	-4.367
1515959992650	-8.82	-0.45	-4.405
1515959992659	-8.897	-0.651	-4.462
1515959992669	-9.021	-0.794	-4.395
1515959992681	-9.04	-0.814	-4.348
1515959992690	-8.983	-0.785	-4.319
1515959992700	-8.887	-0.727	-4.348
1515959992710	-8.782	-0.641	-4.319
1515959992719	-8.734	-0.603	-4.309
1515959992733	-8.657	-0.622	-4.175
1515959992740	-8.6	-0.727	-4.099
1515959992750	-8.638	-0.833	-4.137
1515959992759	-8.772	-0.814	-4.156
1515959992771	-8.772	-0.718	-4.146
1515959992780	-8.581	-0.545	-4.012
1515959992790	-8.303	-0.316	-3.782
1515959992800	-7.968	-0.191	-3.409
1515959992810	-7.604	-0.181	-2.815
1515959992820	-7.096	-0.249	-2.049
1515959992831	-6.646	-0.459	-2.135
1515959992840	-6.656	-0.842	-2.442
1515959992850	-7.355	-1.101	-3.256
1515959992860	-8.485	-1.072	-4.031
1515959992869	-9.653	-0.976	-4.836
1515959992879	-10.218	-0.9	-4.731
1515959992890	-9.72	-0.881	-2.796
1515959992899	-8.6	-0.555	-2.786
1515959992910	-7.776	-0.019	-2.25
1515959992922	-8.198	0.143	-2.518
1515959992930	-8.198	-0.095	-2.672
1515959992940	-8.657	-0.43	-3.102
1515959992960	-9.625	-1.273	-5.008
1515959992970	-11.119	-1.58	-5.899
1515959992982	-10.937	-1.608	-6.301
1515959992990	-10.017	-1.532	-5.947
1515959993000	-9.251	-1.225	-5.305
1515959993013	-8.868	-0.718	-4.683
1515959993020	-8.954	-0.086	-4.127
1515959993030	-9.174	0.363	-4.118
1515959993042	-9.557	-0.402	-3.917
1515959993050	-9.941	-0.344	-3.907
1515959993060	-10.199	-1.197	-3.687
1515959993072	-10.18	-1.35	-3.524
1515959993080	-10.065	-1.312	-3.84
1515959993090	-10.123	-0.814	-4.156
1515959993102	-10.123	-0.191	-4.252
1515959993110	-9.941	0.172	-4.3
1515959993120	-9.874	0.383	-4.089
1515959993133	-9.797	0.411	-3.715
1515959993140	-9.797	0.181	-3.313
1515959993150	-9.883	-0.067	-3.035
1515959993200	-9.998	-0.296	-2.834
1515959993204	-10.103	-0.469	-2.786
1515959993208	-10.209	-0.411	-2.806
1515959993212	-10.218	-0.124	-2.882
1515959993214	-10.017	0.181	-2.921
1515959993218	-9.768	0.43	-2.911
1515959993221	-9.567	0.689	-2.978
1515959993233	-9.443	0.718	-2.949
1515959993243	-9.289	0.517	-2.892
1515959993252	-9.27	0.22	-3.035
1515959993260	-9.366	-0.086	-3.313
1515959993270	-9.433	-0.411	-3.543
1515959993282	-9.347	-0.603	-3.744
1515959993357	-9.222	-0.67	-3.917
1515959993358	-9.203	-0.565	-4.079
1515959993358	-9.299	-0.45	-4.376
1515959993359	-9.414	-0.344	-4.482
1515959993360	-9.423	-0.277	-4.539
1515959993360	-9.337	-0.316	-4.462
1515959993367	-9.308	-0.363	-4.242
1515959993368	-9.328	-0.44	-3.984
1515959993372	-9.385	-0.44	-3.754
1515959993379	-9.433	-0.344	-3.61
1515959993389	-9.452	-0.249	-3.533
1515959993401	-9.366	-0.249	-3.428
1515959993410	-9.337	-0.21	-3.323
1515959993420	-9.347	-0.162	-3.208
1515959993431	-9.395	-0.124	-3.217
1515959993439	-9.404	-0.086	-3.16
1515959993449	-9.366	-0.095	-3.131
1515959993471	-9.337	-0.124	-3.093
1515959993472	-9.347	-0.191	-3.055
1515959993480	-9.376	-0.181	-3.035
1515959993491	-9.376	-0.21	-2.959
1515959993499	-9.337	-0.22	-2.94
1515959993510	-9.347	-0.201	-2.968
1515959993521	-9.385	-0.134	-2.959
1515959993529	-9.404	-0.124	-2.93
1515959993540	-9.376	-0.124	-2.901
1515959993551	-9.337	-0.134	-2.882
1515959993559	-9.347	-0.143	-2.834
1515959993570	-9.356	-0.105	-2.825
1515959993581	-9.356	-0.047	-2.796
1515959993590	-9.356	0.028	-2.729
1515959993611	-9.376	0.0	-2.777
1515959993624	-9.414	-0.028	-2.863
1515959993630	-9.366	-0.038	-2.901
1515959993641	-9.318	-0.019	-2.978
1515959993649	-9.328	-0.038	-2.978
1515959993660	-9.376	-0.028	-2.921
1515959993672	-9.433	-0.076	-2.892
1515959993680	-9.433	-0.124	-3.045
1515959993690	-9.49	-0.153	-2.921
1515959993701	-9.328	-0.181	-2.959
1515959993709	-9.433	-0.191	-3.112
1515959993720	-9.395	-0.181	-3.045
1515959993731	-9.433	-0.181	-3.074
1515959993740	-9.433	-0.162	-3.064
1515959993750	-9.481	-0.134	-3.055
1515959993761	-9.452	-0.258	-3.064
1515959993769	-9.452	-0.162	-3.035
1515959993783	-9.289	-0.181	-3.026
1515959993791	-9.404	-0.191	-2.978
1515959993799	-9.395	-0.181	-2.892
1515959993810	-9.395	-0.134	-2.834
1515959993821	-9.443	0.095	-2.758
1515959993829	-9.443	0.019	-2.691
1515959993840	-9.423	0.095	-2.633
1515959993851	-9.385	0.076	-2.566
1515959993860	-9.404	0.076	-2.47
1515959993870	-9.433	-0.134	-2.365
1515959993884	-9.414	0.0	-2.212
1515959993890	-9.395	0.009	-2.097
1515959993900	-9.443	0.162	-2.106
1515959993911	-9.443	0.287	-2.145
1515959993920	-9.337	0.268	-2.327
1515959993930	-9.289	0.258	-2.394
1515959993942	-9.366	0.21	-2.547
1515959993949	-9.557	0.105	-2.806
1515959993960	-9.711	0.009	-2.997
1515959993974	-9.615	-0.153	-3.131
1515959994010	-9.471	-0.229	-3.217
1515959994012	-9.5	-0.191	-3.294
1515959994015	-9.577	-0.201	-3.505
1515959994030	-9.644	-0.277	-3.668
1515959994031	-9.625	-0.316	-3.677
1515959994036	-9.577	-0.392	-3.715
1515959994055	-9.625	-0.478	-3.629
1515959994057	-9.586	-0.584	-3.486
1515959994071	-9.5	-0.67	-3.342
1515959994074	-9.538	-0.632	-3.189
1515959994081	-9.682	-0.517	-3.16
1515959994096	-9.72	-0.421	-3.15
1515959994100	-9.663	-0.354	-3.179
1515959994115	-9.682	-0.306	-3.294
1515959994128	-9.826	-0.153	-3.466
1515959994130	-10.036	-0.019	-3.524
1515959994143	-10.113	0.0	-3.486
1515959994157	-9.95	-0.114	-3.466
1515959994160	-9.835	-0.22	-3.495
1515959994170	-9.854	-0.344	-3.457
1515959994187	-9.826	-0.392	-3.591
1515959994190	-9.864	-0.43	-3.964
1515959994211	-9.979	-0.498	-4.338
1515959994213	-10.094	-0.526	-4.683
1515959994231	-10.209	-0.488	-4.692
1515959994236	-10.103	-0.488	-4.788
1515959994240	-9.96	-0.344	-4.673
1515959994250	-9.912	-0.201	-4.597
1515959994270	-9.749	-0.143	-4.472
1515959994280	-9.816	-0.335	-4.501
1515959994290	-9.893	-0.641	-4.424
1515959994308	-9.96	-0.794	-4.405
1515959994310	-9.902	-0.718	-4.357
1515959994320	-9.749	-0.469	-3.907
1515959994332	-9.337	-0.239	-3.562
1515959994340	-8.992	-0.306	-3.562
1515959994350	-8.801	-0.402	-3.533
1515959994361	-8.734	-0.287	-2.978
1515959994369	-8.514	-0.306	-3.007
1515959994380	-8.38	-0.699	-3.007
1515959994391	-8.36	-1.005	-3.035
1515959994400	-8.38	-1.101	-2.978
1515959994410	-8.303	-1.12	-3.016
1515959994424	-8.063	-1.139	-3.476
1515959994430	-8.188	-1.034	-3.476
1515959994440	-8.044	-0.842	-3.601
1515959994456	-7.834	-0.737	-3.744
1515959994460	-7.834	-0.785	-4.051
1515959994470	-7.958	-0.909	-4.357
1515959994485	-8.571	-1.082	-4.616
1515959994490	-8.561	-1.149	-4.529
1515959994501	-8.437	-1.158	-4.328
1515959994516	-8.073	-0.976	-4.118
1515959994520	-7.939	-0.794	-4.051
1515959994530	-8.006	-0.651	-4.242
1515959994546	-8.255	-0.555	-4.539
1515959994550	-8.408	-0.593	-4.664
1515959994560	-8.619	-0.699	-4.721
1515959994574	-8.581	-0.766	-4.587
1515959994580	-8.408	-0.708	-4.434
1515959994591	-8.284	-0.268	-4.29
1515959994604	-8.303	-0.22	-4.127
1515959994610	-8.427	-0.172	-4.079
1515959994620	-8.753	-0.565	-4.309
1515959994636	-9.136	-0.459	-4.434
1515959994640	-9.347	-0.756	-4.462
1515959994650	-9.356	-0.612	-4.386
1515959994665	-9.146	-0.373	-4.415
1515959994670	-8.906	-0.201	-4.118
1515959994680	-8.696	-0.134	-3.84
1515959994695	-8.552	-0.143	-3.715
1515959994700	-8.648	-0.172	-3.897
1515959994710	-8.954	-0.43	-3.878
1515959994726	-9.328	-0.517	-4.031
1515959994730	-9.49	-0.402	-4.328
1515959994740	-9.423	-0.22	-4.539
1515959994755	-9.213	-0.076	-4.625
1515959994760	-9.012	-0.057	-4.549
1515959994770	-8.81	-0.057	-4.367
1515959994785	-8.676	-0.172	-4.213
1515959994790	-8.696	-0.459	-4.127
1515959994828	-8.897	-0.708	-4.213
1515959994831	-9.088	-0.766	-4.376
1515959994834	-9.203	-0.794	-4.52
1515959994835	-9.174	-0.756	-4.443
1515959994849	-8.925	-0.574	-4.367
1515959994850	-8.705	-0.526	-4.338
1515959994866	-8.743	-0.536	-4.233
1515959994874	-8.782	-0.507	-4.041
1515959994880	-8.82	-0.402	-3.955
1515959994890	-8.897	-0.306	-4.089
1515959994907	-9.069	-0.201	-4.28
1515959994910	-9.213	-0.076	-4.482
1515959994921	-9.347	-0.047	-4.51
1515959994933	-9.376	-0.105	-4.453
1515959994940	-9.299	-0.134	-4.261
1515959994950	-9.117	-0.172	-4.051
1515959994963	-8.983	-0.229	-3.907
1515959994970	-8.897	-0.258	-3.744
1515959994980	-8.801	-0.258	-3.572
1515959994994	-8.686	-0.277	-3.419
1515959995000	-8.571	-0.258	-3.304
1515959995010	-8.485	-0.172	-3.457
1515959995023	-8.504	-0.057	-3.696
1515959995029	-8.81	-0.095	-3.763
1515959995040	-9.088	-0.488	-3.581
1515959995052	-9.146	-0.938	-3.294
1515959995059	-9.012	-1.11	-2.94
1515959995070	-8.858	-1.158	-2.786
1515959995085	-8.743	-1.11	-2.815
1515959995090	-8.59	-0.919	-2.815
1515959995100	-8.351	-0.699	-3.131
1515959995115	-8.284	-0.565	-2.796
1515959995120	-8.245	-0.421	-2.796
1515959995130	-8.083	-0.22	-2.231
1515959995145	-7.939	-0.086	-3.284
1515959995150	-8.265	-0.306	-3.284
1515959995161	-8.897	-0.43	-4.271
1515959995175	-9.289	-0.679	-4.233
1515959995180	-9.299	-1.034	-4.137
1515959995191	-9.146	-1.34	-4.156
1515959995206	-9.127	-1.331	-4.309
1515959995210	-9.222	-1.091	-4.606
1515959995221	-9.481	-1.063	-4.664
1515959995237	-9.701	-1.043	-4.501
1515959995240	-9.625	-1.043	-4.242
1515959995251	-9.51	-1.053	-4.07
1515959995266	-9.519	-0.938	-4.194
1515959995270	-9.557	-0.928	-4.031
1515959995281	-9.577	-0.957	-4.003
1515959995296	-9.548	-0.861	-3.888
1515959995300	-9.711	-0.632	-3.476
1515959995311	-9.682	-0.249	-3.294
1515959995326	-9.682	0.095	-3.399
1515959995330	-9.845	0.22	-3.601
1515959995341	-10.017	-0.028	-3.888
1515959995356	-10.228	-0.134	-3.984
1515959995360	-10.295	-0.287	-3.821
1515959995371	-10.027	-0.277	-3.505
1515959995386	-9.768	-0.047	-3.227
1515959995390	-9.653	0.114	-3.131
1515959995401	-9.692	0.124	-3.227
1515959995416	-9.854	0.095	-3.189
1515959995420	-9.883	0.047	-2.997
1515959995431	-9.778	-0.028	-2.863
1515959995446	-9.816	-0.019	-2.834
1515959995450	-9.893	0.153	-2.892
1515959995461	-9.902	0.287	-2.978
1515959995476	-9.778	0.344	-3.035
1515959995480	-9.682	0.268	-3.064
1515959995491	-9.663	0.095	-2.988
1515959995506	-9.701	-0.076	-2.921
1515959995512	-9.72	-0.249	-2.949
1515959995533	-9.672	-0.363	-3.045
1515959995535	-9.625	-0.421	-3.17
1515959995541	-9.567	-0.354	-3.275
1515959995552	-9.557	-0.258	-3.332
1515959995566	-9.577	-0.095	-3.409
1515959995570	-9.557	-0.009	-3.514
1515959995581	-9.529	0.019	-3.514
1515959995596	-9.49	0.019	-3.476
1515959995630	-9.548	-0.009	-3.313
1515959995636	-9.625	-0.019	-3.16
1515959995640	-9.605	-0.095	-3.112
1515959995645	-9.51	-0.143	-2.921
1515959995648	-9.481	-0.124	-2.806
1515959995650	-9.462	-0.038	-2.672
1515959995665	-9.49	0.076	-2.499
1515959995672	-9.596	0.22	-2.413
1515959995684	-9.625	0.316	-2.308
1515959995690	-9.49	0.335	-2.145
1515959995703	-9.241	0.335	-2.039
1515959995716	-9.232	0.392	-2.068
1515959995720	-9.423	0.421	-2.202
1515959995731	-9.529	0.421	-2.365
1515959995744	-9.529	0.421	-2.403
1515959995750	-9.481	0.469	-2.327
1515959995763	-9.433	0.478	-2.308
1515959995774	-9.308	0.373	-2.279
1515959995780	-9.232	0.335	-2.288
1515959995790	-9.423	0.421	-2.241
1515959995805	-9.529	0.469	-2.25
1515959995810	-9.49	0.411	-2.25
1515959995820	-9.443	0.354	-2.241
1515959995833	-9.462	0.325	-2.346
1515959995840	-9.538	0.287	-2.423
1515959995850	-9.519	0.354	-2.403
1515959995864	-9.49	0.469	-2.403
1515959995870	-9.452	0.536	-2.403
1515959995880	-9.481	0.574	-2.547
1515959995896	-9.577	0.469	-2.71
1515959995900	-9.711	0.287	-2.585
1515959995911	-9.596	0.114	-2.49
1515959995926	-9.548	0.162	-2.499
1515959995930	-9.529	0.201	-2.547
1515959995941	-9.567	0.277	-2.614
1515959995956	-9.557	0.325	-2.643
1515959995960	-9.577	0.411	-2.595
1515959995971	-9.557	0.43	-2.528
1515959995986	-9.538	0.402	-2.528
1515959995990	-9.51	0.392	-2.308
1515959996001	-9.5	0.373	-2.384
1515959996017	-9.538	0.402	-2.384
1515959996020	-9.548	0.421	-2.327
1515959996032	-9.529	0.44	-2.308
1515959996046	-9.49	0.459	-2.25
1515959996050	-9.49	0.45	-2.212
1515959996062	-9.538	0.43	-2.212
1515959996076	-9.538	0.392	-2.26
1515959996080	-9.557	0.344	-2.231
1515959996091	-9.529	0.287	-2.174
1515959996106	-9.49	0.258	-2.106
1515959996110	-9.481	0.277	-2.116
1515959996121	-9.529	0.335	-2.164
1515959996137	-9.5	0.43	-2.279
1515959996140	-9.519	0.316	-2.394
1515959996152	-9.519	0.316	-2.423
1515959996167	-9.49	0.162	-2.451
1515959996170	-9.51	0.057	-2.413
1515959996183	-9.548	0.095	-2.346
1515959996190	-9.615	0.086	-2.346
1515959996200	-9.625	0.076	-2.336
1515959996212	-9.557	0.095	-2.384
1515959996228	-9.519	0.153	-2.442
1515959996244	-9.49	0.201	-2.547
1515959996244	-9.519	0.249	-2.614
1515959996250	-9.519	0.239	-2.595
1515959996260	-9.49	0.201	-2.576
1515959996270	-9.548	0.162	-2.528
1515959996280	-9.567	0.067	-2.547
1515959996289	-9.567	0.009	-2.499
1515959996300	-9.557	0.028	-2.509
1515959996310	-9.519	0.076	-2.518
1515959996320	-9.481	0.162	-2.557
1515959996332	-9.433	0.229	-2.566
1515959996347	-9.423	0.316	-2.557
1515959996350	-9.443	0.316	-2.672
1515959996362	-9.538	0.268	-2.806
1515959996370	-9.557	0.21	-2.892
1515959996380	-9.529	0.124	-2.796
1515959996392	-9.557	-0.009	-2.681
1515959996400	-9.663	-0.076	-2.662
1515959996433	-9.739	-0.038	-2.748
1515959996443	-9.845	-0.057	-2.71
1515959996446	-9.816	0.057	-2.547
1515959996447	-9.711	0.095	-2.537
1515959996461	-9.653	0.162	-2.672
1515959996462	-9.605	0.229	-2.834
1515959996472	-9.615	0.277	-2.949
1515959996481	-9.682	0.296	-2.94
1515959996490	-9.672	0.21	-2.978
1515959996500	-9.682	0.105	-2.921
1515959996513	-9.663	0.076	-2.767
1515959996520	-9.663	0.019	-2.71
1515959996533	-9.711	-0.019	-2.595
1515959996541	-9.72	-0.047	-2.624
1515959996550	-9.682	-0.067	-2.719
1515959996560	-9.711	-0.038	-2.93
1515959996571	-9.73	0.047	-3.16
1515959996580	-9.682	0.153	-3.486
1515959996590	-9.653	0.44	-3.514
1515959996602	-10.285	0.498	-3.639
1515959996610	-9.96	-0.038	-3.639
1515959996620	-9.95	-0.22	-3.581
1515959996632	-9.854	-0.488	-3.754
1515959996640	-10.008	-0.459	-3.754
1515959996650	-10.075	-0.229	-3.706
1515959996660	-9.931	-0.019	-3.754
1515959996669	-9.854	0.105	-3.706
1515959996679	-9.854	0.191	-3.715
1515959996692	-9.845	0.22	-3.917
1515959996700	-9.883	0.201	-3.945
1515959996710	-9.979	0.095	-4.012
1515959996724	-9.874	0.105	-3.763
1515959996730	-9.874	0.153	-3.763
1515959996740	-9.73	0.153	-3.677
1515959996753	-9.835	0.095	-3.648
1515959996760	-9.835	0.124	-3.802
1515959996771	-10.046	0.239	-3.859
1515959996782	-9.644	0.181	-4.233
1515959996790	-9.644	-0.105	-4.357
1515959996800	-9.51	-0.229	-4.204
1515959996813	-9.146	-0.019	-3.83
1515959996820	-9.146	-0.105	-3.284
1515959996830	-8.456	-0.172	-2.978
1515959996843	-8.303	-0.392	-2.815
1515959996850	-8.15	-0.335	-2.7
1515959996860	-8.006	-0.545	-2.844
1515959996873	-7.872	-0.593	-2.997
1515959996880	-7.834	-0.478	-3.294
1515959996890	-8.111	-0.373	-3.763
1515959996903	-8.236	-0.44	-3.84
1515959996910	-7.977	-0.038	-3.945
1515959996920	-7.709	0.249	-4.213
1515959996933	-7.68	0.114	-4.635
1515959996940	-7.901	0.019	-5.123
1515959996950	-8.025	-0.086	-5.516
1515959996963	-7.987	-0.21	-5.631
1515959996970	-7.929	-0.287	-5.526
1515959996980	-7.872	-0.335	-5.42
1515959996993	-7.786	-0.421	-5.133
1515959997000	-7.757	-0.536	-4.913
1515959997010	-7.642	-0.67	-4.635
1515959997023	-7.632	-0.689	-4.367
1515959997030	-7.834	-0.507	-4.664
1515959997040	-8.188	-0.603	-4.989
1515959997053	-8.629	-0.775	-5.315
1515959997060	-8.878	-0.785	-5.296
1515959997070	-8.801	-0.679	-5.238
1515959997083	-8.552	-0.565	-4.884
1515959997090	-8.418	-0.383	-4.836
1515959997100	-8.341	-0.296	-4.826
1515959997113	-8.427	-0.402	-4.884
1515959997120	-8.648	-0.363	-5.028
1515959997130	-8.82	-0.21	-5.152
1515959997144	-8.964	-0.153	-5.296
1515959997150	-9.079	-0.114	-5.324
1515959997160	-9.136	0.057	-5.219
1515959997173	-9.146	0.43	-5.19
1515959997180	-9.05	0.766	-5.133
1515959997190	-8.964	0.852	-4.989
1515959997203	-8.964	0.833	-4.759
1515959997210	-9.04	0.737	-4.501
1515959997245	-9.213	0.641	-4.252
1515959997249	-9.452	0.488	-4.051
1515959997254	-9.538	0.277	-3.811
1515959997256	-9.385	0.086	-3.601
1515959997260	-9.194	0.028	-3.466
1515959997270	-9.059	0.105	-3.419
1515959997288	-8.935	0.191	-3.543
1515959997290	-8.839	0.21	-3.629
1515959997300	-8.753	0.21	-3.725
1515959997310	-8.657	0.21	-3.735
1515959997327	-8.6	0.153	-3.725
1515959997330	-8.552	0.0	-3.62
1515959997341	-8.494	-0.22	-3.486
1515959997357	-8.408	-0.411	-3.342
1515959997360	-8.293	-0.584	-3.189
1515959997374	-8.255	-0.718	-3.323
1515959997399	-8.341	-0.67	-4.213
1515959997404	-8.389	-0.45	-4.261
1515959997405	-8.504	-0.478	-5.152
1515959997415	-8.638	-0.536	-5.545
1515959997420	-8.715	-0.392	-5.305
1515959997430	-8.6	-0.44	-4.807
1515959997443	-8.37	-0.622	-3.658
1515959997450	-8.169	-0.622	-3.658
1515959997460	-8.198	-0.756	-3.715
1515959997473	-9.098	-0.986	-3.85
1515959997480	-9.098	-1.024	-3.85
1515959997490	-9.337	-1.024	-3.802
1515959997502	-9.241	-0.861	-3.792
1515959997509	-9.241	-0.526	-3.792
1515959997520	-9.05	-0.095	-4.06
1515959997532	-9.031	0.584	-4.146
1515959997539	-9.031	0.574	-4.146
1515959997550	-8.916	0.641	-4.175
1515959997562	-9.395	0.114	-4.261
1515959997570	-9.395	0.114	-4.146
1515959997580	-9.854	-0.143	-3.85
1515959997594	-10.113	-0.268	-3.553
1515959997600	-9.969	-0.239	-3.495
1515959997610	-9.797	-0.181	-3.332
1515959997625	-9.672	0.067	-3.131
1515959997630	-9.672	0.067	-2.921
1515959997642	-9.902	0.047	-2.815
1515959997656	-10.132	0.201	-2.739
1515959997660	-10.228	0.201	-2.672
1515959997673	-10.19	0.229	-2.442
1515959997686	-10.084	0.268	-2.298
1515959997690	-9.902	0.268	-2.288
1515959997703	-9.854	0.249	-2.26
1515959997718	-9.979	0.258	-2.336
1515959997720	-10.056	0.306	-2.346
1515959997735	-9.941	0.239	-2.317
1515959997742	-9.778	0.114	-2.288
1515959997750	-9.72	0.067	-2.346
1515959997762	-9.692	0.067	-2.432
1515959997775	-9.557	0.047	-2.537
1515959997780	-9.356	-0.038	-2.758
1515959997791	-9.261	-0.153	-2.911
1515959997806	-9.308	-0.201	-3.102
1515959997810	-9.49	-0.239	-3.476
1515959997822	-9.577	-0.258	-3.763
1515959997836	-9.5	-0.239	-3.993
1515959997840	-9.414	-0.124	-4.166
1515959997852	-9.443	-0.009	-4.223
1515959997865	-9.596	0.057	-4.233
1515959997870	-9.711	0.0	-4.29
1515959997882	-9.692	-0.143	-4.204
1515959997895	-9.605	-0.287	-4.022
1515959997900	-9.577	-0.325	-3.763
1515959997912	-9.615	-0.22	-3.533
1515959997925	-9.663	-0.038	-3.438
1515959997930	-9.596	0.095	-3.361
1515959997942	-9.519	0.21	-3.352
1515959997956	-9.471	0.268	-3.323
1515959997960	-9.414	0.296	-3.246
1515959997971	-9.376	0.268	-3.17
1515959997986	-9.414	0.21	-3.17
1515959997990	-9.462	0.134	-3.093
1515959998002	-9.471	0.143	-3.035
1515959998016	-9.452	0.191	-2.949
1515959998055	-9.433	0.258	-2.892
1515959998056	-9.404	0.268	-2.844
1515959998066	-9.404	0.335	-2.806
1515959998068	-9.395	0.344	-2.71
1515959998071	-9.423	0.316	-2.643
1515959998074	-9.471	0.296	-2.604
1515959998080	-9.49	0.277	-2.585
1515959998099	-9.452	0.306	-2.49
1515959998107	-9.433	0.325	-2.413
1515959998112	-9.462	0.363	-2.375
1515959998122	-9.481	0.373	-2.317
1515959998136	-9.471	0.402	-2.087
1515959998140	-9.49	0.459	-2.116
1515959998150	-9.462	0.488	-2.068
1515959998167	-9.452	0.478	-2.001
1515959998170	-9.443	0.488	-1.963
1515959998181	-9.452	0.507	-1.915
1515959998200	-9.433	0.555	-1.915
1515959998201	-9.404	0.632	-1.963
1515959998210	-9.452	0.612	-2.011
1515959998231	-9.51	0.574	-2.164
1515959998232	-9.5	0.565	-2.231
1515959998243	-9.481	0.545	-2.279
1515959998263	-9.462	0.469	-2.432
1515959998264	-9.548	0.363	-2.49
1515959998270	-9.634	0.239	-2.461
1515959998284	-9.663	0.172	-2.691
1515959998290	-9.663	0.124	-2.844
1515959998306	-9.596	0.114	-2.815
1515959998314	-9.557	0.114	-3.045
1515959998320	-9.519	0.172	-2.777
1515959998330	-9.51	0.229	-2.777
1515959998347	-9.538	0.296	-2.719
1515959998350	-9.538	0.344	-2.643
1515959998360	-9.577	0.363	-2.537
1515959998373	-9.529	0.325	-2.432
1515959998380	-9.481	0.325	-2.308
1515959998390	-9.5	0.373	-2.231
1515959998404	-9.538	0.402	-2.193
1515959998410	-9.529	0.383	-2.174
1515959998420	-9.538	0.354	-2.241
1515959998435	-9.462	0.421	-2.288
1515959998441	-9.395	0.488	-2.308
1515959998450	-9.385	0.747	-2.288
1515959998463	-9.414	0.699	-2.25
1515959998469	-9.452	0.708	-2.221
1515959998480	-9.49	0.478	-2.126
1515959998494	-9.51	0.354	-2.02
1515959998500	-9.452	0.268	-1.963
1515959998510	-9.443	0.287	-1.886
1515959998524	-9.471	0.402	-1.857
1515959998532	-9.471	0.488	-1.953
1515959998540	-9.462	0.383	-2.106
1515959998552	-9.567	0.306	-2.183
1515959998561	-9.596	0.258	-2.164
1515959998573	-9.634	0.067	-2.327
1515959998585	-9.701	-0.028	-2.394
1515959998590	-9.548	0.076	-2.298
1515959998600	-9.5	0.21	-2.451
1515959998615	-9.596	0.402	-2.604
1515959998620	-9.682	0.421	-2.93
1515959998630	-9.979	0.21	-3.227
1515959998644	-10.084	0.172	-3.026
1515959998649	-9.826	0.067	-2.739
1515959998660	-9.577	-0.019	-2.576
1515959998677	-9.596	0.268	-2.528
1515959998680	-9.711	0.507	-2.576
1515959998690	-9.634	0.498	-2.729
1515959998703	-9.634	0.565	-2.691
1515959998709	-9.605	0.593	-2.796
1515959998720	-9.653	0.488	-2.901
1515959998733	-9.787	0.383	-3.016
1515959998741	-9.778	0.277	-2.949
1515959998750	-9.749	0.306	-2.921
1515959998764	-9.768	0.354	-3.045
1515959998770	-9.816	0.373	-3.179
1515959998780	-9.797	0.277	-3.237
1515959998793	-9.73	0.134	-3.294
1515959998800	-9.797	0.067	-3.323
1515959998810	-9.883	0.067	-3.486
1515959998825	-9.921	0.086	-3.668
1515959998853	-9.931	0.191	-3.83
1515959998864	-9.912	0.258	-3.974
1515959998870	-9.931	0.306	-3.945
1515959998871	-9.96	0.373	-3.936
1515959998873	-9.95	0.363	-3.993
1515959998884	-9.921	0.201	-4.185
1515959998890	-9.912	0.067	-4.462
1515959998900	-10.017	0.047	-4.673
1515959998911	-10.113	0.114	-4.644
1515959998922	-10.056	0.22	-4.482
1515959998930	-9.883	0.277	-4.309
1515959998945	-9.711	0.325	-4.3
1515959998950	-9.519	0.459	-4.185
1515959998960	-9.184	0.584	-4.597
1515959998974	-9.51	0.335	-4.865
1515959998980	-9.232	0.076	-4.865
1515959998992	-8.763	0.038	-5.267
1515959999004	-8.399	0.047	-5.506
1515959999010	-8.332	0.105	-5.65
1515959999020	-8.399	0.153	-5.65
1515959999031	-8.389	0.134	-5.449
1515959999040	-8.274	-0.038	-5.056
1515959999050	-8.121	-0.354	-4.606
1515959999065	-8.073	-0.699	-3.687
1515959999069	-7.987	-0.948	-3.763
1515959999080	-7.795	-1.158	-3.304
1515959999095	-7.671	-1.312	-3.658
1515959999100	-7.68	-1.359	-3.85
1515959999110	-7.814	-1.34	-4.223
1515959999126	-7.862	-1.177	-4.51
1515959999130	-7.814	-1.024	-4.731
1515959999140	-7.68	-0.871	-4.922
1515959999158	-7.604	-0.727	-5.123
1515959999160	-7.834	-0.526	-5.142
1515959999171	-7.786	-0.181	-4.884
1515959999189	-7.632	-0.21	-4.597
1515959999191	-7.556	-0.181	-4.108
1515959999207	-7.518	-0.019	-3.687
1515959999220	-7.537	-0.114	-3.696
1515959999221	-7.728	-0.201	-3.945
1515959999234	-8.044	-0.756	-4.51
1515959999241	-8.427	-0.651	-4.865
1515959999250	-8.782	-0.66	-5.152
1515959999261	-8.983	-0.498	-5.171
1515959999276	-8.906	-0.43	-5.066
1515959999280	-8.619	-0.22	-4.97
1515959999290	-8.38	-0.268	-4.597
1515959999305	-8.293	-0.22	-4.108
1515959999310	-8.207	-0.172	-3.869
1515959999320	-8.178	-0.201	-4.022
1515959999336	-8.217	-0.21	-4.357
1515959999341	-8.36	-0.181	-4.836
1515959999351	-8.696	-0.095	-5.123
1515959999364	-8.992	-0.009	-5.047
1515959999370	-9.059	-0.057	-4.664
1515959999380	-8.753	-0.162	-4.012
1515959999395	-8.485	-0.181	-3.342
1515959999400	-8.169	-0.067	-2.49
1515959999410	-7.786	0.019	-1.81
1515959999425	-7.7	-0.124	-2.164
1515959999430	-8.13	-0.268	-3.217
1515959999441	-8.935	-0.143	-4.549
1515959999456	-9.73	-0.229	-5.315
1515959999460	-9.988	-0.641	-5.851
1515959999471	-9.692	-0.881	-5.822
1515959999490	-9.261	-0.747	-5.612
1515959999491	-9.079	-0.45	-5.219
1515959999502	-9.05	-0.229	-4.711
1515959999519	-8.935	-0.162	-4.146
1515959999521	-8.763	-0.277	-3.61
1515959999533	-8.696	-0.383	-3.352
1515959999550	-8.858	-0.536	-3.361
1515959999551	-9.28	-0.689	-3.878
1515959999563	-9.701	-0.708	-4.424
1515959999580	-9.883	-0.584	-5.028
1515959999581	-9.778	-0.536	-5.324
1515959999593	-9.471	-0.498	-5.439
1515959999609	-9.146	-0.45	-5.142
1515959999611	-9.107	-0.335	-4.893
1515959999623	-9.356	-0.21	-4.568
1515959999640	-9.462	-0.153	-4.233
1515959999679	-9.395	-0.421	-3.984
1515959999689	-9.462	-0.66	-3.581
1515959999691	-9.49	-0.766	-3.581
1515959999695	-9.519	-0.814	-3.763
1515959999699	-9.529	-0.861	-4.012
1515959999702	-9.51	-0.708	-4.06
1515959999706	-9.443	-0.45	-4.127
1515959999710	-9.385	-0.249	-4.261
1515959999726	-9.318	-0.105	-4.568
1515959999730	-9.28	-0.124	-4.482
1515959999747	-9.337	-0.306	-4.616
1515959999759	-9.5	-0.469	-4.501
1515959999760	-9.672	-0.517	-4.261
1515959999779	-9.692	-0.555	-3.936
1515959999783	-9.711	-0.517	-3.706
1515959999792	-9.711	-0.469	-3.524
1515959999807	-9.653	-0.402	-3.419
1515959999812	-9.519	-0.325	-3.476
1515959999822	-9.395	-0.268	-3.466
1515959999834	-9.27	-0.201	-3.438
1515959999844	-9.232	-0.067	-3.438
1515959999853	-9.222	0.067	-3.447
1515959999863	-9.232	0.153	-3.246
1515959999878	-9.232	0.143	-3.122
1515959999887	-9.27	0.076	-2.825
1515959999893	-9.376	-0.009	-2.614
1515959999905	-9.5	-0.047	-2.499
1515959999910	-9.538	-0.038	-2.403
1515959999923	-9.462	0.0	-2.375
1515959999930	-9.462	0.105	-2.365
1515959999939	-9.51	0.277	-2.375
1515959999951	-9.567	0.45	-2.432
1515959999960	-9.577	0.517	-2.48
1515959999970	-9.625	0.536	-2.585
1515959999981	-9.644	0.325	-2.681
1515959999990	-9.615	0.392	-2.873
1515960000000	-9.596	0.239	-3.016
1515960000012	-9.586	-0.057	-3.17
1515960000020	-9.548	-0.191	-3.256
1515960000032	-9.519	-0.181	-3.304
1515960000046	-9.51	-0.277	-3.323
1515960000050	-9.519	-0.239	-3.361
1515960000060	-9.557	-0.277	-3.409
1515960000070	-9.577	-0.287	-3.399
1515960000080	-9.548	-0.306	-3.284
1515960000090	-9.462	-0.21	-3.16
1515960000100	-9.395	-0.114	-3.102
1515960000112	-9.414	-0.009	-3.045
1515960000120	-9.471	0.086	-2.949
1515960000132	-9.5	0.153	-2.796
1515960000143	-9.471	0.143	-2.643
1515960000153	-9.443	0.105	-2.499
1515960000160	-9.433	0.076	-2.327
1515960000170	-9.462	0.105	-2.269
1515960000180	-9.452	0.172	-2.25
1515960000194	-9.49	0.191	-2.279
1515960000201	-9.481	0.21	-2.355
1515960000210	-9.481	0.229	-2.394
1515960000221	-9.462	0.277	-2.461
1515960000230	-9.404	0.277	-2.518
1515960000240	-9.366	0.258	-2.576
1515960000264	-9.404	0.229	-2.624
1515960000265	-9.481	0.181	-2.691
1515960000271	-9.519	0.086	-2.633
1515960000289	-9.481	-0.028	-2.509
1515960000294	-9.443	-0.086	-2.48
1515960000302	-9.49	-0.095	-2.499
1515960000319	-9.5	-0.009	-2.308
1515960000324	-9.452	0.057	-2.375
1515960000331	-9.433	0.143	-2.308
1515960000343	-9.423	0.201	-2.346
1515960000350	-9.423	0.201	-2.432
1515960000365	-9.548	0.114	-2.566
1515960000374	-9.548	0.038	-2.566
1515960000380	-9.634	0.067	-2.547
1515960000394	-9.634	0.028	-2.624
1515960000407	-9.682	-0.057	-2.825
1515960000422	-9.682	-0.047	-2.863
1515960000424	-9.634	-0.105	-2.93
1515960000434	-9.663	-0.114	-2.978
1515960000440	-9.787	-0.124	-3.016
1515960000491	-9.883	-0.086	-3.055
1515960000493	-9.826	-0.047	-3.055
1515960000494	-9.72	-0.057	-2.873
1515960000495	-9.653	-0.086	-2.71
1515960000496	-9.644	-0.047	-2.403
1515960000501	-9.663	0.057	-2.126
1515960000514	-9.759	0.268	-1.934
1515960000525	-9.759	0.43	-1.781
1515960000530	-9.692	0.469	-1.752
1515960000555	-9.72	0.344	-1.838
1515960000556	-9.845	0.181	-1.982
1515960000560	-9.893	0.019	-2.461
1515960000570	-9.969	-0.057	-2.844
1515960000582	-9.979	0.153	-3.246
1515960000590	-9.979	0.402	-3.246
1515960000600	-9.874	0.354	-3.581
1515960000611	-9.931	0.191	-4.28
1515960000620	-10.084	-0.181	-4.213
1515960000630	-10.324	-0.249	-4.003
1515960000641	-10.123	-0.21	-4.051
1515960000650	-10.046	-0.545	-4.146
1515960000659	-10.228	-0.66	-3.878
1515960000670	-10.41	-0.545	-3.792
1515960000680	-10.142	-0.679	-3.869
1515960000689	-9.988	-0.785	-3.869
1515960000700	-9.759	-0.603	-3.802
1515960000709	-9.701	-0.249	-3.964
1515960000719	-9.73	-0.114	-3.984
1515960000730	-9.577	-0.153	-3.897
1515960000740	-9.404	-0.277	-3.763
1515960000754	-9.356	-0.584	-3.553
1515960000763	-9.328	-0.536	-3.687
1515960000770	-9.261	-0.507	-3.687
1515960000780	-9.059	-0.488	-3.869
1515960000790	-8.887	-0.727	-3.878
1515960000800	-8.724	-0.488	-4.06
1515960000809	-8.676	-0.612	-4.29
1515960000820	-8.782	-0.718	-4.654
1515960000830	-8.82	-0.756	-4.692
1515960000840	-8.648	-0.584	-4.606
1515960000851	-8.293	-0.498	-4.616
1515960000860	-8.111	-0.43	-4.558
1515960000870	-8.083	-0.526	-4.597
1515960000880	-8.169	-0.622	-4.386
1515960000889	-8.178	-0.651	-4.28
1515960000900	-7.996	-0.727	-4.099
1515960000911	-7.901	-0.823	-4.031
1515960000920	-7.929	-0.852	-4.108
1515960000930	-8.016	-0.823	-4.213
1515960000942	-8.016	-0.718	-4.185
1515960000950	-7.901	-0.67	-4.079
1515960000960	-7.805	-0.747	-4.089
1515960000970	-7.795	-0.794	-4.156
1515960000980	-7.901	-0.785	-4.328
1515960000989	-8.016	-0.909	-4.491
1515960001001	-8.13	-1.005	-4.616
1515960001010	-8.159	-1.043	-4.539
1515960001020	-8.14	-1.053	-4.309
1515960001031	-8.073	-1.091	-3.869
1515960001040	-7.92	-0.967	-3.658
1515960001050	-7.824	-0.823	-4.051
1515960001061	-7.949	-0.699	-4.75
1515960001069	-8.245	-0.584	-5.602
1515960001079	-8.609	-0.545	-5.937
1515960001091	-8.897	-0.612	-6.091
1515960001099	-8.973	-0.708	-5.966
1515960001110	-8.858	-0.785	-5.755
1515960001121	-8.705	-0.871	-5.506
1515960001129	-8.542	-0.967	-5.478
1515960001140	-8.475	-1.072	-5.449
1515960001152	-8.561	-1.34	-5.42
1515960001160	-8.734	-1.398	-5.114
1515960001170	-8.83	-1.177	-4.98
1515960001181	-8.724	-0.919	-4.817
1515960001189	-8.581	-0.641	-4.673
1515960001200	-8.389	-0.411	-4.587
1515960001211	-8.236	-0.421	-4.568
1515960001219	-8.198	-0.402	-4.683
1515960001230	-8.226	-0.402	-4.846
1515960001241	-8.38	-0.459	-5.123
1515960001273	-8.523	-0.565	-5.324
1515960001275	-8.667	-0.622	-5.344
1515960001277	-8.763	-0.747	-5.171
1515960001288	-8.772	-0.833	-4.846
1515960001301	-8.724	-0.833	-4.501
1515960001304	-8.533	-0.9	-4.07
1515960001311	-8.245	-0.89	-3.648
1515960001320	-8.016	-0.852	-3.553
1515960001335	-7.977	-0.766	-3.907
1515960001340	-8.15	-0.45	-4.156
1515960001350	-8.494	-0.22	-4.424
1515960001363	-8.667	-0.507	-3.945
1515960001370	-8.667	-0.488	-3.639
1515960001380	-8.475	-0.603	-3.553
1515960001393	-8.245	-0.871	-3.859
1515960001400	-8.293	-1.11	-4.146
1515960001410	-8.561	-1.168	-4.424
1515960001422	-8.772	-1.005	-4.376
1515960001430	-8.763	-0.679	-4.127
1515960001440	-8.198	-0.363	-3.754
1515960001452	-8.016	-0.086	-3.964
1515960001460	-8.236	0.124	-4.616
1515960001470	-8.916	0.067	-4.731
1515960001482	-9.347	0.076	-4.434
1515960001490	-9.615	-0.095	-3.955
1515960001500	-9.692	-0.555	-3.687
1515960001511	-9.634	-0.881	-3.974
1515960001520	-9.835	-1.091	-4.462
1515960001530	-10.008	-1.015	-4.51
1515960001542	-9.72	-0.89	-4.156
1515960001550	-9.241	-0.593	-3.629
1515960001560	-8.897	-0.201	-3.304
1515960001573	-8.839	0.028	-3.447
1515960001580	-9.299	0.009	-3.744
1515960001590	-9.768	-0.095	-3.936
1515960001603	-9.941	-0.325	-3.993
1515960001610	-9.998	-0.507	-3.878
1515960001620	-9.912	-0.545	-3.859
1515960001634	-9.749	-0.555	-3.993
1515960001640	-9.682	-0.517	-4.06
1515960001650	-9.567	-0.43	-3.897
1515960001664	-9.299	-0.478	-3.668
1515960001670	-9.174	-0.555	-3.524
1515960001680	-9.222	-0.574	-3.438
1515960001694	-9.347	-0.66	-3.61
1515960001700	-9.557	-0.727	-3.869
1515960001710	-9.816	-0.708	-4.099
1515960001724	-10.209	-0.517	-4.099
1515960001730	-10.601	-0.028	-4.108
1515960001740	-10.63	0.402	-4.051
1515960001754	-10.295	0.574	-3.821
1515960001760	-9.96	0.612	-3.543
1515960001772	-9.797	0.632	-3.217
1515960001785	-9.739	0.402	-2.978
1515960001790	-9.807	0.019	-2.729
1515960001800	-9.921	-0.335	-2.442
1515960001814	-9.941	-0.344	-2.317
1515960001820	-9.826	-0.296	-2.317
1515960001834	-9.759	-0.229	-2.413
1515960001845	-9.672	-0.086	-2.518
1515960001850	-9.443	-0.009	-2.672
1515960001860	-9.328	-0.057	-2.786
1515960001875	-9.289	-0.153	-2.777
1515960001880	-9.299	-0.258	-2.729
1515960001890	-9.328	-0.335	-2.719
1515960001904	-9.328	-0.383	-2.71
1515960001910	-9.28	-0.383	-2.672
1515960001920	-9.251	-0.335	-2.633
1515960001935	-9.318	-0.229	-2.624
1515960001940	-9.395	-0.076	-2.566
1515960001950	-9.452	0.019	-2.528
1515960001964	-9.471	0.076	-2.518
1515960001970	-9.481	0.105	-2.595
1515960001980	-9.538	0.076	-2.748
1515960001995	-9.605	0.076	-2.825
1515960002000	-9.605	0.019	-2.873
1515960002010	-9.5	-0.009	-2.873
1515960002024	-9.471	0.067	-2.882
1515960002030	-9.5	0.21	-2.901
1515960002040	-9.548	0.239	-2.968
1515960002054	-9.567	0.143	-2.949
1515960002096	-9.577	-0.047	-2.959
1515960002102	-9.605	-0.268	-3.016
1515960002105	-9.586	-0.383	-2.997
1515960002108	-9.538	-0.383	-2.968
1515960002115	-9.519	-0.258	-2.988
1515960002117	-9.519	-0.105	-2.997
1515960002129	-9.51	-0.019	-3.035
1515960002130	-9.51	-0.019	-2.786
1515960002145	-9.452	-0.019	-2.7
1515960002150	-9.395	0.038	-2.729
1515960002160	-9.385	0.143	-2.547
1515960002174	-9.423	0.201	-2.423
1515960002180	-9.423	0.258	-2.336
1515960002190	-9.481	0.239	-2.231
1515960002203	-9.51	0.181	-2.087
1515960002210	-9.49	0.153	-1.982
1515960002221	-9.452	0.22	-1.972
1515960002234	-9.471	0.306	-2.011
1515960002240	-9.51	0.373	-1.972
1515960002250	-9.471	0.402	-1.838
1515960002269	-9.414	0.354	-1.723
1515960002270	-9.414	0.249	-1.733
1515960002280	-9.529	0.191	-1.915
1515960002293	-9.625	0.143	-1.982
1515960002300	-9.644	0.105	-2.106
1515960002310	-9.615	0.124	-2.241
1515960002325	-9.625	0.162	-2.336
1515960002330	-9.557	0.287	-2.442
1515960002340	-9.433	0.383	-2.518
1515960002352	-9.414	0.478	-2.576
1515960002360	-9.49	0.574	-2.662
1515960002371	-9.634	0.498	-2.825
1515960002385	-9.711	0.44	-2.997
1515960002390	-9.672	0.335	-3.074
1515960002400	-9.605	0.22	-2.978
1515960002417	-9.577	0.229	-2.758
1515960002420	-9.605	0.191	-2.585
1515960002430	-9.701	0.0	-2.528
1515960002445	-9.874	-0.296	-2.355
1515960002450	-10.017	-0.478	-2.241
1515960002461	-9.969	-0.411	-2.288
1515960002475	-9.902	-0.172	-2.308
1515960002480	-9.826	-0.038	-2.403
1515960002491	-9.835	0.009	-2.47
1515960002507	-9.864	0.086	-2.566
1515960002510	-9.864	0.057	-2.786
1515960002521	-9.998	0.028	-2.892
1515960002537	-10.084	-0.019	-2.94
1515960002540	-10.056	-0.162	-2.959
1515960002552	-9.921	-0.277	-3.093
1515960002566	-9.874	-0.363	-3.208
1515960002570	-9.864	-0.325	-3.246
1515960002580	-9.912	-0.296	-3.227
1515960002596	-10.036	-0.287	-3.237
1515960002600	-10.065	-0.191	-3.361
1515960002610	-10.094	-0.143	-3.629
1515960002625	-10.084	-0.105	-3.591
1515960002630	-9.979	-0.086	-3.409
1515960002641	-9.95	0.019	-3.524
1515960002656	-9.826	0.134	-3.84
1515960002660	-9.72	0.143	-4.166
1515960002671	-9.778	-0.057	-4.367
1515960002686	-9.931	-0.268	-4.261
1515960002690	-10.046	-0.344	-4.185
1515960002702	-9.96	-0.325	-4.261
1515960002716	-9.749	-0.229	-4.242
1515960002720	-9.5	-0.258	-4.022
1515960002731	-9.261	-0.44	-3.735
1515960002746	-9.174	-0.612	-3.802
1515960002750	-9.155	-0.747	-4.108
1515960002761	-9.251	-0.727	-4.185
1515960002775	-9.146	-0.737	-4.194
1515960002780	-8.954	-0.67	-4.156
1515960002791	-8.648	-0.498	-4.29
1515960002806	-8.36	-0.526	-4.644
1515960002810	-8.265	-0.727	-4.587
1515960002821	-8.188	-0.747	-4.529
1515960002836	-8.025	-0.718	-4.616
1515960002840	-7.91	-0.909	-4.597
1515960002853	-7.92	-1.034	-4.491
1515960002866	-7.929	-1.101	-4.338
1515960002901	-7.891	-1.072	-4.29
1515960002909	-7.805	-1.043	-4.309
1515960002912	-7.747	-1.053	-4.223
1515960002914	-7.738	-1.063	-4.223
1515960002916	-7.795	-1.034	-3.974
1515960002923	-7.929	-1.034	-3.907
1515960002937	-7.958	-0.996	-4.041
1515960002949	-7.968	-0.976	-4.271
1515960002953	-8.006	-1.101	-4.415
1515960002960	-8.121	-1.168	-4.51
1515960002971	-8.111	-1.072	-4.386
1515960002988	-7.824	-1.043	-4.29
1515960002990	-8.054	-0.976	-4.29
1515960003001	-8.351	-0.938	-4.472
1515960003017	-8.427	-0.823	-4.692
1515960003020	-8.648	-0.794	-4.501
1515960003031	-8.81	-0.861	-4.357
1515960003045	-9.04	-0.976	-4.204
1515960003050	-9.28	-1.197	-4.194
1515960003060	-9.28	-1.015	-4.376
1515960003074	-9.088	-0.612	-4.472
1515960003081	-8.935	-0.536	-4.491
1515960003090	-8.935	-0.555	-4.539
1515960003103	-9.146	-0.517	-4.501
1515960003110	-9.27	-0.517	-4.348
1515960003120	-9.213	-0.584	-4.07
1515960003135	-9.127	-0.689	-3.744
1515960003139	-9.069	-0.766	-3.486
1515960003150	-8.954	-0.718	-3.102
1515960003220	-8.772	-0.727	-2.633
1515960003221	-8.581	-0.804	-2.231
1515960003222	-8.322	-0.747	-1.848
1515960003223	-8.092	-0.852	-1.551
1515960003223	-7.824	-0.957	-1.618
1515960003224	-7.671	-1.11	-2.26
1515960003224	-7.881	-1.139	-3.074
1515960003230	-8.37	-0.823	-3.85
1515960003240	-8.724	-0.536	-4.434
1515960003254	-8.724	-0.373	-4.759
1515960003260	-8.485	-0.363	-5.257
1515960003270	-8.303	-0.373	-5.669
1515960003285	-8.36	-0.469	-5.755
1515960003331	-8.456	-0.488	-5.229
1515960003332	-8.274	-0.584	-4.597
1515960003333	-8.15	-0.986	-4.051
1515960003333	-8.332	-1.455	-4.233
1515960003334	-8.724	-1.972	-5.075
1515960003345	-9.462	-2.279	-5.324
1515960003350	-10.132	-2.068	-5.267
1515960003360	-9.998	-1.436	-4.874
1515960003395	-9.433	-0.718	-4.529
1515960003396	-8.916	-0.201	-4.242
1515960003396	-8.724	-0.162	-4.415
1515960003401	-8.906	-0.421	-4.51
1515960003409	-9.059	-0.718	-4.261
1515960003420	-9.289	-0.881	-3.936
1515960003434	-9.586	-0.89	-3.687
1515960003440	-9.701	-0.996	-3.696
1515960003450	-9.816	-1.292	-3.821
1515960003464	-9.96	-1.35	-4.137
1515960003470	-10.123	-1.034	-4.261
1515960003486	-10.123	-0.584	-4.194
1515960003491	-9.941	-0.268	-4.012
1515960003500	-9.739	-0.153	-3.888
1515960003510	-9.711	-0.124	-3.85
1515960003520	-9.692	-0.344	-4.031
1515960003530	-9.644	-0.612	-4.146
1515960003540	-9.672	-0.651	-4.079
1515960003550	-9.548	-0.699	-3.907
1515960003560	-9.356	-0.699	-3.601
1515960003570	-9.28	-0.584	-3.332
1515960003580	-9.155	-0.421	-3.342
1515960003590	-9.261	-0.392	-3.744
1515960003600	-9.605	-0.363	-4.108
1515960003609	-9.864	-0.373	-4.319
1515960003619	-9.941	-0.469	-4.213
1515960003630	-9.797	-0.469	-4.041
1515960003639	-9.653	-0.383	-3.917
1515960003650	-9.615	-0.392	-3.706
1515960003661	-9.625	-0.373	-3.208
1515960003670	-9.605	-0.277	-3.208
1515960003702	-9.557	-0.21	-2.825
1515960003710	-9.711	-0.038	-2.825
1515960003712	-9.711	-0.124	-2.825
1515960003715	-9.739	-0.019	-2.672
1515960003726	-9.711	0.019	-2.681
1515960003731	-9.672	0.067	-2.652
1515960003742	-9.605	0.124	-2.614
1515960003751	-9.318	0.191	-2.547
1515960003760	-9.356	0.201	-2.528
1515960003770	-9.347	0.172	-2.537
1515960003781	-9.443	-0.105	-2.537
1515960003792	-9.443	-0.134	-2.547
1515960003800	-9.452	-0.229	-2.662
1515960003811	-9.433	-0.239	-2.786
1515960003820	-9.452	-0.22	-3.026
1515960003830	-9.414	-0.191	-3.198
1515960003840	-9.404	-0.162	-3.332
1515960003849	-9.443	-0.172	-3.428
1515960003862	-9.481	-0.383	-3.476
1515960003870	-9.49	-0.363	-3.466
1515960003879	-9.519	-0.584	-3.447
1515960003890	-9.567	-0.622	-3.438
1515960003901	-9.605	-0.565	-3.371
1515960003910	-9.596	-0.43	-3.332
1515960003919	-9.615	-0.239	-3.304
1515960003930	-9.596	-0.124	-3.323
1515960003940	-9.548	-0.019	-3.323
1515960003949	-9.51	0.076	-3.332
1515960003961	-9.462	0.124	-3.419
1515960003980	-9.385	0.114	-3.275
1515960003991	-9.404	0.086	-3.17
1515960003999	-9.433	0.067	-3.035
1515960004009	-9.471	0.038	-2.921
1515960004023	-9.49	0.019	-2.748
1515960004029	-9.471	-0.009	-2.643
1515960004040	-9.49	-0.047	-2.49
1515960004051	-9.5	0.009	-2.432
1515960004060	-9.49	0.047	-2.394
1515960004070	-9.519	0.095	-2.413
1515960004080	-9.471	0.153	-2.423
1515960004089	-9.433	0.249	-2.442
1515960004100	-9.423	0.325	-2.47
1515960004110	-9.452	0.43	-2.547
1515960004119	-9.481	0.478	-2.547
1515960004131	-9.452	0.469	-2.49
1515960004142	-9.443	0.469	-2.384
1515960004150	-9.452	0.411	-2.231
1515960004160	-9.49	0.316	-2.174
1515960004171	-9.519	0.22	-2.106
1515960004180	-9.519	0.153	-1.982
1515960004190	-9.529	0.153	-1.877
1515960004201	-9.538	0.181	-1.8
1515960004210	-9.538	0.277	-1.723
1515960004222	-9.51	0.383	-1.608
1515960004232	-9.433	0.498	-1.532
1515960004239	-9.395	0.593	-1.522
1515960004250	-9.423	0.651	-1.484
1515960004270	-9.443	0.574	-1.455
1515960004272	-9.481	0.459	-1.513
1515960004291	-9.586	0.143	-1.455
1515960004299	-9.567	0.258	-1.474
1515960004310	-9.586	0.287	-1.628
1515960004323	-9.615	0.383	-2.068
1515960004330	-9.586	0.411	-2.068
1515960004340	-9.644	0.488	-2.288
1515960004350	-9.538	0.536	-2.394
1515960004359	-9.395	0.565	-2.614
1515960004370	-9.462	0.565	-2.662
1515960004381	-9.596	0.421	-2.748
1515960004389	-9.711	0.114	-2.7
1515960004400	-9.778	-0.124	-2.576
1515960004414	-9.634	-0.22	-2.585
1515960004420	-9.634	-0.229	-2.585
1515960004430	-9.72	-0.296	-2.825
1515960004443	-9.73	-0.373	-3.447
1515960004450	-9.72	-0.335	-3.601
1515960004460	-9.979	-0.21	-3.917
1515960004472	-9.759	-0.153	-3.658
1515960004479	-9.759	-0.047	-3.658
1515960004490	-9.682	-0.124	-3.486
1515960004501	-9.605	-0.201	-3.016
1515960004525	-9.653	-0.124	-2.796
1515960004533	-9.605	0.086	-2.7
1515960004536	-9.682	0.153	-2.815
1515960004542	-9.73	0.038	-2.901
1515960004564	-9.711	-0.086	-3.016
1515960004565	-9.73	-0.114	-3.15
1515960004576	-9.73	-0.105	-3.112
1515960004584	-9.692	0.019	-3.122
1515960004592	-9.682	0.105	-3.122
1515960004600	-9.692	0.114	-3.141
1515960004610	-9.759	-0.019	-3.055
1515960004622	-9.854	-0.268	-2.921
1515960004630	-9.893	-0.421	-2.94
1515960004640	-9.979	-0.172	-3.007
1515960004652	-10.008	-0.086	-3.064
1515960004660	-9.969	0.105	-3.131
1515960004670	-9.931	0.162	-3.217
1515960004683	-9.921	0.287	-3.275
1515960004691	-9.864	0.277	-3.275
1515960004700	-9.797	0.124	-3.237
1515960004734	-9.845	-0.009	-3.179
1515960004735	-9.874	0.009	-3.141
1515960004736	-9.826	0.057	-3.102
1515960004750	-9.692	-0.086	-3.093
1515960004751	-9.596	-0.181	-3.227
1515960004761	-9.414	-0.134	-3.237
1515960004773	-9.232	-0.143	-3.304
1515960004779	-9.069	-0.335	-3.486
1515960004790	-9.04	-0.526	-3.668
1515960004802	-9.117	-0.603	-3.754
1515960004810	-9.069	-0.545	-3.85
1515960004820	-8.897	-0.498	-4.022
1515960004832	-8.772	-0.545	-4.127
1515960004840	-8.743	-0.641	-4.223
1515960004850	-8.743	-0.603	-4.233
1515960004862	-8.667	-0.565	-4.204
1515960004870	-8.514	-0.555	-4.166
1515960004880	-8.38	-0.622	-4.118
1515960004894	-8.37	-0.651	-4.099
1515960004900	-8.408	-0.679	-4.166
1515960004912	-8.389	-0.727	-4.3
1515960004926	-8.399	-0.747	-4.175
1515960004930	-8.427	-0.775	-4.204
1515960004940	-8.399	-0.766	-4.051
1515960004956	-8.389	-0.699	-4.108
1515960004960	-8.37	-0.708	-4.108
1515960004973	-8.351	-0.708	-4.022
1515960004985	-8.322	-0.775	-4.137
1515960004990	-8.37	-0.9	-4.29
1515960005003	-8.447	-0.948	-4.482
1515960005020	-8.581	-0.842	-4.529
1515960005022	-8.523	-0.737	-4.529
1515960005035	-8.36	-0.718	-4.357
1515960005044	-8.274	-0.756	-4.28
1515960005050	-8.236	-0.9	-4.223
1515960005060	-8.351	-1.158	-4.261
1515960005072	-8.542	-1.369	-4.443
1515960005079	-8.772	-1.436	-4.721
1515960005090	-8.916	-1.359	-4.778
1515960005102	-8.945	-1.158	-4.778
1515960005109	-8.887	-0.957	-4.654
1515960005120	-8.801	-0.861	-4.549
1515960005133	-8.763	-0.708	-4.529
1515960005140	-8.82	-0.67	-4.692
1515960005150	-8.935	-0.727	-4.759
1515960005164	-9.012	-0.766	-4.769
1515960005170	-9.05	-0.833	-4.759
1515960005182	-9.127	-0.9	-4.711
1515960005195	-9.155	-0.919	-4.644
1515960005200	-9.088	-0.89	-4.568
1515960005215	-8.945	-0.861	-4.52
1515960005226	-8.83	-0.842	-4.683
1515960005230	-8.753	-0.871	-4.606
1515960005240	-8.705	-0.919	-4.865
1515960005252	-8.667	-0.976	-5.008
1515960005260	-8.686	-0.986	-4.951
1515960005270	-8.715	-1.005	-4.874
1515960005284	-8.676	-1.034	-4.759
1515960005290	-8.638	-1.072	-4.625
1515960005300	-8.581	-1.13	-4.549
1515960005312	-8.38	-1.216	-4.348
1515960005334	-8.504	-1.331	-4.156
1515960005345	-8.466	-1.321	-3.897
1515960005347	-8.063	-1.206	-3.562
1515960005367	-7.92	-1.101	-2.978
1515960005369	-7.537	-0.842	-2.365
1515960005370	-7.144	-0.517	-2.126
1515960005380	-7.087	-0.239	-2.997
1515960005392	-7.747	-0.258	-3.744
1515960005405	-8.485	-0.22	-4.549
1515960005410	-9.059	-0.498	-5.085
1515960005423	-9.356	-0.976	-5.123
1515960005438	-9.165	-1.245	-4.711
1515960005445	-8.935	-1.216	-4.118
1515960005453	-8.763	-1.149	-3.591
1515960005472	-8.514	-1.158	-3.083
1515960005477	-8.207	-1.043	-2.7
1515960005489	-8.006	-1.072	-3.102
1515960005490	-8.466	-1.331	-4.07
1515960005502	-9.251	-1.34	-4.568
1515960005525	-9.682	-1.254	-4.855
1515960005526	-9.807	-1.292	-5.209
1515960005531	-9.845	-1.024	-5.478
1515960005550	-9.72	-0.593	-5.248
1515960005553	-9.529	-0.363	-5.075
1515960005568	-9.481	-0.258	-4.865
1515960005574	-9.385	-0.239	-4.568
1515960005589	-9.27	-0.316	-4.07
1515960005590	-9.203	-0.469	-3.562
1515960005600	-9.261	-0.67	-3.141
1515960005615	-9.423	-0.775	-2.93
1515960005620	-9.615	-0.823	-3.083
1515960005630	-9.845	-0.833	-3.39
1515960005642	-9.96	-0.632	-3.447
1515960005649	-9.912	-0.287	-3.237
1515960005660	-9.701	-0.028	-3.217
1515960005672	-9.73	0.162	-3.39
1515960005679	-9.902	0.344	-3.265
1515960005690	-9.96	0.344	-3.007
1515960005705	-10.017	0.162	-2.643
1515960005710	-10.075	-0.047	-2.327
1515960005721	-10.094	-0.191	-2.03
1515960005735	-10.103	-0.21	-1.743
1515960005740	-10.065	-0.162	-1.628
1515960005750	-10.046	-0.019	-1.695
1515960005765	-10.094	0.124	-1.877
1515960005770	-10.065	0.277	-1.963
1515960005780	-9.912	0.373	-2.126
1515960005795	-9.759	0.373	-2.279
1515960005800	-9.529	0.316	-2.47
1515960005810	-9.356	0.124	-2.921
1515960005825	-9.376	-0.086	-3.821
1515960005830	-9.385	-0.363	-3.936
1515960005840	-9.318	-0.651	-4.597
1515960005855	-9.232	-0.9	-5.669
1515960005860	-9.136	-1.082	-5.669
1515960005870	-9.241	-1.149	-5.995
1515960005885	-9.414	-1.216	-5.813
1515960005890	-9.51	-1.273	-5.813
1515960005900	-9.423	-1.225	-5.277
1515960005915	-9.376	-1.197	-4.175
1515960005920	-9.49	-1.177	-4.175
1515960005930	-9.586	-1.101	-3.687
1515960005945	-9.577	-0.833	-3.265
1515960005950	-9.452	-0.517	-2.997
1515960005960	-9.356	-0.258	-2.853
1515960005975	-9.366	-0.076	-2.729
1515960005980	-9.347	0.047	-2.719
1515960005990	-9.318	0.105	-2.624
1515960006004	-9.28	0.086	-2.624
1515960006010	-9.289	0.057	-2.681
1515960006020	-9.28	-0.019	-2.739
1515960006035	-9.299	-0.095	-2.748
1515960006040	-9.308	-0.181	-2.758
1515960006051	-9.299	-0.229	-2.729
1515960006065	-9.308	-0.229	-2.815
1515960006070	-9.318	-0.229	-2.921
1515960006080	-9.347	-0.201	-3.035
1515960006096	-9.347	-0.201	-3.102
1515960006100	-9.318	-0.22	-3.198
1515960006110	-9.299	-0.229	-3.265
1515960006125	-9.376	-0.296	-3.294
1515960006159	-9.404	-0.316	-3.294
1515960006167	-9.404	-0.344	-3.237
1515960006169	-9.366	-0.402	-3.16
1515960006172	-9.385	-0.402	-3.131
1515960006175	-9.433	-0.392	-3.141
1515960006181	-9.462	-0.363	-3.208
1515960006192	-9.433	-0.325	-3.227
1515960006202	-9.433	-0.277	-3.237
1515960006214	-9.433	-0.21	-3.227
1515960006220	-9.443	-0.191	-3.217
1515960006230	-9.49	-0.249	-3.16
1515960006245	-9.596	-0.249	-3.035
1515960006250	-9.682	-0.181	-2.949
1515960006267	-9.692	-0.067	-2.853
1515960006274	-9.577	0.028	-2.834
1515960006291	-9.481	0.0	-2.911
1515960006292	-9.395	-0.047	-3.045
1515960006304	-9.308	-0.067	-2.949
1515960006310	-9.232	-0.095	-2.825
1515960006320	-9.28	-0.105	-2.652
1515960006333	-9.404	-0.067	-2.624
1515960006342	-9.462	-0.086	-2.604
1515960006350	-9.481	-0.21	-2.49
1515960006364	-9.519	-0.143	-2.308
1515960006370	-9.538	0.095	-2.164
1515960006380	-9.519	0.258	-2.202
1515960006393	-9.471	0.277	-2.432
1515960006399	-9.462	0.191	-2.777
1515960006410	-9.51	0.009	-3.217
1515960006422	-9.567	-0.181	-3.61
1515960006429	-9.586	-0.325	-3.917
1515960006440	-9.644	-0.383	-4.099
1515960006454	-9.672	-0.344	-4.079
1515960006460	-9.672	-0.344	-4.146
1515960006470	-9.672	-0.459	-4.118
1515960006487	-9.663	-0.593	-4.051
1515960006490	-9.538	-0.814	-4.051
1515960006500	-9.481	-0.909	-4.079
1515960006515	-9.567	-0.909	-4.204
1515960006520	-9.711	-0.804	-4.376
1515960006533	-9.73	-0.66	-4.405
1515960006546	-9.663	-0.507	-4.252
1515960006550	-9.538	-0.43	-4.166
1515960006562	-9.452	-0.411	-4.194
1515960006578	-9.481	-0.517	-4.309
1515960006580	-9.49	-0.785	-4.443
1515960006592	-9.567	-0.938	-4.261
1515960006606	-9.557	-0.785	-4.012
1515960006610	-9.519	-0.584	-3.706
1515960006623	-9.548	-0.44	-3.61
1515960006636	-9.577	-0.277	-3.581
1515960006640	-9.519	-0.296	-3.591
1515960006651	-9.51	-0.469	-3.629
1515960006667	-9.577	-0.517	-3.591
1515960006670	-9.548	-0.517	-3.572
1515960006681	-9.471	-0.498	-3.572
1515960006696	-9.443	-0.411	-3.581
1515960006700	-9.404	-0.21	-3.562
1515960006712	-9.28	-0.028	-4.003
1515960006726	-9.174	-0.095	-4.003
1515960006730	-9.213	-0.354	-4.041
1515960006741	-9.318	-0.536	-3.601
1515960006756	-9.366	-0.545	-3.601
1515960006760	-9.308	-0.584	-3.744
1515960006771	-9.289	-0.708	-3.696
1515960006782	-9.289	-0.718	-3.84
1515960006791	-9.117	-0.699	-4.213
1515960006802	-8.964	-0.756	-4.424
1515960006816	-8.954	-0.833	-4.051
1515960006820	-8.945	-0.747	-4.003
1515960006833	-8.514	-0.44	-4.194
1515960006846	-8.514	-0.411	-4.491
1515960006850	-8.399	-0.421	-4.664
1515960006862	-8.447	-0.814	-4.731
1515960006877	-8.293	-0.814	-4.788
1515960006880	-8.236	-0.928	-4.597
1515960006891	-8.102	-0.996	-4.28
1515960006906	-8.063	-1.005	-4.051
1515960006910	-8.063	-1.024	-3.878
1515960006921	-8.044	-1.063	-3.84
1515960006937	-8.054	-1.053	-3.811
1515960006973	-8.083	-1.187	-3.974
1515960006976	-8.217	-1.273	-4.099
1515960006978	-8.36	-1.522	-4.204
1515960006981	-8.351	-1.225	-4.194
1515960006983	-8.217	-0.967	-4.079
1515960006994	-8.063	-0.756	-3.993
1515960007008	-7.92	-0.622	-3.83
1515960007024	-7.843	-0.612	-3.945
1515960007025	-7.958	-0.823	-4.309
1515960007031	-8.265	-0.976	-4.683
1515960007041	-8.657	-1.082	-4.865
1515960007057	-9.002	-1.149	-4.951
1515960007060	-9.155	-1.177	-5.037
1515960007071	-9.107	-1.139	-5.008
1515960007087	-8.973	-1.053	-4.865
1515960007090	-8.772	-0.938	-4.616
1515960007101	-8.523	-0.9	-4.443
1515960007111	-8.427	-0.996	-4.367
1515960007120	-8.571	-1.158	-4.415
1515960007130	-8.868	-1.321	-4.597
1515960007146	-9.174	-1.369	-4.673
1515960007150	-9.213	-1.426	-4.721
1515960007160	-9.107	-1.436	-4.702
1515960007175	-8.935	-1.254	-4.606
1515960007180	-8.753	-0.919	-4.367
1515960007190	-8.581	-0.526	-4.204
1515960007200	-8.418	-0.258	-4.079
1515960007210	-8.293	-0.21	-3.821
1515960007220	-8.178	-0.21	-3.524
1515960007230	-8.14	-0.268	-3.16
1515960007240	-8.284	-0.383	-3.265
1515960007250	-8.667	-0.622	-3.85
1515960007259	-9.021	-0.651	-4.204
1515960007270	-9.021	-0.555	-4.453
1515960007281	-8.897	-0.526	-4.635
1515960007296	-8.82	-0.45	-4.606
1515960007302	-8.772	-0.153	-4.577
1515960007311	-8.59	0.028	-4.415
1515960007320	-8.332	-0.019	-4.022
1515960007330	-8.188	-0.268	-3.533
1515960007341	-8.14	-0.526	-2.988
1515960007350	-8.178	-0.794	-2.786
1515960007360	-8.284	-0.967	-2.959
1515960007371	-8.581	-1.177	-3.61
1515960007380	-9.059	-1.063	-3.993
1515960007390	-9.356	-0.881	-4.405
1515960007402	-9.356	-1.005	-4.549
1515960007410	-9.203	-1.331	-4.692
1515960007420	-9.155	-1.417	-4.673
1515960007431	-9.203	-1.177	-4.539
1515960007440	-9.289	-1.063	-4.386
1515960007450	-9.423	-0.833	-4.003
1515960007460	-9.28	-0.545	-3.572
1515960007469	-8.992	-0.488	-3.083
1515960007479	-8.667	-0.507	-2.499
1515960007491	-8.571	-0.708	-3.466
1515960007500	-9.27	-0.967	-3.505
1515960007511	-10.142	-0.622	-3.591
1515960007522	-10.343	-0.354	-3.476
1515960007530	-10.017	-0.335	-3.476
1515960007540	-9.615	-0.134	-3.888
1515960007552	-9.49	-0.086	-3.974
1515960007560	-10.065	-0.047	-4.386
1515960007570	-10.41	0.095	-4.233
1515960007582	-10.17	-0.067	-4.012
1515960007590	-10.008	-0.268	-3.792
1515960007600	-9.95	-0.296	-3.514
1515960007612	-9.96	-0.22	-3.457
1515960007620	-9.807	-0.22	-3.524
1515960007630	-9.893	-0.287	-3.62
1515960007642	-9.941	-0.469	-3.802
1515960007650	-10.094	-0.469	-3.83
1515960007660	-9.998	-0.45	-3.744
1515960007672	-9.701	-0.239	-3.601
1515960007680	-9.462	-0.239	-3.486
1515960007690	-9.318	-0.22	-3.39
1515960007703	-9.261	-0.287	-3.284
1515960007710	-9.308	-0.44	-3.179
1515960007720	-9.251	-0.593	-3.074
1515960007732	-9.232	-0.555	-2.93
1515960007740	-9.289	-0.555	-2.844
1515960007776	-9.376	-0.43	-2.796
1515960007783	-9.404	-0.229	-2.786
1515960007787	-9.414	0.028	-2.758
1515960007792	-9.376	0.172	-2.786
1515960007796	-9.347	0.21	-2.748
1515960007814	-9.433	0.22	-2.71
1515960007814	-9.586	0.201	-2.633
1515960007822	-9.739	0.22	-2.528
1515960007830	-9.835	0.22	-2.442
1515960007841	-9.893	0.191	-2.413
1515960007857	-9.883	0.181	-2.432
1515960007860	-9.816	0.162	-2.48
1515960007870	-9.73	0.181	-2.537
1515960007885	-9.653	0.134	-2.595
1515960007890	-9.644	0.124	-2.576
1515960007906	-9.634	0.114	-2.528
1515960007915	-9.615	0.086	-2.499
1515960007920	-9.605	0.095	-2.518
1515960007930	-9.605	0.076	-2.557
1515960007942	-9.625	0.076	-2.7
1515960007950	-9.644	0.076	-2.767
1515960007960	-9.634	0.057	-2.853
1515960007971	-9.577	0.047	-2.901
1515960007980	-9.5	0.009	-2.882
1515960007990	-9.49	-0.028	-2.796
1515960008001	-9.529	-0.067	-2.767
1515960008009	-9.586	-0.095	-2.786
1515960008020	-9.586	-0.086	-2.767
1515960008031	-9.538	-0.067	-2.719
1515960008039	-9.519	-0.019	-2.576
1515960008049	-9.538	0.019	-2.423
1515960008062	-9.567	0.038	-2.327
1515960008070	-9.605	0.114	-2.25
1515960008080	-9.596	0.201	-2.193
1515960008093	-9.538	0.277	-2.145
1515960008100	-9.49	0.344	-2.068
1515960008110	-9.481	0.392	-1.982
1515960008123	-9.481	0.383	-1.886
1515960008130	-9.471	0.344	-1.848
1515960008140	-9.462	0.363	-1.752
1515960008153	-9.49	0.363	-1.676
1515960008160	-9.51	0.402	-1.733
1515960008170	-9.529	0.421	-1.79
1515960008183	-9.519	0.421	-1.877
1515960008190	-9.481	0.392	-1.877
1515960008200	-9.5	0.421	-1.857
1515960008213	-9.5	0.421	-1.934
1515960008220	-9.49	0.383	-1.934
1515960008230	-9.557	0.421	-1.972
1515960008243	-9.538	0.488	-2.02
1515960008250	-9.462	0.469	-2.02
1515960008260	-9.5	0.421	-1.992
1515960008273	-9.701	0.344	-2.145
1515960008289	-9.596	0.268	-2.145
1515960008306	-9.567	0.249	-2.126
1515960008308	-9.519	0.239	-2.432
1515960008310	-9.548	0.277	-2.537
1515960008321	-9.663	0.344	-2.71
1515960008333	-9.653	0.296	-2.681
1515960008340	-9.653	0.191	-2.518
1515960008350	-9.634	0.095	-2.47
1515960008364	-9.634	0.047	-2.49
1515960008370	-9.634	0.047	-2.633
1515960008380	-9.653	0.038	-2.719
1515960008393	-9.596	0.095	-2.806
1515960008400	-9.443	0.153	-2.806
1515960008410	-9.557	0.191	-2.806
1515960008423	-9.663	0.134	-2.844
1515960008430	-9.749	0.038	-2.71
1515960008446	-9.739	-0.038	-2.566
1515960008454	-9.72	-0.019	-2.413
1515960008460	-9.701	0.009	-2.269
1515960008470	-9.663	0.047	-2.135
1515960008483	-9.625	0.0	-1.915
1515960008499	-9.692	-0.124	-1.848
1515960008514	-9.912	-0.162	-1.369
1515960008520	-9.893	-0.067	-1.197
1515960008530	-9.835	0.172	-1.292
1515960008544	-9.739	0.411	-1.58
1515960008550	-9.663	0.622	-1.857
1515960008586	-9.663	0.699	-2.308
1515960008591	-9.787	0.651	-2.748
1515960008594	-9.988	0.421	-3.055
1515960008597	-10.123	0.095	-3.102
1515960008610	-10.113	-0.124	-2.968
1515960008622	-10.008	-0.201	-2.911
1515960008623	-10.065	-0.124	-2.863
1515960008637	-10.199	0.009	-2.863
1515960008645	-10.247	0.105	-2.93
1515960008660	-10.257	0.229	-3.16
1515960008662	-10.678	0.028	-3.217
1515960008670	-10.381	-0.268	-3.284
1515960008692	-10.611	-0.124	-3.313
1515960008693	-10.458	-0.057	-3.524
1515960008701	-10.429	-0.067	-3.811
1515960008712	-10.506	-0.076	-3.859
1515960008732	-10.496	-0.019	-3.725
1515960008735	-10.381	0.134	-3.601
1515960008744	-10.247	0.086	-3.572
1515960008753	-10.276	-0.105	-3.38
1515960008760	-10.352	-0.268	-3.179
1515960008770	-10.285	-0.191	-3.122
1515960008783	-10.084	-0.038	-3.026
1515960008791	-9.778	0.114	-3.055
1515960008800	-9.615	0.306	-3.39
1515960008814	-9.462	0.239	-3.648
1515960008820	-9.653	0.038	-4.079
1515960008830	-9.692	-0.162	-4.405
1515960008843	-9.289	-0.296	-4.654
1515960008849	-8.801	-0.172	-4.96
1515960008860	-8.561	-0.038	-4.96
1515960008872	-8.447	-0.134	-5.018
1515960008879	-8.293	-0.44	-5.238
1515960008890	-8.111	-0.612	-5.334
1515960008903	-7.805	-0.622	-5.43
1515960008910	-7.383	-0.919	-5.286
1515960008920	-7.115	-1.446	-4.702
1515960008934	-7.01	-1.8	-4.309
1515960008940	-6.771	-1.886	-4.213
1515960008950	-6.483	-1.963	-4.309
1515960008962	-6.435	-2.154	-4.271
1515960008969	-6.426	-2.442	-4.252
1515960008980	-6.55	-2.643	-4.089
1515960008992	-6.732	-2.844	-4.089
1515960009000	-6.847	-2.968	-4.185
1515960009010	-6.847	-2.863	-4.3
1515960009023	-6.78	-2.604	-4.453
1515960009030	-6.905	-2.135	-4.654
1515960009040	-7.134	-1.417	-5.018
1515960009053	-7.202	-0.737	-5.458
1515960009060	-7.24	-0.421	-5.669
1515960009070	-7.498	-0.593	-5.056
1515960009083	-7.824	-1.101	-4.721
1515960009090	-8.245	-1.589	-4.405
1515960009100	-8.609	-1.953	-3.83
1515960009114	-8.772	-2.193	-3.601
1515960009120	-8.82	-2.212	-3.533
1515960009130	-9.002	-2.212	-3.706
1515960009143	-8.954	-2.001	-4.099
1515960009149	-8.83	-1.522	-4.683
1515960009160	-8.092	-1.292	-5.008
1515960009173	-7.537	-0.928	-4.893
1515960009180	-7.288	-0.076	-4.855
1515960009190	-7.479	0.622	-5.142
1515960009203	-7.853	0.67	-5.593
1515960009210	-8.102	0.153	-5.458
1515960009220	-8.303	-0.402	-4.999
1515960009235	-8.188	-1.963	-4.606
1515960009240	-8.121	-2.537	-4.146
1515960009250	-8.245	-2.7	-3.945
1515960009263	-8.36	-2.145	-4.223
1515960009270	-8.351	-1.532	-4.597
1515960009280	-8.14	-0.957	-4.721
1515960009293	-8.178	-0.45	-4.625
1515960009305	-8.485	-0.287	-4.683
1515960009311	-9.031	-0.402	-4.874
1515960009323	-9.49	-0.498	-5.305
1515960009329	-9.701	-0.603	-5.267
1515960009340	-9.826	-0.727	-4.702
1515960009354	-9.787	-0.679	-3.85
1515960009377	-9.787	-0.584	-3.237
1515960009379	-10.027	-0.708	-3.237
1515960009414	-10.391	-1.12	-3.62
1515960009416	-10.793	-1.704	-4.099
1515960009417	-11.243	-2.145	-4.721
1515960009418	-11.55	-2.269	-5.056
1515960009426	-11.655	-1.743	-5.458
1515960009432	-11.588	-0.852	-5.698
1515960009444	-11.109	0.067	-5.889
1515960009450	-10.659	0.574	-5.391
1515960009465	-10.352	1.024	-4.836
1515960009485	-10.352	1.053	-4.367
1515960009489	-10.352	0.689	-3.974
1515960009490	-10.429	-0.028	-3.457
1515960009503	-10.391	-0.526	-3.141
1515960009510	-10.285	-0.833	-2.758
1515960009520	-9.969	-0.89	-2.614
1515960009537	-9.605	-0.622	-2.7
1515960009540	-9.261	-0.229	-2.873
1515960009552	-9.107	-0.009	-3.122
1515960009563	-9.241	0.057	-3.198
1515960009569	-9.481	-0.095	-2.968
1515960009580	-9.653	-0.421	-2.662
1515960009593	-9.759	-0.66	-2.528
1515960009599	-9.73	-0.689	-2.585
1515960009610	-9.586	-0.498	-2.576
1515960009624	-9.462	-0.296	-2.432
1515960009630	-9.356	-0.028	-2.317
1515960009640	-9.337	0.249	-2.288
1515960009655	-9.414	0.45	-2.221
1515960009660	-9.366	0.593	-2.355
1515960009670	-9.213	0.603	-2.231
1515960009687	-9.261	0.555	-2.03
1515960009690	-9.615	0.737	-1.963
1515960009702	-9.816	0.861	-1.867
1515960009712	-9.72	0.804	-1.685
1515960009721	-9.605	0.651	-1.264
1515960009733	-9.605	0.593	-0.785
1515960009753	-9.356	0.507	-0.383
1515960009759	-9.136	0.392	-0.019
1515960009761	-9.586	0.881	-0.852
1515960009771	-10.065	1.79	-0.881
1515960009780	-9.998	2.365	-1.666
1515960009790	-9.682	2.375	-2.423
1515960009800	-9.222	1.8	-2.662
1515960009810	-9.079	1.149	-2.585
1515960009820	-9.337	0.651	-2.566
1515960009831	-9.739	0.45	-2.537
1515960009840	-9.883	0.574	-2.241
1515960009851	-9.711	0.909	-2.068
1515960009864	-9.5	1.388	-1.915
1515960009870	-9.433	1.867	-1.743
1515960009880	-9.376	2.231	-1.685
1515960009891	-9.328	2.518	-1.915
1515960009900	-9.328	2.739	-1.733
1515960009910	-9.184	2.729	-1.34
1515960009921	-8.973	2.547	-1.187
1515960009930	-9.519	2.365	-1.35
1515960009940	-9.605	2.327	-1.312
1515960009952	-9.146	2.413	-1.024
1515960009960	-8.858	2.461	-0.718
1515960009971	-8.791	2.595	-0.459
1515960009981	-8.897	2.547	-0.114
1515960009989	-8.954	2.767	-0.181
1515960010000	-9.059	3.419	-0.383
1515960010011	-9.012	3.227	-0.411
1515960010020	-8.868	3.313	-0.277
1515960010030	-8.791	3.428	-0.153
1515960010045	-8.906	3.419	0.038
1515960010050	-9.261	3.352	-0.019
1515960010060	-9.49	3.361	-0.047
1515960010076	-9.356	3.38	0.162
1515960010080	-9.098	3.476	0.296
1515960010091	-8.973	3.533	0.373
1515960010107	-8.954	3.658	0.584
1515960010110	-8.916	3.782	0.804
1515960010122	-8.887	3.945	0.756
1515960010137	-8.916	4.328	0.478
1515960010140	-8.964	4.711	0.287
1515960010152	-8.925	5.181	0.105
1515960010167	-8.705	5.449	0.009
1515960010213	-8.389	5.219	0.095
1515960010222	-8.456	4.692	0.249
1515960010238	-8.81	4.233	0.44
1515960010240	-9.184	3.782	0.536
1515960010240	-9.385	3.304	0.593
1515960010241	-9.423	2.853	0.526
1515960010242	-9.318	2.461	0.105
1515960010242	-9.366	2.001	-0.469
1515960010258	-9.49	1.666	-0.402
1515960010266	-9.356	1.532	-0.249
1515960010274	-9.27	1.513	-0.105
1515960010287	-9.241	1.398	-0.009
1515960010303	-9.308	1.436	0.009
1515960010305	-9.462	1.666	0.105
1515960010325	-9.567	1.762	0.354
1515960010326	-9.605	1.695	0.517
1515960010330	-9.596	1.57	0.89
1515960010342	-9.672	1.522	1.273
1515960010352	-9.816	1.695	1.522
1515960010363	-9.826	1.925	1.656
1515960010377	-9.739	2.145	1.676
1515960010397	-9.596	2.394	1.838
1515960010398	-9.471	2.576	1.541
1515960010410	-9.471	2.672	1.11
1515960010411	-9.376	2.643	1.101
1515960010424	-9.107	2.739	1.12
1515960010436	-8.973	2.767	0.909
1515960010440	-9.012	2.719	0.526
1515960010451	-9.203	2.672	0.296
1515960010465	-9.452	2.595	0.249
1515960010470	-9.864	2.145	0.814
1515960010481	-10.027	1.666	0.967
1515960010494	-9.854	1.436	1.101
1515960010500	-9.653	1.743	1.091
1515960010510	-9.816	2.135	0.823
1515960010520	-9.557	2.365	0.603
1515960010529	-9.462	2.423	0.354
1515960010540	-9.529	2.47	0.402
1515960010554	-9.749	2.336	0.383
1515960010560	-9.634	2.509	0.641
1515960010570	-9.232	2.691	0.507
1515960010586	-9.059	2.624	0.536
1515960010590	-9.241	2.547	0.555
1515960010602	-9.299	2.432	0.833
1515960010616	-9.385	2.413	0.986
1515960010620	-9.347	2.298	1.034
1515960010632	-9.27	2.241	0.919
1515960010649	-9.28	2.078	0.967
1515960010650	-9.529	1.934	0.996
1515960010662	-9.816	1.752	1.063
1515960010670	-9.816	1.685	1.177
1515960010680	-9.596	1.608	1.168
1515960010697	-9.443	1.608	1.043
1515960010702	-9.519	1.733	0.881
1515960010710	-9.337	1.953	0.632
1515960010722	-9.5	2.375	0.411
1515960010730	-9.5	2.327	0.325
1515960010740	-9.414	2.403	0.344
1515960010751	-9.414	2.212	0.411
1515960010766	-9.414	2.212	0.45
1515960010770	-9.605	2.202	0.43
1515960010782	-9.682	2.202	0.383
1515960010796	-9.443	2.202	0.258
1515960010800	-9.414	2.25	0.181
1515960010811	-9.577	2.384	0.21
1515960010827	-9.519	2.068	0.373
1515960010830	-9.261	1.972	0.124
1515960010842	-9.299	1.953	0.22
1515960010857	-9.376	1.752	0.296
1515960010860	-9.615	1.743	0.363
1515960010875	-9.73	1.676	0.392
1515960010888	-9.672	1.666	0.488
1515960010890	-9.701	1.771	0.555
1515960010903	-9.797	1.886	0.555
1515960010918	-9.883	1.963	0.526
1515960010920	-9.912	1.972	0.565
1515960010932	-10.036	1.896	0.66
1515960010940	-10.036	1.762	0.775
1515960010952	-9.854	1.494	0.871
1515960010962	-9.577	1.206	0.756
1515960010978	-9.251	1.484	0.526
1515960011015	-8.973	1.886	0.325
1515960011017	-9.107	1.963	0.172
1515960011024	-9.5	1.944	0.229
1515960011027	-9.692	2.059	0.067
1515960011028	-9.567	2.279	-0.038
