timestamp	x	y	z
1512033917369	-1.302	-8.878	-3.007
1512033917391	-1.187	-8.887	-3.457
1512033917399	-1.321	-9.807	-3.802
1512033917400	-1.455	-10.63	-3.591
1512033917402	-1.589	-10.735	-2.844
1512033917423	-2.03	-10.678	-1.963
1512033917434	-2.719	-10.946	-0.976
1512033917435	-3.237	-11.511	-0.344
1512033917445	-3.668	-12.383	-0.258
1512033917451	-3.897	-12.306	-0.44
1512033917463	-3.83	-11.119	-1.034
1512033917478	-3.581	-10.084	-1.972
1512033917494	-3.62	-9.548	-4.003
1512033917506	-3.361	-9.529	-4.51
1512033917511	-2.834	-9.5	-4.539
1512033917521	-2.183	-9.538	-4.146
1512033917536	-1.618	-9.692	-3.581
1512033917541	-1.206	-9.778	-3.131
1512033917551	-0.986	-9.797	-2.968
1512033917566	-0.996	-9.816	-2.93
1512033917571	-1.216	-9.835	-2.844
1512033917584	-1.312	-10.017	-2.604
1512033917596	-1.312	-10.19	-2.212
1512033917601	-1.302	-10.314	-1.829
1512033917611	-1.264	-10.295	-1.513
1512033917629	-1.015	-10.19	-1.321
1512033917631	-1.149	-10.027	-1.321
1512033917641	-1.225	-9.912	-1.608
1512033917656	-1.398	-9.759	-2.145
1512033917661	-1.666	-9.653	-2.767
1512033917675	-1.992	-9.634	-3.141
1512033917687	-2.241	-9.634	-3.352
1512033917691	-2.413	-9.644	-3.313
1512033917701	-2.537	-9.625	-3.055
1512033917720	-2.739	-9.663	-2.499
1512033917721	-2.739	-9.73	-2.499
1512033917731	-2.767	-9.816	-2.355
1512033917744	-2.758	-9.883	-2.241
1512033917751	-2.662	-9.912	-2.212
1512033917792	-2.423	-9.797	-2.518
1512033917793	-2.193	-9.605	-2.518
1512033917796	-2.001	-9.5	-2.739
1512033917796	-1.829	-9.49	-2.911
1512033917837	-1.714	-9.557	-2.786
1512033917855	-1.637	-9.51	-2.786
1512033917860	-1.618	-9.433	-2.537
1512033917864	-1.647	-9.5	-2.317
1512033917865	-1.695	-9.634	-2.126
1512033917866	-1.8	-9.816	-1.915
1512033917866	-1.915	-9.816	-1.915
1512033917890	-1.944	-9.634	-1.925
1512033917896	-2.049	-9.443	-2.135
1512033917897	-2.25	-9.5	-2.327
1512033917907	-2.576	-9.969	-2.346
1512033917936	-3.016	-10.496	-2.116
1512033917937	-3.629	-10.41	-1.886
1512033917939	-3.811	-10.017	-1.743
1512033917958	-3.811	-10.094	-1.695
1512033917960	-3.964	-10.084	-1.676
1512033917970	-4.52	-10.295	-1.8
1512033917975	-4.395	-10.64	-1.848
1512033917983	-4.529	-10.745	-1.905
1512033917991	-4.482	-10.601	-2.011
1512033918001	-4.348	-10.688	-1.982
1512033918012	-4.099	-10.917	-1.838
1512033918021	-3.782	-11.31	-1.704
1512033918031	-3.17	-12.277	-1.915
1512033918042	-2.873	-13.072	-2.509
1512033918051	-2.557	-14.145	-3.256
1512033918061	-2.499	-14.739	-3.543
1512033918073	-2.451	-14.681	-3.447
1512033918081	-2.691	-13.906	-3.112
1512033918091	-3.189	-12.929	-2.499
1512033918104	-4.108	-12.172	-2.097
1512033918111	-5.238	-11.521	-1.599
1512033918121	-6.129	-10.984	-1.024
1512033918134	-6.215	-10.391	-0.718
1512033918141	-5.286	-9.797	-0.852
1512033918151	-3.974	-9.557	-1.072
1512033918164	-2.26	-9.423	-1.35
1512033918171	-0.622	-9.155	-1.867
1512033918181	1.197	-8.906	-2.423
1512033918194	2.7	-8.552	-2.662
1512033918201	4.204	-8.236	-2.825
1512033918224	5.2	-6.426	-2.288
1512033918231	4.415	-5.334	-1.896
1512033918242	2.93	-4.29	-2.126
1512033918255	1.321	-3.428	-2.49
1512033918261	-0.019	-2.911	-2.796
1512033918285	-1.292	-3.304	-2.834
1512033918291	-1.292	-4.204	-2.853
1512033918301	-1.216	-5.219	-2.758
1512033918314	-1.158	-6.569	-2.528
1512033918321	-0.976	-8.207	-2.221
1512033918331	-0.641	-9.787	-2.078
1512033918345	-0.45	-10.879	-2.049
1512033918351	-0.67	-11.262	-2.011
1512033918361	-1.465	-10.908	-1.455
1512033918375	-2.48	-10.419	-0.66
1512033918381	-3.304	-10.017	-0.316
1512033918391	-3.821	-9.902	-0.21
1512033918424	-4.06	-10.362	-0.421
1512033918427	-3.869	-10.745	-1.206
1512033918431	-3.428	-10.965	-2.039
1512033918433	-3.093	-11.281	-2.585
1512033918443	-2.93	-11.53	-3.055
1512033918454	-2.882	-11.502	-3.323
1512033918466	-2.93	-11.502	-3.514
1512033918471	-2.968	-11.569	-3.553
1512033918483	-2.892	-11.358	-3.792
1512033918496	-2.901	-11.195	-3.773
1512033918501	-2.796	-11.368	-3.447
1512033918511	-2.681	-11.741	-2.978
1512033918525	-2.576	-11.837	-2.26
1512033918531	-2.432	-11.119	-1.57
1512033918541	-2.47	-10.123	-1.245
1512033918553	-2.786	-9.711	-1.053
1512033918561	-3.122	-10.056	-0.881
1512033918571	-3.438	-10.898	-0.708
1512033918584	-2.93	-11.617	-1.005
1512033918591	-2.365	-12.028	-1.513
1512033918601	-1.8	-11.597	-2.48
1512033918613	-1.407	-10.86	-3.275
1512033918621	-1.608	-10.343	-3.984
1512033918631	-1.733	-9.96	-4.664
1512033918643	-1.915	-9.519	-5.008
1512033918651	-2.375	-9.433	-4.635
1512033918661	-2.901	-9.988	-3.294
1512033918675	-2.834	-10.515	-1.838
1512033918681	-2.269	-10.64	-0.794
1512033918691	-2.145	-10.381	-0.201
1512033918705	-2.049	-9.95	0.0
1512033918711	-1.992	-9.701	-0.191
1512033918721	-2.001	-9.625	-0.814
1512033918735	-2.154	-9.682	-1.58
1512033918741	-2.375	-9.644	-2.193
1512033918751	-2.806	-9.529	-2.557
1512033918765	-3.342	-9.557	-2.432
1512033918771	-3.763	-9.768	-2.202
1512033918781	-4.118	-9.634	-1.934
1512033918795	-4.424	-9.672	-1.762
1512033918801	-4.625	-9.768	-1.8
1512033918811	-4.587	-9.845	-1.982
1512033918825	-4.491	-9.787	-2.25
1512033918831	-4.271	-9.49	-2.595
1512033918841	-3.993	-9.222	-3.016
1512033918855	-3.802	-9.117	-3.284
1512033918861	-3.572	-9.213	-3.332
1512033918871	-3.217	-9.443	-3.055
1512033918885	-2.777	-9.605	-2.528
1512033918891	-2.451	-9.701	-1.982
1512033918901	-2.308	-9.807	-1.599
1512033918915	-2.279	-9.864	-1.369
1512033918921	-2.25	-9.816	-1.446
1512033918932	-2.174	-9.701	-1.829
1512033918945	-2.164	-9.5	-2.298
1512033918951	-2.269	-9.471	-2.672
1512033918975	-2.49	-9.653	-2.719
1512033918981	-2.461	-9.692	-2.423
1512033919005	-2.537	-9.663	-1.886
1512033919011	-2.547	-9.672	-1.81
1512033919022	-2.537	-9.73	-1.838
1512033919035	-2.614	-9.759	-1.905
1512033919041	-2.691	-9.653	-1.925
1512033919051	-2.844	-9.538	-2.068
1512033919065	-2.921	-9.672	-2.241
1512033919071	-2.921	-9.893	-2.47
1512033919082	-2.892	-9.941	-2.633
1512033919114	-2.758	-9.826	-2.853
1512033919117	-2.595	-9.759	-3.055
1512033919122	-2.432	-9.682	-3.141
1512033919124	-2.202	-9.672	-3.026
1512033919141	-2.02	-9.711	-2.691
1512033919144	-1.953	-9.778	-2.202
1512033919152	-1.953	-9.835	-1.695
1512033919161	-1.915	-9.845	-1.35
1512033919171	-1.896	-9.874	-1.369
1512033919182	-1.905	-9.826	-1.723
1512033919191	-1.877	-9.663	-2.269
1512033919201	-1.915	-9.605	-2.758
1512033919215	-2.02	-9.739	-3.131
1512033919221	-2.068	-9.883	-3.131
1512033919231	-2.106	-9.979	-3.007
1512033919244	-2.174	-10.008	-2.413
1512033919251	-2.26	-9.941	-2.375
1512033919261	-2.384	-10.008	-2.154
1512033919274	-2.509	-10.123	-1.982
1512033919281	-2.71	-10.151	-1.896
1512033919291	-2.93	-10.151	-1.944
1512033919304	-3.074	-10.218	-2.202
1512033919311	-3.284	-10.372	-2.135
1512033919334	-3.581	-10.803	-2.154
1512033919341	-3.639	-10.85	-2.154
1512033919366	-3.38	-10.496	-2.413
1512033919371	-3.15	-10.525	-2.595
1512033919382	-2.604	-10.688	-2.901
1512033919396	-2.298	-10.774	-3.189
1512033919401	-2.154	-10.735	-3.495
1512033919412	-2.049	-10.946	-3.802
1512033919426	-2.25	-11.645	-3.907
1512033919434	-2.557	-12.862	-3.735
1512033919456	-2.652	-13.455	-3.198
1512033919458	-2.815	-13.36	-2.7
1512033919464	-3.179	-12.766	-2.423
1512033919473	-3.572	-11.933	-1.982
1512033919486	-4.041	-11.511	-1.34
1512033919491	-4.501	-11.281	-0.938
1512033919503	-4.922	-10.726	-1.005
1512033919517	-5.133	-10.084	-1.216
1512033919521	-5.047	-9.567	-1.235
1512033919532	-4.51	-9.05	-1.321
1512033919547	-3.754	-8.619	-1.407
1512033919551	-2.901	-8.514	-1.541
1512033919562	-1.561	-8.839	-1.781
1512033919577	0.124	-9.462	-2.164
1512033919581	1.982	-9.969	-2.691
1512033919592	3.888	-9.883	-3.284
1512033919607	5.64	-9.318	-4.118
1512033919611	6.732	-8.494	-4.501
1512033919622	7.077	-7.355	-3.208
1512033919637	5.928	-6.32	-1.34
1512033919641	3.869	-5.746	-0.976
1512033919652	1.494	-5.229	-1.426
1512033919667	-0.268	-4.855	-2.442
1512033919671	-1.628	-4.778	-3.256
1512033919682	-2.394	-5.028	-3.648
1512033919697	-2.576	-5.593	-3.648
1512033919701	-2.231	-6.273	-3.428
1512033919712	-2.087	-7.288	-3.141
1512033919727	-2.47	-8.255	-2.662
1512033919731	-2.633	-9.146	-2.241
1512033919742	-2.537	-10.333	-1.963
1512033919757	-2.49	-11.578	-1.781
1512033919761	-2.518	-12.488	-1.503
1512033919772	-2.681	-12.431	-1.206
1512033919787	-2.652	-11.147	-0.67
1512033919791	-2.47	-10.123	-0.239
1512033919824	-2.423	-10.18	-0.383
1512033919827	-2.547	-10.515	-1.139
1512033919829	-2.346	-10.831	-2.126
1512033919834	-1.944	-11.32	-2.796
1512033919849	-1.618	-11.741	-3.304
1512033919855	-1.254	-11.617	-3.744
1512033919873	-0.881	-10.898	-4.242
1512033919874	-0.919	-10.266	-4.568
1512033919881	-1.455	-10.046	-4.491
1512033919892	-2.269	-10.113	-3.945
1512033919907	-2.672	-10.161	-3.17
1512033919911	-2.844	-10.228	-2.365
1512033919923	-2.978	-10.506	-1.781
1512033919937	-2.93	-10.86	-1.455
1512033919942	-2.729	-11.013	-1.436
1512033919951	-2.413	-10.975	-1.723
1512033919961	-2.317	-10.803	-2.068
1512033919971	-2.384	-10.64	-2.25
1512033919981	-2.557	-10.458	-2.269
1512033919991	-2.873	-10.084	-2.087
1512033920001	-3.093	-9.787	-2.049
1512033920021	-3.208	-10.19	-2.719
1512033920031	-2.921	-10.764	-3.38
1512033920041	-2.662	-11.281	-3.524
1512033920051	-2.365	-11.195	-3.524
1512033920061	-2.154	-10.611	-3.687
1512033920072	-2.145	-10.065	-3.658
1512033920081	-2.336	-9.797	-3.352
1512033920091	-2.691	-9.625	-2.834
1512033920103	-2.662	-9.586	-2.384
1512033920111	-2.681	-9.739	-1.963
1512033920121	-2.413	-9.893	-1.522
1512033920132	-2.442	-10.237	-1.187
1512033920141	-2.49	-10.64	-0.957
1512033920151	-2.423	-10.496	-1.005
1512033920163	-2.432	-9.845	-1.474
1512033920171	-2.547	-9.376	-2.212
1512033920181	-2.624	-9.672	-2.786
1512033920193	-2.624	-9.807	-3.17
1512033920201	-2.624	-9.874	-3.275
1512033920211	-2.796	-9.672	-3.083
1512033920223	-3.074	-9.567	-2.633
1512033920231	-3.361	-9.596	-2.154
1512033920241	-3.572	-9.701	-1.743
1512033920253	-3.744	-9.835	-1.388
1512033920261	-3.763	-9.778	-1.187
1512033920271	-3.687	-9.586	-1.149
1512033920284	-3.581	-9.529	-1.455
1512033920291	-3.38	-9.51	-1.867
1512033920301	-3.208	-9.49	-2.384
1512033920313	-3.16	-9.481	-2.834
1512033920321	-3.16	-9.529	-3.112
1512033920331	-3.122	-9.538	-3.208
1512033920351	-2.681	-9.452	-3.122
1512033920361	-2.432	-9.452	-2.892
1512033920373	-2.26	-9.49	-2.672
1512033920381	-2.126	-9.548	-2.518
1512033920391	-2.068	-9.49	-2.384
1512033920403	-2.135	-9.423	-2.26
1512033920411	-2.279	-9.433	-2.164
1512033920421	-2.423	-9.538	-2.087
1512033920434	-2.585	-9.682	-1.953
1512033920441	-2.71	-9.768	-1.877
1512033920451	-2.796	-9.921	-1.819
1512033920463	-2.873	-10.046	-1.81
1512033920471	-2.873	-9.912	-1.857
1512033920481	-2.863	-9.663	-2.049
1512033920493	-2.94	-9.433	-2.413
1512033920528	-2.988	-9.376	-2.796
1512033920531	-2.997	-9.356	-3.035
1512033920535	-2.968	-9.404	-3.093
1512033920537	-2.796	-9.452	-3.016
1512033920546	-2.595	-9.548	-2.691
1512033920557	-2.547	-9.586	-2.231
1512033920561	-2.595	-9.538	-1.867
1512033920571	-2.681	-9.5	-1.666
1512033920583	-2.796	-9.596	-1.57
1512033920591	-2.873	-9.749	-1.541
1512033920601	-2.959	-9.826	-1.532
1512033920613	-3.007	-9.816	-1.561
1512033920621	-3.083	-9.759	-1.628
1512033920631	-3.122	-9.615	-1.743
1512033920642	-3.15	-9.567	-1.905
1512033920651	-3.179	-9.596	-2.078
1512033920661	-3.16	-9.672	-2.269
1512033920672	-3.131	-9.692	-2.432
1512033920681	-3.064	-9.701	-2.604
1512033920691	-2.997	-9.826	-2.786
1512033920701	-2.93	-9.941	-2.949
1512033920711	-2.796	-10.036	-3.016
1512033920721	-2.566	-10.017	-3.026
1512033920731	-2.365	-9.979	-2.614
1512033920741	-2.308	-9.941	-2.336
1512033920751	-2.355	-10.008	-1.829
1512033920762	-2.47	-10.17	-1.695
1512033920771	-2.681	-10.285	-1.695
1512033920781	-2.978	-10.324	-1.886
1512033920793	-3.304	-10.573	-2.106
1512033920801	-3.62	-11.004	-2.164
1512033920811	-3.754	-11.272	-2.106
1512033920823	-3.581	-11.09	-2.039
1512033920831	-3.457	-10.841	-2.126
1512033920841	-3.055	-10.659	-2.432
1512033920854	-2.901	-10.621	-2.729
1512033920861	-2.93	-10.649	-2.767
1512033920871	-2.978	-10.611	-2.691
1512033920884	-3.275	-11.76	-2.729
1512033920891	-3.677	-12.804	-2.844
1512033920901	-3.275	-13.082	-2.7
1512033920914	-2.566	-13.139	-2.652
1512033920921	-2.164	-13.235	-2.968
1512033920931	-1.886	-12.852	-3.102
1512033920944	-1.857	-12.239	-2.719
1512033920951	-2.03	-11.454	-2.279
1512033920961	-2.451	-11.061	-2.47
1512033920972	-3.198	-10.783	-2.796
1512033920981	-3.792	-10.477	-2.566
1512033920991	-3.256	-9.902	-2.509
1512033921002	-2.25	-9.663	-2.7
1512033921011	-0.957	-9.538	-2.988
1512033921021	0.335	-9.328	-3.045
1512033921034	1.618	-9.069	-3.131
1512033921041	2.901	-8.667	-3.16
1512033921051	3.993	-8.016	-3.026
1512033921065	4.424	-7.221	-2.451
1512033921071	4.137	-6.474	-1.426
1512033921081	2.921	-5.947	-0.823
1512033921095	0.852	-5.631	-0.909
1512033921101	-0.555	-5.2	-1.35
1512033921111	-1.101	-4.865	-2.078
1512033921125	-1.484	-4.893	-2.537
1512033921131	-1.714	-5.324	-2.691
1512033921141	-1.848	-5.985	-2.681
1512033921155	-1.81	-6.866	-2.423
1512033921161	-1.551	-7.805	-2.078
1512033921171	-1.139	-8.59	-1.896
1512033921185	-0.948	-9.136	-1.723
1512033921215	-1.197	-9.692	-1.436
1512033921217	-1.273	-10.228	-1.072
1512033921223	-1.149	-10.372	-1.015
1512033921226	-1.388	-9.893	-0.986
1512033921235	-1.81	-9.299	-0.89
1512033921247	-2.174	-9.27	-0.957
1512033921255	-2.576	-9.73	-1.398
1512033921264	-2.518	-10.429	-2.145
1512033921273	-2.432	-11.128	-2.853
1512033921281	-2.547	-11.799	-3.275
1512033921291	-2.691	-12.249	-3.399
1512033921304	-2.662	-12.507	-3.543
1512033921311	-2.748	-12.469	-3.486
1512033921321	-2.863	-12.191	-3.16
1512033921334	-2.748	-11.827	-2.681
1512033921341	-2.48	-11.559	-2.681
1512033921351	-2.298	-11.253	-2.566
1512033921363	-2.346	-10.937	-2.442
1512033921371	-2.49	-10.611	-2.442
1512033921381	-2.423	-10.247	-2.375
1512033921393	-2.154	-10.075	-2.116
1512033921401	-1.886	-10.151	-2.116
1512033921411	-1.618	-10.161	-2.231
1512033921422	-1.494	-9.883	-2.853
1512033921431	-1.245	-9.443	-2.853
1512033921445	-1.302	-9.174	-3.888
1512033921457	-1.953	-9.136	-4.156
1512033921461	-1.953	-9.079	-3.85
1512033921471	-2.365	-9.155	-3.342
1512033921484	-2.547	-9.366	-2.47
1512033921491	-2.547	-10.151	-1.407
1512033921503	-2.815	-11.387	-0.574
1512033921513	-2.786	-12.287	-0.076
1512033921521	-2.786	-12.306	0.134
1512033921531	-2.786	-11.396	-0.181
1512033921542	-2.825	-10.467	-1.024
1512033921551	-2.988	-10.036	-2.126
1512033921561	-3.237	-9.969	-3.083
1512033921574	-3.735	-9.95	-3.533
1512033921581	-4.367	-9.902	-3.39
1512033921592	-4.654	-9.749	-2.844
1512033921605	-4.443	-9.864	-2.221
1512033921611	-4.204	-9.845	-1.599
1512033921621	-4.309	-9.692	-1.417
1512033921635	-4.434	-9.452	-1.685
1512033921641	-4.376	-9.356	-2.154
1512033921651	-3.974	-9.385	-2.566
1512033921665	-3.629	-9.462	-2.844
1512033921671	-3.237	-9.51	-3.093
1512033921682	-2.786	-9.577	-3.217
1512033921697	-2.26	-9.672	-3.112
1512033921701	-1.934	-9.692	-2.748
1512033921711	-1.8	-9.711	-2.346
1512033921725	-1.81	-9.73	-2.02
1512033921734	-1.915	-9.711	-1.771
1512033921743	-2.049	-9.682	-1.743
1512033921755	-2.145	-9.634	-1.886
1512033921761	-2.154	-9.586	-2.135
1512033921771	-2.116	-9.548	-2.403
1512033921787	-2.174	-9.596	-2.547
1512033921791	-2.308	-9.692	-2.537
1512033921815	-2.652	-9.768	-2.327
1512033921821	-2.806	-9.739	-2.279
1512033921832	-2.94	-9.653	-2.269
1512033921845	-3.055	-9.577	-2.317
1512033921851	-3.102	-9.5	-2.403
1512033921862	-3.131	-9.443	-2.49
1512033921878	-3.17	-9.404	-2.595
1512033921881	-3.15	-9.423	-2.672
1512033921918	-3.112	-9.538	-2.7
1512033921923	-3.007	-9.672	-2.691
1512033921930	-2.853	-9.807	-2.681
1512033921933	-2.729	-9.816	-2.537
1512033921936	-2.662	-9.778	-2.394
1512033921944	-2.633	-9.768	-2.25
1512033921951	-2.624	-9.787	-2.145
1512033921962	-2.528	-9.797	-2.068
1512033921971	-2.355	-9.778	-2.039
1512033921988	-2.164	-9.72	-2.097
1512033921992	-2.087	-9.644	-2.212
1512033922001	-2.106	-9.625	-2.336
1512033922011	-2.202	-9.692	-2.346
1512033922024	-2.279	-9.739	-2.308
1512033922031	-2.308	-9.768	-2.231
1512033922041	-2.355	-9.749	-2.174
1512033922054	-2.413	-9.739	-2.26
1512033922061	-2.48	-9.72	-2.26
1512033922071	-2.528	-9.749	-2.355
1512033922083	-2.499	-9.72	-2.566
1512033922091	-2.49	-9.615	-2.451
1512033922101	-2.48	-9.538	-2.49
1512033922115	-2.499	-9.548	-2.365
1512033922121	-2.537	-9.615	-2.365
1512033922146	-2.662	-9.73	-2.049
1512033922151	-2.681	-9.72	-2.049
1512033922161	-2.719	-9.701	-2.078
1512033922176	-2.71	-9.672	-2.221
1512033922181	-2.652	-9.586	-2.375
1512033922191	-2.652	-9.605	-2.413
1512033922206	-2.834	-9.634	-2.518
1512033922211	-2.719	-9.739	-2.624
1512033922221	-2.71	-9.807	-2.633
1512033922236	-2.547	-9.912	-2.595
1512033922241	-2.652	-9.95	-2.547
1512033922251	-2.518	-9.902	-2.509
1512033922266	-2.509	-9.835	-2.49
1512033922271	-2.547	-9.864	-2.403
1512033922282	-2.537	-10.017	-2.327
1512033922296	-2.509	-10.113	-2.25
1512033922301	-2.451	-10.094	-2.231
1512033922311	-2.403	-9.864	-2.279
1512033922326	-2.394	-9.893	-2.47
1512033922331	-2.327	-9.835	-2.71
1512033922341	-2.25	-9.921	-2.949
1512033922356	-2.221	-9.998	-3.141
1512033922361	-2.116	-10.247	-3.198
1512033922371	-2.068	-10.486	-3.15
1512033922386	-1.877	-10.534	-2.988
1512033922391	-1.599	-10.257	-2.825
1512033922401	-1.532	-9.95	-2.729
1512033922416	-1.666	-9.912	-2.691
1512033922421	-1.877	-10.056	-2.595
1512033922432	-2.068	-10.257	-2.423
1512033922445	-2.212	-10.352	-2.193
1512033922451	-2.336	-10.477	-1.963
1512033922461	-2.423	-10.582	-1.81
1512033922473	-2.355	-10.659	-1.79
1512033922481	-2.288	-10.688	-2.011
1512033922491	-2.327	-10.64	-2.26
1512033922503	-2.49	-10.63	-2.442
1512033922511	-2.633	-10.822	-2.758
1512033922521	-2.777	-11.291	-2.988
1512033922537	-2.834	-11.425	-2.93
1512033922541	-2.806	-11.224	-2.825
1512033922552	-3.016	-11.444	-2.949
1512033922567	-3.227	-11.875	-3.131
1512033922571	-2.968	-12.21	-3.035
1512033922582	-2.308	-12.23	-2.739
1512033922617	-1.771	-11.942	-2.49
1512033922619	-1.455	-11.846	-3.055
1512033922622	-1.331	-11.808	-3.926
1512033922624	-1.589	-11.875	-4.156
1512033922639	-2.087	-11.856	-3.926
1512033922643	-2.403	-11.674	-3.888
1512033922656	-1.972	-11.348	-3.936
1512033922661	-1.005	-10.889	-3.629
1512033922674	-0.325	-10.333	-3.294
1512033922685	0.335	-9.72	-2.739
1512033922691	0.823	-9.146	-1.829
1512033922701	1.053	-8.6	-0.44
1512033922714	0.833	-7.862	0.459
1512033922721	0.43	-6.953	0.239
1512033922735	-0.201	-5.956	-0.804
1512033922746	-0.727	-5.018	-1.953
1512033922766	-1.043	-4.357	-2.691
1512033922767	-1.024	-4.003	-2.892
1512033922772	-0.727	-3.974	-2.643
1512033922781	-0.737	-4.309	-2.384
1512033922796	-0.909	-5.075	-2.135
1512033922804	-1.015	-5.956	-1.944
1512033922811	-1.043	-7.02	-1.877
1512033922834	-0.948	-8.983	-1.637
1512033922841	-0.909	-10.008	-1.656
1512033922851	-0.938	-10.822	-1.455
1512033922867	-1.11	-11.147	-0.919
1512033922871	-1.379	-10.477	-0.507
1512033922882	-1.925	-9.261	-0.172
1512033922897	-2.423	-8.629	-0.517
1512033922901	-2.547	-8.38	-1.11
1512033922912	-2.921	-8.284	-1.819
1512033922927	-2.873	-8.59	-2.202
1512033922931	-3.102	-9.127	-2.547
1512033922942	-3.131	-9.845	-3.026
1512033922957	-3.035	-10.755	-3.38
1512033922961	-3.122	-11.799	-3.677
1512033922972	-2.959	-12.536	-3.993
1512033922987	-2.806	-12.718	-4.348
1512033922991	-2.528	-12.421	-4.941
1512033923002	-2.384	-12.287	-5.248
1512033923017	-1.848	-12.507	-4.683
1512033923021	-1.35	-12.498	-3.533
1512033923032	-1.034	-10.889	-2.174
1512033923047	-0.881	-10.18	-0.986
1512033923051	-0.852	-10.017	-0.162
1512033923062	-1.273	-10.17	0.038
1512033923077	-1.561	-10.458	-0.421
1512033923081	-1.321	-10.343	-1.149
1512033923092	-0.948	-10.027	-2.078
1512033923107	-0.488	-9.682	-3.035
1512033923111	-0.22	-9.586	-3.83
1512033923122	-0.306	-9.672	-4.501
1512033923137	-0.89	-9.835	-4.807
1512033923141	-1.905	-10.18	-4.577
1512033923152	-2.71	-10.908	-3.61
1512033923167	-3.189	-11.933	-2.145
1512033923171	-3.629	-13.005	-0.727
1512033923182	-3.955	-13.053	0.268
1512033923197	-3.945	-11.53	0.852
1512033923201	-4.06	-10.017	0.909
1512033923212	-4.261	-9.49	0.344
1512033923227	-4.223	-9.49	-0.679
1512033923231	-3.907	-9.49	-1.752
1512033923243	-3.639	-9.5	-2.691
1512033923258	-3.62	-9.433	-3.39
1512033923261	-3.524	-9.385	-3.782
1512033923272	-3.428	-9.443	-3.964
1512033923287	-3.189	-9.481	-3.897
1512033923322	-2.796	-9.5	-3.725
1512033923333	-2.423	-9.538	-3.409
1512033923339	-2.231	-9.615	-2.911
1512033923340	-2.001	-9.692	-2.633
1512033923344	-1.695	-9.72	-2.518
1512033923345	-1.398	-9.72	-2.365
1512033923358	-1.321	-9.778	-2.174
1512033923366	-1.359	-9.845	-1.992
1512033923375	-1.455	-9.912	-1.781
1512033923381	-1.599	-9.902	-1.637
1512033923391	-1.733	-9.807	-1.618
1512033923403	-1.896	-9.711	-1.685
1512033923411	-2.106	-9.701	-1.857
1512033923421	-2.298	-9.787	-2.049
1512033923436	-2.451	-9.826	-2.26
1512033923441	-2.604	-9.835	-2.413
1512033923454	-2.796	-9.787	-2.509
1512033923464	-3.035	-9.701	-2.518
1512033923471	-3.284	-9.739	-2.49
1512033923481	-3.457	-9.73	-2.595
1512033923495	-3.505	-9.701	-2.662
1512033923501	-3.476	-9.653	-2.633
1512033923515	-3.198	-9.586	-2.48
1512033923531	-3.026	-9.586	-2.451
1512033923542	-2.796	-9.586	-2.413
1512033923557	-2.614	-9.634	-2.384
1512033923561	-2.451	-9.682	-2.375
1512033923572	-2.279	-9.749	-2.346
1512033923581	-2.145	-9.845	-2.317
1512033923591	-2.039	-10.008	-2.241
1512033923603	-1.925	-10.113	-2.126
1512033923611	-1.848	-10.123	-2.059
1512033923621	-1.877	-10.008	-1.857
1512033923631	-1.934	-9.883	-1.963
1512033923648	-2.068	-9.835	-1.905
1512033923652	-2.375	-9.826	-1.896
1512033923662	-2.423	-9.768	-1.905
1512033923671	-2.423	-9.72	-1.963
1512033923681	-2.691	-9.644	-2.106
1512033923693	-2.729	-9.749	-2.202
1512033923708	-2.796	-9.653	-2.269
1512033923711	-2.815	-9.653	-2.336
1512033923723	-2.834	-9.787	-2.355
1512033923733	-2.853	-9.787	-2.365
1512033923747	-2.853	-9.538	-2.432
1512033923756	-2.873	-9.644	-2.442
1512033923761	-2.863	-9.797	-2.432
1512033923771	-2.786	-9.682	-2.327
1512033923783	-2.624	-9.701	-2.202
1512033923791	-2.499	-9.73	-2.087
1512033923801	-2.451	-9.845	-1.934
1512033923813	-2.423	-9.883	-1.829
1512033923821	-2.403	-9.854	-1.81
1512033923831	-2.394	-9.826	-1.857
1512033923844	-2.403	-9.807	-1.934
1512033923858	-2.413	-9.807	-2.039
1512033923861	-2.432	-9.787	-2.068
1512033923873	-2.461	-9.797	-2.059
1512033923881	-2.537	-9.778	-2.049
1512033923891	-2.633	-9.739	-2.03
1512033923903	-2.681	-9.663	-2.03
1512033923911	-2.71	-9.663	-2.059
1512033923921	-2.71	-9.701	-2.078
1512033923934	-2.71	-9.73	-2.135
1512033923941	-2.7	-9.672	-2.164
1512033923951	-2.7	-9.625	-2.183
1512033923964	-2.71	-9.577	-2.221
1512033923971	-2.7	-9.615	-2.241
1512033923981	-2.681	-9.615	-2.231
1512033924005	-2.614	-9.672	-2.231
1512033924008	-2.518	-9.682	-2.26
1512033924037	-2.394	-9.711	-2.26
1512033924039	-2.26	-9.73	-2.26
1512033924040	-2.126	-9.768	-2.25
1512033924042	-2.001	-9.72	-2.241
1512033924058	-1.886	-9.72	-2.298
1512033924068	-1.838	-9.73	-2.355
1512033924071	-1.886	-9.759	-2.375
1512033924085	-1.972	-9.835	-2.375
1512033924091	-2.087	-9.883	-2.327
1512033924101	-2.174	-9.931	-2.183
1512033924117	-2.202	-10.036	-2.059
1512033924121	-2.221	-10.151	-1.972
1512033924131	-2.25	-10.199	-1.857
1512033924143	-2.308	-10.113	-1.8
1512033924151	-2.375	-9.931	-1.867
1512033924161	-2.509	-9.835	-1.963
1512033924173	-2.633	-9.797	-2.154
1512033924181	-2.691	-9.826	-2.327
1512033924191	-2.71	-9.816	-2.442
1512033924204	-2.7	-9.854	-2.576
1512033924211	-2.576	-9.893	-2.719
1512033924221	-2.327	-9.941	-2.777
1512033924232	-2.078	-9.988	-2.595
1512033924241	-1.857	-9.979	-2.729
1512033924251	-1.695	-9.931	-2.71
1512033924262	-1.57	-9.816	-2.672
1512033924271	-1.513	-9.759	-2.672
1512033924281	-1.494	-9.807	-2.7
1512033924293	-1.455	-9.921	-2.47
1512033924301	-1.398	-10.017	-2.154
1512033924311	-1.35	-10.027	-2.279
1512033924324	-1.369	-10.075	-2.126
1512033924331	-1.417	-10.132	-2.154
1512033924341	-1.465	-10.17	-2.327
1512033924352	-1.359	-10.18	-2.509
1512033924361	-1.359	-10.065	-2.739
1512033924371	-1.302	-9.96	-2.863
1512033924382	-1.235	-9.902	-2.863
1512033924391	-1.216	-9.969	-2.739
1512033924401	-1.465	-10.027	-2.528
1512033924413	-1.522	-9.979	-2.403
1512033924421	-1.608	-9.979	-2.355
1512033924431	-1.685	-9.893	-2.375
1512033924444	-1.733	-9.864	-2.442
1512033924451	-1.81	-9.854	-2.547
1512033924464	-1.857	-9.845	-2.681
1512033924478	-1.963	-9.845	-2.7
1512033924484	-2.078	-9.826	-2.71
1512033924491	-2.097	-9.835	-2.643
1512033924502	-1.992	-9.864	-2.604
1512033924511	-1.829	-9.96	-2.595
1512033924521	-1.695	-9.931	-2.576
1512033924533	-1.58	-9.854	-2.595
1512033924541	-1.503	-9.807	-2.71
1512033924551	-1.484	-9.845	-2.786
1512033924564	-1.522	-9.988	-2.767
1512033924571	-1.532	-10.209	-2.691
1512033924581	-1.522	-10.305	-2.537
1512033924592	-1.426	-10.209	-2.423
1512033924601	-1.225	-10.084	-2.355
1512033924611	-1.13	-10.008	-2.355
1512033924623	-1.091	-9.979	-2.423
1512033924631	-1.168	-9.998	-2.461
1512033924642	-1.34	-10.036	-2.49
1512033924655	-1.503	-10.008	-2.432
1512033924661	-1.57	-9.883	-2.403
1512033924671	-1.618	-9.778	-2.413
1512033924691	-1.666	-9.739	-2.394
1512033924696	-1.781	-9.739	-2.461
1512033924701	-1.819	-9.893	-2.48
1512033924717	-1.838	-10.065	-2.432
1512033924722	-1.723	-9.902	-2.298
1512033924732	-1.608	-9.692	-2.317
1512033924743	-1.57	-9.557	-2.499
1512033924752	-1.541	-9.519	-2.691
1512033924769	-1.522	-9.615	-2.949
1512033924777	-1.484	-9.787	-3.122
1512033924788	-1.446	-10.008	-3.15
1512033924802	-1.388	-10.142	-3.045
1512033924808	-1.283	-10.113	-2.863
1512033924819	-1.245	-10.113	-2.672
1512033924828	-1.321	-10.161	-2.432
1512033924836	-1.407	-10.161	-2.212
1512033924841	-1.58	-10.257	-2.03
1512033924851	-1.848	-10.305	-1.886
1512033924866	-2.164	-10.343	-1.819
1512033924871	-2.49	-10.486	-1.829
1512033924882	-2.758	-10.649	-1.934
1512033924895	-2.978	-10.803	-2.087
1512033924901	-3.083	-10.812	-2.087
1512033924920	-3.17	-10.774	-2.068
1512033924927	-3.352	-10.984	-2.087
1512033924931	-3.361	-11.348	-2.087
1512033924941	-3.323	-11.55	-2.068
1512033924953	-2.786	-11.406	-2.413
1512033924961	-2.767	-11.272	-2.413
1512033924971	-2.442	-11.119	-2.624
1512033924983	-1.781	-11.09	-3.505
1512033924991	-1.781	-11.454	-3.505
1512033925001	-1.771	-12.392	-4.242
1512033925014	-1.848	-13.082	-4.443
1512033925021	-1.848	-13.149	-3.83
1512033925031	-1.704	-12.479	-3.246
1512033925045	-1.704	-11.626	-2.911
1512033925051	-2.154	-10.879	-2.499
1512033925063	-2.643	-10.467	-2.001
1512033925076	-3.907	-10.151	-1.379
1512033925081	-4.367	-10.151	-0.469
1512033925092	-4.031	-9.73	0.0
1512033925106	-3.189	-9.002	-0.306
1512033925111	-2.528	-8.973	-0.804
1512033925122	-1.676	-8.791	-1.063
1512033925136	-0.909	-8.514	-1.216
1512033925141	-0.239	-8.514	-1.599
1512033925151	0.584	-8.36	-2.059
1512033925166	1.082	-8.121	-2.643
1512033925171	1.283	-7.968	-3.246
1512033925181	1.551	-8.245	-3.639
1512033925196	1.944	-8.13	-3.878
1512033925201	2.26	-8.016	-3.543
1512033925211	2.403	-7.881	-2.633
1512033925226	1.771	-7.738	-1.264
1512033925231	1.043	-7.364	0.028
1512033925241	0.038	-6.962	0.555
1512033925256	-1.053	-6.751	0.0
1512033925261	-1.656	-6.608	-1.043
1512033925271	-2.106	-6.78	-2.001
1512033925287	-2.365	-7.24	-2.777
1512033925291	-2.49	-7.872	-3.16
1512033925302	-2.461	-8.657	-3.093
1512033925316	-2.288	-9.337	-2.873
1512033925321	-2.174	-9.672	-2.71
1512033925331	-2.135	-9.328	-2.509
1512033925347	-2.346	-8.81	-2.126
1512033925351	-2.681	-8.83	-1.647
1512033925363	-2.873	-9.232	-1.417
1512033925413	-2.968	-9.874	-1.407
1512033925416	-3.026	-10.822	-1.177
1512033925422	-2.825	-11.597	-0.948
1512033925427	-2.384	-11.358	-1.024
1512033925433	-1.81	-10.257	-1.312
1512033925434	-1.446	-9.577	-1.57
1512033925434	-1.494	-9.701	-1.896
1512033925443	-1.743	-10.381	-2.164
1512033925457	-1.896	-11.205	-2.355
1512033925470	-2.145	-11.253	-2.566
1512033925487	-2.47	-11.128	-2.911
1512033925491	-2.873	-11.138	-3.275
1512033925492	-3.198	-10.965	-3.591
1512033925502	-3.476	-10.659	-3.696
1512033925523	-3.811	-10.305	-3.294
1512033925526	-3.763	-9.826	-2.509
1512033925545	-3.754	-10.467	-1.359
1512033925558	-4.07	-11.971	-1.158
1512033925565	-4.204	-13.082	-1.101
1512033925572	-4.06	-13.293	-1.312
1512033925586	-3.629	-12.325	-1.589
1512033925591	-3.083	-11.023	-1.905
1512033925601	-3.179	-10.18	-2.614
1512033925613	-3.39	-9.625	-3.39
1512033925621	-3.725	-9.107	-3.907
1512033925631	-3.993	-9.059	-4.252
1512033925643	-3.696	-9.356	-4.07
1512033925651	-2.566	-9.701	-3.246
1512033925661	-1.455	-10.056	-2.461
1512033925673	-0.9	-10.17	-1.81
1512033925681	-0.612	-10.075	-1.417
1512033925691	-0.679	-9.854	-1.206
1512033925703	-1.216	-9.653	-1.053
1512033925711	-1.848	-9.644	-0.996
1512033925721	-2.375	-9.682	-1.35
1512033925733	-2.71	-9.72	-1.752
1512033925741	-2.739	-9.644	-2.384
1512033925751	-2.566	-9.634	-2.604
1512033925764	-2.413	-9.682	-2.825
1512033925771	-2.442	-9.701	-2.729
1512033925781	-2.758	-9.682	-2.633
1512033925793	-3.313	-9.615	-2.604
1512033925801	-3.668	-9.481	-2.624
1512033925811	-3.352	-9.337	-2.633
1512033925823	-2.968	-9.328	-2.681
1512033925831	-2.499	-9.337	-2.729
1512033925841	-2.279	-9.414	-2.806
1512033925853	-2.164	-9.538	-2.892
1512033925861	-2.106	-9.701	-2.834
1512033925871	-2.126	-9.749	-2.681
1512033925883	-2.308	-9.912	-2.47
1512033925891	-2.47	-9.979	-2.164
1512033925901	-2.537	-10.027	-1.905
1512033925913	-2.547	-10.113	-1.762
1512033925921	-2.576	-10.075	-1.704
1512033925931	-2.672	-10.008	-1.714
1512033925945	-2.767	-9.921	-1.8
1512033925951	-2.825	-9.826	-1.925
1512033925961	-2.882	-9.653	-2.059
1512033925976	-2.949	-9.481	-2.25
1512033925981	-3.045	-9.356	-2.48
1512033925991	-3.131	-9.347	-2.729
1512033926003	-3.17	-9.433	-2.94
1512033926011	-3.246	-9.49	-3.045
1512033926021	-3.208	-9.577	-3.016
1512033926033	-3.112	-9.634	-2.892
1512033926041	-2.93	-9.672	-2.758
1512033926051	-2.786	-9.672	-2.643
1512033926063	-2.576	-9.72	-2.585
1512033926094	-2.461	-9.759	-2.499
1512033926099	-2.394	-9.864	-2.413
1512033926104	-2.269	-9.96	-2.269
1512033926107	-2.145	-9.988	-2.135
1512033926131	-1.992	-9.902	-1.886
1512033926132	-1.934	-9.816	-1.877
1512033926143	-1.905	-9.73	-1.944
1512033926155	-2.02	-9.797	-2.116
1512033926161	-2.126	-9.835	-2.269
1512033926171	-2.154	-9.826	-2.432
1512033926189	-2.212	-9.759	-2.566
1512033926191	-2.308	-9.711	-2.652
1512033926201	-2.355	-9.739	-2.633
1512033926215	-2.355	-9.807	-2.624
1512033926224	-2.355	-9.845	-2.566
1512033926231	-2.336	-9.883	-2.499
1512033926244	-2.298	-9.893	-2.451
1512033926251	-2.327	-9.864	-2.375
1512033926261	-2.375	-9.807	-2.269
1512033926274	-2.375	-9.816	-2.231
1512033926281	-2.375	-9.816	-2.212
1512033926304	-2.279	-9.778	-2.26
1512033926311	-2.269	-9.739	-2.327
1512033926321	-2.336	-9.768	-2.365
1512033926333	-2.403	-9.749	-2.355
1512033926341	-2.432	-9.711	-2.346
1512033926351	-2.423	-9.739	-2.327
1512033926363	-2.423	-9.73	-2.317
1512033926371	-2.394	-9.692	-2.355
1512033926381	-2.384	-9.692	-2.403
1512033926396	-2.403	-9.711	-2.413
1512033926401	-2.375	-9.711	-2.384
1512033926411	-2.355	-9.73	-2.375
1512033926426	-2.375	-9.73	-2.26
1512033926431	-2.346	-9.73	-2.26
1512033926442	-2.327	-9.807	-2.279
1512033926456	-2.365	-9.893	-2.288
1512033926461	-2.413	-9.902	-2.336
1512033926472	-2.25	-9.864	-2.403
1512033926486	-2.365	-9.854	-2.499
1512033926491	-2.308	-9.739	-2.566
1512033926502	-2.308	-9.672	-2.672
1512033926516	-2.126	-9.644	-2.729
1512033926521	-2.221	-9.634	-2.777
1512033926532	-2.126	-9.653	-2.796
1512033926546	-2.078	-9.759	-2.786
1512033926551	-2.001	-9.826	-2.71
1512033926562	-1.944	-9.883	-2.643
1512033926576	-1.915	-9.912	-2.595
1512033926581	-1.857	-9.979	-2.509
1512033926592	-1.819	-10.056	-2.47
1512033926606	-1.8	-10.056	-2.384
1512033926611	-1.838	-10.027	-2.288
1512033926622	-1.915	-9.854	-2.174
1512033926636	-2.039	-9.835	-2.126
1512033926641	-2.183	-9.893	-2.145
1512033926652	-2.183	-9.864	-2.183
1512033926666	-2.126	-9.778	-2.327
1512033926671	-2.02	-9.653	-2.528
1512033926682	-1.963	-9.586	-2.767
1512033926696	-1.972	-9.557	-2.93
1512033926701	-2.001	-9.634	-2.988
1512033926712	-2.068	-9.72	-2.892
1512033926726	-2.116	-9.701	-2.719
1512033926732	-2.174	-9.701	-2.518
1512033926742	-2.183	-9.682	-2.423
1512033926757	-2.174	-9.644	-2.403
1512033926761	-2.145	-9.605	-2.442
1512033926772	-2.116	-9.625	-2.509
1512033926805	-2.183	-9.653	-2.557
1512033926808	-2.288	-9.711	-2.547
1512033926812	-2.384	-9.826	-2.499
1512033926815	-2.49	-9.921	-2.451
1512033926827	-2.566	-9.979	-2.403
1512033926843	-2.662	-10.132	-2.375
1512033926854	-2.71	-10.266	-2.403
1512033926861	-2.825	-10.458	-2.384
1512033926878	-2.968	-10.611	-2.279
1512033926888	-3.093	-10.774	-2.106
1512033926894	-3.304	-10.927	-1.934
1512033926907	-3.447	-10.822	-1.704
1512033926911	-3.39	-10.707	-1.666
1512033926921	-3.352	-10.688	-1.8
1512033926935	-3.189	-10.889	-2.059
1512033926941	-2.949	-11.09	-2.336
1512033926951	-2.7	-11.061	-2.614
1512033926965	-2.47	-11.032	-2.853
1512033926971	-2.288	-11.109	-3.141
1512033926981	-2.03	-11.597	-3.715
1512033926995	-1.723	-12.373	-4.3
1512033927001	-1.436	-13.024	-4.597
1512033927011	-1.11	-13.13	-4.51
1512033927024	-1.024	-12.536	-4.06
1512033927031	-1.197	-11.818	-3.677
1512033927041	-1.656	-11.272	-3.313
1512033927054	-2.384	-10.879	-2.806
1512033927061	-3.189	-10.429	-1.953
1512033927072	-3.926	-10.027	-1.063
1512033927087	-4.089	-9.73	-0.861
1512033927091	-3.83	-9.538	-0.976
1512033927102	-3.208	-9.328	-1.637
1512033927117	-2.384	-9.069	-1.608
1512033927121	-1.513	-8.82	-2.231
1512033927132	-0.612	-8.533	-3.438
1512033927147	0.191	-8.226	-3.897
1512033927151	0.833	-8.13	-3.696
1512033927162	1.79	-8.054	-3.198
1512033927177	1.771	-8.13	-2.403
1512033927181	1.867	-8.083	-1.685
1512033927192	1.312	-7.757	-0.842
1512033927207	1.312	-7.518	-0.201
1512033927211	-0.593	-7.115	-0.545
1512033927223	-1.072	-6.483	-1.12
1512033927237	-1.225	-6.1	-1.752
1512033927241	-1.254	-5.995	-2.116
1512033927253	-1.369	-6.732	-2.212
1512033927267	-1.494	-6.608	-2.317
1512033927271	-1.723	-6.742	-2.499
1512033927283	-1.963	-7.575	-2.662
1512033927297	-1.982	-8.81	-2.576
1512033927301	-1.8	-10.161	-2.384
1512033927313	-1.455	-11.004	-2.202
1512033927327	-1.455	-11.004	-2.02
1512033927331	-1.762	-10.237	-1.723
1512033927343	-2.154	-9.692	-1.407
1512033927357	-2.375	-9.787	-1.359
1512033927361	-2.509	-10.324	-1.608
1512033927373	-2.729	-11.119	-1.925
1512033927387	-2.901	-12.009	-2.221
1512033927391	-2.729	-12.162	-2.604
1512033927403	-2.384	-11.454	-2.911
1512033927417	-2.308	-10.534	-3.227
1512033927421	-2.413	-10.008	-3.601
1512033927433	-2.49	-9.969	-3.955
1512033927441	-2.624	-10.372	-4.156
1512033927451	-2.719	-10.697	-3.955
1512033927463	-2.576	-10.735	-3.658
1512033927476	-2.384	-10.534	-3.399
1512033927509	-2.221	-10.228	-3.035
1512033927511	-2.059	-9.96	-2.806
1512033927515	-2.03	-9.826	-2.604
1512033927517	-2.106	-9.96	-2.279
1512033927522	-2.317	-10.63	-1.877
1512033927541	-2.413	-11.607	-1.541
1512033927543	-2.355	-11.961	-1.417
1512033927554	-2.154	-11.396	-1.695
1512033927561	-2.221	-10.554	-2.384
1512033927571	-2.48	-10.036	-3.112
1512033927582	-2.643	-9.826	-3.677
1512033927591	-2.767	-9.596	-3.888
1512033927601	-2.978	-9.605	-3.917
1512033927612	-3.055	-9.931	-3.62
1512033927621	-2.806	-10.362	-2.959
1512033927632	-2.48	-10.41	-2.413
1512033927642	-2.135	-9.979	-2.298
1512033927651	-2.097	-9.596	-2.547
1512033927661	-2.221	-9.395	-3.074
1512033927672	-2.355	-9.337	-3.457
1512033927681	-2.461	-9.385	-3.562
1512033927691	-2.624	-9.49	-3.352
1512033927701	-2.959	-9.605	-2.988
1512033927711	-3.112	-9.644	-2.528
1512033927721	-3.131	-9.787	-2.164
1512033927731	-3.083	-10.084	-1.8
1512033927741	-2.978	-10.305	-1.513
1512033927751	-2.796	-10.228	-1.436
1512033927762	-2.643	-9.96	-1.57
1512033927771	-2.595	-9.711	-1.877
1512033927781	-2.681	-9.577	-2.308
1512033927792	-2.767	-9.634	-2.633
1512033927801	-2.834	-9.663	-2.786
1512033927811	-2.834	-9.634	-2.767
1512033927824	-2.739	-9.615	-2.432
1512033927831	-2.7	-9.605	-2.432
1512033927841	-2.71	-9.615	-2.365
1512033927853	-2.748	-9.634	-2.432
1512033927861	-2.748	-9.672	-2.432
1512033927871	-2.767	-9.73	-2.403
1512033927884	-2.758	-9.768	-2.355
1512033927891	-2.71	-9.787	-2.375
1512033927901	-2.652	-9.797	-2.442
1512033927915	-2.557	-9.557	-2.576
1512033927921	-2.403	-9.586	-2.748
1512033927931	-2.49	-9.567	-2.873
1512033927943	-2.384	-9.605	-2.844
1512033927951	-2.384	-9.644	-2.729
1512033927961	-2.308	-9.682	-2.557
1512033927973	-2.346	-9.72	-2.413
1512033927981	-2.394	-9.778	-2.269
1512033927991	-2.47	-9.807	-2.145
1512033928004	-2.566	-9.653	-2.087
1512033928011	-2.681	-9.749	-2.068
1512033928021	-2.777	-9.682	-2.049
1512033928035	-2.844	-9.749	-2.068
1512033928041	-2.892	-9.778	-2.097
1512033928052	-2.921	-9.807	-2.135
1512033928065	-2.94	-9.759	-2.212
1512033928071	-2.921	-9.692	-2.288
1512033928082	-2.844	-9.634	-2.384
1512033928094	-2.758	-9.634	-2.47
1512033928101	-2.614	-9.701	-2.509
1512033928111	-2.451	-9.749	-2.509
1512033928124	-2.336	-9.816	-2.499
1512033928131	-2.25	-9.807	-2.413
1512033928141	-2.26	-9.797	-2.288
1512033928154	-2.269	-9.826	-2.202
1512033928161	-2.355	-9.807	-2.126
1512033928193	-2.48	-9.787	-2.097
1512033928196	-2.557	-9.778	-2.049
1512033928199	-2.576	-9.778	-2.049
1512033928213	-2.672	-9.835	-2.154
1512033928224	-2.7	-9.807	-2.202
1512033928238	-2.71	-9.768	-2.288
1512033928245	-2.691	-9.749	-2.346
1512033928251	-2.652	-9.711	-2.375
1512033928261	-2.643	-9.663	-2.355
1512033928275	-2.652	-9.644	-2.25
1512033928281	-2.652	-9.672	-2.183
1512033928291	-2.662	-9.672	-2.116
1512033928302	-2.614	-9.605	-2.087
1512033928311	-2.576	-9.538	-2.106
1512033928321	-2.518	-9.529	-2.174
1512033928332	-2.48	-9.557	-2.241
1512033928341	-2.47	-9.586	-2.317
1512033928351	-2.509	-9.605	-2.355
1512033928361	-2.585	-9.625	-2.327
1512033928371	-2.652	-9.701	-2.317
1512033928381	-2.729	-9.739	-2.241
1512033928391	-2.767	-9.739	-2.174
1512033928401	-2.739	-9.749	-2.212
1512033928411	-2.873	-9.672	-2.078
1512033928424	-2.873	-9.663	-2.116
1512033928431	-2.786	-9.72	-2.212
1512033928441	-2.729	-9.778	-2.212
1512033928454	-2.739	-9.787	-2.231
1512033928461	-2.748	-9.768	-2.221
1512033928471	-2.758	-9.778	-2.174
1512033928485	-2.767	-9.768	-2.135
1512033928491	-2.758	-9.778	-2.116
1512033928501	-2.786	-9.807	-2.097
1512033928514	-2.806	-9.749	-2.049
1512033928531	-2.873	-9.672	-2.068
1512033928532	-2.959	-9.672	-2.135
1512033928541	-3.093	-9.663	-2.145
1512033928551	-3.189	-9.644	-2.116
1512033928561	-3.246	-9.73	-2.106
1512033928572	-3.332	-9.902	-2.097
1512033928581	-3.447	-10.113	-2.049
1512033928591	-3.524	-10.257	-1.848
1512033928603	-3.533	-10.305	-1.819
1512033928611	-3.457	-10.352	-1.771
1512033928621	-3.38	-10.247	-1.857
1512033928632	-3.265	-9.96	-2.011
1512033928641	-3.026	-9.759	-2.288
1512033928651	-3.112	-9.739	-2.595
1512033928662	-2.901	-9.835	-2.949
1512033928671	-2.576	-9.95	-3.246
1512033928681	-2.269	-10.027	-3.524
1512033928692	-1.762	-10.056	-3.725
1512033928701	-1.331	-10.027	-3.668
1512033928711	-0.909	-10.008	-3.39
1512033928722	-0.517	-9.931	-3.026
1512033928731	-0.354	-9.883	-2.595
1512033928741	-0.545	-9.864	-2.145
1512033928753	-1.177	-9.807	-1.829
1512033928761	-1.743	-9.749	-1.8
1512033928771	-2.068	-9.692	-1.982
1512033928783	-2.126	-9.768	-2.241
1512033928791	-2.068	-9.941	-2.403
1512033928801	-2.097	-10.381	-2.518
1512033928815	-2.269	-10.984	-2.499
1512033928821	-2.336	-11.444	-2.269
1512033928831	-2.308	-11.77	-1.953
1512033928851	-1.513	-11.664	-1.685
1512033928861	-1.139	-11.712	-1.877
1512033928875	-1.082	-11.904	-2.403
1512033928910	-1.197	-11.77	-2.834
1512033928921	-1.666	-11.483	-3.227
1512033928923	-2.231	-11.272	-3.62
1512033928925	-2.729	-11.013	-3.754
1512033928928	-3.198	-10.793	-3.696
1512033928932	-3.62	-10.668	-3.601
1512033928942	-4.031	-10.506	-3.428
1512033928951	-4.185	-10.324	-3.112
1512033928964	-4.146	-10.065	-2.825
1512033928981	-3.61	-9.672	-2.509
1512033928997	-3.093	-9.778	-2.451
1512033929001	-2.375	-9.787	-2.288
1512033929011	-1.58	-9.577	-2.011
1512033929023	-0.861	-9.146	-1.771
1512033929031	-0.239	-8.542	-1.446
1512033929041	0.363	-8.025	-1.216
1512033929054	0.957	-7.632	-1.015
1512033929061	1.302	-7.441	-0.823
1512033929073	1.417	-7.431	-0.737
1512033929085	1.101	-7.336	-0.823
1512033929091	0.354	-7.02	-1.053
1512033929101	-0.268	-6.627	-1.158
1512033929114	-0.565	-6.311	-1.465
1512033929121	-0.756	-6.445	-1.857
1512033929131	-0.948	-6.78	-2.145
1512033929143	-1.34	-7.412	-2.442
1512033929151	-1.637	-8.169	-2.652
1512033929161	-1.647	-8.734	-2.365
1512033929175	-1.561	-9.174	-1.618
1512033929181	-1.589	-9.318	-1.618
1512033929191	-1.733	-9.117	-1.474
1512033929205	-2.145	-8.878	-1.541
1512033929211	-2.183	-8.983	-1.541
1512033929221	-2.346	-9.385	-1.81
1512033929235	-2.643	-9.835	-2.499
1512033929241	-2.604	-10.372	-2.499
1512033929252	-2.691	-11.071	-2.882
1512033929265	-2.815	-11.856	-2.672
1512033929271	-2.834	-12.459	-2.365
1512033929281	-2.624	-12.239	-1.953
1512033929296	-2.279	-11.253	-1.474
1512033929301	-2.375	-10.103	-1.273
1512033929311	-2.221	-9.127	-1.647
1512033929326	-2.49	-8.782	-2.202
1512033929331	-2.49	-9.069	-2.729
1512033929341	-2.853	-9.787	-3.371
1512033929356	-2.901	-10.621	-4.079
1512033929361	-2.901	-10.908	-4.587
1512033929371	-3.284	-10.659	-4.328
1512033929386	-3.687	-10.314	-3.409
1512033929391	-4.108	-10.515	-2.509
1512033929401	-3.993	-11.664	-1.647
1512033929416	-3.447	-13.091	-0.727
1512033929421	-2.796	-12.747	0.181
1512033929431	-2.47	-11.272	0.823
1512033929446	-2.806	-10.305	0.756
1512033929451	-3.323	-10.247	-0.277
1512033929461	-3.668	-10.305	-1.465
1512033929476	-3.687	-10.467	-2.413
1512033929491	-3.323	-10.237	-3.112
1512033929509	-2.968	-9.73	-3.62
1512033929511	-2.576	-9.232	-4.06
1512033929512	-2.039	-8.849	-4.29
1512033929522	-1.532	-8.849	-4.424
1512033929536	-1.12	-9.117	-4.453
1512033929541	-0.842	-9.443	-4.156
1512033929552	-0.775	-9.682	-3.524
1512033929566	-0.928	-9.96	-2.796
1512033929571	-1.158	-10.132	-2.02
1512033929606	-1.273	-10.18	-1.407
1512033929610	-1.312	-10.161	-1.063
1512033929615	-1.637	-9.998	-0.814
1512033929617	-1.637	-9.998	-0.814
1512033929630	-2.02	-9.768	-0.967
1512033929632	-2.451	-9.471	-1.407
1512033929645	-2.729	-9.203	-2.02
1512033929657	-2.901	-9.155	-2.614
1512033929661	-2.949	-9.203	-3.179
1512033929671	-3.035	-9.251	-3.447
1512033929686	-3.064	-9.232	-3.543
1512033929691	-3.131	-9.251	-3.466
1512033929701	-3.256	-9.347	-3.246
1512033929715	-3.361	-9.538	-2.949
1512033929721	-3.476	-9.663	-2.499
1512033929731	-3.61	-9.807	-2.068
1512033929746	-3.725	-9.941	-1.656
1512033929751	-3.821	-10.123	-1.206
1512033929761	-3.869	-10.257	-0.871
1512033929774	-3.811	-10.352	-0.632
1512033929783	-3.715	-10.314	-0.565
1512033929791	-3.572	-10.237	-0.785
1512033929804	-3.466	-10.142	-1.082
1512033929811	-3.505	-9.969	-1.503
1512033929821	-3.438	-9.778	-1.982
1512033929835	-3.361	-9.586	-2.403
1512033929841	-3.284	-9.443	-2.71
1512033929851	-3.17	-9.395	-2.959
1512033929864	-2.968	-9.356	-3.361
1512033929872	-2.624	-9.423	-3.371
1512033929881	-2.202	-9.471	-3.332
1512033929894	-1.867	-9.529	-2.825
1512033929901	-1.704	-9.625	-2.815
1512033929911	-1.647	-9.759	-2.47
1512033929927	-1.704	-9.902	-2.183
1512033929931	-1.752	-10.027	-1.972
1512033929941	-1.704	-10.094	-1.848
1512033929954	-1.666	-10.046	-1.972
1512033930053	-1.628	-9.979	-1.867
1512033930054	-1.647	-9.95	-1.944
1512033930054	-1.752	-9.941	-2.011
1512033930055	-1.953	-9.96	-2.078
1512033930056	-2.164	-9.979	-2.078
1512033930056	-2.384	-9.979	-2.068
1512033930057	-2.566	-9.931	-2.059
1512033930057	-2.71	-9.826	-2.087
1512033930058	-2.786	-9.787	-2.202
1512033930059	-2.863	-9.826	-2.269
1512033930063	-2.863	-9.874	-2.327
1512033930074	-2.7	-9.883	-2.346
1512033930081	-2.834	-9.864	-2.327
1512033930091	-2.767	-9.778	-2.317
1512033930106	-2.672	-9.739	-2.26
1512033930111	-2.576	-9.739	-2.202
1512033930121	-2.537	-9.912	-2.078
1512033930135	-2.48	-9.816	-1.934
1512033930141	-2.423	-9.864	-1.848
1512033930151	-2.355	-9.854	-1.79
1512033930165	-2.298	-9.902	-1.771
1512033930171	-2.241	-9.912	-1.81
1512033930181	-2.231	-9.893	-1.867
1512033930194	-2.269	-9.845	-1.963
1512033930201	-2.308	-9.816	-2.059
1512033930211	-2.336	-9.835	-2.135
1512033930227	-2.346	-9.807	-2.164
1512033930231	-2.394	-9.759	-2.183
1512033930243	-2.432	-9.73	-2.174
1512033930252	-2.47	-9.73	-2.164
1512033930263	-2.518	-9.759	-2.097
1512033930284	-2.509	-9.768	-2.059
1512033930286	-2.49	-9.739	-2.039
1512033930291	-2.47	-9.73	-2.059
1512033930312	-2.48	-9.749	-2.049
1512033930321	-2.537	-9.759	-2.068
1512033930331	-2.633	-9.749	-2.059
1512033930345	-2.71	-9.72	-2.068
1512033930351	-2.786	-9.711	-2.049
1512033930361	-2.806	-9.711	-2.068
1512033930373	-2.806	-9.749	-2.03
1512033930393	-2.767	-9.768	-1.992
1512033930393	-2.691	-9.787	-2.001
1512033930407	-2.614	-9.816	-2.001
1512033930411	-2.509	-9.845	-2.001
1512033930421	-2.423	-9.874	-1.963
1512033930432	-2.355	-9.845	-1.915
1512033930441	-2.327	-9.797	-1.867
1512033930451	-2.327	-9.749	-1.8
1512033930464	-2.365	-9.739	-1.79
1512033930471	-2.413	-9.768	-1.829
1512033930488	-2.442	-9.768	-1.877
1512033930493	-2.461	-9.787	-1.934
1512033930501	-2.48	-9.797	-2.001
1512033930511	-2.518	-9.759	-2.039
1512033930524	-2.528	-9.73	-2.03
1512033930542	-2.518	-9.768	-2.068
1512033930543	-2.624	-9.778	-2.03
1512033930555	-2.633	-9.749	-2.02
1512033930561	-2.614	-9.778	-1.992
1512033930571	-2.614	-9.759	-1.953
1512033930586	-2.643	-9.768	-1.925
1512033930591	-2.633	-9.826	-1.896
1512033930601	-2.652	-9.874	-1.819
1512033930615	-2.672	-9.921	-1.752
1512033930630	-2.7	-9.95	-1.695
1512033930631	-2.7	-9.835	-1.628
1512033930645	-2.681	-9.787	-1.656
1512033930651	-2.672	-9.787	-1.79
1512033930661	-2.681	-9.749	-1.944
1512033930676	-2.758	-9.797	-2.212
1512033930681	-2.844	-9.893	-2.576
1512033930691	-2.94	-9.96	-2.71
1512033930705	-2.959	-10.036	-2.442
1512033930716	-2.93	-10.036	-2.317
1512033930721	-2.834	-10.017	-2.193
1512033930735	-2.681	-10.113	-2.001
1512033930741	-2.528	-10.142	-1.857
1512033930754	-2.183	-10.094	-1.896
1512033930769	-2.202	-10.199	-1.982
1512033930771	-1.992	-10.372	-2.049
1512033930781	-1.972	-10.534	-2.145
1512033930791	-1.896	-10.726	-2.202
1512033930801	-1.771	-10.822	-2.174
1512033930811	-1.647	-10.783	-2.116
1512033930825	-1.618	-10.735	-2.078
1512033930831	-1.656	-10.716	-2.087
1512033930841	-1.752	-10.429	-2.193
1512033930855	-2.116	-10.419	-2.327
1512033930861	-2.509	-10.419	-2.47
1512033930871	-2.844	-10.688	-2.461
1512033930886	-3.265	-11.119	-2.413
1512033930891	-3.553	-11.636	-2.47
1512033930902	-3.648	-12.0	-2.451
1512033930919	-3.763	-12.191	-2.308
1512033930921	-3.955	-12.143	-2.193
1512033930935	-4.07	-12.067	-2.241
1512033930949	-4.242	-11.684	-2.231
1512033930952	-4.549	-11.109	-2.039
1512033930964	-4.913	-10.659	-1.752
1512033930998	-5.363	-10.429	-1.541
1512033931008	-5.842	-10.668	-1.206
1512033931012	-5.966	-10.946	-0.823
1512033931015	-5.353	-11.042	-0.718
1512033931018	-4.108	-10.822	-0.861
1512033931027	-2.624	-10.467	-1.11
1512033931035	-0.737	-10.132	-1.867
1512033931041	1.369	-9.787	-3.332
1512033931055	3.352	-9.404	-4.989
1512033931061	4.951	-9.002	-5.755
1512033931071	6.024	-8.312	-5.2
1512033931082	6.426	-7.202	-3.821
1512033931091	5.593	-6.34	-0.957
1512033931101	2.921	-5.937	1.053
1512033931111	0.459	-5.42	0.766
1512033931121	-0.689	-4.913	-0.459
1512033931131	-1.436	-4.702	-1.561
1512033931142	-1.992	-4.788	-2.288
1512033931151	-2.336	-5.095	-2.442
1512033931161	-2.595	-5.583	-2.26
1512033931171	-2.767	-6.138	-1.944
1512033931181	-2.585	-6.924	-1.608
1512033931191	-2.317	-7.996	-1.503
1512033931201	-1.992	-9.289	-1.58
1512033931211	-1.57	-10.314	-1.848
1512033931221	-1.292	-10.812	-2.097
1512033931232	-1.168	-10.515	-2.049
1512033931241	-1.139	-9.768	-1.848
1512033931251	-1.187	-9.318	-1.714
1512033931261	-1.561	-9.519	-1.953
1512033931271	-2.212	-10.486	-2.423
1512033931281	-2.71	-11.578	-2.739
1512033931295	-2.968	-12.172	-3.131
1512033931301	-2.901	-12.028	-3.514
1512033931311	-2.624	-11.511	-3.802
1512033931321	-2.394	-11.119	-3.878
1512033931331	-2.049	-11.013	-3.744
1512033931341	-1.695	-11.147	-3.61
1512033931353	-1.331	-11.281	-3.447
1512033931361	-0.909	-11.301	-3.428
1512033931371	-0.67	-11.138	-3.725
1512033931381	-0.909	-11.54	-3.055
1512033931391	-1.589	-12.517	-2.241
1512033931401	-1.944	-13.427	-1.81
1512033931412	-2.212	-13.771	-1.331
1512033931421	-2.279	-12.986	-1.484
1512033931431	-2.432	-11.444	-2.049
1512033931442	-2.719	-10.439	-2.844
1512033931451	-2.949	-9.998	-3.323
1512033931461	-3.754	-9.854	-3.304
1512033931472	-4.328	-9.921	-3.15
1512033931481	-4.482	-10.209	-2.834
1512033931491	-4.204	-10.257	-2.662
1512033931507	-3.505	-9.299	-2.767
1512033931511	-2.901	-9.299	-2.815
1512033931521	-2.509	-9.002	-2.844
1512033931531	-2.279	-9.079	-2.815
1512033931541	-2.03	-9.529	-2.901
1512033931551	-1.762	-9.931	-2.911
1512033931567	-1.599	-9.998	-2.767
1512033931571	-1.455	-10.008	-2.585
1512033931581	-1.254	-9.874	-2.298
1512033931592	-1.11	-9.778	-2.097
1512033931601	-1.11	-9.768	-1.944
1512033931611	-1.235	-9.854	-1.905
1512033931622	-1.426	-9.96	-1.905
1512033931631	-1.656	-9.941	-1.972
1512033931641	-1.934	-9.787	-2.049
1512033931656	-2.202	-9.711	-2.154
1512033931684	-2.451	-9.778	-2.231
1512033931693	-2.624	-9.941	-2.26
1512033931696	-2.7	-10.075	-2.183
1512033931703	-2.739	-10.017	-2.078
1512033931706	-2.786	-9.854	-1.992
1512033931716	-2.815	-9.759	-1.982
1512033931721	-2.796	-9.692	-2.001
1512033931731	-2.786	-9.73	-2.116
1512033931744	-2.739	-9.749	-2.288
1512033931751	-2.729	-9.768	-2.375
1512033931762	-2.748	-9.826	-2.499
1512033931776	-2.7	-9.826	-2.547
1512033931781	-2.652	-9.787	-2.48
1512033931791	-2.557	-9.778	-2.336
1512033931804	-2.461	-9.826	-2.202
1512033931811	-2.375	-9.864	-2.049
1512033931821	-2.336	-9.883	-1.944
1512033931833	-2.25	-9.902	-1.877
1512033931841	-2.183	-9.835	-1.838
1512033931851	-2.116	-9.759	-1.896
1512033931864	-2.097	-9.787	-1.972
1512033931871	-2.135	-9.807	-2.011
1512033931881	-2.126	-9.816	-2.059
1512033931892	-2.135	-9.816	-2.116
1512033931901	-2.202	-9.778	-2.145
1512033931911	-2.25	-9.73	-2.135
1512033931924	-2.317	-9.711	-2.135
1512033931931	-2.403	-9.768	-2.116
1512033931941	-2.518	-9.739	-2.049
1512033931955	-2.624	-9.72	-2.039
1512033931961	-2.758	-9.672	-2.03
1512033931971	-2.844	-9.701	-2.039
1512033931986	-2.921	-9.682	-2.097
1512033931991	-2.921	-9.759	-2.097
1512033932001	-2.911	-9.826	-2.126
1512033932015	-2.825	-9.816	-2.078
1512033932021	-2.748	-9.711	-2.078
1512033932031	-2.595	-9.644	-2.145
1512033932045	-2.518	-9.72	-2.183
1512033932051	-2.461	-9.797	-2.183
1512033932061	-2.384	-9.845	-2.135
1512033932075	-2.135	-9.893	-2.059
1512033932081	-2.221	-9.902	-1.905
1512033932091	-2.164	-9.941	-1.953
1512033932105	-2.145	-9.96	-1.886
1512033932111	-2.145	-10.008	-1.886
1512033932121	-2.193	-9.969	-1.944
1512033932135	-2.336	-9.941	-1.972
1512033932141	-2.336	-9.902	-2.011
1512033932151	-2.528	-9.874	-2.011
1512033932165	-2.47	-9.854	-2.078
1512033932171	-2.47	-9.902	-2.116
1512033932181	-2.557	-9.921	-2.135
1512033932195	-2.585	-9.73	-2.193
1512033932201	-2.604	-9.787	-2.231
1512033932211	-2.604	-9.739	-2.231
1512033932225	-2.595	-9.711	-2.183
1512033932231	-2.604	-9.692	-2.126
1512033932241	-2.595	-9.739	-2.059
1512033932256	-2.595	-9.759	-1.992
1512033932261	-2.537	-9.759	-1.953
1512033932271	-2.49	-9.835	-1.934
1512033932285	-2.442	-9.864	-1.915
1512033932291	-2.394	-9.816	-1.896
1512033932301	-2.375	-9.778	-1.915
1512033932315	-2.355	-9.778	-1.963
1512033932321	-2.394	-9.797	-2.001
1512033932331	-2.413	-9.797	-2.03
1512033932345	-2.423	-9.778	-2.039
1512033932374	-2.403	-9.73	-2.068
1512033932377	-2.403	-9.682	-2.078
1512033932379	-2.403	-9.682	-2.135
1512033932381	-2.403	-9.711	-2.164
1512033932396	-2.423	-9.711	-2.135
1512033932404	-2.47	-9.711	-2.145
1512033932411	-2.518	-9.682	-2.126
1512033932421	-2.557	-9.711	-2.106
1512033932434	-2.604	-9.768	-2.097
1512033932441	-2.614	-9.778	-2.039
1512033932451	-2.643	-9.816	-2.068
1512033932463	-2.633	-9.845	-2.03
1512033932471	-2.585	-9.893	-2.049
1512033932481	-2.7	-9.893	-2.078
1512033932492	-2.796	-9.816	-2.001
1512033932501	-2.806	-9.807	-2.078
1512033932511	-2.796	-9.787	-2.145
1512033932522	-2.815	-9.73	-2.059
1512033932531	-2.796	-9.625	-2.039
1512033932541	-2.758	-9.596	-2.097
1512033932552	-2.748	-9.596	-2.106
1512033932561	-2.71	-9.596	-2.106
1512033932571	-2.652	-9.634	-2.145
1512033932585	-2.595	-9.682	-2.212
1512033932591	-2.595	-9.73	-2.241
1512033932601	-2.595	-9.816	-2.231
1512033932615	-2.614	-9.931	-2.241
1512033932621	-2.652	-9.988	-2.183
1512033932631	-2.71	-9.988	-2.154
1512033932645	-2.729	-9.941	-2.106
1512033932651	-2.786	-9.941	-2.106
1512033932661	-2.825	-9.921	-2.049
1512033932675	-2.844	-9.95	-1.944
1512033932681	-2.825	-9.969	-1.944
1512033932691	-2.806	-9.883	-1.934
1512033932705	-2.796	-9.864	-2.106
1512033932711	-2.786	-9.912	-2.106
1512033932722	-2.748	-9.969	-2.202
1512033932735	-2.499	-9.95	-2.365
1512033932741	-2.461	-9.921	-2.365
1512033932753	-2.26	-9.874	-2.585
1512033932767	-2.049	-9.787	-2.47
1512033932771	-1.867	-9.739	-2.528
1512033932781	-1.723	-9.826	-2.355
1512033932798	-1.656	-10.065	-2.26
1512033932801	-1.656	-9.988	-2.26
1512033932811	-1.714	-9.998	-2.106
1512033932826	-1.982	-9.921	-2.212
1512033932831	-1.944	-9.854	-2.336
1512033932841	-1.982	-9.883	-2.499
1512033932856	-2.097	-10.075	-2.604
1512033932861	-1.944	-10.324	-2.633
1512033932871	-1.877	-10.467	-2.509
1512033932886	-1.637	-10.458	-2.384
1512033932891	-1.484	-10.419	-2.346
1512033932901	-1.666	-10.343	-2.394
1512033932915	-2.03	-10.266	-2.537
1512033932921	-2.308	-10.218	-2.739
1512033932931	-2.662	-10.649	-2.959
1512033932946	-2.691	-11.147	-3.055
1512033932951	-2.614	-11.55	-3.102
1512033932961	-2.518	-12.182	-3.141
1512033932976	-2.327	-12.574	-3.026
1512033932981	-2.049	-12.641	-2.786
1512033932991	-1.934	-12.584	-2.614
1512033933006	-2.039	-12.479	-2.442
1512033933011	-2.375	-12.249	-2.174
1512033933021	-2.739	-11.837	-1.905
1512033933036	-3.035	-11.224	-1.771
1512033933068	-3.371	-10.659	-1.963
1512033933073	-3.591	-10.448	-2.183
1512033933079	-3.495	-10.199	-2.193
1512033933082	-2.94	-9.902	-2.145
1512033933083	-2.202	-9.452	-2.164
1512033933097	-1.321	-8.935	-2.212
1512033933111	-0.478	-8.475	-2.365
1512033933117	-0.114	-8.265	-2.633
1512033933126	-0.038	-8.121	-3.093
1512033933131	-0.095	-8.025	-3.601
1512033933141	-0.612	-7.891	-3.85
1512033933155	-0.976	-7.69	-3.821
1512033933161	-0.775	-7.537	-3.601
1512033933171	-0.249	-7.623	-3.16
1512033933183	0.249	-7.623	-2.375
1512033933191	0.507	-7.565	-1.503
1512033933201	0.306	-7.134	-0.699
1512033933215	-0.057	-6.541	-0.498
1512033933221	-0.737	-6.148	-0.804
1512033933231	-1.197	-6.062	-1.417
1512033933245	-1.379	-6.119	-2.059
1512033933251	-1.417	-6.263	-2.509
1512033933261	-1.388	-6.636	-2.777
1512033933275	-1.474	-7.345	-2.815
1512033933281	-1.628	-8.466	-2.7
1512033933291	-1.676	-9.72	-2.633
1512033933303	-1.446	-10.688	-2.633
1512033933311	-0.986	-11.071	-2.7
1512033933321	-0.756	-11.09	-2.7
1512033933336	-0.938	-11.243	-1.982
1512033933341	-1.225	-11.473	-2.059
1512033933351	-1.494	-11.387	-1.857
1512033933366	-1.762	-10.87	-2.106
1512033933371	-2.049	-10.381	-2.106
1512033933382	-2.241	-10.008	-2.739
1512033933396	-2.317	-9.95	-3.964
1512033933401	-2.308	-10.266	-3.964
1512033933411	-2.154	-10.85	-4.443
1512033933426	-1.944	-11.53	-4.769
1512033933431	-1.666	-11.808	-4.769
1512033933441	-1.608	-11.521	-4.558
1512033933456	-1.704	-10.975	-3.754
1512033933461	-1.877	-10.477	-3.754
1512033933471	-2.174	-10.649	-2.547
1512033933486	-2.269	-11.444	-2.059
1512033933491	-2.126	-12.095	-1.762
1512033933510	-2.097	-12.344	-1.541
1512033933529	-2.097	-11.904	-1.915
1512033933531	-2.288	-10.305	-2.308
1512033933547	-2.432	-9.931	-2.719
1512033933551	-2.633	-9.835	-3.016
1512033933562	-3.122	-9.864	-3.035
1512033933580	-3.055	-9.768	-2.93
1512033933582	-2.767	-9.72	-2.901
1512033933592	-2.25	-9.864	-2.71
1512033933607	-2.011	-9.95	-2.528
1512033933611	-2.039	-9.921	-2.47
1512033933623	-2.174	-9.797	-2.528
1512033933638	-2.269	-9.672	-2.624
1512033933654	-2.442	-9.577	-2.729
1512033933670	-2.327	-9.557	-2.758
1512033933671	-2.135	-9.5	-2.748
1512033933683	-2.001	-9.835	-2.739
1512033933697	-1.886	-10.046	-2.729
1512033933701	-1.877	-10.017	-2.691
1512033933713	-1.953	-9.816	-2.719
1512033933727	-2.174	-9.586	-2.691
1512033933731	-2.375	-9.519	-2.614
1512033933742	-2.585	-9.701	-2.585
1512033933796	-2.729	-9.902	-2.413
1512033933799	-2.853	-10.065	-2.202
1512033933801	-2.978	-10.094	-2.03
1512033933806	-3.064	-10.017	-1.867
1512033933807	-3.141	-9.874	-1.771
1512033933809	-3.217	-9.739	-1.867
1512033933818	-3.246	-9.682	-1.972
1512033933823	-3.265	-9.644	-2.126
1512033933834	-3.237	-9.605	-2.317
1512033933847	-3.237	-9.519	-2.49
1512033933852	-3.198	-9.462	-2.633
1512033933867	-3.093	-9.471	-2.767
1512033933877	-2.93	-9.548	-2.806
1512033933881	-2.7	-9.672	-2.777
1512033933891	-2.355	-9.749	-2.595
1512033933905	-2.087	-9.73	-2.384
1512033933911	-1.934	-9.759	-2.212
1512033933921	-1.886	-9.816	-2.049
1512033933936	-1.915	-9.902	-1.905
1512033933941	-2.011	-9.96	-1.819
1512033933951	-2.116	-10.036	-1.81
1512033933965	-2.231	-10.017	-1.79
1512033933971	-2.317	-9.921	-1.743
1512033933981	-2.365	-9.864	-1.79
1512033933994	-2.442	-9.835	-1.829
1512033934001	-2.547	-9.807	-1.829
1512033934011	-2.624	-9.787	-1.934
1512033934026	-2.71	-9.739	-2.068
1512033934031	-2.786	-9.692	-2.145
1512033934041	-2.834	-9.653	-2.269
1512033934058	-2.844	-9.644	-2.336
1512033934061	-2.767	-9.663	-2.346
1512033934072	-2.71	-9.672	-2.327
1512033934087	-2.643	-9.653	-2.231
1512033934091	-2.595	-9.701	-2.087
1512033934103	-2.585	-9.768	-1.972
1512033934117	-2.576	-9.864	-1.905
1512033934121	-2.557	-9.95	-1.848
1512033934132	-2.528	-10.027	-1.857
1512033934147	-2.537	-10.008	-1.848
1512033934151	-2.518	-9.883	-1.886
1512033934163	-2.49	-9.845	-1.915
1512033934177	-2.48	-9.816	-1.676
1512033934181	-2.451	-9.787	-1.762
1512033934192	-2.442	-9.73	-1.714
1512033934207	-2.49	-9.711	-1.714
1512033934211	-2.604	-9.663	-1.723
1512033934222	-2.758	-9.634	-1.857
1512033934237	-2.863	-9.567	-2.001
1512033934241	-2.94	-9.615	-2.116
1512033934252	-2.988	-9.672	-2.145
1512033934267	-2.988	-9.701	-2.174
1512033934271	-2.748	-9.72	-2.135
1512033934282	-2.585	-9.739	-2.039
1512033934295	-2.442	-9.759	-1.963
1512033934301	-2.308	-9.826	-1.886
1512033934312	-2.221	-9.874	-1.848
1512033934326	-2.154	-9.921	-1.867
1512033934331	-2.164	-9.912	-1.877
1512033934341	-2.221	-9.883	-1.886
1512033934357	-2.269	-9.845	-1.905
1512033934361	-2.355	-9.653	-1.905
1512033934372	-2.423	-9.797	-1.925
1512033934390	-2.528	-9.787	-1.944
1512033934391	-2.576	-9.759	-2.001
1512033934404	-2.614	-9.749	-2.039
1512033934417	-2.643	-9.739	-2.078
1512033934421	-2.643	-9.682	-2.106
1512033934432	-2.633	-9.625	-2.135
1512033934465	-2.624	-9.615	-2.183
1512033934466	-2.614	-9.596	-2.212
1512033934467	-2.624	-9.577	-2.221
1512033934473	-2.652	-9.577	-2.279
1512033934481	-2.681	-9.625	-2.327
1512033934493	-2.71	-9.634	-2.355
1512033934512	-2.719	-9.663	-2.355
1512033934512	-2.71	-9.711	-2.336
1512033934526	-2.652	-9.816	-2.231
1512033934533	-2.566	-9.864	-2.087
1512033934553	-2.518	-9.883	-1.934
1512033934554	-2.518	-9.912	-1.771
1512033934563	-2.566	-9.921	-1.637
1512033934571	-2.624	-9.893	-1.608
1512033934582	-2.691	-9.893	-1.637
1512033934593	-2.71	-9.864	-1.695
1512033934601	-2.719	-9.845	-1.838
1512033934612	-2.691	-9.845	-1.925
1512033934621	-2.672	-9.854	-2.001
1512033934631	-2.604	-9.883	-2.116
1512033934641	-2.518	-9.893	-2.183
1512033934651	-2.413	-9.921	-2.25
1512033934661	-2.298	-9.931	-2.308
1512033934673	-2.212	-9.902	-2.355
1512033934681	-2.106	-9.893	-2.394
1512033934691	-2.049	-9.854	-2.432
1512033934701	-1.972	-9.864	-2.461
1512033934711	-1.953	-9.95	-2.48
1512033934721	-1.925	-10.017	-2.47
1512033934732	-1.848	-9.979	-2.451
1512033934741	-1.733	-9.931	-2.423
1512033934751	-1.752	-9.921	-2.384
1512033934763	-1.886	-9.941	-2.346
1512033934771	-2.078	-10.036	-2.288
1512033934781	-2.346	-10.17	-2.279
1512033934793	-2.566	-10.352	-2.193
1512033934801	-2.739	-10.486	-2.097
1512033934811	-2.806	-10.601	-1.992
1512033934822	-2.796	-10.688	-1.972
1512033934831	-2.853	-10.745	-2.02
1512033934841	-3.007	-10.908	-2.106
1512033934852	-3.15	-11.09	-2.231
1512033934861	-3.284	-11.205	-2.365
1512033934871	-3.227	-11.09	-2.547
1512033934882	-2.911	-10.956	-3.045
1512033934891	-2.604	-11.09	-3.294
1512033934902	-2.403	-11.358	-3.38
1512033934913	-2.25	-11.684	-3.601
1512033934921	-2.145	-12.124	-3.85
1512033934931	-2.164	-12.632	-3.744
1512033934945	-2.174	-12.574	-3.313
1512033934951	-2.279	-12.316	-2.882
1512033934963	-2.834	-12.325	-2.394
1512033934975	-2.968	-12.392	-1.762
1512033934981	-3.122	-12.019	-1.063
1512033934993	-3.16	-11.511	-0.632
1512033935005	-3.16	-10.908	-0.277
1512033935011	-2.863	-10.362	0.057
1512033935024	-2.384	-9.845	0.21
1512033935035	-1.58	-9.165	0.047
1512033935041	-0.718	-7.996	-0.162
1512033935054	0.047	-7.795	-0.383
1512033935065	1.063	-7.46	-0.775
1512033935071	2.059	-7.326	-1.379
1512033935082	2.739	-7.249	-2.336
1512033935096	2.777	-7.403	-3.591
1512033935101	2.853	-7.604	-5.008
1512033935115	2.739	-7.738	-6.301
1512033935126	2.825	-7.374	-7.211
1512033935177	2.834	-6.78	-7.288
1512033935182	2.614	-6.675	-6.531
1512033935185	1.953	-6.838	-5.037
1512033935187	1.053	-7.01	-2.949
1512033935188	-0.536	-7.68	-1.063
1512033935189	-2.672	-8.408	0.181
1512033935196	-3.888	-8.667	0.459
1512033935201	-4.204	-8.858	0.277
1512033935213	-3.936	-9.241	-0.335
1512033935221	-3.639	-9.739	-0.909
1512033935231	-3.562	-10.113	-1.321
1512033935244	-3.782	-10.544	-1.474
1512033935251	-4.012	-11.023	-1.312
1512033935261	-4.367	-11.511	-1.043
1512033935276	-4.778	-11.837	-0.842
1512033935281	-4.558	-11.741	-0.833
1512033935293	-3.677	-11.032	-1.225
1512033935305	-2.576	-10.458	-1.886
1512033935311	-1.934	-10.266	-2.403
1512033935321	-1.369	-10.084	-2.691
1512033935334	-1.005	-10.017	-2.988
1512033935341	-0.66	-9.797	-3.208
1512033935351	-0.699	-9.653	-3.371
1512033935364	-1.168	-9.605	-3.639
1512033935371	-1.474	-9.557	-3.792
1512033935381	-1.436	-9.395	-3.62
1512033935392	-1.245	-9.337	-3.179
1512033935401	-1.082	-9.663	-2.901
1512033935411	-0.909	-10.209	-2.604
1512033935422	-0.871	-10.63	-2.193
1512033935431	-0.919	-11.004	-1.905
1512033935441	-1.13	-11.511	-1.637
1512033935454	-1.177	-12.124	-1.264
1512033935461	-0.747	-12.153	-1.264
1512033935473	-0.44	-11.76	-1.417
1512033935486	-0.517	-11.224	-1.963
1512033935493	-1.149	-11.042	-2.748
1512033935506	-1.944	-10.937	-3.447
1512033935514	-2.758	-10.86	-3.514
1512033935530	-3.572	-10.812	-3.035
1512033935540	-4.118	-10.946	-2.202
1512033935543	-4.28	-11.08	-0.938
1512033935557	-4.309	-10.927	-0.938
1512033935566	-4.233	-10.458	-1.043
1512033935574	-4.022	-10.036	-1.723
1512033935581	-3.84	-9.835	-1.819
1512033935591	-3.639	-9.759	-2.221
1512033935603	-3.179	-9.73	-3.217
1512033935614	-3.179	-9.672	-3.524
1512033935621	-2.834	-9.711	-3.763
1512033935633	-1.896	-9.739	-3.754
1512033935641	-1.896	-9.73	-3.792
1512033935651	-1.321	-9.692	-3.648
1512033935664	-0.727	-9.538	-3.342
1512033935671	-0.727	-9.538	-3.035
1512033935681	-0.881	-9.529	-2.758
1512033935693	-1.206	-9.711	-2.365
1512033935701	-1.359	-9.711	-1.992
1512033935711	-1.474	-9.759	-1.79
1512033935723	-1.58	-9.902	-1.637
1512033935731	-1.81	-9.902	-1.541
1512033935741	-2.106	-9.921	-1.551
1512033935754	-2.432	-9.864	-1.704
1512033935761	-2.691	-9.835	-1.963
1512033935772	-2.968	-9.893	-2.25
1512033935785	-3.16	-9.797	-2.509
1512033935791	-3.361	-9.615	-2.767
1512033935802	-3.495	-9.557	-3.055
1512033935814	-3.533	-9.586	-3.227
1512033935839	-3.514	-9.692	-3.275
1512033935854	-3.371	-9.682	-3.189
1512033935869	-3.035	-9.653	-3.074
1512033935872	-2.691	-9.615	-2.863
1512033935873	-2.509	-9.663	-2.633
1512033935874	-2.394	-9.768	-2.423
1512033935883	-2.336	-9.807	-2.221
1512033935895	-2.298	-9.816	-2.039
1512033935911	-2.241	-9.778	-1.925
1512033935912	-2.154	-9.73	-1.838
1512033935921	-2.078	-9.759	-1.848
1512033935938	-2.068	-9.864	-1.905
1512033935942	-2.097	-9.874	-1.982
1512033935955	-2.116	-9.826	-2.049
1512033935965	-2.126	-9.778	-2.193
1512033935971	-2.145	-9.778	-2.279
1512033935983	-2.174	-9.787	-2.288
1512033935994	-2.231	-9.807	-2.269
1512033936001	-2.327	-9.797	-2.183
1512033936011	-2.48	-9.768	-2.106
1512033936024	-2.604	-9.826	-2.087
1512033936031	-2.7	-9.826	-2.078
1512033936041	-2.758	-9.807	-2.078
1512033936054	-2.729	-9.787	-2.135
1512033936061	-2.681	-9.759	-2.241
1512033936071	-2.672	-9.73	-2.327
1512033936083	-2.672	-9.739	-2.384
1512033936091	-2.633	-9.768	-2.451
1512033936101	-2.557	-9.826	-2.442
1512033936114	-2.461	-9.854	-2.25
1512033936121	-2.327	-9.845	-2.25
1512033936131	-2.202	-9.845	-2.135
1512033936143	-2.164	-9.845	-2.087
1512033936151	-2.154	-9.893	-2.049
1512033936161	-2.174	-9.845	-2.068
1512033936173	-2.174	-9.816	-2.26
1512033936181	-2.193	-9.797	-2.183
1512033936191	-2.212	-9.759	-2.26
1512033936205	-2.308	-9.778	-2.298
1512033936211	-2.308	-9.854	-2.298
1512033936222	-2.327	-9.893	-2.231
1512033936237	-2.336	-9.893	-2.116
1512033936241	-2.336	-9.835	-2.116
1512033936251	-2.317	-9.778	-2.068
1512033936268	-2.384	-9.759	-2.011
1512033936271	-2.384	-9.749	-2.011
1512033936283	-2.413	-9.739	-2.049
1512033936296	-2.461	-9.778	-2.097
1512033936301	-2.49	-9.787	-2.087
1512033936314	-2.509	-9.749	-2.279
1512033936327	-2.518	-9.682	-2.183
1512033936331	-2.49	-9.634	-2.212
1512033936344	-2.518	-9.644	-2.231
1512033936357	-2.547	-9.72	-2.183
1512033936361	-2.624	-9.749	-2.154
1512033936375	-2.672	-9.701	-2.135
1512033936387	-2.681	-9.672	-2.126
1512033936391	-2.643	-9.672	-2.126
1512033936404	-2.537	-9.701	-2.145
1512033936417	-2.451	-9.739	-2.106
1512033936421	-2.403	-9.787	-2.106
1512033936434	-2.365	-9.797	-2.106
1512033936447	-2.365	-9.807	-2.116
1512033936451	-2.336	-9.797	-2.135
1512033936463	-2.288	-9.787	-2.193
1512033936478	-2.231	-9.941	-2.183
1512033936481	-2.25	-9.816	-2.154
1512033936497	-2.25	-9.902	-2.087
1512033936510	-2.279	-9.902	-2.03
1512033936532	-2.327	-9.883	-2.03
1512033936538	-2.346	-9.854	-2.001
1512033936548	-2.346	-9.797	-2.011
1512033936554	-2.327	-9.759	-2.039
1512033936559	-2.336	-9.749	-2.097
1512033936567	-2.327	-9.739	-2.164
1512033936574	-2.308	-9.739	-2.288
1512033936581	-2.279	-9.787	-2.384
1512033936597	-2.269	-9.854	-2.432
1512033936601	-2.241	-9.864	-2.451
1512033936613	-2.154	-9.835	-2.451
1512033936629	-2.087	-9.854	-2.451
1512033936631	-2.02	-9.902	-2.403
1512033936641	-1.963	-9.95	-2.327
1512033936655	-1.934	-10.056	-2.327
1512033936661	-1.972	-10.17	-2.241
1512033936671	-2.011	-10.218	-2.193
1512033936685	-2.078	-10.142	-2.145
1512033936691	-2.145	-10.036	-2.135
1512033936701	-2.25	-10.103	-2.135
1512033936714	-2.48	-10.276	-2.241
1512033936721	-2.614	-10.381	-2.394
1512033936731	-2.748	-10.64	-2.451
1512033936744	-2.786	-10.783	-2.413
1512033936751	-2.758	-10.879	-2.375
1512033936761	-2.691	-10.965	-2.269
1512033936779	-2.547	-11.138	-2.097
1512033936781	-2.394	-11.195	-1.877
1512033936791	-2.269	-11.233	-1.656
1512033936806	-2.174	-10.917	-1.436
1512033936811	-2.164	-10.544	-1.503
1512033936821	-2.403	-10.343	-1.829
1512033936835	-2.748	-10.266	-2.269
1512033936841	-3.035	-10.372	-2.767
1512033936851	-3.198	-10.659	-3.428
1512033936865	-3.419	-11.358	-4.702
1512033936871	-3.572	-11.933	-4.654
1512033936882	-3.342	-12.038	-4.635
1512033936897	-3.016	-12.028	-3.974
1512033936901	-3.016	-12.143	-3.974
1512033936911	-2.997	-12.239	-3.466
1512033936922	-3.179	-12.105	-2.806
1512033936931	-3.648	-11.913	-1.762
1512033936941	-3.744	-11.588	-0.747
1512033936954	-3.256	-11.09	-0.383
1512033936961	-2.557	-10.477	-0.383
1512033936971	-1.723	-9.433	-0.162
1512033936986	-0.938	-8.485	0.114
1512033936991	-0.344	-7.7	0.105
1512033937002	0.43	-7.067	-1.168
1512033937017	0.842	-6.732	-2.394
1512033937021	1.177	-6.761	-3.744
1512033937033	1.321	-6.933	-4.97
1512033937049	1.752	-6.809	-5.88
1512033937051	2.068	-6.474	-5.889
1512033937063	2.298	-5.899	-5.037
1512033937077	2.308	-5.64	-3.591
1512033937081	1.149	-5.631	-1.982
1512033937093	0.392	-5.631	-0.507
1512033937108	-0.986	-5.909	0.296
1512033937111	-1.905	-6.531	0.134
1512033937123	-2.231	-7.987	-0.67
1512033937138	-2.174	-8.016	-1.541
1512033937141	-2.078	-8.954	-2.049
1512033937154	-1.982	-10.697	-2.241
1512033937168	-2.03	-11.157	-2.154
1512033937171	-2.154	-10.965	-1.867
1512033937183	-2.279	-10.841	-1.522
1512033937198	-2.346	-10.994	-1.35
1512033937241	-2.442	-11.636	-1.57
1512033937245	-2.518	-12.555	-2.231
1512033937252	-2.7	-13.273	-3.026
1512033937256	-2.834	-13.206	-3.869
1512033937261	-2.921	-12.431	-4.501
1512033937264	-2.786	-11.195	-4.635
1512033937264	-2.729	-10.008	-4.166
1512033937273	-3.026	-9.222	-3.438
1512033937289	-3.208	-8.925	-2.509
1512033937291	-3.246	-9.184	-1.618
1512033937305	-3.035	-9.96	-1.177
1512033937318	-2.758	-10.86	-1.57
1512033937321	-2.308	-11.789	-2.384
1512033937338	-1.857	-12.488	-3.131
1512033937349	-1.35	-12.325	-3.572
1512033937351	-1.177	-11.444	-3.658
1512033937370	-1.522	-10.554	-3.352
1512033937371	-1.953	-10.103	-2.786
1512033937381	-2.288	-10.065	-2.403
1512033937394	-2.346	-10.113	-2.212
1512033937405	-2.049	-9.96	-2.097
1512033937411	-1.608	-9.663	-2.126
1512033937432	-1.723	-9.376	-2.346
1512033937434	-2.202	-9.347	-2.557
1512033937444	-2.624	-9.577	-2.528
1512033937452	-2.892	-10.017	-2.346
1512033937466	-3.131	-10.41	-2.049
1512033937471	-3.265	-10.439	-1.857
1512033937483	-3.256	-10.295	-1.79
1512033937495	-2.825	-10.084	-1.743
1512033937501	-2.154	-9.969	-1.723
1512033937511	-1.81	-9.893	-1.81
1512033937525	-1.896	-9.835	-1.877
1512033937531	-2.193	-9.778	-1.925
1512033937541	-2.461	-9.816	-2.03
1512033937555	-2.614	-9.893	-2.174
1512033937570	-2.557	-9.941	-2.241
1512033937583	-2.423	-9.902	-2.413
1512033937584	-2.423	-9.845	-2.566
1512033937591	-2.394	-9.797	-2.576
1512033937601	-2.394	-9.739	-2.786
1512033937616	-2.49	-9.73	-3.007
1512033937625	-2.633	-9.739	-2.94
1512033937631	-2.758	-9.72	-2.94
1512033937646	-2.825	-9.787	-2.681
1512033937651	-2.758	-9.835	-2.355
1512033937661	-2.643	-9.768	-1.972
1512033937676	-2.509	-9.644	-1.781
1512033937681	-2.509	-9.577	-1.848
1512033937691	-2.547	-9.557	-2.154
1512033937707	-2.509	-9.586	-2.135
1512033937723	-2.403	-9.663	-2.288
1512033937724	-2.308	-9.807	-2.47
1512033937739	-2.183	-9.941	-2.317
1512033937741	-2.097	-9.921	-2.413
1512033937751	-2.059	-9.835	-2.327
1512033937767	-2.308	-9.768	-2.317
1512033937771	-2.308	-9.739	-2.288
1512033937781	-2.47	-9.759	-2.288
1512033937796	-2.614	-9.816	-2.279
1512033937801	-2.729	-9.816	-2.231
1512033937813	-2.786	-9.807	-2.202
1512033937826	-2.834	-9.749	-2.221
1512033937831	-2.786	-9.72	-2.212
1512033937842	-2.729	-9.759	-2.25
1512033937853	-2.643	-9.807	-2.241
1512033937861	-2.537	-9.874	-2.221
1512033937871	-2.47	-9.883	-2.212
1512033937887	-2.413	-9.921	-2.269
1512033937911	-2.375	-9.931	-2.288
1512033937912	-2.336	-9.883	-2.327
1512033937914	-2.317	-9.845	-2.403
1512033937954	-2.375	-9.778	-2.413
1512033937955	-2.423	-9.73	-2.432
1512033937957	-2.451	-9.701	-2.442
1512033937959	-2.48	-9.682	-2.451
1512033937978	-2.547	-9.701	-2.47
1512033937979	-2.604	-9.701	-2.451
1512033937986	-2.633	-9.682	-2.394
1512033937998	-2.672	-9.711	-2.346
1512033938004	-2.7	-9.711	-2.365
1512033938019	-2.719	-9.701	-2.355
1512033938029	-2.739	-9.644	-2.327
1512033938038	-2.748	-9.615	-2.327
1512033938041	-2.7	-9.625	-2.298
1512033938055	-2.672	-9.692	-2.212
1512033938069	-2.643	-9.749	-2.174
1512033938072	-2.614	-9.778	-2.126
1512033938086	-2.576	-9.759	-2.087
1512033938098	-2.499	-9.759	-2.087
1512033938101	-2.461	-9.807	-2.106
1512033938114	-2.423	-9.826	-2.106
1512033938129	-2.442	-9.835	-2.106
1512033938131	-2.432	-9.826	-2.097
1512033938142	-2.394	-9.835	-2.106
1512033938157	-2.346	-9.816	-2.059
1512033938161	-2.288	-9.797	-2.049
1512033938172	-2.298	-9.768	-1.992
1512033938183	-2.365	-9.711	-1.963
1512033938191	-2.461	-9.663	-1.963
1512033938205	-2.557	-9.634	-1.925
1512033938218	-2.604	-9.625	-1.896
1512033938221	-2.614	-9.682	-1.896
1512033938232	-2.604	-9.72	-1.877
1512033938241	-2.566	-9.768	-1.857
1512033938251	-2.528	-9.778	-1.896
1512033938261	-2.547	-9.768	-1.992
1512033938271	-2.557	-9.73	-2.087
1512033938281	-2.576	-9.682	-2.25
1512033938291	-2.595	-9.644	-2.394
1512033938301	-2.633	-9.653	-2.48
1512033938311	-2.624	-9.692	-2.49
1512033938322	-2.499	-9.768	-2.423
1512033938331	-2.355	-9.787	-2.279
1512033938341	-2.241	-9.835	-2.126
1512033938353	-2.183	-9.883	-1.829
1512033938361	-2.164	-9.883	-1.829
1512033938371	-2.154	-9.874	-1.771
1512033938384	-2.212	-9.826	-1.829
1512033938391	-2.279	-9.749	-1.829
1512033938401	-2.327	-9.711	-2.279
1512033938413	-2.518	-9.692	-2.221
1512033938428	-2.423	-9.701	-2.375
1512033938431	-2.461	-9.711	-2.317
1512033938443	-2.624	-9.692	-2.308
1512033938451	-2.624	-9.72	-2.308
1512033938461	-2.691	-9.759	-2.308
1512033938473	-2.786	-9.835	-2.269
1512033938481	-2.786	-9.921	-2.26
1512033938491	-2.614	-9.883	-2.25
1512033938503	-2.576	-9.682	-2.327
1512033938511	-2.423	-9.72	-2.442
1512033938521	-2.346	-9.682	-2.547
1512033938533	-2.174	-9.807	-2.585
1512033938541	-1.992	-9.807	-2.518
1512033938551	-1.752	-10.161	-2.403
1512033938563	-1.522	-10.199	-2.269
1512033938571	-1.331	-10.199	-2.231
1512033938608	-1.206	-10.008	-2.26
1512033938611	-1.12	-9.96	-2.279
1512033938613	-1.206	-9.95	-2.355
1512033938613	-1.379	-9.96	-2.26
1512033938631	-1.541	-9.921	-2.241
1512033938633	-1.704	-9.912	-2.269
1512033938641	-1.829	-9.893	-2.365
1512033938653	-1.877	-9.864	-2.566
1512033938661	-1.848	-9.931	-2.834
1512033938678	-1.723	-9.998	-3.016
1512033938685	-1.608	-10.008	-3.198
1512033938691	-1.484	-10.017	-3.256
1512033938704	-1.292	-10.056	-3.256
1512033938718	-1.13	-10.19	-3.083
1512033938728	-1.005	-10.276	-2.815
1512033938731	-0.938	-10.295	-2.614
1512033938741	-0.928	-10.218	-2.47
1512033938751	-1.043	-10.218	-2.413
1512033938761	-1.292	-10.419	-2.384
1512033938772	-1.551	-10.534	-2.317
1512033938781	-1.676	-10.506	-2.336
1512033938791	-1.733	-10.458	-2.413
1512033938801	-1.79	-10.496	-2.557
1512033938811	-1.877	-10.649	-2.7
1512033938821	-1.963	-10.745	-2.786
1512033938834	-2.106	-10.86	-2.882
1512033938841	-2.231	-10.87	-2.901
1512033938851	-2.106	-10.764	-2.882
1512033938863	-1.963	-10.764	-2.978
1512033938871	-1.896	-10.975	-3.16
1512033938881	-1.877	-11.176	-3.313
1512033938893	-1.934	-11.224	-3.457
1512033938901	-2.059	-11.272	-3.706
1512033938911	-2.298	-11.559	-3.792
1512033938924	-2.298	-11.799	-3.629
1512033938931	-2.126	-11.607	-3.38
1512033938942	-2.126	-11.473	-3.361
1512033938953	-2.317	-11.732	-3.265
1512033938961	-2.461	-12.048	-2.834
1512033938971	-2.49	-12.22	-2.403
1512033938984	-2.403	-11.866	-1.829
1512033938991	-2.317	-11.138	-1.915
1512033939001	-2.174	-10.429	-1.781
1512033939014	-1.992	-9.692	-2.087
1512033939021	-1.695	-9.04	-2.011
1512033939031	-1.407	-8.312	-2.317
1512033939044	-1.043	-7.719	-3.294
1512033939051	-0.526	-7.336	-3.294
1512033939061	0.162	-7.115	-3.486
1512033939074	0.996	-6.771	-2.643
1512033939081	1.034	-6.32	-2.643
1512033939091	0.794	-6.1	-1.877
1512033939105	-0.277	-5.937	-1.034
1512033939111	-0.277	-5.937	-1.34
1512033939122	-0.603	-5.909	-1.79
1512033939132	-0.689	-6.091	-2.25
1512033939141	-0.67	-6.483	-2.71
1512033939151	-0.612	-7.0	-2.94
1512033939162	-0.593	-7.527	-3.007
1512033939171	-0.593	-8.198	-2.652
1512033939181	-0.747	-8.935	-2.116
1512033939194	-1.254	-9.768	-1.733
1512033939201	-1.561	-9.682	-1.57
1512033939211	-1.848	-9.692	-1.695
1512033939224	-2.116	-9.395	-2.001
1512033939231	-2.221	-9.443	-2.509
1512033939241	-2.135	-9.519	-3.15
1512033939255	-2.02	-9.701	-3.821
1512033939261	-2.135	-9.883	-4.261
1512033939297	-2.288	-11.119	-4.415
1512033939302	-2.25	-11.664	-4.338
1512033939303	-2.154	-11.664	-4.003
1512033939307	-1.934	-11.655	-3.562
1512033939315	-1.455	-11.53	-3.16
1512033939325	-0.909	-11.559	-2.892
1512033939332	-0.603	-11.444	-2.719
1512033939344	-0.727	-11.396	-2.834
1512033939351	-1.063	-11.617	-3.055
1512033939361	-1.12	-11.473	-3.15
1512033939374	-1.292	-11.071	-3.17
1512033939381	-1.608	-10.678	-2.892
1512033939391	-2.011	-10.63	-2.547
1512033939403	-2.384	-10.85	-2.279
1512033939411	-2.557	-10.889	-2.154
1512033939421	-2.624	-10.649	-2.279
1512033939432	-2.882	-10.419	-2.547
1512033939441	-2.901	-10.381	-2.796
1512033939451	-3.045	-10.247	-2.997
1512033939463	-3.198	-10.113	-3.074
1512033939471	-3.323	-10.113	-3.045
1512033939481	-3.419	-10.257	-2.844
1512033939492	-3.323	-10.372	-2.585
1512033939501	-2.959	-10.305	-2.384
1512033939511	-2.547	-10.075	-2.317
1512033939524	-2.279	-9.893	-2.394
1512033939531	-2.202	-9.835	-2.499
1512033939541	-2.154	-9.739	-2.566
1512033939555	-2.106	-9.529	-2.576
1512033939561	-2.03	-9.376	-2.633
1512033939577	-1.877	-9.28	-2.652
1512033939597	-1.685	-9.385	-2.71
1512033939599	-1.637	-9.605	-2.719
1512033939606	-1.637	-9.72	-2.614
1512033939615	-1.685	-9.711	-2.451
1512033939621	-1.781	-9.711	-2.317
1512033939631	-1.915	-9.816	-2.221
1512033939649	-2.001	-9.921	-2.011
1512033939660	-2.059	-9.826	-2.011
1512033939661	-2.116	-9.605	-2.087
1512033939675	-2.193	-9.404	-2.614
1512033939681	-2.26	-9.356	-2.614
1512033939691	-2.25	-9.433	-2.94
1512033939706	-2.384	-9.692	-3.122
1512033939711	-2.403	-9.941	-3.122
1512033939721	-2.423	-10.036	-2.949
1512033939736	-2.241	-10.027	-2.614
1512033939741	-2.365	-10.036	-2.614
1512033939751	-2.355	-10.065	-2.355
1512033939766	-2.413	-10.065	-2.068
1512033939771	-2.442	-10.008	-2.068
1512033939783	-2.509	-10.008	-1.992
1512033939795	-2.509	-9.979	-2.068
1512033939801	-2.509	-9.941	-2.068
1512033939811	-2.537	-9.835	-2.03
1512033939826	-2.585	-9.749	-2.059
1512033939831	-2.585	-9.682	-2.059
1512033939841	-2.537	-9.625	-2.135
1512033939855	-2.269	-9.615	-2.212
1512033939861	-2.269	-9.663	-2.193
1512033939872	-1.953	-9.711	-2.231
1512033939886	-1.953	-9.692	-2.355
1512033939891	-1.953	-9.701	-2.442
1512033939901	-2.049	-9.692	-2.528
1512033939915	-2.116	-9.72	-2.518
1512033939921	-2.212	-9.816	-2.394
1512033939931	-2.269	-9.883	-2.269
1512033939945	-2.288	-9.998	-2.078
1512033939951	-2.288	-10.008	-1.953
1512033939987	-2.279	-9.969	-1.877
1512033939993	-2.308	-10.017	-1.79
1512033939995	-2.327	-10.017	-1.723
1512033939997	-2.336	-9.931	-1.685
1512033940009	-2.403	-9.864	-1.723
1512033940016	-2.413	-9.816	-1.79
1512033940024	-2.451	-9.768	-1.771
1512033940035	-2.47	-9.826	-1.81
1512033940041	-2.49	-9.893	-1.838
1512033940052	-2.499	-9.902	-1.857
1512033940065	-2.518	-9.931	-1.915
1512033940071	-2.48	-9.931	-1.934
1512033940081	-2.423	-9.931	-1.953
1512033940093	-2.346	-9.845	-1.896
1512033940101	-2.26	-9.807	-1.829
1512033940111	-2.135	-9.816	-1.771
1512033940124	-2.049	-9.864	-1.743
1512033940131	-1.972	-9.902	-1.714
1512033940141	-1.953	-9.912	-1.752
1512033940154	-1.963	-9.874	-1.838
1512033940161	-2.068	-9.864	-1.934
1512033940172	-2.174	-9.893	-2.011
1512033940183	-2.241	-9.902	-2.039
1512033940191	-2.25	-9.883	-2.02
1512033940201	-2.26	-9.854	-2.001
1512033940214	-2.288	-9.816	-1.953
1512033940221	-2.442	-9.816	-1.925
1512033940231	-2.624	-9.778	-1.963
1512033940253	-2.834	-9.845	-2.011
1512033940253	-2.921	-9.988	-1.963
1512033940261	-2.853	-10.084	-1.819
1512033940273	-2.652	-10.008	-1.714
1512033940281	-2.442	-9.835	-1.685
1512033940291	-2.26	-9.739	-1.723
1512033940303	-2.049	-9.759	-1.752
1512033940311	-1.886	-9.835	-1.819
1512033940321	-1.743	-9.902	-1.925
1512033940333	-1.676	-10.017	-2.039
1512033940341	-1.676	-10.142	-2.202
1512033940351	-1.685	-10.151	-2.269
1512033940365	-1.676	-10.094	-2.241
1512033940371	-1.628	-10.027	-2.183
1512033940382	-1.647	-9.921	-2.039
1512033940396	-1.723	-9.797	-1.915
1512033940401	-1.925	-9.711	-1.848
1512033940411	-2.145	-9.682	-1.867
1512033940426	-2.355	-9.72	-2.087
1512033940431	-2.461	-9.826	-2.087
1512033940441	-2.49	-9.893	-2.193
1512033940456	-2.432	-9.864	-2.288
1512033940461	-2.288	-9.864	-2.288
1512033940472	-2.116	-9.874	-2.059
1512033940486	-2.001	-9.921	-2.116
1512033940491	-1.972	-9.988	-2.059
1512033940502	-1.963	-9.979	-1.944
1512033940516	-1.982	-9.893	-1.982
1512033940521	-2.039	-9.816	-1.982
1512033940531	-2.087	-9.778	-1.982
1512033940546	-2.116	-9.749	-1.934
1512033940551	-2.183	-9.778	-1.8
1512033940564	-2.432	-9.711	-1.704
1512033940577	-2.403	-9.615	-1.676
1512033940581	-2.681	-9.5	-1.714
1512033940592	-2.806	-9.5	-1.819
1512033940607	-2.825	-9.739	-1.896
1512033940611	-2.806	-10.008	-1.963
1512033940622	-2.806	-10.084	-2.03
1512033940649	-2.739	-9.96	-2.078
1512033940650	-2.633	-9.797	-2.154
1512033940667	-2.461	-9.768	-2.269
1512033940671	-2.336	-10.247	-2.288
1512033940675	-2.25	-10.362	-2.26
1512033940686	-2.336	-10.324	-2.183
1512033940695	-2.48	-10.333	-2.154
1512033940701	-2.719	-10.592	-2.116
1512033940711	-2.901	-10.85	-2.03
1512033940727	-2.959	-11.147	-1.915
1512033940731	-2.882	-11.368	-1.743
1512033940742	-2.691	-11.473	-1.647
1512033940774	-2.47	-11.454	-1.589
1512033940775	-2.269	-11.224	-1.618
1512033940775	-2.231	-10.898	-1.752
1512033940783	-2.355	-10.621	-2.039
1512033940791	-2.662	-10.525	-2.461
1512033940801	-2.863	-10.86	-2.901
1512033940814	-2.949	-11.569	-3.342
1512033940821	-2.959	-12.268	-3.61
1512033940831	-2.767	-12.622	-3.562
1512033940845	-2.346	-12.287	-3.227
1512033940851	-2.087	-11.626	-2.959
1512033940861	-1.953	-11.061	-2.777
1512033940874	-1.925	-10.64	-2.47
1512033940890	-1.992	-10.372	-2.001
1512033940891	-2.087	-10.372	-1.628
1512033940904	-2.106	-10.142	-1.197
1512033940911	-2.001	-9.567	-0.411
1512033940921	-1.647	-9.04	-0.038
1512033940935	-1.101	-8.437	-0.124
1512033940941	-0.555	-7.881	-0.488
1512033940951	-0.095	-7.719	-1.024
1512033940964	0.172	-7.556	-1.618
1512033940971	0.191	-7.709	-2.394
1512033940981	0.038	-7.872	-3.265
1512033940994	-0.478	-7.767	-4.146
1512033941001	-0.699	-7.891	-5.114
1512033941011	-0.239	-7.92	-5.985
1512033941024	0.536	-7.795	-6.205
1512033941031	1.11	-7.604	-5.813
1512033941041	1.34	-7.585	-5.085
1512033941055	1.647	-7.642	-4.003
1512033941061	1.426	-7.891	-2.423
1512033941072	0.574	-8.466	-0.996
1512033941087	-0.708	-9.107	-0.344
1512033941091	-1.676	-9.893	-0.325
1512033941102	-1.771	-10.467	-0.747
1512033941117	-1.618	-10.64	-1.254
1512033941121	-1.561	-10.525	-1.618
1512033941132	-1.503	-10.381	-1.647
1512033941147	-1.359	-10.477	-1.618
1512033941152	-1.426	-10.946	-1.896
1512033941164	-1.819	-11.186	-2.231
1512033941178	-2.394	-11.147	-2.806
1512033941182	-3.045	-11.042	-2.806
1512033941192	-3.629	-11.061	-2.423
1512033941207	-3.869	-11.08	-1.733
1512033941221	-3.936	-11.09	-1.283
1512033941222	-3.84	-10.908	-1.436
1512033941237	-3.189	-10.467	-1.944
1512033941271	-3.045	-9.902	-2.959
1512033941272	-2.978	-9.988	-3.141
1512033941273	-3.026	-10.161	-3.131
1512033941281	-3.064	-10.19	-2.949
1512033941295	-2.739	-10.132	-2.719
1512033941301	-2.537	-10.056	-2.585
1512033941311	-2.049	-9.883	-2.317
1512033941326	-1.465	-9.653	-2.202
1512033941331	-1.072	-9.385	-2.135
1512033941341	-0.881	-8.724	-2.145
1512033941390	-0.967	-8.705	-2.355
1512033941392	-1.321	-9.261	-2.48
1512033941392	-1.819	-9.701	-2.384
1512033941393	-2.26	-9.854	-2.193
1512033941394	-2.71	-9.902	-2.059
1512033941413	-3.15	-9.739	-1.953
1512033941416	-3.495	-9.807	-1.905
1512033941424	-3.782	-10.515	-1.752
1512033941433	-4.079	-11.55	-1.58
1512033941446	-4.213	-11.923	-1.283
1512033941470	-4.213	-11.157	-1.072
1512033941471	-4.367	-10.075	-1.005
1512033941472	-4.491	-9.586	-1.149
1512033941481	-4.625	-9.605	-1.379
1512033941492	-4.654	-9.921	-1.532
1512033941506	-4.616	-10.237	-1.503
1512033941511	-4.529	-10.352	-1.484
1512033941521	-4.28	-10.352	-1.532
1512033941536	-4.079	-10.199	-1.628
1512033941541	-3.984	-10.113	-1.752
1512033941551	-3.668	-9.835	-2.116
1512033941565	-3.533	-9.462	-2.49
1512033941571	-3.284	-9.423	-2.863
1512033941589	-2.729	-9.519	-3.246
1512033941602	-2.174	-9.605	-3.486
1512033941603	-1.551	-9.759	-3.371
1512033941611	-1.034	-9.941	-2.844
1512033941627	-0.526	-10.027	-2.145
1512033941631	-0.258	-10.161	-1.417
1512033941642	-0.316	-10.266	-0.785
1512033941654	-0.536	-10.199	-0.344
1512033941661	-1.168	-10.266	-0.153
1512033941671	-1.647	-10.276	-0.306
1512033941687	-1.647	-10.764	-0.852
1512033941691	-1.331	-10.889	-1.312
1512033941704	-1.446	-11.061	-1.331
1512033941717	-2.221	-9.95	-2.815
1512033941721	-2.537	-9.28	-3.313
1512033941731	-2.26	-8.897	-3.102
1512033941748	-1.925	-9.404	-2.988
1512033941751	-1.781	-10.142	-2.959
1512033941762	-1.685	-10.458	-2.643
1512033941781	-2.059	-10.305	-2.049
1512033941782	-2.308	-9.998	-1.388
1512033941796	-2.241	-9.692	-0.928
1512033941808	-1.896	-9.462	-0.852
1512033941811	-1.484	-9.988	-1.005
1512033941822	-1.733	-10.4	-1.034
1512033941838	-2.49	-10.305	-0.565
1512033941841	-2.997	-10.017	-0.239
1512033941852	-3.227	-9.452	-0.45
1512033941863	-3.227	-9.127	-1.139
1512033941871	-2.815	-9.088	-2.059
1512033941885	-2.078	-9.213	-3.189
1512033941891	-2.001	-9.222	-3.189
1512033941901	-2.461	-9.28	-2.786
1512033941914	-3.093	-9.318	-2.241
1512033941921	-3.744	-9.519	-1.781
1512033941932	-4.031	-9.883	-1.599
1512033941942	-4.108	-10.439	-1.503
1512033941951	-4.108	-10.486	-0.976
1512033941961	-3.907	-10.276	-0.047
1512033941972	-1.723	-10.266	-1.177
1512033941981	-1.723	-10.774	-3.639
1512033941991	-1.8	-10.247	-4.233
1512033942002	-2.145	-9.615	-1.57
1512033942011	-2.451	-9.423	-0.181
1512033942025	-2.978	-9.462	0.162
1512033942038	-3.122	-9.682	0.833
1512033942081	-2.949	-9.682	0.948
1512033942082	-3.112	-9.835	0.268
1512033942082	-2.921	-10.266	0.028
1512033942083	-1.972	-10.467	-0.555
1512033942084	-1.187	-10.017	-2.633
1512033942098	-1.101	-10.094	-3.352
1512033942111	-0.545	-10.85	-3.715
1512033942112	-1.79	-10.745	-2.643
1512033942123	-3.055	-9.845	-2.145
1512033942134	-3.639	-9.203	-2.566
1512033942141	-3.859	-9.012	-2.47
1512033942154	-3.658	-9.557	-1.695
1512033942171	-2.011	-9.902	-0.306
1512033942172	-1.676	-9.72	-0.287
1512033942183	-2.604	-11.54	0.593
1512033942191	-3.15	-11.138	0.057
1512033942201	-2.413	-9.538	-3.476
1512033942213	-1.436	-9.05	-2.557
1512033942221	-2.078	-9.529	-1.685
1512033942231	-2.48	-9.586	-2.087
1512033942242	-2.767	-9.73	-1.992
1512033942251	-3.007	-9.902	-1.254
1512033942261	-3.409	-9.634	-1.139
1512033942273	-3.62	-9.404	-1.273
1512033942289	-3.601	-9.414	-1.053
1512033942291	-3.342	-9.452	-1.053
1512033942304	-2.26	-10.142	-1.494
1512033942311	-1.58	-10.831	-1.992
1512033942321	-3.016	-9.672	-1.024
1512033942333	-5.152	-9.816	0.067
1512033942341	-5.296	-9.51	-0.296
1512033942351	-4.031	-8.772	-2.585
1512033942362	-2.174	-8.552	-3.457
1512033942371	-0.986	-10.036	-2.375
1512033942381	0.612	-10.544	-1.551
1512033942394	0.766	-10.477	-1.063
1512033942401	-0.526	-10.103	-0.737
1512033942411	-2.068	-10.314	-0.718
1512033942423	-2.7	-10.352	-0.488
1512033942431	-1.992	-8.916	-0.335
1512033942441	-2.02	-9.49	-0.814
1512033942452	-1.963	-9.213	-1.13
1512033942461	-1.015	-9.337	-1.34
1512033942471	-1.331	-11.061	-1.455
1512033942484	-0.344	-11.827	-1.187
1512033942491	-1.168	-14.643	-1.426
1512033942501	-3.917	-17.43	-0.881
1512033942513	-5.152	-16.989	-0.076
1512033942521	-2.02	-9.941	0.0
1512033942531	1.101	-4.989	-0.373
1512033942542	1.541	-2.528	-3.993
1512033942551	-2.298	-4.099	-4.022
1512033942561	-5.028	-7.374	-3.677
1512033942572	-6.713	-10.237	-3.035
1512033942581	-5.985	-10.276	-2.461
1512033942591	-4.989	-9.289	-1.752
1512033942603	-3.055	-9.146	-1.177
1512033942611	-3.055	-9.251	-0.718
1512033942621	-2.844	-10.065	-0.325
1512033942632	-2.346	-11.799	-0.124
1512033942641	-1.723	-12.526	-0.603
1512033942651	-1.082	-12.067	-1.005
1512033942662	-3.802	-10.4	-1.867
1512033942671	-3.802	-7.249	-7.795
1512033942682	-1.867	-13.388	-7.422
1512033942694	-0.928	-13.446	-3.917
