timestamp	x	y	z
1517160654566	9.979	-1.398	-0.258
1517160654590	9.96	-1.292	-0.363
1517160654592	9.931	-1.12	-0.421
1517160654599	9.941	-0.833	-0.593
1517160654616	9.998	-0.603	-0.785
1517160654618	10.075	-0.421	-0.919
1517160654628	10.056	-0.383	-0.804
1517160654631	9.931	-0.402	-0.402
1517160654646	9.72	-0.45	0.057
1517160654651	9.538	-0.507	0.316
1517160654663	9.347	-0.488	0.335
1517160654686	9.127	-0.134	-0.095
1517160654695	9.203	0.153	-0.306
1517160654707	9.577	0.191	-0.536
1517160654721	10.19	0.153	-0.689
1517160654722	10.946	0.162	-0.679
1517160654737	11.703	0.162	-0.584
1517160654741	12.373	0.134	-0.66
1517160654752	12.795	0.153	-0.9
1517160654776	12.239	0.21	-0.785
1517160654834	12.239	0.306	-0.785
1517160654838	11.578	0.469	-0.402
1517160654840	10.87	0.526	-0.057
1517160654843	10.218	0.545	0.277
1517160654844	9.739	0.565	0.507
1517160654846	9.414	0.612	0.545
1517160654847	9.165	0.708	0.507
1517160654848	8.983	0.823	0.469
1517160654893	8.887	0.919	0.632
1517160654907	8.897	0.928	0.948
1517160654909	9.098	0.996	1.388
1517160654911	9.567	1.053	1.58
1517160654913	10.429	0.986	1.177
1517160654915	12.297	0.766	-0.325
1517160654923	12.929	0.44	-0.689
1517160654933	13.149	0.43	-0.679
1517160654949	12.938	0.526	-0.373
1517160654956	12.354	0.766	-0.373
1517160654963	11.54	1.005	-0.296
1517160654976	10.822	1.245	-0.383
1517160654981	10.266	1.417	-0.488
1517160654992	9.816	1.503	-0.411
1517160655004	9.328	1.541	0.124
1517160655011	9.328	1.608	0.124
1517160655021	9.146	1.608	0.411
1517160655034	8.906	1.513	0.785
1517160655042	8.906	1.302	0.785
1517160655051	8.945	1.015	0.938
1517160655064	9.423	0.718	1.034
1517160655071	9.433	0.43	1.034
1517160655081	9.759	0.277	0.861
1517160655095	10.266	0.201	0.871
1517160655101	10.266	0.21	0.871
1517160655111	10.41	0.363	0.747
1517160655126	10.41	0.555	0.718
1517160655131	10.247	0.794	0.699
1517160655141	9.663	1.024	0.727
1517160655154	9.51	1.283	0.766
1517160655161	9.49	1.522	0.718
1517160655171	9.423	1.695	0.632
1517160655184	9.462	1.829	0.545
1517160655191	9.548	1.857	0.411
1517160655201	9.672	1.771	0.268
1517160655216	9.854	1.637	0.153
1517160655221	10.056	1.465	0.086
1517160655231	10.199	1.12	0.0
1517160655247	10.324	0.957	0.019
1517160655251	10.381	0.814	0.086
1517160655262	10.41	0.833	0.143
1517160655277	10.333	0.842	0.181
1517160655281	10.218	0.881	0.229
1517160655293	10.056	0.928	0.316
1517160655307	9.893	1.005	0.43
1517160655311	9.768	1.072	0.574
1517160655323	9.692	1.11	0.699
1517160655337	9.644	1.177	0.794
1517160655341	9.634	1.225	0.814
1517160655353	9.701	1.292	0.775
1517160655367	9.807	1.264	0.679
1517160655371	9.969	1.177	0.593
1517160655383	10.142	1.053	0.545
1517160655397	10.381	0.9	0.536
1517160655401	10.64	0.766	0.507
1517160655413	10.946	0.679	0.488
1517160655428	11.214	0.641	0.411
1517160655431	11.291	0.718	0.268
1517160655443	11.061	0.89	0.124
1517160655457	10.649	1.053	0.038
1517160655461	10.151	1.13	0.105
1517160655473	9.711	1.12	0.201
1517160655487	9.423	1.13	0.325
1517160655491	9.27	1.082	0.335
1517160655503	9.213	0.996	0.306
1517160655517	9.222	0.871	0.287
1517160655553	9.27	0.737	0.316
1517160655558	9.356	0.651	0.363
1517160655563	9.433	0.574	0.421
1517160655566	9.51	0.536	0.411
1517160655573	9.51	0.507	0.383
1517160655578	9.481	0.498	0.354
1517160655586	9.414	0.526	0.392
1517160655593	9.404	0.545	0.478
1517160655605	9.433	0.565	0.555
1517160655611	9.529	0.536	0.641
1517160655622	9.672	0.469	0.632
1517160655638	9.893	0.411	0.612
1517160655644	10.084	0.363	0.565
1517160655654	10.285	0.325	0.584
1517160655667	10.419	0.344	0.584
1517160655674	10.477	0.392	0.622
1517160655689	10.381	0.478	0.641
1517160655692	10.228	0.603	0.632
1517160655701	10.017	0.689	0.612
1517160655712	9.797	0.747	0.603
1517160655728	9.615	0.766	0.622
1517160655731	9.548	0.794	0.622
1517160655747	9.567	0.766	0.632
1517160655758	9.634	0.737	0.66
1517160655761	9.72	0.66	0.66
1517160655772	9.835	0.603	0.67
1517160655787	9.931	0.545	0.756
1517160655791	10.036	0.526	0.756
1517160655802	10.123	0.507	0.737
1517160655812	10.19	0.507	0.699
1517160655821	10.209	0.526	0.641
1517160655831	10.199	0.584	0.593
1517160655852	10.084	0.641	0.565
1517160655853	10.084	0.737	0.565
1517160655862	10.065	0.833	0.354
1517160655875	9.969	0.9	0.411
1517160655881	9.826	0.919	0.373
1517160655891	9.644	0.938	0.43
1517160655905	9.586	0.957	0.488
1517160655911	9.615	0.948	0.536
1517160655921	9.672	0.938	0.536
1517160655934	9.759	0.833	0.517
1517160655941	9.998	0.747	0.478
1517160655952	10.075	0.622	0.45
1517160655967	10.075	0.517	0.478
1517160655971	10.17	0.488	0.517
1517160655982	10.199	0.507	0.593
1517160655998	10.199	0.574	0.727
1517160656001	10.209	0.679	0.842
1517160656012	10.161	0.794	0.909
1517160656027	10.142	0.861	0.909
1517160656031	10.123	0.861	0.881
1517160656042	10.103	0.727	0.804
1517160656057	10.065	0.727	0.794
1517160656061	10.056	0.565	0.756
1517160656072	10.065	0.469	0.756
1517160656087	10.094	0.383	0.756
1517160656091	10.103	0.344	0.708
1517160656102	10.084	0.306	0.67
1517160656111	10.075	0.258	0.612
1517160656121	10.056	0.229	0.555
1517160656132	10.017	0.191	0.498
1517160656147	9.96	0.172	0.469
1517160656151	9.931	0.191	0.488
1517160656162	9.969	0.22	0.44
1517160656178	10.075	0.249	0.392
1517160656181	10.218	0.258	0.268
1517160656192	10.391	0.181	0.153
1517160656208	10.554	0.124	0.047
1517160656211	10.697	0.086	0.0
1517160656222	10.793	0.076	-0.019
1517160656237	10.86	0.067	-0.009
1517160656241	10.85	0.095	0.038
1517160656252	10.803	0.105	0.105
1517160656267	10.707	0.134	0.181
1517160656283	10.467	0.153	0.258
1517160656297	10.343	0.162	0.239
1517160656301	10.247	0.162	0.22
1517160656333	10.151	0.076	0.239
1517160656336	10.065	-0.076	0.22
1517160656340	10.008	-0.229	0.268
1517160656353	10.027	-0.335	0.249
1517160656354	10.113	-0.383	0.201
1517160656362	10.218	-0.325	0.162
1517160656378	10.343	-0.249	0.153
1517160656383	10.458	-0.162	0.067
1517160656391	10.592	-0.067	-0.028
1517160656410	10.726	0.038	-0.105
1517160656423	10.86	0.114	-0.22
1517160656424	10.975	0.21	-0.258
1517160656431	11.061	0.306	-0.277
1517160656446	11.195	0.421	-0.268
1517160656451	11.281	0.45	-0.268
1517160656461	11.329	0.45	-0.277
1517160656476	11.281	0.43	-0.306
1517160656481	11.157	0.411	-0.296
1517160656492	11.071	0.44	-0.277
1517160656501	11.071	0.459	-0.383
1517160656511	11.061	0.536	-0.507
1517160656521	11.042	0.622	-0.593
1517160656531	10.927	0.756	-0.699
1517160656541	10.735	0.814	-0.766
1517160656552	10.506	0.747	-0.718
1517160656567	10.247	0.545	-0.593
1517160656571	9.979	0.306	-0.411
1517160656581	9.739	0.153	-0.21
1517160656591	9.471	0.038	0.057
1517160656601	9.184	-0.047	0.335
1517160656611	8.81	-0.009	0.507
1517160656626	8.418	0.124	0.44
1517160656635	7.977	0.21	0.421
1517160656641	7.575	0.239	0.421
1517160656651	7.249	0.239	0.354
1517160656661	6.972	0.229	0.067
1517160656672	6.684	0.181	-0.114
1517160656685	6.493	0.095	-0.296
1517160656693	6.435	0.0	-0.411
1517160656703	6.646	-0.009	-0.44
1517160656718	6.646	0.028	-0.354
1517160656721	7.202	0.019	-0.162
1517160656734	7.68	-0.067	0.038
1517160656742	8.14	-0.172	0.162
1517160656751	8.38	-0.249	0.287
1517160656763	8.667	-0.277	0.306
1517160656774	8.925	-0.277	0.249
1517160656784	9.174	-0.22	0.143
1517160656793	9.423	-0.143	-0.047
1517160656801	9.835	-0.067	-0.239
1517160656811	10.343	-0.028	-0.402
1517160656825	10.889	-0.038	-0.526
1517160656831	11.396	-0.287	-0.593
1517160656841	11.741	-0.019	-0.593
1517160656861	11.856	0.229	-0.498
1517160656871	11.636	0.459	-0.555
1517160656884	11.31	0.699	-0.66
1517160656891	10.975	0.881	-0.833
1517160656901	10.649	0.957	-0.919
1517160656914	10.333	0.919	-0.909
1517160656921	9.979	0.871	-0.852
1517160656931	9.557	0.766	-0.699
1517160656951	8.734	0.498	-0.201
1517160656961	8.437	0.363	0.172
1517160656973	8.351	0.277	0.536
1517160656981	8.533	0.268	0.737
1517160656991	9.088	0.249	0.842
1517160657004	9.912	0.21	0.852
1517160657011	10.774	0.22	0.727
1517160657021	11.502	0.344	0.574
1517160657034	11.971	0.517	0.469
1517160657041	12.21	0.718	0.488
1517160657051	12.335	0.89	0.565
1517160657063	12.383	1.024	0.488
1517160657071	12.392	1.101	0.277
1517160657081	12.287	1.063	-0.038
1517160657093	11.952	0.938	-0.201
1517160657101	11.377	0.737	-0.172
1517160657111	10.678	0.593	0.038
1517160657145	9.96	0.469	0.411
1517160657149	9.308	0.421	0.766
1517160657151	8.83	0.421	1.063
1517160657155	8.581	0.459	1.264
1517160657168	8.59	0.488	1.312
1517160657173	8.772	0.545	1.283
1517160657187	9.002	0.622	1.216
1517160657199	9.203	0.708	1.139
1517160657201	9.385	0.794	1.091
1517160657216	9.481	0.919	1.091
1517160657221	9.433	1.034	1.177
1517160657231	9.376	1.177	1.379
1517160657248	9.366	1.283	1.637
1517160657251	9.596	1.312	1.723
1517160657261	10.094	1.254	1.656
1517160657278	10.659	1.091	1.206
1517160657281	11.195	0.919	1.101
1517160657292	11.54	0.756	0.89
1517160657305	11.684	0.612	0.66
1517160657311	11.722	0.555	0.478
1517160657321	11.626	0.603	0.354
1517160657333	11.444	0.747	0.565
1517160657341	11.128	0.976	0.536
1517160657351	10.678	1.197	0.766
1517160657371	9.874	1.608	1.225
1517160657381	9.577	1.704	1.359
1517160657393	9.021	1.79	1.637
1517160657400	9.04	1.771	1.637
1517160657411	8.782	1.676	1.666
1517160657422	8.619	1.503	1.321
1517160657430	8.533	1.264	1.321
1517160657441	8.571	1.005	0.957
1517160657454	8.945	0.641	0.814
1517160657461	8.945	0.67	0.766
1517160657471	9.203	0.632	0.689
1517160657484	9.605	0.842	0.718
1517160657491	9.605	0.804	0.737
1517160657501	9.864	0.938	0.756
1517160657514	9.72	1.206	0.775
1517160657521	9.567	1.206	0.785
1517160657531	9.672	1.321	0.814
1517160657544	9.538	1.398	0.852
1517160657551	9.586	1.398	0.89
1517160657561	9.72	1.321	0.9
1517160657575	9.95	1.091	0.842
1517160657581	10.247	1.13	0.814
1517160657591	10.544	0.881	0.775
1517160657604	10.774	0.909	0.737
1517160657611	10.937	0.66	0.708
1517160657621	10.975	0.747	0.737
1517160657635	10.86	0.67	0.794
1517160657641	10.573	0.699	0.909
1517160657654	10.199	0.766	1.015
1517160657665	9.816	0.833	1.082
1517160657671	9.51	0.9	1.149
1517160657681	9.28	0.919	1.177
1517160657695	9.184	0.976	1.197
1517160657701	9.184	0.986	1.158
1517160657711	9.251	0.957	1.101
1517160657725	9.356	0.9	0.986
1517160657731	9.49	0.89	0.881
1517160657741	9.644	0.852	0.766
1517160657755	9.759	0.833	0.632
1517160657761	9.883	0.861	0.584
1517160657771	9.979	0.89	0.565
1517160657785	10.008	0.928	0.574
1517160657791	9.988	0.957	0.612
1517160657801	9.941	0.986	0.689
1517160657815	9.883	1.024	0.747
1517160657821	9.845	1.053	0.794
1517160657831	9.864	1.072	0.852
1517160657845	9.893	1.101	0.881
1517160657851	9.95	1.091	0.89
1517160657861	10.008	1.082	0.871
1517160657875	10.036	1.082	0.833
1517160657881	10.065	1.082	0.785
1517160657891	10.075	1.072	0.727
1517160657905	10.084	1.043	0.708
1517160657911	10.103	1.024	0.699
1517160657945	10.103	0.976	0.689
1517160657951	10.084	0.938	0.679
1517160657959	10.094	0.881	0.699
1517160657961	10.075	0.9	0.708
1517160657963	10.065	0.919	0.766
1517160657971	10.027	0.996	0.775
1517160657985	9.998	1.034	0.794
1517160657994	9.931	1.101	0.804
1517160658001	9.912	1.187	0.785
1517160658013	9.912	1.225	0.804
1517160658026	9.95	1.235	0.842
1517160658031	9.96	1.216	0.833
1517160658041	9.969	1.149	0.823
1517160658054	9.931	1.101	0.785
1517160658061	9.941	1.053	0.785
1517160658071	9.969	1.015	0.794
1517160658084	10.036	0.976	0.794
1517160658091	10.056	0.938	0.794
1517160658101	10.027	0.89	0.804
1517160658113	9.988	0.9	0.699
1517160658121	10.027	0.938	0.699
1517160658131	10.142	0.996	0.651
1517160658142	10.19	1.043	0.66
1517160658150	10.17	1.053	0.699
1517160658161	10.142	1.015	0.679
1517160658172	10.113	0.957	0.622
1517160658180	10.094	0.861	0.622
1517160658191	10.065	0.814	0.593
1517160658205	10.151	0.747	0.612
1517160658211	10.151	0.718	0.766
1517160658221	10.17	0.67	0.66
1517160658235	10.17	0.651	0.651
1517160658241	10.17	0.679	0.498
1517160658251	10.142	0.718	0.536
1517160658265	10.094	0.756	0.565
1517160658271	10.094	0.766	0.603
1517160658295	10.027	0.747	0.641
1517160658301	10.027	0.727	0.593
1517160658311	10.142	0.689	0.43
1517160658325	10.228	0.699	0.306
1517160658331	10.324	0.689	0.191
1517160658341	10.439	0.699	0.067
1517160658355	10.534	0.718	-0.038
1517160658361	10.649	0.794	-0.009
1517160658371	10.745	1.024	0.095
1517160658386	10.86	0.785	0.162
1517160658391	10.946	0.9	0.162
1517160658401	10.984	0.679	0.143
1517160658416	11.061	0.545	0.057
1517160658421	11.109	0.526	-0.047
1517160658431	11.128	0.498	-0.095
1517160658445	11.119	0.498	-0.124
1517160658451	11.09	0.45	-0.124
1517160658462	11.013	0.373	-0.095
1517160658476	10.956	0.296	-0.038
1517160658481	10.937	0.239	0.038
1517160658491	10.87	0.172	0.124
1517160658505	10.803	0.095	0.21
1517160658511	10.688	0.086	0.306
1517160658521	10.563	0.114	0.316
1517160658536	10.439	0.143	0.354
1517160658541	10.276	0.268	0.344
1517160658551	10.123	0.373	0.296
1517160658565	9.921	0.526	0.239
1517160658571	9.72	0.699	0.191
1517160658581	9.625	0.881	0.124
1517160658595	9.625	1.053	0.047
1517160658601	9.701	1.101	-0.067
1517160658611	9.72	1.043	-0.249
1517160658626	9.519	0.871	-0.277
1517160658634	9.146	0.679	-0.095
1517160658657	8.81	0.632	0.21
1517160658659	8.542	0.727	0.488
1517160658661	8.37	0.957	0.708
1517160658671	8.36	1.177	0.948
1517160658685	8.427	1.245	1.11
1517160658691	8.466	1.168	1.11
1517160658701	8.399	0.996	0.996
1517160658716	8.14	0.747	0.823
1517160658749	7.776	0.507	0.641
1517160658751	7.316	0.277	0.469
1517160658754	6.924	0.114	0.306
1517160658757	6.636	-0.038	0.124
1517160658773	6.541	-0.095	0.124
1517160658776	6.636	-0.153	0.124
1517160658783	6.914	-0.143	0.143
1517160658796	7.326	-0.162	0.191
1517160658805	7.862	-0.22	0.45
1517160658811	8.485	-0.363	0.44
1517160658828	9.155	-0.526	0.44
1517160658836	9.701	-0.593	0.239
1517160658843	10.103	-0.488	0.201
1517160658854	10.305	-0.268	0.086
1517160658871	10.362	-0.028	-0.153
1517160658877	10.391	0.172	-0.153
1517160658883	10.4	0.373	-0.21
1517160658891	10.391	0.565	-0.258
1517160658901	10.295	0.689	-0.258
1517160658911	10.161	0.766	-0.191
1517160658926	9.845	0.814	-0.181
1517160658933	9.787	0.794	-0.181
1517160658948	9.615	0.804	-0.21
1517160658956	9.538	0.756	-0.296
1517160658961	9.557	0.699	-0.296
1517160658977	9.625	0.632	-0.105
1517160658986	9.72	0.545	0.038
1517160658991	9.835	0.421	0.43
1517160659001	9.912	0.296	0.909
1517160659011	9.998	0.249	1.388
1517160659021	10.161	0.363	1.647
1517160659032	10.496	0.517	1.589
1517160659044	11.837	0.603	1.34
1517160659051	11.808	0.737	0.881
1517160659061	13.34	0.919	0.153
1517160659078	13.561	1.177	-0.383
1517160659081	13.417	1.34	-0.478
1517160659091	13.206	1.273	-0.153
1517160659104	12.718	1.063	0.143
1517160659111	12.258	0.785	0.143
1517160659121	11.904	0.498	-0.038
1517160659135	11.597	0.172	-0.21
1517160659142	11.233	-0.181	-0.105
1517160659153	10.783	-0.421	0.239
1517160659167	10.314	-0.316	0.584
1517160659171	9.797	-0.277	0.794
1517160659181	9.308	-0.124	0.861
1517160659195	8.878	0.258	0.804
1517160659201	8.514	0.584	0.708
1517160659211	8.255	0.823	0.574
1517160659223	8.092	1.034	0.498
1517160659231	8.035	1.216	0.43
1517160659241	8.063	1.398	0.43
1517160659252	8.178	1.474	0.459
1517160659261	8.322	1.455	0.488
1517160659271	8.447	1.331	0.545
1517160659286	8.552	1.091	0.66
1517160659291	8.763	0.823	0.785
1517160659301	9.127	0.565	0.9
1517160659315	9.577	0.344	0.957
1517160659321	10.103	0.181	0.967
1517160659331	10.534	0.086	0.948
1517160659346	10.793	0.105	0.909
1517160659351	10.841	0.201	0.938
1517160659362	10.649	0.373	1.063
1517160659373	10.391	0.536	1.216
1517160659382	10.123	0.641	1.388
1517160659393	9.95	0.747	1.369
1517160659410	9.816	0.861	1.158
1517160659412	9.749	0.938	0.9
1517160659424	9.739	0.928	0.67
1517160659433	9.893	0.89	0.316
1517160659442	10.161	0.909	-0.124
1517160659455	10.391	0.976	-0.536
1517160659470	10.496	1.072	-0.766
1517160659472	10.554	1.158	-0.785
1517160659483	10.582	1.245	-0.641
1517160659500	10.573	1.302	-0.392
1517160659502	10.506	1.302	-0.047
1517160659537	10.467	1.245	0.249
1517160659554	10.343	1.072	0.545
1517160659559	10.19	0.938	0.842
1517160659563	10.036	0.775	1.082
1517160659566	9.902	0.66	1.302
1517160659570	9.797	0.545	1.388
1517160659572	9.797	0.507	1.426
1517160659590	9.835	0.555	1.369
1517160659600	9.864	0.632	1.312
1517160659602	9.816	0.737	1.273
1517160659616	9.73	0.804	1.101
1517160659621	9.692	0.948	1.197
1517160659633	9.692	1.091	1.101
1517160659649	9.672	1.216	1.015
1517160659651	9.625	1.321	0.967
1517160659665	9.548	1.398	0.928
1517160659677	9.538	1.474	0.833
1517160659688	9.634	1.541	0.785
1517160659698	9.816	1.618	0.689
1517160659708	10.008	1.647	0.574
1517160659711	10.209	1.618	0.488
1517160659724	10.381	1.561	0.402
1517160659740	10.496	1.455	0.383
1517160659741	10.582	1.302	0.354
1517160659759	10.592	1.216	0.383
1517160659771	10.506	1.139	0.44
1517160659772	10.352	1.072	0.689
1517160659795	10.19	1.034	0.823
1517160659799	10.008	1.034	0.794
1517160659807	9.845	1.024	0.871
1517160659832	9.596	1.043	0.89
1517160659833	9.51	1.063	0.881
1517160659841	9.433	1.091	0.871
1517160659854	9.423	1.091	0.871
1517160659861	9.433	1.072	0.9
1517160659871	9.653	1.082	0.9
1517160659886	9.586	1.063	0.948
1517160659891	9.854	1.063	0.996
1517160659901	9.96	1.063	1.024
1517160659915	10.046	1.043	0.967
1517160659921	10.123	1.024	0.948
1517160659931	10.151	1.005	0.919
1517160659945	10.161	0.948	0.919
1517160659951	10.132	0.928	0.909
1517160659962	10.142	0.871	0.881
1517160659972	10.161	0.823	0.852
1517160659981	10.142	0.785	0.833
1517160659991	10.113	0.775	0.842
1517160660009	10.103	0.775	0.861
1517160660011	10.046	0.814	0.861
1517160660022	10.008	0.852	0.833
1517160660035	9.921	0.919	0.823
1517160660041	9.854	0.967	0.842
1517160660065	9.749	1.063	0.833
1517160660071	9.749	1.091	0.842
1517160660081	9.739	1.12	0.823
1517160660095	9.778	1.13	0.842
1517160660101	9.854	1.13	0.823
1517160660111	9.883	1.11	0.842
1517160660126	9.854	1.072	0.852
1517160660131	9.797	0.996	0.861
1517160660155	9.768	0.957	0.794
1517160660161	9.797	0.996	0.775
1517160660171	9.874	1.053	0.785
1517160660181	9.96	1.072	0.804
1517160660191	10.036	1.101	0.814
1517160660201	10.084	1.063	0.766
1517160660211	10.113	1.043	0.727
1517160660221	10.151	1.034	0.689
1517160660231	10.17	1.043	0.689
1517160660241	10.19	1.053	0.727
1517160660251	10.199	0.996	0.794
1517160660261	10.199	0.89	0.804
1517160660271	10.151	0.785	0.814
1517160660281	10.084	0.679	0.785
1517160660291	10.046	0.584	0.727
1517160660301	9.998	0.469	0.679
1517160660311	10.017	0.411	0.622
1517160660321	10.113	0.363	0.545
1517160660340	10.257	0.344	0.545
1517160660343	10.391	0.373	0.565
1517160660365	10.458	0.43	0.66
1517160660367	10.486	0.526	0.775
1517160660373	10.544	0.593	0.814
1517160660383	10.601	0.622	0.794
1517160660391	10.534	0.67	0.727
1517160660401	10.391	0.689	0.699
1517160660412	10.218	0.679	0.67
1517160660421	10.123	0.679	0.545
1517160660431	10.151	0.67	0.421
1517160660442	10.276	0.67	0.335
1517160660451	10.458	0.632	0.249
1517160660461	10.659	0.536	0.143
1517160660472	10.831	0.469	0.019
1517160660481	10.975	0.488	-0.162
1517160660491	11.119	0.565	-0.277
1517160660503	11.396	0.612	-0.507
1517160660511	11.301	0.651	-0.507
1517160660521	11.253	0.689	-0.507
1517160660531	11.205	0.747	-0.392
1517160660541	11.166	0.814	-0.277
1517160660551	11.119	0.814	-0.124
1517160660561	11.099	0.814	0.153
1517160660571	11.09	0.794	0.057
1517160660581	11.052	0.766	0.067
1517160660592	10.956	0.737	0.124
1517160660601	10.745	0.708	0.124
1517160660611	10.486	0.794	0.134
1517160660621	9.672	1.015	0.057
1517160660630	9.711	1.158	0.009
1517160660644	9.203	1.197	-0.076
1517160660655	8.236	1.091	-0.143
1517160660661	7.776	0.9	-0.095
1517160660671	7.316	0.536	-0.067
1517160660681	6.895	0.153	-0.019
1517160660691	6.589	-0.047	0.076
1517160660704	6.282	-0.296	0.181
1517160660711	6.1	-0.21	0.287
1517160660721	6.091	-0.287	0.402
1517160660731	6.196	-0.363	0.517
1517160660741	6.397	-0.392	0.565
1517160660751	6.732	-0.201	0.517
1517160660761	7.144	-0.076	0.43
1517160660771	7.652	-0.067	0.325
1517160660781	8.188	-0.067	0.277
1517160660791	8.705	-0.114	0.258
1517160660803	9.241	-0.114	0.268
1517160660811	9.797	-0.076	0.277
1517160660821	10.343	-0.067	0.296
1517160660832	10.822	-0.038	0.296
1517160660841	11.301	-0.019	0.249
1517160660851	11.693	-0.028	0.076
1517160660861	11.933	-0.105	-0.153
1517160660871	11.971	-0.172	-0.335
1517160660881	11.818	-0.201	-0.363
1517160660892	11.483	-0.134	-0.249
1517160660911	10.793	0.114	-0.019
1517160660922	10.544	0.277	0.028
1517160660931	10.372	0.402	0.0
1517160660941	10.362	0.507	-0.019
1517160660961	10.506	0.814	0.028
1517160660971	10.506	0.938	-0.009
1517160660982	10.439	0.996	-0.172
1517160660991	10.295	0.976	-0.335
1517160661001	10.113	0.948	-0.402
1517160661012	9.883	0.938	-0.268
1517160661021	9.586	0.967	0.047
1517160661031	9.414	1.005	0.344
1517160661042	9.376	1.034	0.469
1517160661051	9.548	1.082	0.383
1517160661061	9.835	1.072	0.229
1517160661075	10.132	1.015	0.105
1517160661081	10.333	0.89	0.095
1517160661091	10.477	0.823	0.325
1517160661104	10.439	0.785	0.718
1517160661111	10.439	0.718	1.149
1517160661121	10.563	0.718	1.484
1517160661134	10.841	0.708	1.58
1517160661170	11.473	0.67	1.177
1517160661176	11.588	0.651	0.545
1517160661178	11.483	0.651	0.622
1517160661183	11.195	0.679	0.632
1517160661208	10.803	0.775	0.794
1517160661209	10.333	0.852	0.919
1517160661215	9.941	0.919	0.986
1517160661224	9.663	0.909	0.948
1517160661231	9.567	0.9	0.948
1517160661241	9.615	0.89	0.9
1517160661267	9.596	0.909	0.881
1517160661272	9.49	0.996	0.967
1517160661283	9.203	1.091	1.245
1517160661291	9.232	1.158	1.245
1517160661301	9.069	1.149	1.417
1517160661314	8.916	1.168	1.743
1517160661321	8.849	1.149	1.723
1517160661331	8.839	1.11	1.752
1517160661342	8.964	1.063	1.264
1517160661354	9.251	1.034	0.804
1517160661361	9.567	1.024	0.325
1517160661372	9.864	0.996	0.086
1517160661381	10.036	0.986	0.086
1517160661391	10.065	0.9	0.306
1517160661404	9.672	0.679	0.622
1517160661411	9.672	0.679	0.919
1517160661421	9.471	0.584	1.082
1517160661433	9.471	0.545	1.13
1517160661441	9.979	0.565	1.063
1517160661451	10.295	0.584	1.024
1517160661463	10.554	0.584	1.034
1517160661471	10.707	0.612	1.072
1517160661481	10.716	0.603	1.11
1517160661492	10.659	0.593	1.149
1517160661501	10.534	0.584	1.206
1517160661511	10.362	0.565	1.283
1517160661523	10.142	0.545	1.417
1517160661531	9.883	0.555	1.541
1517160661541	9.577	0.747	1.723
1517160661554	9.251	0.775	1.886
1517160661561	8.906	0.89	2.078
1517160661571	8.609	0.948	2.26
1517160661585	8.437	0.909	2.355
1517160661591	8.504	0.814	2.269
1517160661601	8.763	0.679	2.02
1517160661612	9.146	0.555	1.676
1517160661621	9.577	0.507	1.321
1517160661631	10.017	0.517	1.015
1517160661643	10.381	0.545	0.785
1517160661651	10.659	0.651	0.679
1517160661661	10.783	0.794	0.574
1517160661673	10.803	0.986	0.603
1517160661700	10.697	1.168	0.689
1517160661701	10.534	1.35	0.794
1517160661702	10.362	1.465	0.909
1517160661711	10.19	1.599	1.015
1517160661721	10.065	1.666	1.149
1517160661733	9.912	1.723	1.254
1517160661741	9.797	1.695	1.369
1517160661751	9.682	1.551	1.426
1517160661763	9.634	1.34	1.474
1517160661771	9.634	1.11	1.484
1517160661781	9.672	0.871	1.455
1517160661793	9.72	0.622	1.436
1517160661801	9.692	0.411	1.388
1517160661813	9.605	0.258	1.426
1517160661825	9.519	0.191	1.417
1517160661831	9.462	0.21	1.455
1517160661841	9.443	0.306	1.426
1517160661854	9.404	0.459	1.417
1517160661861	9.414	0.622	1.446
1517160661873	9.519	0.794	1.426
1517160661885	9.711	0.967	1.359
1517160661891	9.931	1.139	1.292
1517160661901	10.113	1.292	1.264
1517160661915	10.257	1.446	1.302
1517160661921	10.324	1.541	1.331
1517160661931	10.324	1.57	1.417
1517160661945	10.266	1.532	1.426
1517160661979	10.209	1.417	1.436
1517160661982	10.161	1.321	1.369
1517160661988	10.123	1.187	1.292
1517160661991	10.142	1.043	1.168
1517160661996	10.142	0.89	1.063
1517160662015	10.142	0.756	0.967
1517160662016	10.132	0.651	0.919
1517160662022	10.113	0.612	0.938
1517160662035	9.912	0.574	1.082
1517160662041	9.979	0.584	1.082
1517160662051	9.921	0.622	1.149
1517160662064	9.854	0.689	1.292
1517160662106	9.797	0.747	1.292
1517160662107	9.739	0.89	1.321
1517160662108	9.73	1.005	1.35
1517160662108	9.778	1.139	1.35
1517160662112	9.807	1.245	1.331
1517160662123	9.835	1.321	1.197
1517160662131	9.931	1.331	1.197
1517160662141	10.103	1.292	1.13
1517160662154	10.534	1.283	1.053
1517160662161	10.534	1.245	1.053
1517160662171	10.707	1.254	0.737
1517160662183	10.822	1.139	0.498
1517160662191	10.879	0.967	0.316
1517160662205	10.831	0.785	0.249
1517160662213	10.554	0.641	0.22
1517160662221	10.582	0.526	0.258
1517160662231	10.544	0.421	0.335
1517160662244	10.563	0.335	0.488
1517160662251	10.697	0.316	0.603
1517160662261	10.755	0.306	0.708
1517160662273	10.85	0.306	0.756
1517160662298	10.879	0.325	0.679
1517160662299	10.85	0.43	0.603
1517160662305	10.783	0.689	0.574
1517160662311	10.755	0.641	0.574
1517160662321	10.707	0.679	0.507
1517160662334	10.611	0.469	0.421
1517160662341	10.448	0.498	0.344
1517160662351	10.209	0.478	0.316
1517160662363	9.931	0.45	0.344
1517160662371	9.557	0.373	0.498
1517160662381	9.194	0.316	0.622
1517160662394	8.849	0.258	0.775
1517160662401	8.542	0.21	0.89
1517160662411	8.303	0.21	0.948
1517160662424	8.121	0.162	0.948
1517160662431	7.939	0.134	0.967
1517160662441	7.843	0.143	0.976
1517160662453	7.805	0.162	0.986
1517160662461	7.881	0.181	0.938
1517160662471	8.111	0.277	0.804
1517160662486	8.447	0.411	0.689
1517160662491	8.849	0.517	0.651
1517160662501	9.232	0.584	0.651
1517160662516	9.653	0.555	0.747
1517160662521	10.103	0.469	0.766
1517160662545	10.458	0.392	0.641
1517160662546	10.688	0.392	0.469
1517160662551	10.822	0.44	0.344
1517160662561	10.831	0.555	0.249
1517160662573	10.764	0.612	0.249
1517160662581	10.554	0.584	0.306
1517160662591	10.237	0.507	0.402
1517160662603	9.787	0.421	0.517
1517160662611	9.318	0.402	0.622
1517160662621	8.935	0.392	0.699
1517160662636	8.676	0.383	0.689
1517160662641	8.494	0.44	0.67
1517160662660	8.475	0.545	0.641
1517160662678	8.724	0.66	0.536
1517160662679	8.791	0.747	0.536
1517160662686	9.04	0.794	0.45
1517160662696	9.289	0.823	0.344
1517160662701	9.5	0.833	0.316
1517160662711	9.625	0.785	0.335
1517160662729	9.768	0.727	0.325
1517160662731	9.883	0.67	0.258
1517160662765	9.979	0.612	0.153
1517160662767	10.075	0.545	0.009
1517160662770	10.161	0.517	0.009
1517160662772	10.228	0.488	-0.047
1517160662787	10.266	0.45	-0.057
1517160662793	10.305	0.459	-0.114
1517160662815	10.295	0.498	-0.105
1517160662817	10.276	0.517	-0.067
1517160662835	10.276	0.565	0.038
1517160662840	10.199	0.584	0.153
1517160662847	10.084	0.603	0.21
1517160662851	9.941	0.632	0.268
1517160662862	9.739	0.612	0.344
1517160662878	9.577	0.574	0.363
1517160662881	9.471	0.478	0.335
1517160662891	9.356	0.335	0.287
1517160662908	9.241	0.229	0.536
1517160662911	9.146	0.162	0.727
1517160662921	9.127	0.162	0.727
1517160662936	9.308	0.201	0.459
1517160662941	9.653	0.325	0.306
1517160662953	10.103	0.45	-0.105
1517160662965	10.544	0.526	-0.325
1517160662971	10.898	0.574	-0.507
1517160662981	11.061	0.545	-0.603
1517160662994	11.109	0.498	-0.469
1517160663003	10.86	0.498	-0.21
1517160663011	10.86	0.498	0.095
1517160663025	10.793	0.526	0.249
1517160663031	11.004	0.488	0.249
1517160663041	11.147	0.498	0.22
1517160663054	11.157	0.526	0.172
1517160663061	11.023	0.593	0.201
1517160663071	10.783	0.641	0.296
1517160663085	10.506	0.66	0.469
1517160663091	10.218	0.871	0.67
1517160663101	10.123	0.794	0.804
1517160663114	10.123	0.861	0.909
1517160663121	10.19	0.881	0.823
1517160663131	10.209	0.919	0.708
1517160663144	10.151	0.996	0.632
1517160663151	9.979	1.11	0.603
1517160663162	9.663	1.206	0.612
1517160663177	9.318	1.197	0.679
1517160663181	8.973	1.177	0.814
1517160663193	8.638	1.206	1.005
1517160663208	8.322	1.245	1.359
1517160663211	8.121	1.302	1.886
1517160663223	8.121	1.34	2.442
1517160663238	8.408	1.379	2.719
1517160663241	8.945	1.34	2.71
1517160663253	9.644	1.216	2.423
1517160663267	10.381	0.986	1.925
1517160663271	11.071	0.766	1.331
1517160663284	11.712	0.632	0.67
1517160663298	12.21	0.699	0.028
1517160663301	12.498	0.881	-0.354
1517160663313	12.431	1.072	-0.488
1517160663331	12.048	1.254	-0.45
1517160663333	11.329	1.446	-0.392
1517160663344	10.63	1.599	-0.181
1517160663358	9.969	1.704	0.201
1517160663361	9.395	1.781	0.699
1517160663375	8.925	1.829	1.139
1517160663387	8.504	1.79	1.503
1517160663391	8.198	1.608	1.723
1517160663403	8.063	1.369	1.714
1517160663413	8.073	1.091	1.513
1517160663423	8.245	0.814	1.283
1517160663431	8.533	0.593	1.082
1517160663447	8.945	0.421	0.919
1517160663451	9.376	0.316	0.871
1517160663461	9.797	0.325	0.833
1517160663475	10.075	0.44	0.823
1517160663481	10.18	0.603	0.89
1517160663491	10.18	0.804	0.986
1517160663505	10.065	1.015	1.12
1517160663511	9.864	1.245	1.312
1517160663523	9.634	1.426	1.503
1517160663555	9.414	1.561	1.647
1517160663560	9.261	1.637	1.762
1517160663564	9.184	1.637	1.829
1517160663566	9.194	1.599	1.829
1517160663592	9.299	1.484	1.81
1517160663593	9.51	1.331	1.8
1517160663597	9.807	1.101	1.57
1517160663607	10.161	0.89	1.589
1517160663613	10.496	0.689	1.417
1517160663627	10.783	0.545	1.082
1517160663639	11.013	0.459	0.766
1517160663644	11.08	0.478	0.507
1517160663656	10.994	0.584	0.43
1517160663661	10.764	0.737	0.498
1517160663672	10.429	0.89	0.622
1517160663686	10.065	1.063	0.766
1517160663691	9.682	1.254	0.919
1517160663701	9.395	1.426	1.187
1517160663717	9.232	1.532	1.12
1517160663721	9.146	1.637	1.158
1517160663731	9.155	1.666	1.101
1517160663741	9.213	1.628	0.948
1517160663751	9.337	1.57	0.938
1517160663761	9.797	1.417	0.871
1517160663775	9.72	1.225	0.814
1517160663781	9.979	1.043	0.775
1517160663791	10.362	0.871	0.823
1517160663801	10.362	0.708	0.833
1517160663811	10.611	0.574	0.909
1517160663822	10.439	0.344	0.948
1517160663836	10.295	0.459	0.957
1517160663841	10.075	0.498	1.005
1517160663853	9.854	0.737	1.024
1517160663867	9.634	0.737	1.091
1517160663871	9.5	0.986	1.12
1517160663883	9.452	0.948	1.177
1517160663898	9.481	1.177	1.158
1517160663901	9.567	1.12	1.13
1517160663913	9.653	1.11	1.063
1517160663921	9.739	1.072	0.996
1517160663931	9.797	1.015	0.957
1517160663943	9.854	0.996	0.9
1517160663957	9.941	0.938	0.833
1517160663961	9.969	0.871	0.823
1517160663973	9.95	0.814	0.775
1517160663981	9.902	0.775	0.804
1517160663991	9.912	0.775	0.785
1517160664003	10.017	0.775	0.766
1517160664011	10.123	0.814	0.775
1517160664021	10.161	0.842	0.785
1517160664034	10.142	0.842	0.775
1517160664041	10.075	0.871	0.756
1517160664051	9.988	0.9	0.737
1517160664063	9.883	0.976	0.747
1517160664071	9.835	1.072	0.747
1517160664083	9.864	1.168	0.785
1517160664094	9.941	1.235	0.833
1517160664101	10.056	1.302	0.852
1517160664111	10.161	1.321	0.842
1517160664121	10.237	1.321	0.737
1517160664130	10.285	1.273	0.612
1517160664141	10.257	1.187	0.459
1517160664151	10.18	1.13	0.373
1517160664161	10.056	1.063	0.363
1517160664171	9.941	1.015	0.43
1517160664183	9.845	0.986	0.565
1517160664191	9.787	0.919	0.622
1517160664202	9.768	0.881	0.699
1517160664213	9.787	0.823	0.756
1517160664221	9.807	0.756	0.852
1517160664232	9.797	0.727	0.976
1517160664243	9.797	0.727	1.12
1517160664251	9.854	0.727	1.197
1517160664261	9.95	0.766	1.177
1517160664273	10.046	0.785	1.043
1517160664281	10.132	0.747	0.881
1517160664291	10.18	0.737	0.727
1517160664303	10.228	0.699	0.622
1517160664311	10.314	0.67	0.555
1517160664345	10.343	0.67	0.574
1517160664352	10.305	0.67	0.622
1517160664356	10.257	0.66	0.66
1517160664361	10.209	0.632	0.641
1517160664364	10.17	0.584	0.565
1517160664384	10.151	0.536	0.498
1517160664387	10.209	0.478	0.459
1517160664396	10.324	0.392	0.421
1517160664401	10.467	0.373	0.325
1517160664411	10.573	0.335	0.22
1517160664427	10.678	0.344	0.153
1517160664431	10.793	0.402	0.095
1517160664441	10.889	0.478	0.019
1517160664453	10.688	0.565	0.038
1517160664461	10.668	0.651	0.038
1517160664471	10.477	0.766	0.296
1517160664483	10.247	0.919	0.229
1517160664491	10.065	1.101	0.421
1517160664501	9.96	1.245	0.344
1517160664512	10.094	1.331	0.316
1517160664521	10.027	1.302	0.134
1517160664531	10.18	1.177	-0.067
1517160664544	10.448	1.024	-0.287
1517160664551	10.419	0.881	-0.392
1517160664561	10.668	0.718	-0.411
1517160664571	10.793	0.612	-0.411
1517160664581	10.984	0.498	-0.335
1517160664591	11.396	0.43	-0.335
1517160664601	11.521	0.402	-0.335
1517160664610	11.626	0.411	-0.383
1517160664621	11.636	0.526	-0.488
1517160664634	11.54	0.641	-0.574
1517160664641	11.31	0.718	-0.612
1517160664651	10.965	0.718	-0.641
1517160664663	10.534	0.794	-0.574
1517160664678	10.056	0.89	-0.526
1517160664696	9.548	0.89	-0.392
1517160664697	9.002	0.775	-0.134
1517160664701	8.475	0.67	0.124
1517160664712	7.977	0.651	0.22
1517160664724	7.585	0.66	0.287
1517160664731	7.211	0.612	0.316
1517160664743	6.895	0.517	0.277
1517160664755	6.636	0.363	0.124
1517160664761	6.445	0.21	-0.057
1517160664771	6.349	0.057	-0.249
1517160664785	6.378	-0.038	-0.354
1517160664791	6.502	-0.105	-0.363
1517160664802	6.598	-0.095	-0.287
1517160664814	6.799	-0.028	-0.181
1517160664821	7.067	0.047	-0.086
1517160664831	7.46	0.009	-0.067
1517160664844	7.949	-0.114	-0.057
1517160664851	8.475	-0.277	-0.067
1517160664862	8.983	-0.344	-0.047
1517160664874	9.385	-0.325	-0.028
1517160664882	9.672	-0.105	0.028
1517160664895	9.912	0.124	0.0
1517160664902	10.218	0.229	-0.114
1517160664911	10.64	0.239	-0.344
1517160664921	10.956	0.181	-0.651
1517160664932	11.109	0.124	-0.881
1517160664941	11.128	0.105	-1.005
1517160664951	10.994	0.134	-0.957
1517160664961	10.793	0.172	-0.881
1517160664971	10.668	0.249	-0.727
1517160664981	10.592	0.316	-0.526
1517160664993	10.486	0.421	-0.354
1517160665001	10.333	0.545	-0.22
1517160665011	10.218	0.699	-0.162
1517160665026	10.132	0.852	-0.019
1517160665031	10.123	0.967	-0.114
1517160665041	10.094	1.053	0.009
1517160665054	10.113	1.082	0.306
1517160665061	10.333	1.13	0.689
1517160665072	10.86	1.139	0.928
1517160665084	11.645	1.225	0.814
1517160665091	12.498	1.359	0.804
1517160665101	13.197	1.57	0.478
1517160665139	13.465	1.81	-0.296
1517160665144	13.465	2.02	-0.296
1517160665146	13.015	2.087	-0.584
1517160665149	12.201	2.03	-0.766
1517160665167	10.381	1.8	-0.928
1517160665179	9.203	1.685	-0.699
1517160665183	9.194	1.58	-0.699
1517160665192	8.916	1.465	-0.469
1517160665205	8.81	1.34	-0.249
1517160665211	8.782	1.225	0.028
1517160665222	8.791	1.063	0.316
1517160665235	8.916	0.833	0.737
1517160665241	9.146	0.574	0.756
1517160665251	9.443	0.277	0.584
1517160665267	9.759	0.0	0.43
1517160665271	9.998	-0.162	0.114
1517160665281	10.19	-0.22	-0.067
1517160665294	10.333	-0.162	-0.114
1517160665301	10.41	0.0	-0.067
1517160665311	10.372	0.268	0.047
1517160665328	10.113	0.574	0.249
1517160665336	9.979	0.861	0.44
1517160665343	9.816	1.082	0.632
1517160665354	9.701	1.245	0.766
1517160665361	9.701	1.388	0.727
1517160665372	9.605	1.407	0.632
1517160665384	9.529	1.321	0.488
1517160665391	9.471	1.158	0.421
1517160665401	9.452	0.957	0.335
1517160665414	9.577	0.469	0.306
1517160665421	9.759	0.603	0.268
1517160665431	9.969	0.325	0.22
1517160665443	10.094	0.392	0.22
1517160665451	10.18	0.306	0.239
1517160665461	10.19	0.325	0.296
1517160665474	10.17	0.373	0.392
1517160665481	10.151	0.45	0.498
1517160665491	10.142	0.565	0.622
1517160665502	10.103	0.699	0.66
1517160665511	10.036	0.814	0.612
1517160665521	9.95	0.871	0.574
1517160665532	9.854	0.871	0.526
1517160665541	9.768	0.881	0.478
1517160665551	9.749	0.928	0.43
1517160665565	9.816	0.986	0.392
1517160665571	9.826	1.015	0.402
1517160665581	9.845	0.996	0.43
1517160665596	9.845	0.948	0.45
1517160665601	9.835	0.9	0.498
1517160665611	9.807	0.852	0.565
1517160665625	9.797	0.794	0.641
1517160665631	9.768	0.775	0.689
1517160665641	9.701	0.737	0.747
1517160665655	9.615	0.756	0.794
1517160665661	9.567	0.785	0.823
1517160665671	9.529	0.823	0.881
1517160665687	9.519	0.89	0.928
1517160665691	9.519	0.928	0.938
1517160665701	9.538	0.928	0.957
1517160665713	9.577	0.89	0.89
1517160665721	9.625	0.833	0.871
1517160665731	9.692	0.785	0.833
1517160665743	9.759	0.756	0.804
1517160665751	9.864	0.708	0.794
1517160665761	9.998	0.651	0.766
1517160665775	10.161	0.584	0.727
1517160665781	10.295	0.469	0.718
1517160665791	10.381	0.411	0.689
1517160665805	10.391	0.392	0.651
1517160665811	10.305	0.402	0.603
1517160665821	10.218	0.43	0.488
1517160665835	10.151	0.488	0.354
1517160665841	10.008	0.574	0.335
1517160665851	9.883	0.689	0.335
1517160665866	9.749	0.823	0.44
1517160665871	9.711	0.928	0.545
1517160665881	9.787	0.957	0.593
1517160665896	9.941	0.928	0.612
1517160665901	10.123	0.909	0.603
1517160665935	10.305	0.89	0.536
1517160665941	10.477	0.881	0.488
1517160665944	10.63	0.842	0.44
1517160665946	10.726	0.804	0.402
1517160665970	10.716	0.804	0.383
1517160665975	10.611	0.814	0.373
1517160665976	10.439	0.861	0.392
1517160665984	10.218	0.928	0.469
1517160665991	9.988	0.996	0.574
1517160666001	9.749	1.024	0.651
1517160666015	9.577	1.043	0.679
1517160666021	9.452	1.015	0.67
1517160666031	9.356	0.938	0.641
1517160666045	9.308	0.852	0.488
1517160666051	9.328	0.766	0.603
1517160666061	9.404	0.66	0.632
1517160666075	9.548	0.565	0.641
1517160666081	9.749	0.507	0.612
1517160666091	10.113	0.498	0.612
1517160666104	10.257	0.469	0.66
1517160666111	10.19	0.459	0.67
1517160666121	10.218	0.469	0.632
1517160666135	10.218	0.517	0.574
1517160666141	10.218	0.584	0.565
1517160666151	10.17	0.632	0.584
1517160666163	10.103	0.67	0.584
1517160666171	10.036	0.699	0.612
1517160666181	9.998	0.718	0.641
1517160666195	9.988	0.718	0.651
1517160666201	9.988	0.718	0.67
1517160666212	10.017	0.699	0.66
1517160666226	10.036	0.66	0.66
1517160666231	10.036	0.641	0.622
1517160666241	10.036	0.651	0.612
1517160666256	10.027	0.67	0.574
1517160666261	10.017	0.699	0.545
1517160666271	10.017	0.747	0.565
1517160666286	9.998	0.756	0.574
1517160666291	9.969	0.737	0.632
1517160666301	9.95	0.737	0.641
1517160666316	9.941	0.727	0.689
1517160666321	9.96	0.766	0.679
1517160666331	10.008	0.727	0.593
1517160666346	10.056	0.727	0.478
1517160666351	10.094	0.708	0.325
1517160666362	10.094	0.708	0.201
1517160666376	10.113	0.814	0.114
1517160666381	10.151	0.919	0.057
1517160666392	10.247	0.976	0.076
1517160666406	10.324	0.957	0.105
1517160666411	10.352	0.852	0.162
1517160666421	10.295	0.747	0.143
1517160666436	10.18	0.67	0.162
1517160666441	10.027	0.632	0.153
1517160666452	9.969	0.603	0.162
1517160666467	9.969	0.574	0.191
1517160666471	10.046	0.555	0.229
1517160666483	10.151	0.507	0.268
1517160666496	10.324	0.44	0.306
1517160666501	10.554	0.335	0.325
1517160666511	10.764	0.258	0.335
1517160666526	10.994	0.22	0.239
1517160666531	11.176	0.22	0.134
1517160666541	11.291	0.258	-0.057
1517160666556	11.329	0.383	-0.287
1517160666561	11.281	0.536	-0.478
1517160666572	11.205	0.708	-0.632
1517160666586	11.166	0.909	-0.708
1517160666591	11.147	1.053	-0.785
1517160666602	11.157	1.101	-0.804
1517160666616	11.195	1.072	-0.737
1517160666621	11.214	0.996	-0.651
1517160666632	11.214	0.9	-0.488
1517160666646	11.195	0.814	-0.344
1517160666651	11.195	0.718	-0.239
1517160666662	11.166	0.679	-0.143
1517160666676	11.071	0.651	-0.095
1517160666685	10.889	0.679	-0.086
1517160666706	10.324	0.517	-0.306
1517160666728	10.324	0.603	-0.612
1517160666756	10.027	0.45	-0.612
1517160666759	9.692	0.344	-0.9
1517160666761	9.299	0.191	-0.957
1517160666770	8.801	0.009	-0.861
1517160666776	8.303	-0.162	-0.718
1517160666776	7.853	-0.249	-0.584
1517160666777	7.451	-0.258	-0.498
1517160666787	7.134	-0.201	-0.229
1517160666804	6.866	-0.076	-0.268
1517160666805	6.636	0.105	0.009
1517160666815	6.522	0.296	-0.172
1517160666822	6.531	0.45	-0.258
1517160666835	6.646	0.498	-0.306
1517160666848	7.106	0.44	-0.383
1517160666858	7.0	0.335	-0.459
1517160666861	7.719	0.239	-0.555
1517160666873	7.901	0.172	-0.593
1517160666891	8.418	0.067	-0.565
1517160666898	8.839	-0.076	-0.498
1517160666905	9.318	-0.258	-0.373
1517160666922	9.797	-0.507	-0.22
1517160666923	10.19	-0.794	-0.143
1517160666938	10.448	-1.034	-0.134
1517160666943	10.659	-1.101	-0.143
1517160666951	10.764	-0.833	-0.229
1517160666962	10.774	-0.622	-0.344
1517160666971	10.726	-0.459	-0.545
1517160666983	10.659	-0.316	-0.804
1517160666997	10.63	-0.258	-0.986
1517160667006	10.688	-0.21	-1.043
1517160667011	10.726	-0.239	-0.881
1517160667036	10.793	-0.296	-0.689
1517160667037	10.879	-0.325	-0.555
1517160667042	11.042	-0.268	-0.488
1517160667052	11.291	-0.162	-0.593
1517160667065	11.559	-0.028	-0.794
1517160667071	11.76	0.162	-0.967
1517160667081	11.76	0.354	-1.043
1517160667095	11.645	0.565	-1.043
1517160667101	11.415	0.708	-0.948
1517160667111	11.128	0.833	-0.833
1517160667125	10.85	0.861	-0.641
1517160667131	10.611	0.823	-0.45
1517160667141	10.419	0.727	-0.277
1517160667159	10.305	0.612	-0.191
1517160667161	10.17	0.536	-0.153
1517160667173	10.046	0.459	-0.153
1517160667188	9.864	0.402	-0.134
1517160667191	9.615	0.316	-0.162
1517160667204	9.385	0.239	-0.201
1517160667218	9.165	0.191	-0.287
1517160667221	9.069	0.143	-0.344
1517160667233	9.069	0.076	-0.363
1517160667248	9.155	0.047	-0.325
1517160667251	9.299	-0.019	-0.258
1517160667263	9.471	0.009	-0.21
1517160667278	9.653	0.038	-0.191
1517160667281	9.826	0.134	-0.21
1517160667293	9.883	0.239	-0.249
1517160667308	9.864	0.316	-0.287
1517160667311	9.797	0.373	-0.268
1517160667323	9.72	0.43	-0.21
1517160667339	9.701	0.383	-0.076
1517160667341	9.835	0.316	0.095
1517160667354	10.027	0.239	0.354
1517160667368	10.228	0.162	0.325
1517160667371	10.429	0.105	0.478
1517160667383	10.601	0.076	0.574
1517160667391	10.678	0.076	0.612
1517160667401	10.707	0.124	0.536
1517160667413	10.621	0.191	0.421
1517160667421	10.544	0.335	0.268
1517160667431	10.458	0.45	0.153
1517160667443	10.352	0.565	0.095
1517160667451	10.285	0.641	0.019
1517160667461	10.266	0.727	-0.162
1517160667473	10.285	0.785	-0.335
1517160667481	10.333	0.804	-0.44
1517160667514	10.343	0.794	-0.478
1517160667527	10.372	0.756	-0.287
1517160667529	10.343	0.641	-0.287
1517160667531	10.314	0.488	0.028
1517160667534	10.314	0.354	0.076
1517160667542	10.362	0.306	0.181
1517160667555	10.381	0.258	0.191
1517160667564	10.372	0.268	0.019
1517160667571	10.266	0.335	0.316
1517160667581	10.132	0.44	0.191
1517160667594	9.969	0.488	0.392
1517160667601	9.749	0.517	0.536
1517160667611	9.5	0.507	0.641
1517160667624	9.079	0.536	0.718
1517160667631	9.088	0.545	0.747
1517160667642	9.203	0.574	0.756
1517160667660	9.27	0.603	0.718
1517160667672	9.557	0.632	0.651
1517160667673	9.854	0.689	0.526
1517160667681	10.075	0.919	0.411
1517160667691	10.257	0.823	0.306
1517160667701	10.381	0.89	0.229
1517160667712	10.4	0.967	0.229
1517160667721	10.362	0.967	0.296
1517160667731	10.295	0.957	0.383
1517160667743	10.209	0.775	0.469
1517160667751	10.113	0.881	0.555
1517160667761	10.036	0.708	0.593
1517160667771	9.988	0.612	0.593
1517160667780	9.969	0.498	0.545
1517160667791	9.931	0.45	0.536
1517160667803	9.921	0.44	0.517
1517160667811	9.931	0.459	0.488
1517160667821	9.979	0.517	0.488
1517160667833	10.056	0.574	0.478
1517160667841	10.142	0.66	0.45
1517160667851	10.17	0.766	0.402
1517160667864	10.151	0.823	0.392
1517160667871	10.123	0.852	0.469
1517160667881	10.103	0.909	0.555
1517160667894	10.094	0.928	0.66
1517160667901	10.103	0.928	0.67
1517160667911	10.103	0.976	0.67
1517160667924	10.123	1.034	0.651
1517160667931	10.113	1.082	0.612
1517160667941	10.065	1.12	0.545
1517160667954	9.988	1.139	0.459
1517160667961	9.893	1.13	0.402
1517160667971	9.787	1.12	0.383
1517160667984	9.663	1.11	0.402
1517160667991	9.605	1.12	0.498
1517160668001	9.567	1.12	0.603
1517160668014	9.519	1.082	0.632
1517160668021	9.538	1.005	0.699
1517160668031	9.605	0.909	0.699
1517160668051	9.864	0.747	0.526
1517160668061	9.979	0.679	0.43
1517160668074	10.056	0.622	0.411
1517160668081	10.084	0.632	0.411
1517160668091	10.094	0.67	0.469
1517160668104	10.113	0.737	0.545
1517160668111	10.103	0.814	0.612
1517160668121	10.065	0.871	0.708
1517160668134	10.017	0.9	0.718
1517160668141	9.941	0.919	0.737
1517160668151	9.835	0.919	0.727
1517160668164	9.759	0.881	0.699
1517160668171	9.739	0.852	0.651
1517160668181	9.749	0.794	0.584
1517160668194	9.778	0.737	0.488
1517160668201	9.854	0.699	0.488
1517160668211	9.95	0.67	0.45
1517160668224	10.065	0.679	0.335
1517160668231	10.123	0.727	0.335
1517160668241	10.132	0.823	0.363
1517160668254	10.123	0.928	0.507
1517160668261	10.094	1.043	0.507
1517160668271	10.084	1.063	0.584
1517160668284	10.084	1.015	0.612
1517160668321	10.065	0.957	0.612
1517160668332	9.998	0.861	0.421
1517160668336	9.902	0.804	0.306
1517160668338	9.902	0.804	0.153
1517160668339	9.931	0.833	0.028
1517160668342	9.979	0.842	-0.124
1517160668360	10.036	0.785	-0.22
1517160668362	10.094	0.67	-0.287
1517160668378	10.113	0.565	-0.316
1517160668381	10.113	0.498	-0.249
1517160668391	10.084	0.469	-0.124
1517160668403	9.979	0.459	0.038
1517160668411	9.979	0.459	0.191
1517160668421	9.95	0.45	0.287
1517160668434	9.95	0.469	0.363
1517160668441	9.96	0.498	0.411
1517160668451	10.008	0.517	0.411
1517160668465	10.036	0.536	0.363
1517160668471	10.065	0.536	0.296
1517160668481	10.084	0.526	0.268
1517160668493	10.132	0.488	0.287
1517160668501	10.19	0.335	0.306
1517160668511	10.257	0.45	0.249
1517160668523	10.352	0.402	0.268
1517160668531	10.544	0.363	0.268
1517160668541	10.774	0.354	0.249
1517160668552	10.965	0.344	0.153
1517160668560	11.08	0.392	0.057
1517160668571	11.052	0.478	-0.086
1517160668584	10.917	0.574	-0.239
1517160668591	10.774	0.651	-0.363
1517160668601	10.716	0.66	-0.45
1517160668615	10.764	0.574	-0.507
1517160668621	10.803	0.498	-0.507
1517160668631	10.822	0.392	-0.498
1517160668644	10.831	0.344	-0.507
1517160668651	10.841	0.344	-0.469
1517160668661	10.889	0.363	-0.392
1517160668675	11.023	0.373	-0.373
1517160668681	11.262	0.363	-0.316
1517160668699	11.617	0.335	-0.373
1517160668718	11.961	0.344	-0.478
1517160668720	12.22	0.402	-0.641
1517160668721	12.402	0.45	-0.833
1517160668736	12.402	0.498	-1.024
1517160668741	12.21	0.574	-1.091
1517160668751	11.894	0.718	-1.072
1517160668769	11.387	0.823	-0.986
1517160668773	10.707	0.881	-0.766
1517160668782	9.902	0.833	-0.45
1517160668795	9.059	0.785	-0.095
1517160668801	8.274	0.842	0.181
1517160668811	7.565	0.996	0.402
1517160668827	7.01	1.063	0.517
1517160668831	6.579	1.034	0.526
1517160668841	6.33	0.881	0.507
1517160668858	6.138	0.603	0.45
1517160668861	5.985	0.335	0.411
1517160668871	5.794	0.076	0.344
1517160668885	5.612	-0.095	0.229
1517160668891	5.468	-0.201	0.191
1517160668903	5.42	-0.277	0.162
1517160668915	5.612	-0.354	0.392
1517160668921	6.004	-0.44	0.363
1517160668931	6.589	-0.498	0.507
1517160668945	7.259	-0.488	0.632
1517160668951	8.016	-0.459	0.632
1517160668961	8.763	-0.421	0.574
1517160668975	10.075	-0.306	0.105
1517160668981	10.075	-0.201	0.105
1517160668992	10.611	-0.105	-0.172
1517160669005	11.53	-0.038	-0.478
1517160669011	11.53	-0.047	-0.478
1517160669021	11.866	-0.057	-0.478
1517160669035	12.201	-0.124	-0.316
1517160669041	12.201	-0.249	-0.316
1517160669051	12.23	-0.258	-0.555
1517160669065	11.53	-0.076	-0.699
1517160669071	11.53	0.22	-0.699
1517160669105	11.032	0.526	-0.373
1517160669109	10.305	0.699	-0.268
1517160669120	10.305	0.756	-0.21
1517160669124	10.314	0.737	-0.153
1517160669126	10.515	0.689	-0.181
1517160669136	10.745	0.699	-0.229
1517160669143	10.841	0.775	-0.277
1517160669154	10.87	0.89	-0.306
1517160669161	10.946	0.928	-0.249
1517160669171	11.061	0.89	-0.086
1517160669184	10.994	0.756	0.047
1517160669191	10.841	0.756	0.057
1517160669201	10.486	0.747	0.0
1517160669214	10.161	0.785	-0.067
1517160669221	9.835	0.823	-0.124
1517160669231	9.557	0.871	-0.124
1517160669243	9.328	1.072	-0.047
1517160669251	9.155	0.957	0.095
1517160669261	9.098	0.794	0.277
1517160669273	9.174	0.699	0.383
1517160669281	9.376	0.565	0.44
1517160669291	9.596	0.478	0.469
1517160669304	9.902	0.296	0.43
1517160669311	10.151	0.134	0.373
1517160669321	10.372	-0.067	0.277
1517160669335	10.544	-0.22	0.258
1517160669341	10.649	-0.316	0.277
1517160669351	10.707	-0.316	0.344
1517160669365	10.649	-0.268	0.383
1517160669371	10.486	-0.086	0.325
1517160669381	10.228	0.143	0.258
1517160669395	9.912	0.344	0.277
1517160669401	9.596	0.517	0.354
1517160669411	9.356	0.679	0.517
1517160669425	9.184	0.775	0.641
1517160669431	9.107	0.842	0.737
1517160669441	9.05	0.842	0.794
1517160669455	9.079	0.861	0.852
1517160669461	9.194	0.833	0.871
1517160669471	9.328	0.804	0.881
1517160669485	9.519	0.794	0.881
1517160669491	9.692	0.775	0.833
1517160669501	9.893	0.814	0.699
1517160669515	10.094	0.861	0.574
1517160669521	10.305	0.948	0.44
1517160669531	10.544	1.063	0.316
1517160669545	10.764	1.149	0.21
1517160669551	10.917	1.273	0.124
1517160669561	10.984	1.398	0.038
1517160669576	10.994	1.474	-0.028
1517160669581	10.956	1.561	-0.057
1517160669591	10.86	1.676	-0.028
1517160669606	10.755	1.733	0.067
1517160669611	10.592	1.733	0.201
1517160669621	10.439	1.704	0.344
1517160669636	10.276	1.628	0.478
1517160669641	10.132	1.494	0.612
1517160669651	10.008	1.379	0.718
1517160669666	9.883	1.292	0.814
1517160669671	9.739	1.187	0.881
1517160669681	9.615	1.024	0.928
1517160669696	9.529	0.9	0.976
1517160669701	9.462	0.785	1.024
1517160669711	9.443	0.718	1.053
1517160669726	9.471	0.67	0.996
1517160669731	9.471	0.679	0.996
1517160669741	9.414	0.747	0.976
1517160669756	9.347	0.833	0.948
1517160669761	9.299	0.909	0.948
1517160669771	9.356	0.996	0.9
1517160669786	9.481	1.072	0.727
1517160669791	9.644	1.12	0.727
1517160669801	9.778	1.168	0.641
1517160669817	9.893	1.177	0.459
1517160669821	10.046	1.13	0.459
1517160669831	10.161	1.11	0.43
1517160669846	10.247	1.072	0.536
1517160669851	10.314	1.063	0.536
1517160669861	10.343	1.024	0.737
1517160669896	10.18	1.015	0.679
1517160669904	10.285	1.005	0.689
1517160669908	10.18	1.024	0.679
1517160669912	10.084	1.024	0.651
1517160669918	9.998	1.015	0.622
1517160669923	9.768	0.996	0.612
1517160669936	9.845	0.996	0.622
1517160669947	9.778	0.976	0.651
1517160669954	9.807	0.986	0.651
1517160669966	9.96	0.938	0.584
1517160669971	9.941	0.938	0.536
1517160669982	9.979	0.938	0.488
1517160669996	9.998	0.948	0.478
1517160670001	10.017	0.938	0.469
1517160670011	10.027	0.785	0.459
1517160670024	10.056	0.9	0.45
1517160670031	10.075	0.89	0.45
1517160670042	10.084	0.871	0.43
1517160670055	10.075	0.766	0.45
1517160670061	10.027	0.737	0.469
1517160670071	9.931	0.641	0.469
1517160670084	9.864	0.574	0.469
1517160670091	9.797	0.517	0.507
1517160670101	9.711	0.526	0.545
1517160670113	9.653	0.574	0.641
1517160670121	9.615	0.565	0.708
1517160670131	9.596	0.565	0.727
1517160670146	9.605	0.545	0.718
1517160670151	9.653	0.526	0.67
1517160670162	9.749	0.488	0.603
1517160670176	9.883	0.478	0.545
1517160670181	10.075	0.526	0.478
1517160670191	10.266	0.536	0.411
1517160670206	10.419	0.555	0.344
1517160670211	10.477	0.593	0.316
1517160670222	10.534	0.67	0.344
1517160670236	10.486	0.737	0.421
1517160670241	10.381	0.833	0.517
1517160670252	10.237	0.967	0.603
1517160670267	10.084	1.063	0.632
1517160670271	9.931	1.149	0.67
1517160670282	9.797	1.139	0.66
1517160670297	9.711	1.13	0.641
1517160670301	9.625	1.063	0.584
1517160670312	9.605	1.005	0.459
1517160670327	9.577	0.928	0.411
1517160670331	9.615	0.823	0.392
1517160670342	9.701	0.718	0.43
1517160670357	9.835	0.574	0.459
1517160670361	9.979	0.478	0.45
1517160670372	10.075	0.402	0.45
1517160670386	10.132	0.383	0.402
1517160670391	10.19	0.411	0.363
1517160670402	10.237	0.478	0.354
1517160670417	10.266	0.507	0.335
1517160670421	10.228	0.536	0.325
1517160670433	10.161	0.536	0.277
1517160670447	10.103	0.536	0.181
1517160670451	10.036	0.526	0.095
1517160670462	9.921	0.498	0.124
1517160670478	9.768	0.402	0.201
1517160670481	9.739	0.296	0.258
1517160670493	9.874	0.162	0.22
1517160670508	10.036	0.086	0.191
1517160670511	10.199	0.028	0.114
1517160670523	10.372	-0.028	0.047
1517160670537	10.582	-0.105	0.019
1517160670541	10.85	-0.191	0.0
1517160670551	11.138	-0.316	-0.114
1517160670564	11.348	-0.373	-0.287
1517160670571	11.444	-0.268	-0.44
1517160670584	11.435	-0.076	-0.545
1517160670596	11.348	0.143	-0.708
1517160670601	11.262	0.296	-0.622
1517160670611	11.253	0.43	-0.852
1517160670629	11.291	0.565	-0.938
1517160670631	11.368	0.737	-0.909
1517160670642	11.54	0.909	-1.005
1517160670660	11.406	0.986	-1.024
1517160670699	11.463	0.928	-1.034
1517160670714	12.095	0.737	-1.292
1517160670717	12.124	0.316	-1.857
1517160670719	11.751	-0.21	-2.183
1517160670724	11.253	-0.603	-1.925
1517160670728	10.678	-0.747	-1.388
1517160670739	10.094	-0.622	-0.756
1517160670740	9.433	-0.498	-0.124
1517160670742	8.839	-0.43	0.45
1517160670754	8.274	-0.383	0.948
1517160670764	7.805	-0.296	1.254
1517160670786	7.518	-0.153	1.359
1517160670787	7.278	0.181	1.273
1517160670795	7.01	0.335	1.139
1517160670807	6.771	0.498	0.967
1517160670816	6.646	0.651	0.785
1517160670826	6.579	0.67	0.526
1517160670835	6.598	0.699	0.277
1517160670848	6.656	0.612	-0.009
1517160670854	6.771	0.411	-0.268
1517160670865	6.943	0.095	-0.469
1517160670874	7.259	-0.316	-0.574
1517160670882	7.68	-0.66	-0.679
1517160670898	8.198	-0.957	-0.737
1517160670903	8.791	-1.168	-0.785
1517160670912	9.414	-1.312	-0.689
1517160670927	9.931	-1.312	-0.545
1517160670931	10.352	-1.197	-0.392
1517160670943	10.688	-1.005	-0.22
1517160670957	10.975	-0.775	-0.134
1517160670961	11.214	-0.584	-0.181
1517160670971	11.301	-0.43	-0.344
1517160670987	11.233	-0.21	-0.507
1517160670991	11.147	0.028	-0.718
1517160671001	11.08	0.201	-0.89
1517160671018	11.052	0.296	-1.015
1517160671021	10.927	0.258	-0.976
1517160671031	10.793	0.114	-0.775
1517160671042	10.611	-0.038	-0.66
1517160671053	10.391	-0.201	-0.651
1517160671061	10.209	-0.325	-0.679
1517160671078	10.075	-0.469	-0.718
1517160671081	10.017	-0.632	-0.766
1517160671091	10.065	-0.708	-0.957
1517160671108	10.209	-0.689	-1.331
1517160671111	10.41	-0.622	-1.283
1517160671124	10.573	-0.469	-1.273
1517160671136	10.688	-0.306	-1.101
1517160671141	10.735	-0.124	-0.794
1517160671152	10.735	0.057	-0.536
1517160671161	10.668	0.201	-0.44
1517160671171	10.554	0.258	-0.469
1517160671182	10.324	0.306	-0.603
1517160671194	10.065	0.325	-0.727
1517160671201	9.835	0.325	-0.823
1517160671212	9.644	0.354	-0.89
1517160671221	9.481	0.335	-0.861
1517160671231	9.308	0.296	-0.756
1517160671244	9.232	0.22	-0.689
1517160671251	9.28	0.124	-0.67
1517160671261	9.404	-0.019	-0.708
1517160671271	9.529	-0.181	-0.718
1517160671281	9.692	-0.373	-0.718
1517160671291	9.807	-0.517	-0.708
1517160671304	9.893	-0.603	-0.766
1517160671311	9.921	-0.651	-0.766
1517160671321	9.893	-0.612	-0.814
1517160671332	9.816	-0.526	-0.756
1517160671341	9.749	-0.411	-0.67
1517160671351	9.739	-0.344	-0.517
1517160671362	9.807	-0.268	-0.411
1517160671371	9.941	-0.191	-0.325
1517160671381	10.094	-0.095	-0.201
1517160671392	10.266	-0.019	0.076
1517160671401	10.429	0.086	0.028
1517160671411	10.64	0.162	0.076
1517160671424	10.86	0.21	0.047
1517160671431	11.08	0.296	0.009
1517160671441	11.262	0.43	-0.076
1517160671482	11.463	0.641	-0.21
1517160671485	11.463	0.641	-0.373
1517160671486	11.31	0.718	-0.536
1517160671507	11.004	0.814	-0.603
1517160671516	10.755	0.852	-0.632
1517160671518	10.515	0.89	-0.526
1517160671523	10.276	0.9	-0.383
1517160671524	10.056	0.881	-0.239
1517160671535	9.893	0.861	-0.067
1517160671547	9.778	0.814	0.057
1517160671551	9.739	0.747	0.134
1517160671561	9.711	0.718	0.181
1517160671575	9.672	0.66	0.229
1517160671584	9.615	0.66	0.306
1517160671594	9.567	0.632	0.402
1517160671604	9.538	0.641	0.478
1517160671611	9.557	0.632	0.545
1517160671623	9.596	0.612	0.612
1517160671645	9.625	0.622	0.718
1517160671646	9.672	0.679	0.785
1517160671656	9.663	0.718	0.852
1517160671670	9.634	0.785	0.938
1517160671671	9.586	0.852	0.986
1517160671681	9.567	0.9	0.986
1517160671693	9.567	0.938	0.928
1517160671701	9.596	0.967	0.852
1517160671711	9.653	0.976	0.804
1517160671722	9.72	0.976	0.737
1517160671731	9.854	0.967	0.689
1517160671741	9.969	0.948	0.67
1517160671752	10.094	0.919	0.603
1517160671761	10.17	0.833	0.584
1517160671772	10.228	0.775	0.574
1517160671782	10.199	0.727	0.517
1517160671791	10.103	0.708	0.507
1517160671801	9.998	0.679	0.498
1517160671829	9.854	0.689	0.545
1517160671830	9.759	0.689	0.612
1517160671835	9.711	0.737	0.679
1517160671845	9.711	0.785	0.766
1517160671851	9.739	0.852	0.833
1517160671861	9.826	0.928	0.871
1517160671872	9.95	0.967	0.9
1517160671881	10.065	1.015	0.861
1517160671891	10.199	1.053	0.804
1517160671903	10.257	1.091	0.699
1517160671911	10.237	1.13	0.632
1517160671921	10.142	1.158	0.593
1517160671937	10.046	1.206	0.584
1517160671941	9.96	1.225	0.565
1517160671951	9.921	1.292	0.593
1517160671969	9.835	1.34	0.651
1517160671971	9.692	1.359	0.747
1517160671981	9.567	1.35	0.804
1517160671994	9.462	1.331	0.852
1517160672001	9.404	1.254	0.919
1517160672011	9.404	1.158	0.928
1517160672024	9.452	1.063	0.814
1517160672031	9.567	0.957	0.919
1517160672041	9.72	0.852	0.842
1517160672053	9.912	0.766	0.689
1517160672061	10.084	0.699	0.689
1517160672071	10.228	0.641	0.641
1517160672083	10.458	0.641	0.555
1517160672091	10.343	0.67	0.555
1517160672101	10.295	0.727	0.574
1517160672113	10.056	0.804	0.66
1517160672121	10.056	0.89	0.66
1517160672131	9.96	0.957	0.708
1517160672151	9.893	1.063	0.651
1517160672161	9.912	1.072	0.766
1517160672176	10.008	1.091	0.641
1517160672181	10.008	1.091	0.584
1517160672193	10.046	1.11	0.545
1517160672206	10.046	1.101	0.536
1517160672211	10.046	1.101	0.555
1517160672221	9.96	1.11	0.603
1517160672236	9.816	1.11	0.66
1517160672241	9.816	1.11	0.747
1517160672279	9.586	1.082	0.823
1517160672281	9.653	1.091	0.871
1517160672292	9.644	1.063	0.909
1517160672299	9.605	1.015	0.871
1517160672302	9.615	0.948	0.833
1517160672304	9.577	0.881	0.766
1517160672331	9.586	0.651	0.718
1517160672336	9.625	0.747	0.699
1517160672338	9.653	0.699	0.66
1517160672345	9.711	0.689	0.66
1517160672355	9.749	0.66	0.651
1517160672361	9.787	0.689	0.708
1517160672372	9.835	0.727	0.67
1517160672386	9.874	0.737	0.67
1517160672391	9.921	0.775	0.67
1517160672401	9.96	0.794	0.67
1517160672419	10.017	0.794	0.679
1517160672421	10.046	0.814	0.679
1517160672433	10.084	0.833	0.632
1517160672449	10.103	0.881	0.545
1517160672451	10.123	0.909	0.459
1517160672462	10.113	0.928	0.411
1517160672474	10.094	0.919	0.411
1517160672481	10.065	0.89	0.459
1517160672491	10.056	0.842	0.507
1517160672504	9.998	0.804	0.584
1517160672524	9.979	0.766	0.603
1517160672527	9.998	0.747	0.622
1517160672533	10.046	0.737	0.545
1517160672542	10.094	0.708	0.536
1517160672552	10.142	0.718	0.526
1517160672564	10.209	0.679	0.488
1517160672571	10.237	0.622	0.469
1517160672582	10.19	0.545	0.44
1517160672592	10.046	0.565	0.421
1517160672601	9.902	0.641	0.44
1517160672611	9.816	0.775	0.498
1517160672622	9.845	0.881	0.507
1517160672631	9.912	0.948	0.498
1517160672652	9.835	0.89	0.459
1517160672661	9.787	0.823	0.383
1517160672672	9.826	0.747	0.287
1517160672685	9.931	0.708	0.239
1517160672691	10.046	0.641	0.258
1517160672702	10.113	0.555	0.258
1517160672715	10.18	0.469	0.201
1517160672721	10.295	0.402	0.143
1517160672731	10.41	0.363	0.124
1517160672746	10.439	0.296	0.296
1517160672751	10.419	0.268	0.22
1517160672761	10.458	0.191	0.306
1517160672776	10.496	0.134	0.363
1517160672796	10.601	0.067	0.21
1517160672797	10.735	0.028	0.21
1517160672807	11.109	0.038	-0.392
1517160672811	11.109	0.134	-0.392
1517160672821	11.406	0.229	-0.593
1517160672836	11.674	0.363	-0.727
1517160672841	11.846	0.488	-0.727
1517160672853	11.866	0.66	-0.794
1517160672865	11.751	0.833	-1.11
1517160672871	11.55	1.015	-1.11
1517160672881	11.339	1.12	-1.235
1517160672896	11.262	1.158	-1.369
1517160672901	11.32	1.101	-1.369
1517160672911	11.492	0.938	-1.149
1517160672925	11.827	0.679	-0.957
1517160672931	11.827	0.421	-0.804
1517160672941	11.856	0.201	-0.814
1517160672955	11.703	0.124	-0.737
1517160672961	11.703	0.124	-0.67
1517160672986	10.534	0.134	-0.306
1517160672991	10.534	0.086	-0.105
1517160673001	8.925	0.086	0.201
1517160673015	8.083	0.143	0.363
1517160673021	7.537	0.306	0.363
1517160673033	6.933	0.488	0.325
1517160673045	6.426	0.612	0.258
1517160673051	6.062	0.593	0.153
1517160673084	5.775	0.459	0.086
1517160673087	5.602	0.277	-0.028
1517160673093	5.478	0.047	-0.095
1517160673097	5.468	0.124	-0.191
1517160673115	5.573	0.095	-0.277
1517160673116	5.842	0.105	-0.335
1517160673125	6.282	0.105	-0.392
1517160673138	6.79	-0.009	-0.411
1517160673141	7.326	-0.153	-0.411
1517160673151	7.834	-0.316	-0.344
1517160673167	8.322	-0.402	-0.249
1517160673171	8.791	-0.488	-0.181
1517160673182	9.241	-0.555	-0.086
1517160673195	9.73	-0.536	-0.076
1517160673201	10.19	-0.469	-0.22
1517160673214	10.506	-0.383	-0.478
1517160673225	10.716	-0.268	-0.794
1517160673231	10.937	-0.21	-1.101
1517160673243	11.157	-0.201	-1.312
1517160673254	11.329	-0.268	-1.426
1517160673261	11.32	-0.258	-1.312
1517160673271	11.186	-0.124	-1.091
1517160673286	10.965	0.114	-0.852
1517160673291	10.774	0.287	-0.651
1517160673301	10.659	0.335	-0.469
1517160673314	10.678	0.354	-0.402
1517160673321	10.735	0.296	-0.526
1517160673331	10.831	0.277	-0.775
1517160673344	11.004	0.373	-1.187
1517160673351	11.233	0.488	-1.589
1517160673361	11.358	0.555	-1.8
1517160673373	11.233	0.67	-1.551
1517160673381	10.965	0.775	-0.976
1517160673391	10.716	0.861	-0.44
1517160673403	10.592	0.938	-0.105
1517160673411	10.621	0.938	0.067
1517160673421	10.735	0.89	0.22
1517160673436	10.831	0.766	0.162
1517160673441	10.86	0.67	0.067
1517160673451	10.812	0.584	-0.086
1517160673466	10.688	0.478	-0.134
1517160673471	10.534	0.421	-0.229
1517160673481	10.295	0.43	-0.249
1517160673496	10.046	0.478	-0.134
1517160673501	9.874	0.517	0.009
1517160673512	9.835	0.593	0.095
1517160673527	9.941	0.632	-0.114
1517160673531	10.103	0.651	-0.114
1517160673542	10.247	0.66	-0.181
1517160673557	10.285	0.679	0.009
1517160673561	10.228	0.679	-0.076
1517160673572	10.151	0.699	-0.047
1517160673586	10.113	0.718	-0.316
1517160673591	10.142	0.794	-0.383
1517160673602	10.228	0.804	-0.545
1517160673616	10.439	0.842	-0.708
1517160673621	10.735	0.852	-0.708
1517160673631	10.984	0.852	-0.565
1517160673646	11.176	0.842	-0.009
1517160673651	11.157	0.833	-0.009
1517160673661	10.965	0.775	0.44
1517160673676	10.563	0.794	0.555
1517160673681	10.075	0.823	0.555
1517160673692	9.605	0.804	0.651
1517160673709	9.222	0.766	0.727
1517160673711	8.954	0.766	0.67
1517160673722	8.801	0.756	0.593
1517160673736	8.945	0.785	0.498
1517160673741	8.897	0.804	0.392
1517160673751	9.28	0.804	0.268
1517160673766	9.395	0.823	0.153
1517160673771	9.816	0.861	0.124
1517160673783	9.96	0.9	0.201
1517160673797	9.96	0.919	0.316
1517160673801	9.787	0.957	0.411
1517160673811	9.864	1.024	0.421
1517160673823	9.979	1.043	0.373
1517160673831	9.96	1.063	0.287
1517160673841	10.056	1.034	0.21
1517160673859	10.142	1.024	0.21
1517160673864	10.228	0.986	0.277
1517160673872	10.266	0.775	0.363
1517160673885	10.285	0.689	0.469
1517160673892	10.257	0.565	0.555
1517160673915	10.123	0.507	0.718
1517160673944	10.017	0.517	0.766
1517160673945	9.912	0.545	0.794
1517160673945	9.797	0.545	0.766
1517160673951	9.682	0.593	0.727
1517160673961	9.596	0.699	0.67
1517160673974	9.548	0.823	0.632
1517160673981	9.51	0.919	0.66
1517160673991	9.481	0.976	0.689
1517160674004	9.462	0.996	0.651
1517160674011	9.443	0.957	0.67
1517160674021	9.347	0.871	0.708
1517160674034	9.203	0.881	0.747
1517160674041	9.155	0.957	0.708
1517160674051	9.222	1.101	0.565
1517160674064	9.423	1.216	0.383
1517160674071	9.653	1.302	0.249
1517160674081	9.835	1.35	0.162
1517160674096	9.902	1.359	0.105
1517160674101	9.912	1.359	0.076
1517160674111	9.902	1.388	0.028
1517160674122	9.95	1.417	0.057
1517160674131	9.998	1.446	0.191
1517160674141	10.046	1.436	0.316
1517160674154	10.113	1.407	0.383
1517160674161	10.285	1.398	0.363
1517160674184	10.496	1.369	0.287
1517160674184	10.688	1.359	0.162
1517160674191	10.831	1.369	0.114
1517160674201	10.85	1.407	0.057
1517160674215	10.764	1.455	0.076
1517160674221	10.621	1.532	0.067
1517160674231	10.429	1.608	0.076
1517160674244	10.257	1.685	0.095
1517160674251	10.065	1.695	0.201
1517160674262	9.883	1.714	0.316
1517160674277	9.73	1.733	0.45
1517160674281	9.615	1.752	0.555
1517160674292	9.5	1.685	0.651
1517160674307	9.452	1.58	0.718
1517160674311	9.462	1.398	0.699
1517160674322	9.529	1.177	0.651
1517160674338	9.634	1.005	0.517
1517160674341	9.797	0.833	0.392
1517160674352	9.95	0.718	0.268
1517160674367	10.075	0.632	0.172
1517160674371	10.161	0.584	0.095
1517160674383	10.18	0.612	0.114
1517160674397	10.142	0.689	0.143
1517160674401	10.027	0.775	0.229
1517160674412	9.912	0.842	0.421
1517160674427	9.778	0.881	0.344
1517160674431	9.682	0.928	0.363
1517160674443	9.605	0.938	0.411
1517160674457	9.596	0.938	0.411
1517160674461	9.653	0.957	0.421
1517160674472	9.73	0.957	0.296
1517160674487	9.835	0.919	0.296
1517160674491	9.912	0.909	0.258
1517160674503	10.113	0.986	0.249
1517160674517	10.084	1.11	0.22
1517160674521	10.228	1.216	0.172
1517160674532	10.496	1.302	0.124
1517160674547	10.496	1.312	0.076
1517160674551	10.525	1.254	0.047
1517160674562	10.429	1.187	0.067
1517160674577	10.429	1.13	0.095
1517160674581	10.257	1.082	0.105
1517160674592	10.151	1.082	0.134
1517160674607	10.046	1.101	0.057
1517160674611	9.969	1.082	0.038
1517160674622	9.96	1.072	0.038
1517160674637	9.979	1.005	0.019
1517160674641	9.998	0.794	0.114
1517160674680	10.017	0.842	0.191
1517160674682	10.075	0.842	0.162
1517160674686	10.123	0.814	0.047
1517160674691	10.151	0.833	-0.047
1517160674694	10.17	0.833	0.028
1517160674704	10.142	0.804	0.124
1517160674717	10.103	0.699	0.22
1517160674732	10.103	0.584	0.268
1517160674733	10.142	0.469	0.229
1517160674742	10.209	0.373	0.105
1517160674758	10.295	0.335	-0.047
1517160674765	10.467	0.316	-0.143
1517160674773	10.649	0.363	-0.268
1517160674785	10.726	0.469	-0.316
1517160674802	10.726	0.545	-0.344
1517160674808	10.697	0.67	-0.344
1517160674811	10.688	0.775	-0.392
1517160674821	10.697	0.919	-0.43
1517160674831	10.678	1.053	-0.402
1517160674848	10.592	1.149	-0.344
1517160674851	10.467	1.158	-0.277
1517160674861	10.352	1.101	-0.249
1517160674871	10.324	1.063	-0.239
1517160674881	10.4	0.986	-0.325
1517160674892	10.544	0.909	-0.488
1517160674901	10.726	0.775	-0.689
1517160674911	10.927	0.565	-0.871
1517160674921	11.157	0.373	-1.043
1517160674931	11.377	0.105	-1.149
1517160674941	11.53	-0.134	-1.235
1517160674951	11.645	-0.363	-1.216
1517160674961	11.684	-0.565	-1.206
1517160674971	11.645	-0.699	-1.197
1517160674982	11.521	-0.641	-1.177
1517160674990	11.415	-0.526	-1.206
1517160675001	11.301	-0.363	-1.072
1517160675011	11.176	-0.249	-0.957
1517160675021	11.08	-0.201	-0.737
1517160675031	10.879	-0.124	-0.555
1517160675041	10.592	0.019	-0.383
1517160675051	10.199	0.268	-0.153
1517160675061	9.663	0.536	0.162
1517160675074	8.983	0.747	0.459
1517160675085	8.236	0.842	0.679
1517160675091	7.527	0.842	0.833
1517160675101	6.876	0.804	0.919
1517160675110	6.292	0.823	0.881
1517160675121	5.822	0.833	0.775
1517160675132	5.487	0.794	0.651
1517160675141	5.267	0.737	0.498
1517160675151	5.19	0.612	0.296
1517160675163	5.257	0.43	0.143
1517160675171	5.478	0.162	0.114
1517160675182	5.87	-0.172	0.143
1517160675192	6.359	-0.459	0.191
1517160675201	6.972	-0.632	0.21
1517160675211	7.661	-0.708	0.162
1517160675222	8.351	-0.679	-0.201
1517160675231	9.021	-0.593	-0.201
1517160675241	9.663	-0.545	-0.603
1517160675251	10.257	-0.641	-0.823
1517160675260	10.803	-0.833	-1.206
1517160675271	11.214	-1.015	-1.063
1517160675282	11.205	-1.11	-0.986
1517160675291	11.233	-1.043	-0.794
1517160675301	11.013	-0.967	-0.689
1517160675312	10.898	-0.919	-0.641
1517160675321	10.659	-0.804	-0.565
1517160675331	10.755	-0.545	-0.402
1517160675343	10.496	-0.162	-0.143
1517160675351	10.726	0.21	0.105
1517160675361	10.984	0.469	0.277
1517160675373	11.281	0.66	0.306
1517160675381	11.626	0.794	0.201
1517160675391	11.952	0.852	0.038
1517160675404	12.162	0.871	-0.143
1517160675411	12.258	0.478	-0.354
1517160675421	12.191	0.45	-0.555
1517160675434	11.913	0.45	-0.651
1517160675468	11.406	0.287	-0.584
1517160675470	10.889	0.191	-0.392
1517160675477	10.41	0.105	-0.21
1517160675481	10.103	0.038	-0.047
1517160675488	9.931	0.019	0.0
1517160675501	9.835	0.038	0.038
1517160675503	9.749	0.143	0.028
1517160675512	9.711	0.258	0.019
1517160675523	9.577	0.402	0.057
1517160675531	9.356	0.536	0.124
1517160675541	9.155	0.584	0.201
1517160675553	8.973	0.603	0.22
1517160675561	8.849	0.574	0.22
1517160675571	8.772	0.584	0.316
1517160675583	8.791	0.536	0.45
1517160675591	9.002	0.478	0.526
1517160675601	9.404	0.306	0.488
1517160675612	9.883	0.067	0.421
1517160675620	10.314	-0.191	0.287
1517160675631	10.668	-0.459	0.191
1517160675689	10.917	-0.737	0.153
1517160675732	11.119	-0.976	0.134
1517160675732	11.262	-1.082	0.114
1517160675733	11.205	-1.024	0.124
1517160675734	11.013	-0.814	0.229
1517160675734	10.764	-0.526	0.306
1517160675735	10.486	-0.22	0.421
1517160675735	10.237	0.105	0.565
1517160675736	10.046	0.402	0.699
1517160675737	9.941	0.651	0.794
1517160675741	9.95	0.814	0.747
1517160675751	9.998	0.928	0.612
1517160675762	10.065	0.957	0.517
1517160675771	10.17	0.928	0.459
1517160675781	10.333	0.842	0.507
1517160675793	10.515	0.699	0.574
1517160675800	10.659	0.612	0.536
1517160675811	10.707	0.565	0.469
1517160675821	10.64	0.555	0.44
1517160675831	10.496	0.584	0.469
1517160675841	10.295	0.612	0.555
1517160675863	10.056	0.632	0.565
1517160675864	9.845	0.708	0.622
1517160675871	9.672	0.794	0.679
1517160675884	9.529	0.9	0.708
1517160675891	9.423	0.986	0.814
1517160675901	9.337	1.043	0.852
1517160675912	9.299	1.015	0.871
1517160675921	9.251	0.986	0.833
1517160675931	9.241	0.957	0.718
1517160675942	9.261	0.928	0.603
1517160675951	9.328	0.871	0.469
1517160675961	9.433	0.804	0.411
1517160675973	9.577	0.766	0.421
1517160675981	9.73	0.67	0.421
1517160675991	9.883	0.565	0.603
1517160676004	10.036	0.44	0.478
1517160676011	10.161	0.335	0.363
1517160676021	10.266	0.258	0.488
1517160676034	10.419	0.124	0.555
1517160676041	10.419	0.124	0.622
1517160676051	10.439	0.076	0.66
1517160676062	10.429	0.086	0.679
1517160676070	10.419	0.134	0.66
1517160676081	10.18	0.201	0.603
1517160676092	10.103	0.287	0.603
1517160676101	9.969	0.354	0.612
1517160676111	9.835	0.43	0.603
1517160676124	9.701	0.488	0.584
1517160676131	9.605	0.536	0.603
1517160676141	9.538	0.574	0.603
1517160676155	9.529	0.584	0.66
1517160676161	9.586	0.603	0.699
1517160676171	9.682	0.584	0.727
1517160676184	9.807	0.565	0.679
1517160676191	9.874	0.488	0.689
1517160676201	9.835	0.402	0.689
1517160676214	9.749	0.363	0.718
1517160676221	9.711	0.316	0.747
1517160676253	9.797	0.268	0.727
1517160676257	9.931	0.22	0.67
1517160676263	10.027	0.191	0.66
1517160676264	10.027	0.162	0.632
1517160676274	9.998	0.162	0.593
1517160676297	10.027	0.172	0.603
1517160676301	10.036	0.21	0.66
1517160676308	10.008	0.296	0.689
1517160676319	9.988	0.383	0.756
1517160676327	10.036	0.478	0.794
1517160676331	10.123	0.526	0.823
1517160676345	10.209	0.555	0.775
1517160676358	10.237	0.565	0.689
1517160676368	10.209	0.565	0.593
1517160676371	10.132	0.622	0.545
1517160676391	10.036	0.689	0.507
1517160676392	9.96	0.737	0.469
1517160676401	9.854	0.756	0.459
1517160676411	9.778	0.775	0.44
1517160676428	9.711	0.794	0.44
1517160676431	9.739	0.766	0.507
1517160676441	9.778	0.718	0.565
1517160676454	9.835	0.66	0.603
1517160676461	9.864	0.574	0.641
1517160676471	9.874	0.507	0.641
1517160676485	9.893	0.459	0.641
1517160676491	9.902	0.43	0.651
1517160676501	9.902	0.411	0.679
1517160676513	9.921	0.383	0.747
1517160676521	9.969	0.344	0.756
1517160676531	10.075	0.306	0.737
1517160676543	10.17	0.249	0.66
1517160676550	10.218	0.249	0.622
1517160676561	10.218	0.239	0.641
1517160676574	10.209	0.229	0.632
1517160676581	10.257	0.21	0.66
1517160676591	10.257	0.181	0.66
1517160676605	10.276	0.153	0.603
1517160676611	10.276	0.124	0.526
1517160676621	10.295	0.105	0.44
1517160676636	10.314	0.076	0.411
1517160676641	10.362	0.028	0.354
1517160676653	10.458	0.009	0.344
1517160676668	10.534	0.038	0.325
1517160676671	10.659	0.124	0.229
1517160676684	10.783	0.191	0.114
1517160676699	11.023	0.21	-0.153
1517160676701	11.023	0.172	-0.153
1517160676713	11.052	0.105	-0.402
1517160676724	11.004	0.028	-0.555
1517160676731	10.908	0.019	-0.498
1517160676741	10.822	-0.009	-0.536
1517160676754	10.803	-0.019	-0.517
1517160676761	10.937	-0.095	-0.517
1517160676771	11.176	-0.143	-0.507
1517160676784	11.368	-0.134	-0.565
1517160676797	11.396	-0.076	-0.498
1517160676802	11.339	0.086	-0.526
1517160676813	11.166	0.306	-0.488
1517160676821	11.166	0.45	-0.411
1517160676831	11.023	0.565	-0.335
1517160676845	10.678	0.593	-0.306
1517160676854	10.506	0.593	-0.411
1517160676861	10.352	0.593	-0.536
1517160676874	10.19	0.593	-0.565
1517160676881	9.931	0.498	-0.498
1517160676891	9.644	0.354	-0.383
1517160676904	9.318	0.201	-0.201
1517160676910	8.935	0.105	-0.038
1517160676921	8.514	-0.105	0.124
1517160676935	8.083	-0.028	0.229
1517160676941	7.738	-0.057	0.201
1517160676951	7.498	-0.076	0.095
1517160676964	7.259	-0.172	-0.009
1517160676971	7.067	-0.22	-0.153
1517160676981	6.933	-0.287	-0.344
1517160676995	6.828	-0.325	-0.498
1517160677001	6.761	-0.316	-0.612
1517160677011	6.79	-0.296	-0.593
1517160677039	6.962	-0.287	-0.517
1517160677043	7.24	-0.296	-0.498
1517160677045	7.585	-0.344	-0.383
1517160677079	8.006	-0.421	-0.268
1517160677085	8.494	-0.545	-0.057
1517160677086	9.021	-0.689	0.143
1517160677090	9.625	-0.823	0.191
1517160677091	10.276	-0.996	0.105
1517160677101	10.87	-1.187	-0.057
1517160677112	11.291	-1.264	-0.181
1517160677121	11.521	-1.245	-0.239
1517160677138	11.617	-1.139	-0.258
1517160677148	11.597	-1.063	-0.287
1517160677151	11.492	-0.89	-0.354
1517160677162	11.329	-0.651	-0.421
1517160677187	11.195	-0.363	-0.478
1517160677188	11.071	-0.057	-0.603
1517160677196	10.984	0.258	-0.708
1517160677205	10.965	0.478	-0.823
1517160677211	11.004	0.603	-0.9
1517160677228	10.994	0.632	-0.9
1517160677234	10.984	0.565	-0.775
1517160677241	10.908	0.507	-0.612
1517160677251	10.774	0.488	-0.411
1517160677268	10.611	0.421	-0.296
1517160677271	10.419	0.354	-0.239
1517160677281	10.218	0.287	-0.258
1517160677292	10.036	0.201	-0.316
1517160677301	9.931	0.124	-0.354
1517160677311	9.883	0.067	-0.44
1517160677324	9.883	-0.047	-0.555
1517160677331	9.902	-0.124	-0.641
1517160677341	9.845	-0.201	-0.632
1517160677354	9.739	-0.268	-0.536
1517160677360	9.596	-0.277	-0.392
1517160677371	9.481	-0.268	-0.191
1517160677382	9.385	-0.229	0.067
1517160677391	9.347	-0.22	0.306
1517160677401	9.347	-0.191	0.498
1517160677418	9.462	-0.162	0.603
1517160677421	9.625	-0.162	0.66
1517160677432	9.826	-0.22	0.718
1517160677448	10.056	-0.335	0.737
1517160677451	10.314	-0.45	0.699
1517160677463	10.525	-0.517	0.574
1517160677473	10.64	-0.536	0.498
1517160677481	10.678	-0.526	0.402
1517160677493	10.659	-0.517	0.114
1517160677503	10.573	-0.498	0.143
1517160677512	10.41	-0.44	0.0
1517160677526	10.161	-0.316	0.0
1517160677534	9.874	-0.124	0.153
1517160677544	9.586	0.047	0.239
1517160677558	9.347	0.22	0.411
1517160677573	8.935	0.498	0.794
1517160677585	9.059	0.622	0.861
1517160677592	9.088	0.699	0.718
1517160677601	10.161	0.651	0.392
1517160677611	10.764	0.498	0.057
1517160677622	11.368	0.296	-0.268
1517160677635	11.559	0.124	-0.469
1517160677642	11.952	-0.028	-0.565
1517160677652	12.076	-0.105	-0.469
1517160677661	11.933	-0.105	-0.316
1517160677671	11.597	-0.067	-0.124
1517160677682	11.109	-0.028	0.095
1517160677691	10.534	0.019	0.316
1517160677701	9.96	0.067	0.507
1517160677718	9.433	0.306	0.679
1517160677721	8.964	0.392	0.785
1517160677733	8.619	0.325	0.89
1517160677750	8.37	0.325	0.938
1517160677752	8.255	0.258	1.005
1517160677763	8.341	0.162	1.024
1517160677780	8.648	0.047	1.043
1517160677782	9.021	-0.067	1.015
1517160677793	9.471	-0.114	0.986
1517160677803	9.912	-0.095	0.89
1517160677812	10.305	-0.076	0.794
1517160677839	10.582	-0.009	0.699
1517160677840	10.755	0.124	0.593
1517160677842	10.793	0.296	0.507
1517160677863	10.774	0.402	0.469
1517160677868	10.668	0.44	0.517
1517160677873	10.496	0.392	0.612
1517160677886	10.257	0.325	0.651
1517160677892	10.046	0.287	0.689
1517160677905	9.845	0.21	0.651
1517160677918	9.701	0.124	0.622
1517160677922	9.615	0.047	0.584
1517160677932	9.567	-0.028	0.555
1517160677958	9.596	-0.095	0.545
1517160677959	9.692	-0.143	0.536
1517160677968	9.787	-0.172	0.526
1517160677979	9.902	-0.124	0.536
1517160677983	9.969	-0.067	0.574
1517160677991	10.008	0.0	0.603
1517160678018	10.027	0.057	0.66
1517160678021	10.008	0.124	0.689
1517160678022	10.017	0.191	0.708
1517160678041	9.998	0.268	0.708
1517160678042	10.017	0.306	0.67
1517160678053	10.075	0.354	0.584
1517160678073	10.113	0.402	0.507
1517160678074	10.18	0.45	0.469
1517160678084	10.199	0.507	0.459
1517160678093	10.199	0.574	0.459
1517160678105	10.17	0.612	0.45
1517160678111	10.161	0.632	0.44
1517160678121	10.132	0.632	0.411
1517160678135	10.065	0.612	0.402
1517160678141	9.96	0.565	0.411
1517160678151	9.826	0.498	0.402
1517160678164	9.711	0.43	0.411
1517160678171	9.653	0.335	0.411
1517160678181	9.634	0.239	0.43
1517160678194	9.672	0.153	0.43
1517160678201	9.759	0.076	0.43
1517160678211	9.883	0.038	0.44
1517160678227	9.969	0.028	0.43
1517160678231	10.027	0.009	0.459
1517160678242	10.065	-0.009	0.44
1517160678257	10.075	0.009	0.44
1517160678261	10.084	0.047	0.622
1517160678273	10.094	0.105	0.335
1517160678288	10.084	0.153	0.469
1517160678291	10.075	0.181	0.411
1517160678303	9.902	0.21	0.402
1517160678318	10.008	0.249	0.402
1517160678321	10.008	0.296	0.354
1517160678333	10.008	0.354	0.344
1517160678348	10.017	0.373	0.354
1517160678351	9.969	0.363	0.392
1517160678363	9.845	0.335	0.402
1517160678378	9.845	0.306	0.402
1517160678381	9.988	0.277	0.402
1517160678393	9.969	0.258	0.373
1517160678408	9.969	0.249	0.277
1517160678411	10.017	0.22	0.172
1517160678423	10.075	0.21	0.105
1517160678431	10.123	0.21	0.067
1517160678441	10.151	0.249	0.057
1517160678453	10.123	0.325	0.095
1517160678461	10.094	0.325	0.114
1517160678471	10.027	0.373	0.134
1517160678483	9.979	0.316	0.086
1517160678491	9.941	0.162	0.067
1517160678501	9.969	0.172	0.076
1517160678513	10.036	0.076	0.162
1517160678521	10.103	-0.028	0.239
1517160678531	10.17	-0.124	0.373
1517160678543	10.209	-0.153	0.411
1517160678558	10.285	-0.162	0.392
1517160678561	10.372	-0.124	0.335
1517160678573	10.458	-0.067	0.229
1517160678588	10.525	-0.019	0.191
1517160678591	10.544	0.067	0.191
1517160678603	10.486	0.153	0.181
1517160678637	10.391	0.258	0.153
1517160678643	10.295	0.402	0.143
1517160678648	10.199	0.517	0.124
1517160678651	10.103	0.593	0.105
1517160678653	10.017	0.66	0.028
1517160678667	9.988	0.67	-0.067
1517160678671	10.027	0.679	-0.21
1517160678681	10.065	0.699	-0.306
1517160678692	10.094	0.727	-0.325
1517160678701	10.161	0.737	-0.354
1517160678713	10.295	0.747	-0.354
1517160678724	10.544	0.727	-0.421
1517160678731	10.831	0.651	-0.526
1517160678741	11.061	0.507	-0.651
1517160678757	11.147	0.363	-0.699
1517160678761	11.109	0.239	-0.679
1517160678771	10.927	0.124	-0.641
1517160678781	10.783	0.038	-0.565
1517160678798	10.668	-0.038	-0.526
1517160678808	10.621	-0.105	-0.498
1517160678814	10.592	-0.162	-0.478
1517160678821	10.64	-0.268	-0.43
1517160678831	10.764	-0.373	-0.44
1517160678841	10.984	-0.488	-0.469
1517160678851	11.157	-0.565	-0.545
1517160678861	11.147	-0.593	-0.708
1517160678871	10.937	-0.498	-0.794
1517160678881	10.601	-0.249	-0.766
1517160678891	10.266	0.047	-0.766
1517160678901	9.96	0.344	-0.756
1517160678911	9.663	0.574	-0.699
1517160678921	9.356	0.737	-0.593
1517160678931	9.021	0.814	-0.498
1517160678940	8.724	0.814	-0.354
1517160678954	8.523	0.747	-0.239
1517160678961	8.399	0.632	-0.172
1517160678970	8.303	0.44	-0.21
1517160678981	8.226	0.249	-0.239
1517160678991	8.159	0.086	-0.316
1517160679001	8.121	-0.038	-0.421
1517160679011	8.092	-0.124	-0.402
1517160679022	8.044	-0.162	-0.44
1517160679031	8.044	-0.22	-0.344
1517160679041	8.111	-0.316	-0.21
1517160679051	8.255	-0.392	-0.076
1517160679061	8.494	-0.43	0.009
1517160679071	8.791	-0.43	0.019
1517160679081	9.165	-0.421	-0.392
1517160679091	9.462	-0.469	-0.545
1517160679101	9.672	-0.536	-0.718
1517160679112	9.682	-0.555	-0.66
1517160679121	9.682	-0.526	-0.727
1517160679131	9.567	-0.44	-0.794
1517160679143	9.366	-0.325	-0.861
1517160679151	9.366	-0.201	-0.881
1517160679161	9.49	-0.067	-0.823
1517160679171	9.567	0.038	-0.775
1517160679181	9.921	0.067	-0.756
1517160679191	10.199	0.067	-0.794
1517160679202	10.506	0.086	-0.861
1517160679211	10.735	0.095	-0.909
1517160679221	10.937	0.153	-0.986
1517160679232	11.042	0.258	-1.015
1517160679241	11.042	0.258	-1.024
1517160679251	10.946	0.296	-1.015
1517160679262	10.841	0.172	-0.976
1517160679270	10.688	0.019	-0.928
1517160679281	10.525	0.124	-0.9
1517160679292	10.343	0.114	-0.909
1517160679301	10.161	0.095	-0.976
1517160679311	10.008	0.114	-1.024
1517160679322	9.931	0.114	-0.996
1517160679331	9.941	0.153	-0.919
1517160679341	10.075	0.134	-0.823
1517160679352	10.257	0.162	-0.766
1517160679360	10.4	0.181	-0.785
1517160679371	10.429	0.296	-0.708
1517160679383	10.372	0.459	-0.612
1517160679391	10.237	0.574	-0.459
1517160679410	10.065	0.66	-0.201
1517160679414	9.883	0.747	0.057
1517160679428	9.816	0.785	0.306
1517160679437	9.931	0.842	0.44
1517160679449	10.199	0.814	0.478
1517160679451	10.554	0.766	0.383
1517160679461	10.908	0.689	0.22
1517160679473	11.205	0.593	-0.028
1517160679482	11.291	0.488	-0.201
1517160679491	11.195	0.469	-0.373
1517160679505	11.023	0.507	-0.478
1517160679511	10.812	0.632	-0.584
1517160679521	10.649	0.785	-0.641
1517160679535	10.439	0.919	-0.593
1517160679541	10.218	1.053	-0.459
1517160679551	9.988	1.177	-0.354
1517160679564	9.739	1.254	-0.191
1517160679571	9.529	1.312	-0.038
1517160679581	9.376	1.302	0.067
1517160679593	9.28	1.216	0.153
1517160679601	9.289	1.091	0.22
1517160679611	9.423	0.948	0.277
1517160679623	9.644	0.766	0.239
1517160679631	9.893	0.593	0.201
1517160679641	10.132	0.459	0.143
1517160679652	10.257	0.383	0.124
1517160679661	10.285	0.392	0.134
1517160679671	10.228	0.469	0.201
1517160679683	10.123	0.555	0.268
1517160679691	9.96	0.689	0.316
1517160679701	9.768	0.794	0.411
1517160679712	9.615	0.909	0.478
1517160679720	9.49	0.976	0.517
1517160679731	9.433	0.967	0.565
1517160679742	9.462	0.919	0.545
1517160679750	9.625	0.842	0.44
1517160679761	9.893	0.775	0.335
1517160679772	10.113	0.641	0.239
1517160679781	10.257	0.545	0.239
1517160679791	10.362	0.459	0.239
1517160679803	10.429	0.44	0.258
1517160679811	10.429	0.43	0.258
1517160679821	10.362	0.459	0.296
1517160679832	10.18	0.498	0.469
1517160679840	9.941	0.488	0.469
1517160679851	9.682	0.507	0.718
1517160679862	9.318	0.574	0.785
1517160679871	9.328	0.641	0.785
1517160679881	9.28	0.679	0.928
1517160679892	9.376	0.699	0.986
1517160679901	9.376	0.727	0.986
1517160679911	9.51	0.737	0.967
1517160679923	9.854	0.775	0.861
1517160679931	9.854	0.842	0.737
1517160679941	10.19	0.919	0.612
1517160679952	10.324	1.024	0.478
1517160679961	10.477	1.091	0.373
1517160679971	10.467	1.158	0.316
1517160679984	10.429	1.379	0.344
1517160679991	10.333	1.273	0.402
1517160680001	10.19	1.292	0.469
1517160680012	10.036	1.312	0.565
1517160680021	9.883	1.292	0.66
1517160680031	9.73	1.273	0.708
1517160680045	9.644	1.082	0.756
1517160680051	9.577	1.158	0.785
1517160680061	9.548	1.13	0.775
1517160680075	9.538	1.091	0.747
1517160680081	9.567	1.053	0.718
1517160680091	9.596	0.986	0.679
1517160680105	9.653	0.919	0.632
1517160680111	9.739	0.909	0.584
1517160680121	9.854	0.881	0.545
1517160680135	9.95	0.861	0.545
1517160680141	10.065	0.833	0.545
1517160680151	10.151	0.814	0.574
1517160680165	10.199	0.756	0.545
1517160680171	10.199	0.708	0.526
1517160680181	10.161	0.699	0.488
1517160680214	10.142	0.689	0.478
1517160680219	10.084	0.679	0.478
1517160680222	10.036	0.679	0.488
1517160680224	9.979	0.67	0.488
1517160680245	9.95	0.641	0.498
1517160680247	9.912	0.632	0.488
1517160680258	9.874	0.603	0.517
1517160680264	9.826	0.584	0.536
1517160680271	9.778	0.574	0.574
1517160680287	9.778	0.574	0.612
1517160680291	9.797	0.584	0.641
1517160680308	9.807	0.574	0.622
1517160680317	9.854	0.574	0.622
1517160680321	9.874	0.574	0.593
1517160680331	9.912	0.536	0.555
1517160680344	9.95	0.526	0.517
1517160680351	9.96	0.517	0.488
1517160680361	9.95	0.488	0.45
1517160680375	9.96	0.507	0.45
1517160680381	10.017	0.565	0.411
1517160680391	10.046	0.593	0.469
1517160680404	10.065	0.574	0.536
1517160680411	10.094	0.555	0.612
1517160680421	10.046	0.507	0.651
1517160680434	10.017	0.498	0.679
1517160680441	9.95	0.478	0.689
1517160680451	9.912	0.45	0.679
1517160680463	9.893	0.44	0.699
1517160680471	9.893	0.43	0.651
1517160680481	9.941	0.478	0.565
1517160680495	9.969	0.536	0.44
1517160680501	9.95	0.641	0.44
1517160680511	9.941	0.679	0.43
1517160680525	10.123	0.747	0.363
1517160680531	10.036	0.766	0.363
1517160680541	10.046	0.747	0.354
1517160680555	10.017	0.708	0.287
1517160680561	9.988	0.66	0.287
1517160680571	9.988	0.622	0.268
1517160680585	10.027	0.584	0.258
1517160680591	10.036	0.612	0.258
1517160680601	10.094	0.622	0.296
1517160680615	10.113	0.612	0.287
1517160680621	10.17	0.641	0.287
1517160680631	10.18	0.651	0.258
1517160680645	10.18	0.66	0.172
1517160680651	10.19	0.641	0.067
1517160680661	10.247	0.622	0.009
1517160680676	10.381	0.565	-0.067
1517160680681	10.381	0.507	-0.114
1517160680691	10.486	0.45	-0.239
1517160680706	10.707	0.373	-0.373
1517160680711	10.707	0.325	-0.498
1517160680721	10.908	0.258	-0.823
1517160680736	11.291	0.21	-1.273
1517160680741	11.722	0.047	-1.618
1517160680751	11.779	-0.172	-1.886
1517160680766	11.444	-0.344	-1.8
1517160680771	11.166	-0.287	-1.369
1517160680781	10.927	0.45	-0.89
1517160680796	10.803	0.679	-0.632
1517160680806	10.716	0.861	-0.459
1517160680829	10.716	0.89	-0.249
1517160680831	10.735	1.063	0.086
1517160680842	10.735	1.12	0.076
1517160680856	10.745	1.101	-0.047
1517160680861	10.841	1.005	-0.306
1517160680872	10.87	0.785	-0.67
1517160680886	10.774	0.43	-1.034
1517160680891	10.716	0.086	-1.254
1517160680901	10.621	-0.143	-1.292
1517160680916	10.429	-0.296	-1.235
1517160680922	10.19	-0.316	-1.139
1517160680931	9.941	-0.287	-0.996
1517160680947	9.634	-0.239	-0.881
1517160680951	9.328	-0.134	-0.756
1517160680961	8.954	0.009	-0.622
1517160680977	8.533	0.134	-0.45
1517160680981	8.169	0.22	-0.268
1517160681018	7.814	0.249	-0.095
1517160681022	7.537	0.277	0.0
1517160681024	7.374	0.335	0.057
1517160681028	7.23	0.383	0.105
1517160681031	7.096	0.383	0.067
1517160681044	6.991	0.344	-0.009
1517160681051	6.924	0.316	-0.124
1517160681065	6.943	0.277	-0.258
1517160681071	6.991	0.249	-0.411
1517160681088	7.067	0.201	-0.545
1517160681107	7.221	0.22	-0.651
1517160681109	7.393	0.229	-0.727
1517160681114	7.594	0.229	-0.861
1517160681126	7.891	0.22	-0.861
1517160681131	8.284	0.191	-0.919
1517160681141	8.753	0.162	-0.9
1517160681155	9.232	0.057	-0.833
1517160681161	9.72	-0.047	-0.708
1517160681171	10.257	-0.181	-0.555
1517160681185	10.774	-0.325	-0.536
1517160681191	11.253	-0.45	-0.622
1517160681202	11.617	-0.488	-0.689
1517160681214	11.818	-0.459	-0.718
1517160681221	11.866	-0.373	-0.727
1517160681231	11.875	-0.249	-0.842
1517160681246	11.875	-0.105	-0.986
1517160681251	11.779	0.047	-1.11
1517160681261	11.53	0.172	-0.986
1517160681277	11.176	0.249	-0.622
1517160681281	10.841	0.268	-0.622
1517160681292	10.573	0.229	-0.574
1517160681306	10.362	0.21	-0.603
1517160681311	10.247	0.258	-0.632
1517160681322	10.228	0.354	-0.641
1517160681337	10.257	0.488	-0.507
1517160681341	10.276	0.632	-0.517
1517160681352	10.266	0.785	-0.344
1517160681367	10.324	0.957	-0.239
1517160681371	10.477	1.043	-0.258
1517160681382	10.668	1.082	-0.632
1517160681397	10.889	1.091	-0.804
1517160681401	11.08	1.13	-0.957
1517160681412	11.214	1.13	-0.938
1517160681427	11.205	1.11	-0.948
1517160681431	11.09	1.082	-0.948
1517160681442	10.525	1.063	-0.976
1517160681457	10.525	1.072	-0.928
1517160681461	10.18	1.082	-0.794
1517160681473	9.586	1.063	-0.622
1517160681487	9.51	1.024	-0.402
1517160681491	9.538	0.957	-0.239
1517160681502	9.567	0.718	-0.105
1517160681517	9.567	0.747	-0.038
1517160681521	9.634	0.641	-0.019
1517160681533	9.663	0.574	-0.067
1517160681549	9.711	0.526	-0.153
1517160681551	9.826	0.565	-0.239
1517160681564	9.931	0.622	-0.287
1517160681575	9.998	0.881	-0.287
1517160681581	10.103	0.814	-0.22
1517160681591	10.19	1.053	-0.239
1517160681604	10.266	1.177	-0.287
1517160681611	10.343	1.264	-0.316
1517160681621	10.343	1.34	-0.296
1517160681637	10.276	1.369	-0.268
1517160681641	10.17	1.379	-0.258
1517160681652	10.084	1.35	-0.229
1517160681667	10.027	1.302	-0.268
1517160681671	9.96	1.216	-0.296
1517160681682	9.893	1.12	-0.296
1517160681697	9.835	1.043	-0.268
1517160681701	9.787	0.967	-0.172
1517160681713	9.768	0.9	-0.067
1517160681727	9.749	0.794	0.028
1517160681731	9.749	0.708	0.124
1517160681743	9.72	0.66	0.21
1517160681757	9.701	0.603	0.306
1517160681761	9.701	0.603	0.344
1517160681772	9.749	0.584	0.363
1517160681808	9.874	0.612	0.344
1517160681813	10.008	0.67	0.277
1517160681814	10.094	0.718	0.201
1517160681817	10.18	0.794	0.143
1517160681844	10.218	0.852	0.076
1517160681846	10.228	0.948	0.067
1517160681847	10.199	1.053	0.047
1517160681853	10.18	1.168	0.076
1517160681863	10.094	1.254	0.124
1517160681874	10.008	1.292	0.22
1517160681881	9.941	1.359	0.306
1517160681892	9.874	1.359	0.344
1517160681903	9.874	1.321	0.373
1517160681911	9.883	1.245	0.363
1517160681921	9.826	1.158	0.383
1517160681935	9.759	1.053	0.373
1517160681941	9.759	0.996	0.363
1517160681951	9.845	0.919	0.277
1517160681966	9.921	0.861	0.201
1517160681971	9.95	0.823	0.22
1517160681981	9.893	0.794	0.229
1517160681991	9.845	0.794	0.229
1517160682001	9.816	0.823	0.201
1517160682011	9.787	0.842	0.21
1517160682027	9.807	0.881	0.239
1517160682031	9.854	0.928	0.316
1517160682043	9.931	0.957	0.316
1517160682058	9.998	1.005	0.287
1517160682061	10.075	1.063	0.296
1517160682073	10.113	1.091	0.296
1517160682088	10.142	1.139	0.268
1517160682091	10.161	1.177	0.249
1517160682103	10.142	1.187	0.201
1517160682111	10.103	1.206	0.201
1517160682121	10.075	1.187	0.239
1517160682133	10.017	1.158	0.344
1517160682151	9.941	1.101	0.411
1517160682163	9.912	1.072	0.44
1517160682171	9.883	1.015	0.44
1517160682181	9.854	0.938	0.411
1517160682193	9.816	0.871	0.373
1517160682201	9.816	0.756	0.22
1517160682211	9.854	0.679	0.268
1517160682223	9.893	0.584	0.239
1517160682231	9.893	0.507	0.21
1517160682241	9.883	0.43	0.21
1517160682253	9.902	0.45	0.268
1517160682261	9.902	0.45	0.296
1517160682271	9.912	0.469	0.344
1517160682283	9.893	0.593	0.392
1517160682291	9.893	0.593	0.44
1517160682301	9.893	0.67	0.45
1517160682314	9.921	0.909	0.421
1517160682321	9.969	0.842	0.383
1517160682331	9.988	1.072	0.335
1517160682343	9.998	1.034	0.287
1517160682351	9.998	1.187	0.239
1517160682361	9.998	1.091	0.249
1517160682374	9.998	1.158	0.249
1517160682391	9.969	1.187	0.258
1517160682403	9.969	1.13	0.277
1517160682411	9.921	1.072	0.316
1517160682421	9.912	1.005	0.325
1517160682433	9.893	0.976	0.325
1517160682441	9.883	0.986	0.344
1517160682451	9.893	0.938	0.325
1517160682463	9.902	0.871	0.296
1517160682471	9.883	0.785	0.258
1517160682481	9.864	0.689	0.249
1517160682493	9.816	0.565	0.201
1517160682501	9.749	0.498	0.201
1517160682512	9.739	0.498	0.191
1517160682543	9.778	0.565	0.22
1517160682545	9.912	0.67	0.249
1517160682552	10.008	0.785	0.268
1517160682554	10.103	0.871	0.287
1517160682566	10.18	0.89	0.249
1517160682571	10.19	0.881	0.181
1517160682582	10.151	0.871	0.191
1517160682601	10.075	0.909	0.191
1517160682604	10.027	0.948	0.268
1517160682613	10.046	1.024	0.296
1517160682627	10.132	1.053	0.258
1517160682632	10.18	1.024	0.258
1517160682644	10.151	0.957	0.239
1517160682651	10.075	0.881	0.22
1517160682661	10.036	0.833	0.181
1517160682673	10.017	0.775	0.076
1517160682681	10.027	0.689	0.047
1517160682691	10.036	0.574	-0.038
1517160682708	10.084	0.44	-0.067
1517160682711	10.142	0.335	-0.153
1517160682721	10.257	0.277	-0.258
1517160682732	10.343	0.258	-0.325
1517160682741	10.41	0.316	-0.306
1517160682751	10.486	0.383	-0.249
1517160682762	10.601	0.421	-0.162
1517160682771	10.716	0.43	-0.114
1517160682781	10.803	0.421	-0.095
1517160682792	10.86	0.363	-0.095
1517160682801	10.889	0.363	-0.201
1517160682815	10.831	0.392	-0.249
1517160682825	10.783	0.45	-0.277
1517160682831	10.803	0.536	-0.354
1517160682841	10.841	0.66	-0.44
1517160682852	10.898	0.756	-0.574
1517160682861	11.071	0.756	-0.775
1517160682872	11.233	0.574	-1.34
1517160682884	11.291	0.316	-1.398
1517160682891	11.291	0.009	-1.398
1517160682901	11.176	-0.239	-1.436
1517160682914	11.08	-0.44	-1.292
1517160682921	11.08	-0.536	-1.292
1517160682931	11.128	-0.498	-1.053
1517160682944	11.166	-0.019	-0.814
1517160682951	11.166	-0.095	-0.507
1517160682961	11.147	0.162	-0.411
1517160682974	10.64	0.679	-0.249
1517160682981	10.64	0.622	-0.325
1517160682991	10.18	0.871	-0.43
1517160683004	9.28	0.823	-0.45
1517160683011	9.28	0.861	-0.344
1517160683021	8.6	0.622	-0.316
1517160683034	8.341	0.057	-0.249
1517160683041	8.035	0.038	-0.258
1517160683051	7.977	-0.287	-0.287
1517160683065	7.652	-0.574	-0.249
1517160683071	7.355	-0.574	-0.229
1517160683081	7.115	-0.555	-0.229
1517160683094	6.943	-0.354	-0.201
1517160683101	6.866	-0.392	-0.229
1517160683111	6.838	-0.105	-0.191
1517160683124	6.847	0.057	-0.201
1517160683131	6.885	0.258	-0.21
1517160683141	7.048	0.296	-0.22
1517160683155	7.297	0.229	-0.239
1517160683161	7.613	0.076	-0.229
1517160683171	8.025	-0.047	-0.249
1517160683184	8.447	-0.153	-0.296
1517160683191	8.858	-0.306	-0.335
1517160683202	9.232	-0.478	-0.498
1517160683214	9.529	-0.632	-0.699
1517160683221	9.807	-0.689	-0.957
1517160683231	10.008	-0.689	-1.101
1517160683251	10.429	-0.469	-0.957
1517160683261	10.745	-0.373	-0.823
1517160683274	11.08	-0.268	-0.775
1517160683281	11.387	-0.134	-0.89
1517160683291	11.502	0.057	-1.149
1517160683304	11.396	0.249	-1.388
1517160683311	11.032	0.411	-1.446
1517160683323	10.63	0.45	-1.216
1517160683334	10.324	0.459	-0.794
1517160683341	10.161	0.45	-0.383
1517160683351	10.19	0.421	-0.047
1517160683364	10.381	0.383	0.22
1517160683371	10.659	0.402	0.392
1517160683381	11.042	0.421	0.44
1517160683411	11.435	0.498	0.344
1517160683413	11.808	0.478	0.124
1517160683416	12.076	0.478	-0.172
1517160683424	12.182	0.459	-0.498
1517160683441	12.124	0.459	-0.756
1517160683442	12.019	0.498	-0.9
1517160683454	11.799	0.536	-0.996
1517160683461	11.473	0.574	-1.034
1517160683471	11.004	0.622	-0.986
1517160683488	10.496	0.67	-0.823
1517160683491	9.96	0.775	-0.679
1517160683501	9.5	0.9	-0.498
1517160683518	9.174	1.024	-0.354
1517160683521	9.04	1.12	-0.239
1517160683531	9.002	1.158	-0.124
1517160683544	9.059	1.149	0.028
1517160683551	9.146	1.101	0.181
1517160683561	9.213	1.005	0.287
1517160683573	9.299	0.871	0.354
1517160683581	9.404	0.699	0.354
1517160683591	9.548	0.526	0.306
1517160683603	9.701	0.306	0.325
1517160683611	9.854	0.114	0.325
1517160683621	9.969	-0.019	0.383
1517160683634	10.084	0.028	0.593
1517160683641	10.151	0.143	0.593
1517160683651	10.151	0.277	0.699
1517160683665	10.123	0.45	0.679
1517160683671	9.988	0.632	0.584
1517160683684	9.826	0.823	0.268
1517160683696	9.749	1.168	-0.028
1517160683701	9.749	1.12	-0.181
1517160683713	9.768	1.216	-0.363
1517160683726	9.787	1.254	-0.373
1517160683731	9.835	1.225	-0.421
1517160683743	9.931	1.149	-0.354
1517160683757	10.027	0.996	-0.239
1517160683761	10.142	0.9	-0.067
1517160683773	10.18	0.814	0.038
1517160683786	10.027	0.747	0.124
1517160683791	10.17	0.679	0.153
1517160683803	10.094	0.612	0.162
1517160683818	9.893	0.584	0.153
1517160683821	9.941	0.612	0.153
1517160683835	9.941	0.67	0.124
1517160683847	9.931	0.747	0.114
1517160683861	9.96	0.9	0.172
1517160683874	9.96	1.13	0.153
1517160683881	9.969	1.082	0.134
1517160683891	9.969	1.292	0.114
1517160683904	9.988	1.235	0.086
1517160683911	9.998	1.321	0.114
1517160683921	10.036	1.369	0.057
1517160683933	10.084	1.369	0.076
1517160683941	10.161	1.331	0.057
1517160683951	10.209	1.292	0.009
1517160683964	10.199	1.283	-0.057
1517160683971	10.17	1.225	-0.047
1517160683981	10.113	1.158	-0.038
1517160683995	10.084	1.082	-0.038
1517160684001	10.017	1.034	-0.019
1517160684011	9.979	0.986	0.028
1517160684024	9.902	0.976	0.047
1517160684031	9.854	0.938	0.086
1517160684041	9.759	0.919	0.114
1517160684054	9.73	0.919	0.153
1517160684061	9.749	0.938	0.162
1517160684071	9.835	0.976	0.143
1517160684086	9.931	0.986	0.105
1517160684091	9.988	1.015	0.076
1517160684101	10.017	1.024	-0.009
1517160684114	10.046	1.053	-0.047
1517160684121	10.113	1.053	-0.114
1517160684131	10.161	1.063	-0.143
1517160684144	10.218	1.024	-0.114
1517160684151	10.199	1.015	-0.124
1517160684161	10.18	0.996	-0.105
1517160684176	10.142	0.976	-0.047
1517160684181	10.103	0.986	0.038
1517160684208	10.056	0.967	0.134
1517160684210	10.027	0.938	0.191
1517160684212	10.017	0.9	0.229
1517160684224	10.027	0.871	0.201
1517160684251	9.979	0.833	0.172
1517160684252	9.979	0.794	0.134
1517160684253	9.95	0.794	0.124
1517160684266	9.96	0.775	0.114
1517160684271	9.95	0.766	0.086
1517160684283	9.931	0.785	0.076
1517160684297	9.941	0.823	0.105
1517160684301	9.998	0.871	0.134
1517160684311	10.046	0.881	0.162
1517160684324	10.103	0.909	0.201
1517160684331	10.151	0.909	0.21
1517160684341	10.17	0.919	0.153
1517160684355	10.151	0.938	0.019
1517160684361	10.065	0.9	0.019
1517160684371	9.931	0.919	0.028
1517160684388	9.653	0.986	0.057
1517160684392	9.261	0.957	0.086
1517160684401	9.088	0.928	0.162
1517160684414	9.318	0.909	0.019
1517160684421	9.768	0.842	-0.191
1517160684431	10.161	0.727	-0.344
1517160684445	10.324	0.67	-0.383
1517160684451	10.467	0.555	-0.296
1517160684461	10.525	0.536	-0.143
1517160684474	10.506	0.593	0.057
1517160684481	10.362	0.737	0.306
1517160684491	10.218	0.833	0.21
1517160684505	10.065	0.871	0.143
1517160684511	10.027	0.89	0.028
1517160684521	10.065	0.881	-0.105
1517160684536	10.142	0.871	-0.172
1517160684541	10.142	0.881	-0.172
1517160684551	10.103	0.823	-0.191
1517160684564	10.084	0.67	-0.258
1517160684571	10.812	0.498	-2.566
1517160684581	12.431	0.383	-2.164
1517160684594	11.157	1.015	-0.9
1517160684601	9.318	0.938	0.9
1517160684611	7.987	0.804	1.283
1517160684626	8.063	1.005	1.292
1517160684631	8.734	0.756	1.158
1517160684641	9.261	0.526	0.861
1517160684655	9.692	0.507	0.632
1517160684663	9.979	0.517	0.536
1517160684671	10.305	0.45	0.718
1517160684686	10.276	0.335	0.938
1517160684692	10.209	0.306	0.976
1517160684703	10.515	0.153	0.727
1517160684718	10.764	0.038	0.239
1517160684721	10.075	0.162	-0.545
1517160684732	9.548	0.507	-1.465
