timestamp	x	y	z
1517161037415	-10.898	-1.225	0.785
1517161037416	-11.176	-1.225	0.794
1517161037442	-11.444	-1.072	0.718
1517161037449	-11.626	-0.852	0.545
1517161037451	-11.674	-0.603	0.421
1517161037453	-11.578	-0.392	0.287
1517161037464	-11.32	-0.277	0.229
1517161037471	-10.975	-0.268	0.239
1517161037481	-10.573	-0.383	0.287
1517161037493	-10.18	-0.593	0.373
1517161037501	-9.807	-0.823	0.488
1517161037515	-9.49	-1.024	0.565
1517161037540	-9.184	-1.158	0.66
1517161037541	-8.945	-1.206	0.747
1517161037542	-8.753	-1.216	0.747
1517161037556	-8.6	-1.139	0.641
1517161037563	-8.504	-0.986	0.498
1517161037571	-8.437	-0.871	0.344
1517161037581	-8.351	-0.794	0.258
1517161037591	-8.226	-0.785	0.296
1517161037601	-8.159	-0.775	0.392
1517161037611	-8.15	-0.756	0.411
1517161037621	-8.159	-0.766	0.383
1517161037631	-8.14	-0.823	0.43
1517161037643	-8.198	-0.9	0.507
1517161037660	-8.475	-0.928	0.603
1517161037661	-8.475	-0.9	0.603
1517161037673	-8.657	-0.842	0.555
1517161037681	-8.849	-0.775	0.459
1517161037691	-9.079	-0.708	0.383
1517161037702	-9.27	-0.641	0.296
1517161037710	-9.385	-0.574	0.239
1517161037721	-9.462	-0.536	0.306
1517161037732	-9.529	-0.488	0.038
1517161037749	-9.586	-0.43	0.095
1517161037751	-9.557	-0.383	-0.067
1517161037763	-9.366	-0.43	0.316
1517161037771	-9.107	-0.517	0.22
1517161037781	-9.031	-0.651	0.421
1517161037795	-9.289	-0.794	0.258
1517161037801	-9.289	-0.881	0.258
1517161037811	-9.385	-0.919	0.306
1517161037822	-9.423	-0.928	0.507
1517161037830	-9.462	-0.881	0.354
1517161037841	-9.462	-0.756	0.038
1517161037853	-9.012	-0.555	-0.057
1517161037861	-9.012	-0.354	0.038
1517161037871	-8.686	-0.277	0.162
1517161037883	-8.485	-0.411	0.392
1517161037891	-8.638	-0.689	0.689
1517161037901	-9.127	-1.043	0.909
1517161037914	-9.318	-1.34	0.996
1517161037921	-9.51	-1.484	0.996
1517161037934	-9.462	-1.494	0.852
1517161037947	-9.261	-1.359	0.641
1517161037953	-9.117	-1.12	0.421
1517161037965	-9.031	-0.689	0.316
1517161038005	-9.146	-0.584	0.277
1517161038007	-9.452	-0.737	0.354
1517161038009	-9.95	-0.833	0.488
1517161038010	-10.486	-1.053	0.651
1517161038012	-10.793	-1.197	0.823
1517161038028	-10.716	-1.264	1.072
1517161038037	-10.4	-1.359	1.359
1517161038041	-9.95	-1.407	1.57
1517161038058	-9.692	-1.407	1.57
1517161038064	-9.701	-1.35	1.494
1517161038071	-9.797	-1.235	1.359
1517161038081	-9.998	-1.11	1.292
1517161038094	-10.276	-1.053	1.264
1517161038101	-10.573	-1.13	1.292
1517161038111	-10.822	-1.321	1.379
1517161038122	-11.013	-1.58	1.513
1517161038131	-11.109	-1.79	1.714
1517161038141	-11.08	-1.838	1.848
1517161038152	-10.927	-1.752	1.857
1517161038161	-10.668	-1.57	1.695
1517161038171	-10.362	-1.331	1.407
1517161038182	-10.094	-1.053	1.101
1517161038190	-9.893	-0.794	0.785
1517161038201	-9.768	-0.574	0.584
1517161038214	-9.759	-0.526	0.498
1517161038221	-9.816	-0.641	0.536
1517161038231	-10.008	-0.861	0.708
1517161038244	-10.19	-1.158	0.996
1517161038251	-10.247	-1.436	1.264
1517161038261	-10.123	-1.58	1.426
1517161038274	-9.874	-1.637	1.474
1517161038281	-9.577	-1.676	1.532
1517161038291	-9.328	-1.676	1.513
1517161038303	-9.194	-1.618	1.465
1517161038311	-9.174	-1.513	1.398
1517161038321	-9.232	-1.34	1.331
1517161038334	-9.366	-1.216	1.292
1517161038341	-9.51	-1.158	1.369
1517161038351	-9.682	-1.158	1.407
1517161038363	-9.883	-1.177	1.446
1517161038371	-9.941	-1.158	1.503
1517161038381	-9.931	-1.168	1.589
1517161038393	-9.768	-1.235	1.867
1517161038401	-9.644	-1.235	2.039
1517161038411	-9.615	-1.187	1.953
1517161038424	-9.653	-1.149	1.714
1517161038431	-9.625	-1.149	1.541
1517161038441	-9.49	-1.149	1.599
1517161038454	-9.376	-1.11	1.676
1517161038461	-9.376	-1.072	1.656
1517161038489	-9.462	-1.024	1.561
1517161038491	-9.5	-0.967	1.551
1517161038492	-9.481	-0.928	1.589
1517161038501	-9.481	-0.89	1.618
1517161038514	-9.462	-0.871	1.58
1517161038521	-9.433	-0.861	1.532
1517161038531	-9.423	-0.852	1.494
1517161038544	-9.433	-0.871	1.264
1517161038551	-9.414	-0.861	1.379
1517161038561	-9.423	-0.909	1.474
1517161038574	-9.471	-0.9	1.57
1517161038581	-9.519	-0.976	1.628
1517161038591	-9.519	-0.967	1.618
1517161038604	-9.5	-0.996	1.695
1517161038611	-9.443	-1.024	1.666
1517161038621	-9.414	-1.024	1.589
1517161038634	-9.586	-1.072	1.551
1517161038641	-9.462	-1.091	1.589
1517161038651	-9.443	-1.101	1.723
1517161038664	-9.443	-1.082	1.81
1517161038671	-9.471	-1.053	1.819
1517161038681	-9.51	-1.063	1.762
1517161038694	-9.557	-1.101	1.733
1517161038701	-9.567	-1.139	1.733
1517161038732	-9.557	-1.149	1.743
1517161038734	-9.586	-1.149	1.733
1517161038739	-9.586	-1.12	1.723
1517161038742	-9.586	-1.024	1.685
1517161038759	-9.577	-0.996	1.695
1517161038762	-9.577	-1.015	1.695
1517161038772	-9.577	-1.024	1.714
1517161038783	-9.586	-1.043	1.704
1517161038791	-9.577	-1.034	1.685
1517161038801	-9.596	-1.082	1.685
1517161038814	-9.586	-1.13	1.666
1517161038821	-9.596	-1.158	1.628
1517161038831	-9.567	-1.216	1.647
1517161038842	-9.567	-1.254	1.628
1517161038851	-9.548	-1.302	1.551
1517161038861	-9.529	-1.312	1.551
1517161038872	-9.462	-1.283	1.561
1517161038881	-9.452	-1.216	1.647
1517161038891	-9.462	-1.149	1.637
1517161038902	-9.452	-1.13	1.704
1517161038911	-9.471	-1.149	1.666
1517161038921	-9.49	-1.168	1.647
1517161038932	-9.51	-1.187	1.599
1517161038941	-9.51	-1.216	1.57
1517161038964	-9.423	-1.245	1.704
1517161038971	-9.452	-1.216	1.637
1517161038981	-9.538	-1.206	1.436
1517161038994	-9.605	-1.216	1.264
1517161039001	-9.586	-1.283	1.292
1517161039011	-9.49	-1.34	1.455
1517161039024	-9.452	-1.379	1.57
1517161039031	-9.548	-1.436	1.484
1517161039041	-9.596	-1.484	1.283
1517161039054	-9.538	-1.494	1.235
1517161039061	-9.433	-1.474	1.302
1517161039071	-9.433	-1.426	1.312
1517161039088	-9.481	-1.359	1.206
1517161039091	-9.51	-1.273	1.168
1517161039101	-9.529	-1.254	1.158
1517161039114	-9.567	-1.235	1.12
1517161039121	-9.634	-1.235	1.12
1517161039144	-9.739	-1.177	1.072
1517161039151	-9.807	-1.13	1.005
1517161039161	-9.864	-1.063	0.928
1517161039174	-9.893	-1.024	0.861
1517161039181	-9.864	-1.034	0.766
1517161039191	-9.787	-1.034	0.737
1517161039205	-9.701	-1.082	0.785
1517161039211	-9.653	-1.158	0.823
1517161039221	-9.625	-1.216	0.852
1517161039235	-9.596	-1.235	0.89
1517161039241	-9.653	-1.283	0.881
1517161039267	-9.787	-1.264	0.641
1517161039271	-9.816	-1.225	0.488
1517161039281	-9.826	-1.158	0.392
1517161039296	-9.826	-1.11	0.306
1517161039301	-9.854	-1.072	0.306
1517161039311	-9.931	-1.11	0.134
1517161039325	-10.094	-1.158	0.076
1517161039331	-10.094	-1.197	0.038
1517161039342	-10.17	-1.168	0.076
1517161039355	-10.324	-1.139	0.076
1517161039361	-10.477	-1.139	0.028
1517161039371	-10.372	-1.273	-0.153
1517161039385	-10.381	-1.465	-0.363
1517161039391	-10.228	-1.561	-0.459
1517161039401	-9.988	-1.561	-0.507
1517161039415	-9.845	-1.58	-0.526
1517161039421	-9.759	-1.599	-0.565
1517161039431	-9.759	-1.599	-0.555
1517161039445	-9.864	-1.608	-0.411
1517161039453	-9.998	-1.618	-0.22
1517161039470	-10.094	-1.647	-0.095
1517161039472	-10.161	-1.81	-0.095
1517161039481	-10.285	-1.714	-0.162
1517161039491	-10.467	-1.723	-0.249
1517161039525	-10.534	-1.618	-0.421
1517161039528	-10.477	-1.436	-0.545
1517161039529	-10.362	-1.254	-0.699
1517161039541	-10.17	-1.053	-0.909
1517161039555	-10.084	-1.091	-0.919
1517161039564	-10.017	-1.177	-0.814
1517161039571	-10.017	-1.245	-0.766
1517161039581	-10.065	-1.302	-0.718
1517161039597	-10.17	-1.34	-0.766
1517161039601	-10.228	-1.417	-0.747
1517161039611	-10.094	-1.474	-0.565
1517161039624	-9.988	-1.474	-0.469
1517161039631	-9.979	-1.436	-0.545
1517161039641	-10.008	-1.436	-0.727
1517161039654	-9.988	-1.426	-0.823
1517161039661	-9.835	-1.436	-0.689
1517161039671	-9.653	-1.398	-0.584
1517161039683	-9.557	-1.35	-0.603
1517161039691	-9.567	-1.312	-0.708
1517161039701	-9.5	-1.254	-0.766
1517161039714	-9.385	-1.187	-0.785
1517161039721	-9.28	-1.12	-0.794
1517161039731	-9.165	-1.12	-0.785
1517161039743	-9.04	-1.13	-0.794
1517161039751	-8.935	-1.149	-0.814
1517161039761	-8.887	-1.177	-0.833
1517161039773	-8.839	-1.139	-0.861
1517161039781	-8.83	-1.072	-0.842
1517161039791	-8.81	-1.024	-0.814
1517161039806	-8.83	-0.948	-0.785
1517161039811	-8.839	-0.9	-0.756
1517161039821	-8.858	-0.871	-0.833
1517161039836	-8.868	-0.842	-0.861
1517161039841	-8.839	-0.804	-0.89
1517161039852	-8.81	-0.756	-0.9
1517161039866	-8.724	-0.737	-0.89
1517161039871	-8.629	-0.775	-0.833
1517161039881	-8.494	-0.881	-0.679
1517161039896	-8.485	-1.034	-0.574
1517161039901	-8.676	-1.206	-0.498
1517161039911	-8.897	-1.34	-0.469
1517161039926	-9.155	-1.446	-0.43
1517161039931	-9.328	-1.494	-0.354
1517161039942	-9.452	-1.455	-0.373
1517161039956	-9.529	-1.34	-0.651
1517161039961	-9.538	-1.101	-0.679
1517161039971	-9.471	-0.881	-0.833
1517161039986	-9.385	-0.861	-0.89
1517161039991	-9.347	-0.996	-0.919
1517161040001	-9.433	-1.312	-0.679
1517161040018	-9.672	-1.676	-0.545
1517161040021	-9.941	-1.925	-0.316
1517161040032	-10.123	-1.972	-0.258
1517161040046	-10.17	-1.877	-0.411
1517161040051	-10.17	-1.608	-0.478
1517161040062	-10.017	-1.216	-0.651
1517161040076	-9.682	-0.833	-0.814
1517161040081	-9.251	-0.67	-0.919
1517161040091	-9.127	-0.794	-0.9
1517161040106	-9.308	-1.082	-0.833
1517161040111	-9.807	-1.417	-0.603
1517161040121	-10.295	-1.656	-0.383
1517161040136	-10.448	-1.695	-0.258
1517161040141	-10.41	-1.647	-0.277
1517161040151	-10.285	-1.177	-0.402
1517161040166	-10.103	-1.216	-0.603
1517161040171	-9.883	-0.747	-0.766
1517161040181	-9.749	-0.488	-0.986
1517161040196	-9.845	-0.747	-1.12
1517161040201	-10.209	-1.063	-1.082
1517161040211	-10.429	-1.34	-0.718
1517161040228	-10.515	-1.455	-0.335
1517161040231	-10.621	-1.436	-0.028
1517161040243	-10.668	-1.369	0.0
1517161040256	-10.601	-1.254	-0.162
1517161040261	-10.343	-1.101	-0.354
1517161040293	-10.065	-0.996	-0.383
1517161040294	-9.902	-0.938	-0.421
1517161040298	-9.787	-0.9	-0.507
1517161040311	-9.701	-0.928	-0.545
1517161040313	-9.615	-1.053	-0.469
1517161040321	-9.605	-1.187	-0.383
1517161040332	-9.663	-1.426	-0.201
1517161040346	-9.711	-1.676	0.009
1517161040351	-9.768	-1.925	0.191
1517161040362	-9.835	-2.135	0.249
1517161040376	-9.902	-2.202	0.249
1517161040381	-9.902	-2.087	0.344
1517161040391	-9.864	-1.972	0.421
1517161040404	-9.739	-1.857	0.421
1517161040411	-9.596	-1.819	0.43
1517161040421	-9.471	-1.877	0.354
1517161040434	-9.462	-1.953	0.383
1517161040441	-9.577	-2.001	0.526
1517161040451	-9.768	-2.106	0.823
1517161040465	-9.998	-2.25	0.986
1517161040471	-10.237	-2.384	1.034
1517161040481	-10.324	-2.384	1.053
1517161040494	-10.247	-2.269	1.12
1517161040501	-10.065	-2.059	1.273
1517161040511	-9.893	-1.857	1.407
1517161040524	-9.787	-1.723	1.35
1517161040530	-9.778	-1.685	1.149
1517161040541	-9.845	-1.666	0.948
1517161040556	-9.921	-1.637	0.823
1517161040561	-9.941	-1.58	0.814
1517161040572	-9.902	-1.503	0.833
1517161040586	-9.797	-1.522	0.852
1517161040591	-9.682	-1.561	0.67
1517161040602	-9.557	-1.599	0.507
1517161040616	-9.452	-1.628	0.45
1517161040621	-9.356	-1.656	0.421
1517161040632	-9.308	-1.676	0.44
1517161040647	-9.308	-1.704	0.469
1517161040651	-9.376	-1.752	0.526
1517161040663	-9.433	-1.781	0.641
1517161040677	-9.5	-1.771	0.699
1517161040681	-9.567	-1.733	0.737
1517161040692	-9.605	-1.714	0.641
1517161040707	-9.634	-1.704	0.756
1517161040711	-9.653	-1.714	0.689
1517161040722	-9.682	-1.733	0.804
1517161040737	-9.692	-1.733	0.804
1517161040741	-9.72	-1.647	0.881
1517161040752	-9.778	-1.58	0.976
1517161040767	-9.759	-1.503	0.976
1517161040771	-9.739	-1.474	0.967
1517161040783	-9.701	-1.532	0.823
1517161040797	-9.701	-1.608	0.718
1517161040801	-9.711	-1.637	0.747
1517161040813	-9.519	-1.637	0.957
1517161040827	-9.366	-1.589	1.12
1517161040831	-9.414	-1.503	1.063
1517161040842	-9.481	-1.455	0.919
1517161040857	-9.557	-1.494	0.9
1517161040861	-9.548	-1.532	1.024
1517161040872	-9.529	-1.541	1.101
1517161040887	-9.538	-1.551	1.063
1517161040891	-9.557	-1.494	1.015
1517161040903	-9.567	-1.35	1.024
1517161040917	-9.596	-1.35	1.053
1517161040921	-9.625	-1.245	1.12
1517161040932	-9.634	-1.245	1.187
1517161040947	-9.605	-1.273	1.245
1517161040951	-9.548	-1.35	1.216
1517161040962	-9.5	-1.426	1.158
1517161040977	-9.49	-1.513	1.063
1517161040981	-9.471	-1.628	1.082
1517161040992	-9.452	-1.762	1.091
1517161041001	-9.433	-1.829	1.11
1517161041011	-9.404	-1.915	1.12
1517161041023	-9.404	-1.963	1.149
1517161041055	-9.395	-2.011	1.225
1517161041061	-9.395	-2.106	1.206
1517161041062	-9.404	-2.174	1.225
1517161041063	-9.395	-2.25	1.264
1517161041074	-9.395	-2.355	1.35
1517161041085	-9.423	-2.403	1.446
1517161041097	-9.462	-2.48	1.446
1517161041101	-9.481	-2.499	1.417
1517161041112	-9.481	-2.47	1.407
1517161041121	-9.5	-2.394	1.35
1517161041132	-9.481	-2.221	1.34
1517161041143	-9.471	-2.059	1.331
1517161041151	-9.462	-1.934	1.283
1517161041161	-9.452	-1.877	1.235
1517161041172	-9.414	-1.886	1.235
1517161041181	-9.395	-1.829	1.273
1517161041191	-9.385	-1.79	1.283
1517161041201	-9.404	-1.762	1.292
1517161041211	-9.404	-1.781	1.321
1517161041221	-9.462	-1.81	1.292
1517161041232	-9.519	-1.857	1.254
1517161041241	-9.529	-1.848	1.158
1517161041251	-9.538	-1.838	1.13
1517161041262	-9.51	-1.81	1.063
1517161041271	-9.519	-1.781	1.053
1517161041281	-9.557	-1.733	1.072
1517161041291	-9.644	-1.685	1.091
1517161041301	-9.739	-1.656	1.053
1517161041311	-9.854	-1.704	0.986
1517161041323	-9.921	-1.762	0.794
1517161041331	-9.912	-1.877	0.861
1517161041341	-9.874	-1.925	0.794
1517161041353	-9.816	-2.011	0.814
1517161041361	-9.787	-2.087	0.804
1517161041371	-9.787	-2.106	0.833
1517161041383	-9.826	-2.106	0.775
1517161041391	-9.912	-2.049	0.651
1517161041401	-9.941	-2.02	0.507
1517161041413	-9.931	-2.087	0.718
1517161041421	-9.835	-2.154	0.718
1517161041431	-9.778	-2.126	0.842
1517161041443	-9.988	-2.03	0.565
1517161041451	-9.979	-1.953	0.565
1517161041466	-10.036	-1.944	0.488
1517161041484	-10.046	-2.327	0.679
1517161041486	-10.046	-2.327	0.373
1517161041493	-10.075	-2.528	0.105
1517161041503	-10.084	-2.547	-0.143
1517161041511	-10.084	-2.451	0.009
1517161041521	-10.084	-2.355	0.153
1517161041540	-10.228	-2.317	0.201
1517161041549	-10.285	-2.308	0.201
1517161041551	-10.285	-2.308	0.153
1517161041564	-10.333	-2.442	0.038
1517161041571	-10.486	-2.308	-0.076
1517161041581	-10.4	-2.355	-0.076
1517161041596	-10.362	-2.413	0.019
1517161041601	-10.324	-2.413	0.086
1517161041611	-10.295	-2.432	0.047
1517161041626	-10.343	-2.432	0.038
1517161041631	-10.372	-2.365	0.153
1517161041641	-10.448	-2.087	0.325
1517161041654	-10.621	-1.944	0.287
1517161041661	-10.783	-1.972	0.086
1517161041672	-10.908	-2.049	-0.153
1517161041684	-10.812	-2.135	-0.22
1517161041691	-10.554	-2.126	-0.22
1517161041701	-10.209	-2.039	-0.258
1517161041715	-9.874	-1.944	-0.21
1517161041721	-9.481	-1.829	-0.143
1517161041732	-9.117	-1.762	-0.038
1517161041744	-8.763	-1.771	0.086
1517161041751	-8.408	-1.762	0.201
1517161041762	-8.14	-1.8	0.258
1517161041774	-7.929	-1.829	0.316
1517161041781	-7.824	-1.838	0.383
1517161041815	-7.738	-1.819	0.411
1517161041817	-7.719	-1.781	0.44
1517161041821	-7.709	-1.733	0.45
1517161041832	-7.709	-1.714	0.507
1517161041834	-7.757	-1.723	0.498
1517161041848	-7.881	-1.781	0.45
1517161041857	-8.035	-1.723	0.277
1517161041871	-8.121	-1.58	0.162
1517161041872	-8.13	-1.398	0.086
1517161041881	-8.111	-1.273	0.067
1517161041892	-8.092	-1.321	0.076
1517161041902	-8.198	-1.513	0.143
1517161041911	-8.485	-1.81	0.296
1517161041928	-8.897	-2.078	0.478
1517161041931	-9.251	-2.241	0.747
1517161041941	-9.5	-2.336	0.996
1517161041956	-9.634	-2.365	1.11
1517161041961	-9.567	-2.336	1.043
1517161041973	-9.385	-2.154	0.919
1517161041984	-9.136	-1.848	0.833
1517161041991	-9.021	-1.532	0.89
1517161042001	-9.174	-1.426	0.814
1517161042014	-9.557	-1.532	0.612
1517161042021	-9.95	-1.81	0.517
1517161042031	-10.257	-2.078	0.737
1517161042044	-10.429	-2.288	0.928
1517161042051	-10.448	-2.47	0.89
1517161042061	-10.276	-2.576	0.632
1517161042074	-9.96	-2.518	0.335
1517161042081	-9.557	-2.202	0.249
1517161042091	-9.117	-1.781	0.21
1517161042102	-8.916	-1.465	0.076
1517161042111	-8.935	-1.398	-0.038
1517161042121	-8.954	-1.561	0.009
1517161042132	-9.098	-1.819	0.229
1517161042141	-9.376	-1.972	0.344
1517161042151	-9.529	-1.944	0.373
1517161042164	-9.28	-1.8	0.737
1517161042171	-9.241	-1.829	0.737
1517161042181	-8.945	-1.992	0.852
1517161042194	-8.475	-2.164	0.756
1517161042201	-8.475	-2.279	0.756
1517161042211	-8.466	-2.193	0.22
1517161042224	-9.299	-2.001	0.268
1517161042231	-9.299	-1.934	0.268
1517161042241	-9.979	-2.154	0.421
1517161042254	-10.984	-2.49	0.679
1517161042261	-10.984	-2.873	0.871
1517161042271	-11.176	-3.198	0.909
1517161042284	-10.984	-3.294	0.775
1517161042291	-10.984	-3.064	0.584
1517161042301	-10.611	-2.614	0.44
1517161042315	-10.506	-1.829	0.402
1517161042321	-10.659	-1.829	0.459
1517161042331	-10.563	-1.771	0.526
1517161042345	-10.707	-2.241	0.66
1517161042351	-10.697	-2.193	0.957
1517161042361	-10.582	-2.49	1.235
1517161042375	-10.391	-2.863	1.446
1517161042381	-10.132	-2.825	1.541
1517161042391	-9.883	-2.681	1.551
1517161042405	-9.644	-2.432	1.484
1517161042411	-9.462	-2.126	1.407
1517161042421	-9.356	-1.982	1.302
1517161042435	-9.347	-1.637	1.225
1517161042441	-9.395	-1.532	1.177
1517161042451	-9.443	-1.561	1.177
1517161042466	-9.471	-1.695	1.235
1517161042481	-9.481	-1.944	1.446
1517161042491	-9.433	-2.011	1.541
1517161042508	-9.404	-2.001	1.628
1517161042520	-9.366	-2.03	1.676
1517161042523	-9.366	-2.145	1.685
1517161042531	-9.347	-2.279	1.666
1517161042543	-9.366	-2.336	1.676
1517161042552	-9.376	-2.327	1.637
1517161042571	-9.385	-2.269	1.561
1517161042578	-9.376	-2.212	1.58
1517161042593	-9.366	-2.154	1.58
1517161042595	-9.395	-2.164	1.589
1517161042602	-9.404	-2.183	1.608
1517161042615	-9.423	-2.221	1.618
1517161042621	-9.452	-2.202	1.513
1517161042631	-9.49	-2.202	1.321
1517161042645	-9.49	-2.212	1.264
1517161042651	-9.404	-2.145	1.369
1517161042661	-9.366	-1.963	1.379
1517161042674	-9.404	-1.762	1.139
1517161042681	-9.51	-1.656	0.842
1517161042691	-9.605	-1.58	0.747
1517161042704	-9.596	-1.532	0.909
1517161042711	-9.605	-1.541	1.005
1517161042721	-9.653	-1.561	0.986
1517161042734	-9.682	-1.561	0.928
1517161042741	-9.672	-1.541	0.909
1517161042751	-9.682	-1.551	0.928
1517161042763	-9.701	-1.58	0.986
1517161042770	-9.73	-1.656	1.015
1517161042781	-9.72	-1.704	1.053
1517161042792	-9.701	-1.714	1.043
1517161042801	-9.692	-1.743	1.063
1517161042811	-9.672	-1.695	1.072
1517161042825	-9.625	-1.676	1.091
1517161042831	-9.557	-1.628	1.168
1517161042841	-9.481	-1.561	1.187
1517161042856	-9.423	-1.551	1.35
1517161042861	-9.395	-1.589	1.35
1517161042871	-9.356	-1.666	1.446
1517161042885	-9.337	-1.762	1.494
1517161042891	-9.347	-1.829	1.494
1517161042901	-9.337	-1.838	1.484
1517161042915	-9.337	-1.867	1.57
1517161042921	-9.376	-1.857	1.57
1517161042931	-9.404	-1.848	1.589
1517161042945	-9.586	-1.867	1.551
1517161042951	-9.481	-1.857	1.551
1517161042961	-9.49	-1.838	1.589
1517161042975	-9.49	-1.867	1.676
1517161042981	-9.452	-1.857	1.676
1517161042991	-9.443	-1.857	1.561
1517161043005	-9.423	-1.896	1.513
1517161043011	-9.395	-1.896	1.522
1517161043021	-9.395	-1.915	1.532
1517161043035	-9.577	-1.934	1.58
1517161043041	-9.462	-1.944	1.57
1517161043051	-9.51	-1.925	1.503
1517161043066	-9.557	-1.905	1.388
1517161043071	-9.557	-1.905	1.321
1517161043081	-9.49	-1.857	1.273
1517161043097	-9.433	-1.848	1.254
1517161043101	-9.385	-1.81	1.283
1517161043111	-9.376	-1.819	1.34
1517161043126	-9.356	-1.81	1.417
1517161043131	-9.356	-1.771	1.484
1517161043141	-9.337	-1.733	1.541
1517161043156	-9.328	-1.541	1.541
1517161043161	-9.318	-1.829	1.532
1517161043171	-9.318	-1.752	1.532
1517161043186	-9.385	-1.771	1.541
1517161043191	-9.471	-1.781	1.57
1517161043201	-9.529	-1.781	1.57
1517161043216	-9.577	-1.762	1.589
1517161043221	-9.625	-1.781	1.599
1517161043231	-9.663	-1.81	1.599
1517161043246	-9.73	-1.762	1.608
1517161043251	-9.826	-1.714	1.599
1517161043261	-9.969	-1.714	1.455
1517161043276	-10.132	-1.829	1.245
1517161043281	-10.17	-1.925	1.187
1517161043291	-10.132	-1.953	1.158
1517161043306	-10.046	-1.838	1.024
1517161043311	-9.941	-1.695	0.689
1517161043343	-9.787	-1.608	0.421
1517161043351	-9.548	-1.541	0.402
1517161043356	-9.328	-1.494	0.517
1517161043358	-9.222	-1.503	0.536
1517161043373	-9.222	-1.541	0.469
1517161043375	-9.213	-1.551	0.459
1517161043386	-9.203	-1.532	0.469
1517161043395	-9.28	-1.503	0.469
1517161043401	-9.423	-1.503	0.411
1517161043413	-9.577	-1.494	0.325
1517161043426	-9.711	-1.484	0.287
1517161043431	-9.854	-1.494	0.268
1517161043441	-9.988	-1.541	0.201
1517161043455	-10.094	-1.628	0.22
1517161043461	-10.17	-1.676	0.249
1517161043480	-10.209	-1.666	0.306
1517161043481	-10.266	-1.628	0.344
1517161043500	-10.305	-1.589	0.316
1517161043501	-10.41	-1.551	0.287
1517161043514	-10.477	-1.494	0.239
1517161043521	-10.477	-1.494	0.181
1517161043531	-10.467	-1.513	0.191
1517161043544	-10.467	-1.58	0.172
1517161043551	-10.554	-1.695	0.172
1517161043561	-10.659	-1.762	0.114
1517161043575	-10.822	-1.79	-0.009
1517161043581	-11.071	-1.781	-0.019
1517161043591	-11.339	-1.752	-0.019
1517161043604	-11.597	-1.704	-0.105
1517161043611	-11.779	-1.618	-0.383
1517161043621	-11.779	-1.465	-0.641
1517161043633	-11.588	-1.149	-0.938
1517161043641	-11.339	-0.766	-0.976
1517161043652	-11.071	-0.507	-1.053
1517161043667	-10.783	-0.469	-0.89
1517161043671	-10.515	-0.536	-0.89
1517161043682	-10.228	-0.66	-0.794
1517161043698	-9.969	-0.747	-0.727
1517161043701	-9.759	-0.756	-0.727
1517161043712	-9.567	-0.679	-0.689
1517161043726	-9.366	-0.565	-0.66
1517161043731	-9.117	-0.478	-0.622
1517161043746	-8.552	-0.469	-0.593
1517161043757	-8.667	-0.43	-0.612
1517161043761	-8.514	-0.402	-0.526
1517161043772	-8.217	-0.421	-0.411
1517161043789	-8.121	-0.459	-0.392
1517161043791	-8.188	-0.488	-0.373
1517161043802	-8.102	-0.498	-0.478
1517161043816	-8.083	-0.45	-0.526
1517161043821	-8.044	-0.44	-0.536
1517161043834	-7.987	-0.555	-0.517
1517161043847	-7.958	-0.555	-0.44
1517161043851	-7.939	-0.66	-0.335
1517161043862	-7.996	-0.727	-0.306
1517161043879	-8.073	-0.727	-0.459
1517161043881	-8.188	-0.488	-0.718
1517161043892	-8.245	-0.498	-0.986
1517161043907	-8.092	-0.565	-0.852
1517161043911	-7.958	-0.565	-0.459
1517161043923	-8.083	-0.603	-0.325
1517161043937	-8.37	-0.708	-0.478
1517161043941	-8.676	-0.9	-0.603
1517161043953	-8.925	-1.101	-0.478
1517161043967	-9.107	-1.254	-0.306
1517161043971	-9.366	-1.273	-0.201
1517161043982	-9.644	-1.13	-0.229
1517161043998	-9.807	-0.938	-0.354
1517161044001	-9.883	-0.727	-0.545
1517161044012	-9.874	-0.536	-0.66
1517161044027	-9.874	-0.392	-0.66
1517161044031	-9.874	-0.316	-0.632
1517161044044	-9.883	-0.354	-0.622
1517161044057	-9.95	-0.507	-0.622
1517161044061	-10.036	-0.794	-0.574
1517161044072	-10.103	-1.063	-0.43
1517161044107	-10.046	-1.216	-0.181
1517161044109	-9.893	-1.216	-0.047
1517161044122	-9.73	-1.168	-0.086
1517161044124	-9.577	-1.072	-0.21
1517161044127	-9.519	-1.005	-0.335
1517161044131	-9.634	-0.957	-0.421
1517161044150	-9.826	-0.948	-0.421
1517161044160	-10.036	-1.005	-0.402
1517161044162	-10.199	-1.053	-0.43
1517161044171	-10.285	-1.168	-0.478
1517161044181	-10.41	-1.34	-0.469
1517161044198	-10.592	-1.417	-0.383
1517161044202	-10.764	-1.436	-0.258
1517161044211	-10.889	-1.379	-0.21
1517161044225	-10.908	-1.273	-0.181
1517161044239	-10.774	-1.072	-0.143
1517161044242	-10.554	-0.804	0.0
1517161044259	-10.333	-0.612	0.047
1517161044263	-10.18	-0.574	-0.019
1517161044276	-10.17	-0.679	-0.124
1517161044289	-10.257	-0.814	-0.143
1517161044293	-10.343	-0.938	-0.095
1517161044302	-10.362	-1.024	0.095
1517161044330	-10.257	-1.091	0.277
1517161044331	-10.113	-1.168	0.383
1517161044333	-9.988	-1.206	0.469
1517161044341	-9.941	-1.235	0.498
1517161044360	-9.912	-1.245	0.478
1517161044362	-9.893	-1.225	0.488
1517161044372	-9.854	-1.206	0.421
1517161044398	-9.797	-1.187	0.191
1517161044400	-9.768	-1.177	0.306
1517161044401	-9.759	-1.13	0.316
1517161044415	-9.797	-1.082	0.306
1517161044424	-9.893	-1.063	0.296
1517161044434	-10.017	-1.082	0.421
1517161044449	-10.151	-1.158	0.325
1517161044451	-10.266	-1.225	0.574
1517161044465	-10.314	-1.321	0.651
1517161044475	-10.343	-1.436	0.756
1517161044481	-10.295	-1.513	0.9
1517161044491	-10.17	-1.532	1.015
1517161044505	-9.988	-1.532	1.015
1517161044511	-9.797	-1.522	0.794
1517161044521	-9.529	-1.551	0.632
1517161044531	-9.433	-1.608	0.804
1517161044574	-9.423	-1.561	1.13
1517161044586	-9.299	-1.446	1.283
1517161044587	-9.452	-1.321	1.177
1517161044588	-9.577	-1.235	0.919
1517161044588	-9.605	-1.139	0.852
1517161044593	-9.51	-1.082	0.919
1517161044601	-9.423	-1.206	0.881
1517161044611	-9.423	-0.919	0.785
1517161044621	-9.385	-1.024	0.823
1517161044631	-9.385	-0.804	0.957
1517161044642	-9.462	-0.708	1.101
1517161044651	-9.586	-0.612	1.158
1517161044661	-9.72	-0.545	1.177
1517161044692	-9.845	-0.459	1.053
1517161044693	-9.941	-0.373	0.861
1517161044694	-9.979	-0.296	0.737
1517161044701	-9.969	-0.325	0.612
1517161044711	-9.921	-0.43	0.545
1517161044721	-9.835	-0.584	0.612
1517161044731	-9.739	-0.718	0.641
1517161044740	-9.701	-0.852	0.689
1517161044751	-9.682	-0.986	0.785
1517161044761	-9.653	-1.091	0.833
1517161044770	-9.634	-1.177	0.842
1517161044781	-9.615	-1.254	0.9
1517161044792	-9.577	-1.321	0.928
1517161044801	-9.548	-1.35	0.986
1517161044811	-9.481	-1.398	1.043
1517161044822	-9.452	-1.436	1.034
1517161044831	-9.452	-1.446	1.043
1517161044862	-9.471	-1.455	1.063
1517161044874	-9.481	-1.446	1.082
1517161044877	-9.49	-1.436	1.139
1517161044879	-9.519	-1.436	1.187
1517161044883	-9.548	-1.436	1.197
1517161044891	-9.586	-1.426	1.168
1517161044901	-9.625	-1.407	1.13
1517161044913	-9.653	-1.35	1.11
1517161044921	-9.682	-1.283	1.13
1517161044932	-9.701	-1.216	1.216
1517161044942	-9.663	-1.13	1.264
1517161044951	-9.596	-1.091	1.187
1517161044961	-9.51	-1.053	1.235
1517161044971	-9.51	-1.072	1.34
1517161044981	-9.557	-1.13	1.398
1517161044991	-9.615	-1.187	1.407
1517161045001	-9.625	-1.187	1.379
1517161045016	-9.625	-1.177	1.446
1517161045021	-9.615	-1.197	1.455
1517161045031	-9.644	-1.331	1.321
1517161045041	-9.634	-1.522	1.072
1517161045051	-9.615	-1.704	0.89
1517161045061	-9.567	-1.762	0.756
1517161045071	-9.538	-1.743	0.718
1517161045081	-9.529	-1.676	0.766
1517161045091	-9.596	-1.57	0.833
1517161045101	-9.672	-1.494	0.919
1517161045111	-9.778	-1.407	0.938
1517161045121	-9.835	-1.379	0.948
1517161045131	-9.835	-1.331	0.996
1517161045141	-9.778	-1.321	1.034
1517161045152	-9.692	-1.273	1.216
1517161045160	-9.615	-1.197	1.216
1517161045171	-9.653	-1.139	1.168
1517161045181	-9.739	-1.245	0.363
1517161045191	-9.874	-1.359	0.105
1517161045201	-9.893	-1.379	0.316
1517161045212	-9.893	-1.264	0.172
1517161045221	-9.96	-1.11	0.067
1517161045231	-10.123	-1.034	0.057
1517161045241	-10.228	-1.053	0.22
1517161045251	-10.18	-1.139	0.411
1517161045261	-10.046	-1.206	0.469
1517161045271	-9.969	-1.225	0.43
1517161045280	-9.768	-1.197	0.421
1517161045291	-9.883	-1.187	0.421
1517161045301	-9.921	-1.197	0.344
1517161045310	-9.969	-1.187	0.296
1517161045321	-10.036	-1.177	0.22
1517161045331	-10.065	-1.158	0.134
1517161045340	-10.123	-0.938	0.067
1517161045351	-10.209	-1.043	-0.009
1517161045363	-10.285	-1.091	-0.009
1517161045371	-10.372	-1.139	0.028
1517161045381	-10.362	-1.139	0.067
1517161045393	-10.247	-1.11	0.076
1517161045401	-10.123	-1.139	0.162
1517161045411	-10.017	-1.216	0.258
1517161045423	-9.969	-1.264	0.181
1517161045431	-9.95	-1.302	0.114
1517161045441	-9.979	-1.312	0.095
1517161045454	-10.056	-1.379	0.201
1517161045461	-10.132	-1.455	0.354
1517161045471	-10.276	-1.503	0.43
1517161045483	-10.41	-1.503	0.45
1517161045498	-10.496	-1.474	0.459
1517161045505	-10.525	-1.465	0.373
1517161045522	-10.496	-1.446	0.258
1517161045524	-10.4	-1.417	0.095
1517161045532	-10.343	-1.359	0.067
1517161045544	-10.41	-1.321	0.009
1517161045551	-10.534	-1.312	-0.229
1517161045561	-10.621	-1.273	-0.526
1517161045574	-10.592	-1.235	-0.727
1517161045581	-10.486	-1.206	-0.794
1517161045591	-10.362	-1.13	-0.804
1517161045623	-10.276	-1.034	-0.708
1517161045625	-10.161	-0.919	-0.478
1517161045629	-10.008	-0.794	-0.268
1517161045633	-9.826	-0.679	-0.009
1517161045648	-9.682	-0.612	0.095
1517161045656	-9.567	-0.632	-0.028
1517161045669	-9.433	-0.756	-0.114
1517161045671	-9.289	-0.928	-0.114
1517161045681	-9.117	-1.11	-0.009
1517161045692	-8.925	-1.216	0.191
1517161045707	-8.696	-1.225	0.459
1517161045712	-8.36	-1.149	0.402
1517161045722	-8.035	-1.043	0.383
1517161045730	-7.891	-0.928	0.296
1517161045741	-7.881	-0.833	0.143
1517161045752	-7.939	-0.785	-0.028
1517161045761	-8.025	-0.814	-0.067
1517161045771	-8.111	-0.852	-0.076
1517161045782	-8.198	-0.861	-0.095
1517161045791	-8.303	-0.881	-0.162
1517161045802	-8.427	-0.823	-0.373
1517161045812	-8.523	-0.737	-0.9
1517161045821	-8.552	-0.737	-0.775
1517161045831	-8.36	-0.766	-0.536
1517161045844	-8.332	-0.861	0.076
1517161045851	-8.332	-0.976	0.076
1517161045861	-8.772	-1.091	-0.019
1517161045872	-9.27	-1.12	-0.229
1517161045881	-9.634	-1.177	-0.181
1517161045894	-9.835	-1.206	0.038
1517161045903	-9.979	-1.149	0.21
1517161045911	-10.065	-1.043	0.086
1517161045921	-9.95	-0.919	0.296
1517161045934	-9.682	-0.747	0.172
1517161045941	-9.557	-0.651	0.172
1517161045951	-9.672	-0.718	0.373
1517161045962	-9.979	-0.938	0.383
1517161045971	-10.266	-1.158	0.402
1517161045981	-10.458	-1.312	0.459
1517161045994	-10.324	-1.34	0.459
1517161046001	-9.96	-1.292	0.421
1517161046011	-9.663	-1.168	0.325
1517161046023	-9.366	-1.043	0.162
1517161046031	-9.184	-0.9	-0.076
1517161046041	-9.069	-0.718	-0.296
1517161046052	-9.021	-0.565	-0.373
1517161046061	-9.059	-0.507	-0.268
1517161046071	-9.203	-0.89	-0.172
1517161046084	-9.5	-1.149	-0.038
1517161046091	-9.73	-1.379	0.124
1517161046101	-9.787	-1.455	0.277
1517161046115	-9.682	-1.407	0.402
1517161046121	-9.548	-1.283	0.44
1517161046131	-9.51	-1.063	0.344
1517161046144	-9.519	-0.909	0.095
1517161046151	-9.663	-0.756	-0.105
1517161046161	-9.845	-0.632	-0.258
1517161046175	-10.017	-0.651	-0.277
1517161046181	-10.151	-0.861	-0.249
1517161046205	-10.343	-1.704	0.45
1517161046211	-10.333	-2.001	0.89
1517161046222	-10.247	-2.126	1.072
1517161046234	-10.151	-2.049	0.986
1517161046241	-10.027	-1.8	0.67
1517161046251	-9.998	-1.503	0.354
1517161046264	-10.094	-1.235	0.047
1517161046271	-10.18	-1.043	-0.191
1517161046294	-10.544	-0.957	-0.306
1517161046301	-10.726	-1.015	-0.21
1517161046311	-10.793	-1.082	-0.047
1517161046325	-10.716	-1.206	0.172
1517161046331	-10.544	-1.292	0.373
1517161046341	-10.333	-1.379	0.526
1517161046355	-10.17	-1.417	0.584
1517161046361	-10.084	-1.388	0.574
1517161046371	-10.046	-1.292	0.517
1517161046401	-10.008	-1.187	0.44
1517161046402	-9.969	-1.034	0.373
1517161046408	-9.893	-0.861	0.363
1517161046417	-9.778	-0.737	0.43
1517161046425	-9.672	-0.727	0.536
1517161046433	-9.682	-0.823	0.526
1517161046444	-9.768	-0.948	0.498
1517161046451	-9.874	-1.12	0.469
1517161046461	-9.998	-1.273	0.526
1517161046480	-9.95	-1.379	0.794
1517161046481	-9.96	-1.407	1.139
1517161046491	-10.046	-1.474	1.283
1517161046503	-10.17	-1.551	1.12
1517161046511	-10.18	-1.589	1.024
1517161046521	-10.017	-1.58	1.12
1517161046532	-9.778	-1.541	1.388
1517161046546	-9.577	-1.436	1.541
1517161046551	-9.395	-1.369	1.628
1517161046563	-9.261	-1.331	1.666
1517161046572	-9.222	-1.321	1.618
1517161046581	-9.28	-1.331	1.608
1517161046593	-9.366	-1.302	1.551
1517161046601	-9.462	-1.273	1.541
1517161046611	-9.49	-1.225	1.541
1517161046623	-9.51	-1.225	1.57
1517161046631	-9.519	-1.225	1.608
1517161046641	-9.51	-1.254	1.57
1517161046653	-9.5	-1.273	1.398
1517161046661	-9.49	-1.264	1.532
1517161046671	-9.471	-1.206	1.474
1517161046683	-9.481	-1.11	1.474
1517161046691	-9.471	-1.015	1.513
1517161046701	-9.481	-0.948	1.551
1517161046715	-9.51	-0.938	1.561
1517161046721	-9.538	-0.986	1.561
1517161046731	-9.557	-1.072	1.599
1517161046745	-9.548	-1.149	1.656
1517161046751	-9.51	-1.264	1.752
1517161046761	-9.5	-1.359	1.848
1517161046775	-9.49	-1.417	1.925
1517161046781	-9.443	-1.455	2.02
1517161046805	-9.347	-1.465	2.059
1517161046811	-9.337	-1.513	1.982
1517161046821	-9.376	-1.513	1.953
1517161046835	-9.414	-1.494	1.953
1517161046841	-9.433	-1.474	1.953
1517161046851	-9.452	-1.398	1.905
1517161046865	-9.443	-1.34	1.81
1517161046871	-9.423	-1.321	1.704
1517161046881	-9.423	-1.331	1.685
1517161046895	-9.356	-1.302	1.714
1517161046901	-9.203	-1.283	1.848
1517161046911	-9.069	-1.245	1.944
1517161046925	-9.059	-1.273	1.992
1517161046931	-9.05	-1.321	1.992
1517161046941	-9.069	-1.388	2.001
1517161046955	-9.127	-1.436	2.059
1517161046961	-9.203	-1.484	2.097
1517161046971	-9.328	-1.503	2.068
1517161046985	-9.423	-1.532	2.068
1517161046991	-9.538	-1.637	2.087
1517161047001	-9.577	-1.723	2.087
1517161047015	-9.567	-1.829	2.106
1517161047021	-9.5	-1.896	2.154
1517161047031	-9.414	-1.925	2.145
1517161047045	-9.289	-1.934	2.154
1517161047051	-9.222	-1.915	2.174
1517161047061	-9.136	-1.905	2.25
1517161047075	-9.059	-1.896	2.327
1517161047081	-9.05	-1.886	2.308
1517161047106	-9.222	-1.886	2.059
1517161047111	-9.289	-1.896	2.001
1517161047121	-9.28	-1.877	2.049
1517161047136	-9.318	-1.838	2.135
1517161047141	-9.433	-1.8	2.059
1517161047152	-9.596	-1.781	1.8
1517161047182	-9.711	-1.79	1.599
1517161047184	-9.739	-1.743	1.647
1517161047187	-9.739	-1.637	1.666
1517161047201	-9.854	-1.541	1.484
1517161047204	-9.979	-1.465	1.302
1517161047222	-10.084	-1.369	1.149
1517161047223	-10.161	-1.312	1.091
1517161047231	-10.305	-1.292	1.034
1517161047241	-10.429	-1.283	1.015
1517161047256	-10.486	-1.273	0.967
1517161047261	-10.506	-1.264	0.967
1517161047271	-10.458	-1.321	0.976
1517161047285	-10.429	-1.398	0.996
1517161047291	-10.41	-1.484	1.015
1517161047301	-10.4	-1.551	0.976
1517161047314	-10.439	-1.599	0.928
1517161047321	-10.525	-1.628	0.804
1517161047331	-10.621	-1.58	0.737
1517161047344	-10.735	-1.522	0.718
1517161047351	-10.812	-1.426	0.689
1517161047361	-10.86	-1.302	0.411
1517161047373	-10.841	-1.13	0.43
1517161047381	-10.774	-0.986	0.373
1517161047391	-10.649	-0.9	0.306
1517161047406	-10.544	-0.881	0.277
1517161047411	-10.467	-0.89	0.22
1517161047421	-10.247	-0.948	0.249
1517161047436	-10.324	-1.072	0.335
1517161047441	-10.276	-1.158	0.383
1517161047464	-10.075	-1.168	0.296
1517161047471	-10.008	-1.072	0.134
1517161047497	-9.902	-0.928	-0.268
1517161047514	-9.816	-0.871	-0.43
1517161047516	-9.663	-0.727	-0.498
1517161047533	-9.462	-0.727	-0.383
1517161047538	-9.241	-0.651	-0.239
1517161047546	-9.069	-0.622	-0.134
1517161047551	-8.916	-0.679	-0.095
1517161047561	-8.734	-0.747	0.009
1517161047573	-8.514	-0.823	0.22
1517161047587	-8.341	-0.928	0.43
1517161047591	-8.245	-1.053	0.584
1517161047602	-8.159	-1.072	0.612
1517161047617	-8.111	-1.063	0.488
1517161047621	-8.054	-0.996	0.306
1517161047632	-8.035	-0.852	0.105
1517161047647	-8.016	-0.699	-0.114
1517161047651	-8.025	-0.536	-0.287
1517161047663	-8.025	-0.373	-0.383
1517161047677	-8.025	-0.21	-0.536
1517161047681	-7.987	-0.095	-0.555
1517161047693	-7.968	-0.114	-0.526
1517161047707	-8.044	-0.287	-0.373
1517161047723	-8.245	-0.584	-0.172
1517161047724	-8.581	-0.804	-0.038
1517161047737	-8.925	-0.957	0.067
1517161047741	-9.174	-1.043	0.191
1517161047752	-9.251	-1.043	0.344
1517161047767	-9.251	-0.948	0.43
1517161047771	-9.433	-0.775	0.162
1517161047782	-9.653	-0.584	-0.325
1517161047797	-9.854	-0.45	-0.727
1517161047801	-9.931	-0.383	-0.804
1517161047812	-9.921	-0.507	-0.612
1517161047827	-10.046	-0.785	-0.287
1517161047831	-10.305	-1.082	0.0
1517161047843	-10.496	-1.312	0.277
1517161047859	-10.554	-1.398	0.383
1517161047861	-10.477	-1.321	0.249
1517161047872	-10.266	-1.043	0.057
1517161047887	-10.008	-0.718	-0.134
1517161047891	-9.711	-0.545	-0.392
1517161047903	-9.49	-0.536	-0.536
1517161047917	-9.385	-0.66	-0.469
1517161047921	-9.567	-1.043	-0.143
1517161047932	-9.902	-1.532	0.239
1517161047969	-10.228	-1.829	0.526
1517161047974	-10.4	-1.886	0.584
1517161047983	-10.391	-1.647	0.325
1517161047986	-10.266	-1.225	-0.038
1517161047989	-10.046	-0.842	-0.296
1517161047994	-9.787	-0.727	-0.469
1517161048007	-9.644	-0.756	-0.536
1517161048017	-9.615	-0.919	-0.402
1517161048024	-9.816	-1.101	-0.105
1517161048033	-10.065	-1.283	0.143
1517161048041	-10.276	-1.35	0.287
1517161048052	-10.41	-1.321	0.105
1517161048066	-10.41	-1.197	0.153
1517161048075	-10.305	-0.986	0.047
1517161048093	-10.123	-0.737	-0.239
1517161048096	-9.912	-0.536	-0.22
1517161048103	-9.749	-0.536	-0.124
1517161048112	-9.653	-0.689	0.028
1517161048127	-9.663	-0.948	0.019
1517161048131	-9.816	-1.187	0.229
1517161048142	-10.065	-1.321	0.239
1517161048151	-10.343	-1.321	0.239
1517161048161	-10.64	-1.235	0.229
1517161048172	-10.956	-1.139	0.239
1517161048186	-10.515	-1.053	0.249
1517161048191	-10.314	-0.948	0.22
1517161048201	-9.883	-0.871	0.21
1517161048210	-9.567	-0.861	0.22
1517161048221	-9.347	-0.881	0.239
1517161048231	-9.232	-0.976	0.306
1517161048247	-9.251	-1.503	0.373
1517161048251	-9.395	-1.599	0.545
1517161048263	-9.596	-1.58	0.699
1517161048278	-9.835	-1.829	0.785
1517161048281	-10.075	-1.771	0.928
1517161048293	-10.295	-1.781	1.091
1517161048308	-10.515	-1.762	1.149
1517161048311	-10.659	-1.666	1.034
1517161048323	-10.668	-1.532	1.034
1517161048338	-10.573	-1.398	1.11
1517161048341	-10.372	-1.235	1.168
1517161048353	-10.113	-1.063	1.197
1517161048368	-9.893	-0.957	1.235
1517161048371	-9.625	-0.881	1.331
1517161048383	-9.299	-0.833	1.589
1517161048398	-9.117	-0.756	1.79
1517161048401	-9.127	-0.747	1.781
1517161048414	-9.299	-0.794	1.57
1517161048421	-9.49	-0.881	1.321
1517161048431	-9.586	-1.005	1.264
1517161048444	-9.653	-1.11	1.34
1517161048451	-9.711	-1.13	1.359
1517161048461	-9.711	-1.091	1.273
1517161048474	-9.605	-1.005	1.206
1517161048481	-9.51	-0.919	1.206
1517161048491	-9.423	-0.871	1.283
1517161048504	-9.404	-0.852	1.359
1517161048511	-9.385	-0.89	1.436
1517161048521	-9.404	-0.938	1.446
1517161048541	-9.481	-1.091	1.417
1517161048551	-9.529	-1.187	1.407
1517161048561	-9.586	-1.216	1.446
1517161048570	-9.625	-1.264	1.436
1517161048581	-9.634	-1.264	1.436
1517161048592	-9.615	-1.264	1.446
1517161048601	-9.557	-1.302	1.503
1517161048611	-9.471	-1.321	1.57
1517161048623	-9.404	-1.35	1.599
1517161048631	-9.376	-1.369	1.58
1517161048641	-9.376	-1.369	1.57
1517161048654	-9.414	-1.379	1.628
1517161048661	-9.443	-1.398	1.695
1517161048671	-9.471	-1.426	1.685
1517161048684	-9.5	-1.436	1.666
1517161048691	-9.481	-1.407	1.628
1517161048701	-9.462	-1.388	1.58
1517161048735	-9.452	-1.417	1.685
1517161048745	-9.462	-1.436	1.685
1517161048756	-9.49	-1.474	1.656
1517161048760	-9.519	-1.494	1.666
1517161048761	-9.557	-1.522	1.618
1517161048770	-9.529	-1.532	1.561
1517161048774	-9.5	-1.541	1.561
1517161048782	-9.462	-1.561	1.589
1517161048791	-9.481	-1.57	1.608
1517161048803	-9.529	-1.589	1.541
1517161048811	-9.567	-1.58	1.541
1517161048821	-9.605	-1.532	1.522
1517161048834	-9.605	-1.484	1.695
1517161048841	-9.567	-1.426	1.561
1517161048854	-9.519	-1.407	1.666
1517161048864	-9.49	-1.35	1.628
1517161048871	-9.49	-1.331	1.599
1517161048881	-9.49	-1.283	1.541
1517161048892	-9.5	-1.264	1.58
1517161048901	-9.471	-1.254	1.608
1517161048911	-9.471	-1.264	1.608
1517161048922	-9.443	-1.235	1.647
1517161048931	-9.404	-1.235	1.695
1517161048941	-9.376	-1.245	1.743
1517161048952	-9.347	-1.331	1.79
1517161048960	-9.366	-1.331	1.8
1517161048971	-9.414	-1.321	1.723
1517161048983	-9.51	-1.292	1.541
1517161048991	-9.596	-1.302	1.369
1517161049001	-9.586	-1.312	1.34
1517161049014	-9.567	-1.292	1.388
1517161049021	-9.605	-1.235	1.398
1517161049031	-9.701	-1.206	1.225
1517161049044	-9.797	-1.225	1.053
1517161049051	-9.845	-1.292	1.015
1517161049061	-9.807	-1.359	1.149
1517161049074	-9.787	-1.398	1.216
1517161049081	-9.797	-1.417	1.187
1517161049091	-9.768	-1.455	1.12
1517161049104	-9.749	-1.474	1.043
1517161049111	-9.787	-1.513	0.976
1517161049122	-9.883	-1.532	0.919
1517161049134	-9.969	-1.58	0.89
1517161049141	-10.027	-1.608	0.823
1517161049151	-10.017	-1.608	0.708
1517161049164	-10.046	-1.618	0.632
1517161049171	-10.046	-1.57	0.622
1517161049182	-10.027	-1.561	0.612
1517161049195	-10.027	-1.522	0.622
1517161049201	-10.017	-1.465	0.555
1517161049211	-9.979	-1.407	0.526
1517161049225	-9.921	-1.379	0.536
1517161049231	-9.874	-1.398	0.555
1517161049241	-9.883	-1.417	0.536
1517161049255	-9.921	-1.436	0.526
1517161049261	-9.95	-1.455	0.507
1517161049271	-9.988	-1.484	0.555
1517161049284	-10.017	-1.551	0.584
1517161049291	-10.056	-1.589	0.517
1517161049302	-10.075	-1.618	0.411
1517161049314	-10.084	-1.637	0.373
1517161049321	-10.036	-1.637	0.325
1517161049332	-9.998	-1.599	0.277
1517161049344	-9.941	-1.541	0.21
1517161049351	-9.883	-1.494	0.114
1517161049361	-9.883	-1.417	-0.009
1517161049375	-9.874	-1.369	-0.124
1517161049381	-9.835	-1.35	-0.191
1517161049391	-9.787	-1.34	-0.153
1517161049405	-9.759	-1.264	0.124
1517161049411	-9.787	-1.158	0.047
1517161049421	-9.826	-1.072	-0.038
1517161049434	-10.017	-1.005	-0.229
1517161049441	-9.921	-0.938	-0.229
1517161049451	-9.95	-0.948	-0.287
1517161049467	-10.017	-0.996	-0.21
1517161049502	-10.017	-1.063	-0.21
1517161049509	-10.027	-1.13	-0.134
1517161049514	-10.008	-1.187	-0.076
1517161049515	-10.008	-1.245	0.0
1517161049519	-10.065	-1.34	0.038
1517161049522	-10.123	-1.407	0.067
1517161049533	-10.19	-1.426	-0.095
1517161049547	-10.17	-1.407	0.0
1517161049554	-10.056	-1.273	-0.143
1517161049561	-10.056	-1.273	0.009
1517161049571	-9.988	-1.225	-0.067
1517161049585	-9.883	-1.197	-0.229
1517161049600	-9.845	-1.082	-0.411
1517161049603	-9.854	-0.938	-0.574
1517161049614	-9.787	-0.651	-0.66
1517161049621	-9.634	-0.689	-0.507
1517161049631	-9.663	-0.679	-0.363
1517161049643	-9.625	-0.651	-0.354
1517161049651	-9.538	-0.651	-0.517
1517161049661	-9.328	-0.766	-0.545
1517161049674	-9.04	-0.881	-0.316
1517161049681	-8.858	-0.881	-0.411
1517161049691	-8.81	-0.823	-0.881
1517161049703	-8.743	-0.651	-1.225
1517161049711	-8.581	-0.507	-1.321
1517161049721	-8.341	-0.306	-1.187
1517161049735	-8.188	-0.392	-0.986
1517161049741	-8.178	-0.545	-0.708
1517161049751	-8.169	-0.756	-0.421
1517161049765	-8.226	-0.928	-0.258
1517161049771	-8.351	-1.005	-0.191
1517161049783	-8.542	-1.043	-0.191
1517161049795	-8.686	-0.986	-0.277
1517161049801	-8.801	-0.852	-0.383
1517161049811	-8.858	-0.689	-0.507
1517161049826	-8.954	-0.545	-0.67
1517161049831	-9.088	-0.545	-0.794
1517161049841	-9.289	-0.603	-0.747
1517161049855	-9.5	-0.67	-0.612
1517161049861	-9.787	-0.814	-0.641
1517161049871	-9.998	-0.881	-0.612
1517161049885	-10.19	-0.976	-0.517
1517161049891	-10.314	-1.043	-0.363
1517161049901	-10.372	-1.139	-0.229
1517161049916	-10.429	-1.177	-0.21
1517161049921	-10.314	-1.13	-0.249
1517161049931	-10.027	-1.043	-0.277
1517161049945	-9.739	-0.986	-0.258
1517161049951	-9.596	-1.12	-0.21
1517161049975	-9.739	-1.666	0.086
1517161049981	-9.979	-1.857	0.268
1517161049991	-10.123	-1.867	0.325
1517161050005	-10.161	-1.733	0.325
1517161050011	-10.103	-1.494	0.287
1517161050037	-9.749	-0.861	-0.296
1517161050041	-9.548	-0.67	-0.335
1517161050051	-9.414	-0.651	-0.421
1517161050065	-9.318	-0.823	-0.383
1517161050071	-9.347	-1.101	-0.21
1517161050082	-9.481	-1.398	0.057
1517161050095	-9.672	-1.58	0.287
1517161050101	-9.816	-1.599	0.43
1517161050111	-9.921	-1.474	0.459
1517161050125	-9.941	-1.359	0.373
1517161050131	-9.95	-1.216	0.162
1517161050141	-9.96	-1.072	0.019
1517161050155	-9.96	-0.976	-0.124
1517161050161	-9.931	-0.967	-0.172
1517161050171	-9.998	-1.005	-0.172
1517161050185	-10.065	-1.158	-0.086
1517161050191	-10.199	-1.292	0.114
1517161050201	-10.381	-1.35	0.249
1517161050215	-10.534	-1.35	0.354
1517161050221	-10.668	-1.34	0.43
1517161050231	-10.688	-1.369	0.66
1517161050245	-10.64	-1.417	0.689
1517161050278	-10.582	-1.436	0.584
1517161050285	-10.525	-1.359	0.44
1517161050289	-10.467	-1.273	0.153
1517161050294	-10.333	-1.187	0.201
1517161050296	-10.094	-1.149	0.306
1517161050315	-9.864	-1.13	0.363
1517161050317	-9.73	-1.197	0.335
1517161050325	-9.682	-1.254	0.402
1517161050336	-9.519	-1.34	0.555
1517161050341	-9.519	-1.369	0.67
1517161050352	-9.481	-1.417	0.794
1517161050368	-9.462	-1.455	0.967
1517161050374	-9.471	-1.465	1.082
1517161050382	-9.548	-1.474	1.11
1517161050395	-9.663	-1.455	1.015
1517161050401	-9.778	-1.446	0.89
1517161050411	-9.845	-1.465	0.804
1517161050425	-9.893	-1.436	0.794
1517161050431	-9.874	-1.235	0.804
1517161050441	-9.835	-1.302	0.814
1517161050454	-9.778	-1.206	0.861
1517161050461	-9.692	-1.206	0.948
1517161050471	-9.644	-1.254	0.996
1517161050484	-9.615	-1.34	0.996
1517161050491	-9.625	-1.446	1.024
1517161050501	-9.663	-1.494	1.091
1517161050514	-9.692	-1.503	1.101
1517161050521	-9.711	-1.484	1.053
1517161050531	-9.72	-1.417	1.005
1517161050544	-9.701	-1.379	1.043
1517161050551	-9.653	-1.388	1.091
1517161050561	-9.596	-1.436	1.12
1517161050573	-9.529	-1.474	1.13
1517161050581	-9.49	-1.503	1.139
1517161050591	-9.481	-1.494	1.139
1517161050606	-9.51	-1.494	1.12
1517161050611	-9.51	-1.494	1.11
1517161050621	-9.529	-1.465	1.101
1517161050636	-9.538	-1.446	1.139
1517161050641	-9.557	-1.407	1.149
1517161050651	-9.557	-1.35	1.168
1517161050666	-9.557	-1.312	1.168
1517161050671	-9.567	-1.292	1.197
1517161050681	-9.586	-1.302	1.197
1517161050696	-9.605	-1.331	1.187
1517161050701	-9.605	-1.331	1.235
1517161050711	-9.596	-1.331	1.225
1517161050726	-9.605	-1.359	1.235
1517161050731	-9.605	-1.417	1.216
1517161050741	-9.596	-1.398	1.216
1517161050761	-9.548	-1.407	1.197
1517161050771	-9.519	-1.446	1.197
1517161050787	-9.49	-1.513	1.177
1517161050791	-9.443	-1.57	1.216
1517161050802	-9.376	-1.589	1.302
1517161050816	-9.328	-1.628	1.407
1517161050821	-9.299	-1.637	1.465
1517161050832	-9.328	-1.656	1.474
1517161050847	-9.404	-1.704	1.254
1517161050851	-9.462	-1.762	1.302
1517161050876	-9.395	-1.771	1.637
1517161050881	-9.404	-1.714	1.676
1517161050892	-9.51	-1.647	1.474
1517161050906	-9.615	-1.608	1.177
1517161050911	-9.605	-1.608	1.149
1517161050922	-9.548	-1.589	1.283
1517161050936	-9.577	-1.494	1.34
1517161050941	-9.615	-1.407	1.283
1517161050952	-9.615	-1.312	1.264
1517161050966	-9.577	-1.245	1.273
1517161050971	-9.596	-1.206	1.273
1517161050982	-9.653	-1.216	1.369
1517161050997	-9.682	-1.216	1.369
1517161051001	-9.701	-1.264	1.369
1517161051012	-9.711	-1.283	1.168
1517161051024	-9.73	-1.321	1.11
1517161051047	-9.711	-1.379	1.091
1517161051060	-9.711	-1.417	1.082
1517161051066	-9.711	-1.455	1.053
1517161051075	-9.701	-1.484	1.005
1517161051083	-9.682	-1.522	1.005
1517161051085	-9.663	-1.57	1.024
1517161051092	-9.644	-1.647	1.024
1517161051109	-9.634	-1.714	1.034
1517161051114	-9.672	-1.81	0.957
1517161051122	-9.759	-1.886	0.928
1517161051151	-9.845	-2.116	0.9
1517161051152	-9.921	-2.011	0.9
1517161051158	-9.95	-2.049	0.919
1517161051164	-9.95	-2.049	0.948
1517161051172	-9.979	-2.049	0.967
1517161051187	-10.027	-1.992	0.919
1517161051194	-10.056	-1.944	0.89
1517161051202	-10.065	-1.838	0.842
1517161051218	-10.017	-1.743	0.794
1517161051225	-9.931	-1.656	0.775
1517161051239	-9.845	-1.656	0.804
1517161051241	-9.826	-1.685	0.881
1517161051259	-9.826	-1.743	0.89
1517161051272	-9.864	-1.762	0.928
1517161051273	-9.883	-1.762	0.938
1517161051281	-9.893	-1.752	0.842
1517161051296	-9.902	-1.704	0.679
1517161051301	-9.931	-1.637	0.641
1517161051311	-9.998	-1.58	0.612
1517161051322	-10.075	-1.589	0.536
1517161051331	-10.142	-1.561	0.478
1517161051345	-10.17	-1.484	0.517
1517161051357	-10.19	-1.407	0.555
1517161051361	-10.247	-1.34	0.526
1517161051371	-10.257	-1.321	0.45
1517161051387	-10.266	-1.35	0.402
1517161051391	-10.266	-1.436	0.325
1517161051401	-10.305	-1.57	0.172
1517161051414	-10.333	-1.714	0.047
1517161051421	-10.295	-1.743	0.086
1517161051431	-10.161	-1.666	0.268
1517161051447	-10.017	-1.589	0.507
1517161051451	-9.969	-1.532	0.66
1517161051463	-10.008	-1.503	0.622
1517161051477	-10.084	-1.474	0.498
1517161051481	-10.142	-1.436	0.335
1517161051492	-10.113	-1.398	0.354
1517161051507	-9.988	-1.35	0.507
1517161051511	-9.921	-1.273	0.612
1517161051523	-9.95	-1.216	0.45
1517161051538	-9.95	-1.216	0.22
1517161051551	-9.845	-1.225	0.191
1517161051554	-9.692	-1.225	0.287
1517161051573	-9.567	-1.197	0.239
1517161051574	-9.49	-1.101	0.038
1517161051584	-9.308	-0.976	-0.143
1517161051598	-9.136	-0.852	-0.421
1517161051601	-9.069	-0.775	-0.411
1517161051615	-8.868	-0.766	-0.565
1517161051628	-8.925	-0.814	-0.718
1517161051631	-8.81	-0.9	-0.612
1517161051643	-8.648	-1.082	-0.622
1517161051659	-8.504	-1.245	-0.622
1517161051661	-8.38	-1.379	-0.555
1517161051673	-8.284	-1.446	-0.402
1517161051688	-8.255	-1.455	-0.402
1517161051691	-8.217	-1.388	-0.593
1517161051703	-8.236	-1.235	-0.603
1517161051719	-8.236	-1.091	-0.603
1517161051721	-8.226	-1.024	-0.651
1517161051733	-8.351	-1.139	-0.756
1517161051749	-8.351	-1.34	-0.507
1517161051751	-8.466	-1.561	-0.143
1517161051763	-8.925	-1.704	0.086
1517161051777	-8.925	-1.752	0.277
1517161051781	-9.318	-1.685	0.373
1517161051814	-9.596	-1.331	0.306
1517161051825	-9.596	-1.331	0.201
1517161051828	-9.749	-1.063	-0.076
1517161051829	-9.826	-0.794	-0.325
1517161051845	-9.95	-0.593	-0.565
1517161051846	-10.103	-0.43	-0.727
1517161051852	-10.305	-0.507	-0.689
1517161051863	-10.496	-0.785	-0.469
1517161051871	-10.601	-0.928	-0.229
1517161051885	-10.544	-1.273	0.0
1517161051904	-10.419	-1.359	0.162
1517161051905	-10.247	-1.331	0.22
1517161051913	-10.056	-1.11	0.162
1517161051921	-9.845	-0.881	-0.009
1517161051931	-9.567	-0.718	-0.201
1517161051944	-9.27	-0.737	-0.363
1517161051951	-9.098	-0.967	-0.402
1517161051961	-9.069	-1.302	-0.287
1517161051976	-9.222	-1.628	-0.047
1517161051983	-9.423	-1.81	0.239
1517161051991	-9.49	-1.79	0.43
1517161052002	-9.376	-1.57	0.507
1517161052011	-9.146	-1.292	0.421
1517161052021	-8.945	-1.063	0.239
1517161052032	-8.81	-0.957	0.009
1517161052041	-8.839	-0.986	-0.143
1517161052051	-9.04	-1.187	-0.047
1517161052061	-9.337	-1.484	0.162
1517161052071	-9.739	-1.743	0.325
1517161052081	-10.142	-1.944	0.325
1517161052091	-10.448	-2.03	0.316
1517161052101	-10.621	-2.049	0.268
1517161052111	-10.688	-1.972	0.498
1517161052122	-10.716	-1.743	0.632
1517161052131	-10.726	-1.398	0.469
1517161052141	-10.735	-1.12	0.095
1517161052153	-10.774	-0.976	-0.344
1517161052161	-10.764	-0.938	-0.421
1517161052171	-10.649	-1.063	-0.239
1517161052184	-10.592	-1.245	-0.076
1517161052191	-10.525	-1.398	0.057
1517161052201	-10.429	-1.522	0.201
1517161052221	-10.132	-1.628	0.574
1517161052231	-10.046	-1.628	0.622
1517161052245	-9.998	-1.589	0.641
1517161052251	-9.921	-1.551	0.641
1517161052261	-9.864	-1.494	0.593
1517161052273	-9.797	-1.417	0.44
1517161052281	-9.73	-1.369	0.316
1517161052291	-9.663	-1.302	0.239
1517161052304	-9.577	-1.283	0.45
1517161052311	-9.538	-1.312	0.363
1517161052321	-9.529	-1.398	0.45
1517161052334	-9.538	-1.484	0.718
1517161052341	-9.548	-1.561	0.679
1517161052351	-9.577	-1.685	0.823
1517161052364	-9.596	-1.762	0.909
1517161052371	-9.682	-1.838	0.909
1517161052381	-9.759	-1.915	0.996
1517161052394	-9.874	-1.934	1.177
1517161052401	-10.008	-1.982	1.177
1517161052411	-10.142	-2.039	1.446
1517161052424	-10.285	-2.087	1.494
1517161052431	-10.285	-2.116	1.647
1517161052441	-10.247	-2.116	1.589
1517161052453	-9.95	-2.068	1.695
1517161052461	-9.95	-1.992	1.647
1517161052471	-9.759	-1.896	1.599
1517161052484	-9.395	-1.79	1.503
1517161052491	-9.395	-1.723	1.484
1517161052502	-9.136	-1.637	1.465
1517161052514	-9.27	-1.58	1.503
1517161052521	-9.423	-1.57	1.551
1517161052531	-9.414	-1.608	1.57
1517161052544	-9.462	-1.618	1.551
1517161052551	-9.49	-1.608	1.561
1517161052586	-9.49	-1.58	1.522
1517161052588	-9.423	-1.503	1.532
1517161052592	-9.385	-1.446	1.57
1517161052594	-9.376	-1.225	1.637
1517161052615	-9.385	-1.369	1.656
1517161052617	-9.347	-1.35	1.647
1517161052625	-9.356	-1.369	1.647
1517161052633	-9.347	-1.388	1.618
1517161052641	-9.356	-1.407	1.618
1517161052653	-9.356	-1.407	1.589
1517161052664	-9.395	-1.436	1.618
1517161052671	-9.452	-1.436	1.608
1517161052681	-9.5	-1.426	1.608
1517161052694	-9.51	-1.417	1.599
1517161052701	-9.519	-1.426	1.666
1517161052711	-9.529	-1.436	1.685
1517161052722	-9.548	-1.484	1.628
1517161052731	-9.586	-1.532	1.503
1517161052741	-9.605	-1.599	1.369
1517161052754	-9.557	-1.666	1.503
1517161052761	-9.433	-1.666	1.714
1517161052771	-9.404	-1.618	1.79
1517161052782	-9.414	-1.608	1.647
1517161052790	-9.443	-1.599	1.426
1517161052801	-9.366	-1.637	1.541
1517161052812	-9.222	-1.704	1.771
1517161052821	-9.098	-1.714	1.819
1517161052831	-9.069	-1.695	1.81
1517161052844	-9.079	-1.608	1.867
1517161052851	-9.088	-1.532	1.944
1517161052861	-9.146	-1.513	1.992
1517161052874	-9.213	-1.551	1.963
1517161052881	-9.27	-1.618	1.992
1517161052891	-9.347	-1.656	2.049
1517161052904	-9.433	-1.704	1.982
1517161052911	-9.452	-1.752	1.867
1517161052921	-9.481	-1.8	1.8
1517161052934	-9.452	-1.896	1.733
1517161052941	-9.471	-1.982	1.723
1517161052951	-9.481	-2.059	1.743
1517161052964	-9.462	-2.087	1.829
1517161052971	-9.423	-2.116	1.905
1517161052981	-9.376	-2.097	1.972
1517161052994	-9.347	-2.097	1.752
1517161053001	-9.356	-2.087	1.819
1517161053011	-9.347	-2.059	1.81
1517161053024	-9.308	-2.106	1.944
1517161053031	-9.299	-2.193	1.944
1517161053041	-9.299	-2.317	1.915
1517161053061	-9.318	-2.461	1.743
1517161053071	-9.328	-2.413	1.647
1517161053085	-9.347	-2.288	1.407
1517161053091	-9.414	-2.059	1.407
1517161053101	-9.5	-1.8	1.235
1517161053115	-9.663	-1.551	0.938
1517161053121	-9.778	-1.398	0.996
1517161053131	-9.912	-1.331	0.909
1517161053145	-10.027	-1.369	0.871
1517161053151	-10.027	-1.494	1.024
1517161053161	-9.998	-1.656	1.072
1517161053175	-9.797	-1.8	1.091
1517161053181	-9.835	-1.934	1.12
1517161053191	-9.797	-2.049	1.158
1517161053205	-9.826	-2.145	1.12
1517161053211	-9.826	-2.231	1.091
1517161053221	-9.902	-2.231	1.034
1517161053235	-10.017	-2.202	1.005
1517161053241	-10.017	-2.174	0.948
1517161053251	-9.941	-2.126	0.804
1517161053265	-9.902	-1.896	0.718
1517161053271	-9.883	-1.972	0.612
1517161053281	-9.874	-1.915	0.555
1517161053295	-9.854	-1.79	0.507
1517161053301	-9.826	-1.79	0.43
1517161053311	-9.826	-1.79	0.344
1517161053325	-9.854	-1.8	0.277
1517161053363	-9.883	-1.79	0.363
1517161053365	-9.864	-1.781	0.488
1517161053366	-9.874	-1.781	0.498
1517161053377	-9.96	-1.752	0.555
1517161053385	-10.036	-1.743	0.507
1517161053387	-10.065	-1.781	0.488
1517161053403	-9.96	-1.79	0.612
1517161053405	-9.874	-1.733	0.679
1517161053413	-9.912	-1.589	0.507
1517161053421	-10.046	-1.503	0.287
1517161053431	-10.094	-1.388	0.268
1517161053445	-10.008	-1.302	0.469
1517161053451	-9.883	-1.206	0.679
1517161053462	-9.912	-1.235	0.804
1517161053478	-9.988	-1.455	0.66
1517161053481	-9.969	-1.829	0.277
1517161053492	-9.883	-2.106	-0.363
1517161053503	-9.854	-2.126	-0.804
1517161053511	-9.835	-1.925	-0.785
1517161053521	-9.787	-1.608	-0.44
1517161053533	-9.739	-1.407	-0.229
1517161053541	-9.711	-1.331	-0.191
1517161053558	-9.749	-1.388	-0.249
1517161053570	-9.749	-1.426	-0.306
1517161053571	-9.778	-1.398	-0.354
1517161053581	-9.797	-1.331	-0.536
1517161053594	-9.807	-1.245	-0.775
1517161053601	-9.864	-1.13	-0.967
1517161053611	-9.874	-1.053	-0.996
1517161053624	-9.883	-0.976	-0.909
1517161053631	-9.921	-0.938	-0.996
1517161053641	-9.883	-0.909	-1.053
1517161053652	-9.835	-0.861	-0.996
1517161053661	-9.768	-0.785	-0.814
1517161053673	-9.711	-0.699	-0.804
1517161053685	-9.644	-0.67	-0.814
1517161053691	-9.605	-0.622	-0.833
1517161053701	-9.519	-0.536	-0.948
1517161053716	-9.414	-0.565	-1.043
1517161053721	-9.299	-0.67	-1.043
1517161053731	-9.27	-0.737	-1.082
1517161053745	-9.27	-0.775	-1.11
1517161053751	-9.241	-0.756	-1.11
1517161053762	-9.174	-0.689	-1.11
1517161053775	-9.079	-0.718	-1.187
1517161053781	-9.012	-0.756	-1.187
1517161053791	-8.992	-0.833	-1.168
1517161053808	-8.715	-0.852	-1.13
1517161053811	-8.676	-0.785	-1.13
1517161053821	-8.523	-0.679	-1.091
1517161053836	-8.284	-0.632	-1.197
1517161053841	-8.36	-0.689	-1.197
1517161053852	-8.341	-0.842	-0.986
1517161053873	-8.542	-0.976	-0.861
1517161053876	-8.533	-1.101	-0.861
1517161053887	-8.724	-1.13	-0.756
1517161053911	-9.098	-1.005	-1.024
1517161053912	-9.241	-0.967	-1.149
1517161053931	-9.347	-1.024	-1.015
1517161053947	-9.596	-1.312	-0.814
1517161053955	-9.768	-1.398	-0.718
1517161053961	-9.787	-1.455	-0.699
1517161053971	-9.95	-1.426	-0.737
1517161053985	-9.95	-1.398	-0.756
1517161053992	-9.998	-1.292	-0.957
1517161054001	-9.998	-1.149	-1.101
1517161054015	-9.941	-1.082	-1.043
1517161054021	-9.902	-1.197	-0.919
1517161054031	-9.826	-1.264	-0.545
1517161054044	-9.816	-1.465	-0.172
1517161054051	-9.912	-1.398	-0.239
1517161054061	-9.988	-1.264	-0.421
1517161054075	-10.027	-1.139	-0.545
1517161054081	-9.969	-0.986	-0.498
1517161054091	-9.912	-0.794	-0.402
1517161054105	-9.931	-0.526	-0.545
1517161054139	-9.931	-0.344	-0.727
1517161054144	-9.874	-0.43	-0.747
1517161054149	-9.854	-0.727	-0.517
1517161054150	-9.874	-1.11	-0.344
1517161054152	-9.988	-1.398	-0.134
1517161054179	-10.132	-1.522	0.0
1517161054181	-10.266	-1.541	-0.009
1517161054183	-10.324	-1.455	-0.114
1517161054196	-10.333	-1.264	-0.239
1517161054211	-10.314	-1.082	-0.316
1517161054214	-10.218	-0.996	-0.287
1517161054230	-10.142	-1.053	-0.229
1517161054233	-10.103	-1.216	-0.191
1517161054248	-10.17	-1.379	-0.229
1517161054258	-10.209	-1.484	-0.258
1517161054261	-10.199	-1.532	-0.181
1517161054276	-10.19	-1.656	0.0
1517161054288	-10.151	-1.848	0.258
1517161054291	-10.218	-2.001	0.565
1517161054305	-10.228	-2.049	0.804
1517161054317	-10.237	-1.944	0.67
1517161054321	-10.237	-1.838	0.153
1517161054336	-10.18	-1.733	-0.325
1517161054341	-10.036	-1.628	-0.536
1517161054351	-9.864	-1.551	-0.459
1517161054364	-9.759	-1.494	-0.268
1517161054372	-9.711	-1.484	-0.067
1517161054381	-9.692	-1.494	0.114
1517161054391	-9.653	-1.522	0.181
1517161054404	-9.567	-1.484	0.181
1517161054411	-9.471	-1.407	0.124
1517161054421	-9.318	-1.292	0.009
1517161054435	-9.165	-1.216	-0.009
1517161054441	-9.059	-1.177	0.0
1517161054451	-8.992	-1.149	-0.009
1517161054463	-8.945	-1.12	0.076
1517161054471	-8.906	-1.13	0.143
1517161054481	-8.935	-1.216	0.21
1517161054493	-9.031	-1.359	0.306
1517161054501	-9.222	-1.541	0.459
1517161054511	-9.519	-1.695	0.593
1517161054526	-9.883	-1.886	0.689
1517161054531	-10.285	-2.049	0.814
1517161054542	-10.678	-2.221	1.158
1517161054557	-11.013	-2.308	1.245
1517161054561	-11.205	-2.279	1.245
1517161054571	-11.195	-2.212	1.484
1517161054584	-10.956	-2.106	1.426
1517161054591	-10.573	-1.982	1.647
1517161054601	-10.065	-1.838	1.628
1517161054614	-9.605	-1.743	1.618
1517161054621	-9.299	-1.656	1.57
1517161054631	-9.165	-1.57	1.685
1517161054646	-9.174	-1.503	1.273
1517161054651	-9.366	-1.513	1.187
1517161054662	-9.395	-1.503	0.996
1517161054678	-9.241	-1.541	1.053
1517161054681	-9.127	-1.561	1.225
1517161054706	-9.27	-1.474	0.976
1517161054711	-9.443	-1.369	0.708
1517161054722	-9.519	-1.091	0.612
1517161054736	-9.481	-1.168	0.814
1517161054741	-9.443	-1.149	1.053
1517161054752	-9.49	-1.206	1.139
1517161054766	-9.529	-1.273	1.13
1517161054771	-9.548	-1.321	1.12
1517161054782	-9.577	-1.369	1.13
1517161054791	-9.625	-1.398	1.091
1517161054801	-9.682	-1.474	1.13
1517161054812	-9.692	-1.532	1.187
1517161054827	-9.701	-1.618	1.254
1517161054831	-9.701	-1.695	1.235
1517161054843	-9.672	-1.762	1.264
1517161054851	-9.653	-1.781	1.292
1517161054861	-9.605	-1.743	1.321
1517161054872	-9.586	-1.752	1.369
1517161054905	-9.557	-1.723	1.302
1517161054912	-9.51	-1.714	1.273
1517161054917	-9.423	-1.695	1.264
1517161054920	-9.404	-1.676	1.235
1517161054924	-9.395	-1.637	1.177
1517161054940	-9.443	-1.628	1.12
1517161054954	-9.471	-1.628	1.13
1517161054955	-9.529	-1.647	1.177
1517161054963	-9.596	-1.676	1.13
1517161054976	-9.663	-1.656	1.091
1517161054981	-9.663	-1.589	1.034
1517161055005	-9.605	-1.513	1.11
1517161055011	-9.557	-1.541	1.158
1517161055021	-9.567	-1.647	1.225
1517161055034	-9.577	-1.685	1.273
1517161055041	-9.644	-1.695	1.254
1517161055051	-9.653	-1.656	1.187
1517161055065	-9.663	-1.58	1.082
1517161055071	-9.663	-1.513	0.986
1517161055081	-9.634	-1.446	0.9
1517161055094	-9.548	-1.407	1.005
1517161055101	-9.433	-1.379	1.082
1517161055111	-9.308	-1.359	1.101
1517161055125	-9.289	-1.369	0.986
1517161055131	-9.366	-1.369	0.842
1517161055142	-9.452	-1.398	0.794
1517161055157	-9.51	-1.436	0.861
1517161055161	-9.462	-1.436	0.948
1517161055172	-9.414	-1.436	1.015
1517161055187	-9.433	-1.388	0.996
1517161055191	-9.51	-1.388	1.024
1517161055202	-9.615	-1.379	0.996
1517161055217	-9.701	-1.407	0.938
1517161055221	-9.739	-1.455	0.909
1517161055232	-9.701	-1.455	0.881
1517161055247	-9.663	-1.455	0.794
1517161055251	-9.682	-1.446	0.718
1517161055263	-9.682	-1.388	0.689
1517161055277	-9.739	-1.398	0.689
1517161055281	-9.768	-1.455	0.766
1517161055292	-9.768	-1.503	0.852
1517161055307	-9.797	-1.513	0.699
1517161055311	-9.797	-1.513	0.555
1517161055322	-9.615	-1.561	0.651
1517161055337	-9.653	-1.599	0.766
1517161055341	-9.51	-1.599	0.833
1517161055353	-9.5	-1.522	0.67
1517161055367	-9.5	-1.465	0.488
1517161055371	-9.615	-1.484	0.45
1517161055383	-9.605	-1.541	0.632
1517161055397	-9.452	-1.599	0.794
1517161055401	-9.567	-1.599	0.794
1517161055413	-9.577	-1.551	0.689
1517161055428	-9.586	-1.551	0.603
1517161055431	-9.615	-1.561	0.507
1517161055443	-9.682	-1.608	0.526
1517161055451	-9.711	-1.608	0.593
1517161055461	-9.72	-1.81	0.699
1517161055473	-9.711	-1.848	0.766
1517161055488	-9.749	-1.905	0.766
1517161055491	-9.826	-1.953	0.747
1517161055502	-9.912	-1.972	0.66
1517161055511	-9.95	-1.953	0.488
1517161055521	-9.988	-1.848	0.354
1517161055532	-9.969	-1.771	0.287
1517161055541	-9.883	-1.723	0.296
1517161055551	-9.787	-1.714	0.354
1517161055569	-9.692	-1.752	0.45
1517161055579	-9.653	-1.848	0.421
1517161055595	-9.634	-1.886	0.373
1517161055597	-9.682	-1.896	0.306
1517161055601	-9.778	-1.762	0.162
1517161055611	-9.95	-1.618	-0.009
1517161055623	-10.103	-1.541	-0.153
1517161055631	-10.209	-1.484	-0.239
1517161055641	-10.324	-1.398	-0.249
1517161055674	-10.439	-1.292	-0.316
1517161055676	-10.506	-1.245	-0.421
1517161055680	-10.563	-1.149	-0.526
1517161055684	-10.63	-1.072	-0.603
1517161055696	-10.745	-1.005	-0.689
1517161055709	-10.831	-0.957	-0.775
1517161055716	-10.86	-0.881	-0.804
1517161055721	-10.85	-0.814	-0.861
1517161055731	-10.831	-0.794	-0.89
1517161055742	-10.755	-0.747	-0.967
1517161055751	-10.659	-0.718	-1.015
1517161055761	-10.592	-0.66	-1.082
1517161055773	-10.486	-0.603	-1.149
1517161055781	-10.439	-0.555	-1.139
1517161055791	-10.419	-0.555	-1.187
1517161055801	-10.429	-0.565	-1.225
1517161055811	-10.448	-0.603	-1.206
1517161055821	-10.419	-0.651	-1.292
1517161055831	-10.305	-0.708	-1.369
1517161055841	-10.19	-0.679	-1.388
1517161055851	-10.056	-0.603	-1.417
1517161055862	-9.902	-0.545	-1.417
1517161055871	-9.739	-0.593	-1.388
1517161055881	-9.538	-0.699	-1.283
1517161055891	-9.366	-0.823	-1.177
1517161055900	-9.251	-0.794	-1.206
1517161055911	-9.05	-0.679	-1.35
1517161055921	-8.887	-0.536	-1.407
1517161055930	-8.763	-0.344	-1.225
1517161055941	-8.686	-0.22	-1.024
1517161055953	-8.6	-0.191	-1.005
1517161055961	-8.494	-0.105	-1.034
1517161055971	-8.408	-0.067	-1.149
1517161055983	-8.284	-0.038	-1.206
1517161055991	-8.159	-0.057	-1.197
1517161056001	-8.13	-0.076	-1.35
1517161056013	-8.054	-0.143	-1.264
1517161056021	-7.939	-0.239	-1.168
1517161056031	-7.757	-0.402	-1.072
1517161056043	-7.652	-0.574	-0.996
1517161056051	-7.7	-0.747	-0.909
1517161056061	-8.102	-0.9	-0.833
1517161056074	-8.514	-1.063	-0.67
1517161056081	-8.782	-1.187	-0.469
1517161056091	-9.107	-1.264	-0.354
1517161056103	-9.414	-1.216	-0.344
1517161056111	-9.615	-1.139	-0.469
1517161056121	-9.711	-1.043	-0.679
1517161056133	-9.787	-0.871	-0.9
1517161056141	-9.883	-0.584	-1.072
1517161056151	-10.008	0.038	-1.139
1517161056163	-10.19	0.019	-1.13
1517161056171	-10.448	-0.076	-1.158
1517161056181	-10.707	-0.201	-1.206
1517161056193	-10.87	-0.402	-1.13
1517161056201	-10.889	-0.593	-1.053
1517161056211	-10.726	-0.699	-0.986
1517161056223	-10.362	-0.66	-0.89
1517161056231	-9.921	-0.584	-0.794
1517161056242	-9.538	-0.488	-0.708
1517161056253	-9.299	-0.411	-0.708
1517161056261	-9.232	-0.354	-0.756
1517161056271	-9.366	-0.411	-0.9
1517161056283	-9.625	-0.632	-1.015
1517161056291	-9.921	-0.881	-0.976
1517161056301	-10.103	-1.005	-0.833
1517161056313	-10.161	-1.005	-0.612
1517161056321	-10.103	-0.9	-0.383
1517161056331	-10.008	-0.823	-0.258
1517161056344	-9.941	-0.823	-0.249
1517161056351	-9.998	-0.861	-0.392
1517161056361	-10.142	-0.852	-0.469
1517161056374	-10.285	-0.804	-0.545
1517161056381	-10.41	-0.727	-0.603
1517161056391	-10.41	-0.67	-0.67
1517161056403	-10.276	-0.565	-0.632
1517161056436	-10.103	-0.517	-0.574
1517161056439	-9.95	-0.545	-0.555
1517161056441	-9.874	-0.708	-0.507
1517161056445	-9.874	-0.938	-0.411
1517161056461	-9.941	-1.149	-0.335
1517161056464	-9.979	-1.283	-0.229
1517161056480	-10.017	-1.312	0.0
1517161056482	-10.094	-1.321	0.114
1517161056495	-10.237	-1.379	0.153
1517161056501	-10.4	-1.465	0.191
1517161056511	-10.554	-1.589	0.306
1517161056523	-10.707	-1.685	0.44
1517161056531	-10.812	-1.733	0.593
1517161056541	-10.831	-1.781	0.699
1517161056553	-10.735	-1.733	0.775
1517161056561	-10.496	-1.637	0.852
1517161056571	-10.228	-1.541	0.852
1517161056582	-10.027	-1.407	0.526
1517161056591	-9.787	-1.187	0.335
1517161056601	-9.605	-0.957	0.268
1517161056612	-9.462	-0.794	0.43
1517161056621	-9.376	-0.737	0.622
1517161056631	-9.443	-0.785	0.641
1517161056643	-9.567	-0.909	0.507
1517161056651	-9.605	-1.043	0.402
1517161056661	-9.538	-1.225	0.545
1517161056673	-9.395	-1.436	0.928
1517161056681	-9.366	-1.608	1.177
1517161056691	-9.376	-1.704	1.158
1517161056702	-9.376	-1.723	1.11
1517161056711	-9.308	-1.704	1.11
1517161056721	-9.261	-1.637	1.091
1517161056732	-9.289	-1.589	1.082
1517161056740	-9.366	-1.589	1.082
1517161056751	-9.452	-1.666	1.158
1517161056764	-9.519	-1.723	1.216
1517161056771	-9.557	-1.733	1.254
1517161056781	-9.443	-1.771	1.254
1517161056794	-9.548	-1.848	1.273
1517161056801	-9.548	-1.934	1.235
1517161056811	-9.471	-1.963	1.254
1517161056824	-9.414	-1.953	1.35
1517161056831	-9.385	-1.934	1.426
1517161056841	-9.404	-1.915	1.426
1517161056854	-9.404	-1.896	1.407
1517161056861	-9.433	-1.925	1.474
1517161056871	-9.443	-1.905	1.561
1517161056884	-9.471	-1.905	1.676
1517161056891	-9.529	-1.877	1.685
1517161056901	-9.519	-1.771	1.656
1517161056915	-9.519	-1.743	1.608
1517161056921	-9.49	-1.762	1.532
1517161056931	-9.49	-1.819	1.503
1517161056944	-9.49	-1.877	1.513
1517161056951	-9.471	-1.886	1.57
1517161056961	-9.462	-1.877	1.637
1517161056974	-9.462	-1.905	1.666
1517161056981	-9.481	-1.944	1.676
1517161056991	-9.481	-1.925	1.637
1517161057005	-9.452	-1.915	1.57
1517161057011	-9.471	-1.867	1.484
1517161057021	-9.452	-1.838	1.446
1517161057034	-9.462	-1.819	1.484
1517161057041	-9.433	-1.848	1.541
1517161057051	-9.404	-1.857	1.57
1517161057064	-9.347	-1.896	1.676
1517161057071	-9.337	-1.925	1.714
1517161057081	-9.337	-1.963	1.81
1517161057095	-9.328	-2.039	1.877
1517161057101	-9.328	-2.087	1.896
1517161057111	-9.337	-2.116	1.944
1517161057125	-9.347	-2.145	1.963
1517161057131	-9.347	-2.164	1.944
1517161057141	-9.328	-2.154	1.992
1517161057155	-9.299	-2.193	2.011
1517161057161	-9.28	-2.241	1.992
1517161057193	-9.289	-2.308	2.011
1517161057195	-9.261	-2.346	2.03
1517161057197	-9.222	-2.355	2.03
1517161057205	-9.213	-2.365	1.982
1517161057217	-9.184	-2.413	1.934
1517161057221	-9.127	-2.47	1.963
1517161057231	-9.088	-2.47	2.011
1517161057243	-9.079	-2.423	2.02
1517161057251	-9.174	-2.346	1.867
1517161057265	-9.328	-2.308	1.656
1517161057274	-9.395	-2.298	1.57
1517161057281	-9.443	-2.336	1.628
1517161057291	-9.452	-2.365	1.656
1517161057303	-9.51	-2.327	1.628
1517161057311	-9.557	-2.269	1.494
1517161057321	-9.557	-2.193	1.407
1517161057332	-9.519	-2.116	1.379
1517161057341	-9.452	-2.049	1.34
1517161057351	-9.404	-1.992	1.35
1517161057362	-9.376	-1.972	1.321
1517161057371	-9.356	-1.972	1.216
1517161057381	-9.347	-1.982	1.101
1517161057395	-9.337	-2.011	1.034
1517161057401	-9.395	-2.03	1.005
1517161057430	-9.462	-2.097	1.024
1517161057431	-9.701	-2.116	1.139
1517161057432	-9.653	-2.145	1.139
1517161057441	-9.73	-2.183	1.245
1517161057453	-9.749	-2.193	1.331
1517161057461	-9.768	-2.231	1.331
1517161057471	-9.768	-2.298	1.484
1517161057483	-9.605	-2.375	1.57
1517161057495	-9.73	-2.413	1.561
1517161057501	-9.692	-2.451	1.561
1517161057513	-9.644	-2.451	1.522
1517161057520	-9.49	-2.413	1.532
1517161057531	-9.586	-2.336	1.494
1517161057544	-9.548	-2.135	1.369
1517161057551	-9.653	-1.982	1.206
1517161057561	-9.778	-1.848	1.015
1517161057573	-9.874	-1.752	0.804
1517161057582	-9.988	-1.752	0.708
1517161057593	-10.094	-1.781	0.67
1517161057604	-10.142	-1.982	0.708
1517161057611	-10.161	-2.068	0.861
1517161057621	-10.151	-2.135	0.967
1517161057633	-10.132	-2.164	1.024
1517161057641	-10.113	-2.174	1.082
1517161057651	-10.056	-2.097	1.005
1517161057663	-10.008	-2.02	0.871
1517161057671	-9.988	-1.934	0.679
1517161057681	-10.017	-1.867	0.507
1517161057694	-10.065	-1.714	0.45
1517161057701	-10.209	-1.589	0.383
1517161057711	-10.305	-1.551	0.162
1517161057724	-10.324	-1.494	-0.153
1517161057731	-10.285	-1.426	-0.335
1517161057741	-10.19	-1.379	-0.344
1517161057755	-10.075	-1.312	-0.239
1517161057761	-9.95	-1.206	-0.076
1517161057771	-9.787	-1.149	0.067
1517161057788	-9.625	-1.101	0.22
1517161057791	-9.433	-1.149	0.363
1517161057801	-9.347	-1.216	0.335
1517161057817	-9.299	-1.321	0.191
1517161057821	-9.328	-1.388	0.067
1517161057834	-9.328	-1.484	0.0
1517161057846	-9.328	-1.589	0.105
1517161057851	-9.347	-1.57	0.191
1517161057861	-9.5	-1.503	-0.057
1517161057878	-9.663	-1.407	-0.363
1517161057881	-9.816	-1.417	-0.488
1517161057892	-9.874	-1.446	-0.469
1517161057906	-9.854	-1.465	-0.459
1517161057911	-9.854	-1.436	-0.574
1517161057922	-9.854	-1.34	-0.699
1517161057955	-9.797	-1.187	-0.727
1517161057958	-9.797	-1.12	-0.737
1517161057971	-9.874	-1.168	-0.861
1517161057973	-9.95	-1.245	-1.082
1517161057978	-9.893	-1.302	-1.177
1517161057987	-9.72	-1.225	-1.197
1517161058000	-9.5	-1.063	-1.283
1517161058001	-9.366	-0.89	-1.283
1517161058014	-9.337	-0.756	-1.369
1517161058024	-9.395	-0.699	-1.494
1517161058031	-9.443	-0.679	-1.494
1517161058041	-9.49	-0.67	-1.436
1517161058057	-9.481	-0.651	-1.206
1517161058061	-9.366	-0.584	-1.206
1517161058071	-9.194	-0.565	-1.091
1517161058082	-9.04	-0.641	-1.139
1517161058091	-8.839	-0.756	-1.149
1517161058101	-8.581	-0.842	-1.015
1517161058116	-8.293	-0.909	-0.833
1517161058121	-8.111	-1.034	-0.833
1517161058131	-8.13	-1.139	-1.005
1517161058145	-8.351	-1.197	-0.785
1517161058153	-8.657	-1.216	-0.737
1517161058161	-8.954	-1.206	-0.574
1517161058174	-9.232	-1.158	-0.555
1517161058181	-9.462	-1.197	-0.517
1517161058191	-9.615	-1.283	-0.584
1517161058205	-9.625	-1.283	-0.565
1517161058211	-9.557	-1.245	-0.517
1517161058221	-9.318	-1.225	-0.536
1517161058234	-9.404	-1.187	-0.593
1517161058244	-9.567	-1.197	-0.651
1517161058251	-9.577	-1.197	-0.756
1517161058265	-9.625	-1.216	-0.833
1517161058271	-9.653	-1.245	-0.842
1517161058281	-9.653	-1.216	-0.919
1517161058294	-9.605	-1.168	-0.976
1517161058301	-9.557	-0.938	-0.976
1517161058311	-9.452	-0.986	-0.919
1517161058325	-9.356	-0.785	-0.89
1517161058333	-9.328	-0.909	-0.9
1517161058341	-9.347	-0.861	-0.881
1517161058354	-9.49	-0.814	-0.938
1517161058361	-9.739	-0.852	-1.024
1517161058371	-9.988	-0.957	-0.919
1517161058385	-10.161	-1.13	-0.66
1517161058391	-10.209	-1.321	-0.325
1517161058401	-10.199	-1.446	-0.124
1517161058414	-10.18	-1.446	-0.114
1517161058421	-10.113	-1.369	-0.105
1517161058431	-10.027	-1.225	-0.172
1517161058444	-9.921	-1.13	-0.067
1517161058451	-9.921	-1.101	-0.067
1517161058461	-10.103	-1.12	-0.153
1517161058474	-10.314	-1.245	-0.316
1517161058481	-10.496	-1.388	-0.316
1517161058491	-10.506	-1.513	-0.047
1517161058508	-10.458	-1.637	0.258
1517161058511	-10.419	-1.647	0.287
1517161058523	-10.372	-1.551	0.105
1517161058537	-10.266	-1.379	-0.019
1517161058541	-10.151	-1.273	-0.124
1517161058553	-10.065	-1.235	-0.21
1517161058567	-10.046	-1.283	-0.191
1517161058571	-10.036	-1.446	-0.162
1517161058583	-10.056	-1.676	-0.009
1517161058597	-10.123	-1.848	0.316
1517161058601	-10.17	-1.905	0.249
1517161058611	-10.142	-1.944	0.306
1517161058624	-10.046	-1.982	0.383
1517161058631	-9.931	-1.953	0.392
1517161058648	-9.797	-1.886	0.373
1517161058652	-9.701	-1.79	0.335
1517161058661	-9.615	-1.656	0.325
1517161058671	-9.529	-1.494	0.287
1517161058684	-9.51	-1.331	0.124
1517161058705	-9.519	-1.187	-0.019
1517161058710	-9.586	-1.082	-0.038
1517161058716	-9.663	-1.053	-0.047
1517161058733	-9.807	-1.072	0.028
1517161058734	-9.988	-1.149	0.114
1517161058746	-10.18	-1.187	0.191
1517161058751	-10.305	-1.283	0.354
1517161058761	-10.333	-1.359	0.526
1517161058786	-10.324	-1.465	0.727
1517161058787	-10.295	-1.561	0.842
1517161058793	-10.209	-1.608	0.928
1517161058801	-10.075	-1.618	0.938
1517161058811	-9.95	-1.599	0.957
1517161058821	-9.778	-1.561	1.005
1517161058832	-9.596	-1.541	1.053
1517161058841	-9.433	-1.532	1.063
1517161058851	-9.328	-1.484	0.814
1517161058861	-9.27	-1.465	0.689
1517161058871	-9.261	-1.455	0.727
1517161058881	-9.289	-1.474	0.689
1517161058892	-9.347	-1.494	0.737
1517161058901	-9.404	-1.561	0.814
1517161058911	-9.481	-1.628	0.881
1517161058921	-9.548	-1.733	0.986
1517161058931	-9.596	-1.8	1.11
1517161058941	-9.605	-1.829	1.235
1517161058951	-9.452	-1.829	1.302
1517161058961	-9.577	-1.79	1.302
1517161058971	-9.567	-1.771	1.321
1517161058981	-9.557	-1.752	1.34
1517161058991	-9.529	-1.695	1.407
1517161059001	-9.567	-1.666	1.417
1517161059011	-9.596	-1.628	1.359
1517161059021	-9.605	-1.589	1.273
1517161059031	-9.586	-1.656	1.216
1517161059041	-9.49	-1.666	1.417
1517161059051	-9.423	-1.608	1.57
1517161059061	-9.452	-1.58	1.532
1517161059071	-9.557	-1.637	1.149
1517161059081	-9.644	-1.666	0.727
1517161059091	-9.605	-1.647	0.603
1517161059101	-9.567	-1.599	0.708
1517161059111	-9.615	-1.589	0.823
1517161059121	-9.701	-1.57	0.967
1517161059131	-9.692	-1.618	1.091
1517161059141	-9.634	-1.656	1.11
1517161059153	-9.625	-1.666	1.082
1517161059160	-9.615	-1.608	1.024
1517161059171	-9.577	-1.551	0.9
1517161059181	-9.577	-1.503	0.852
1517161059191	-9.577	-1.494	0.833
1517161059201	-9.596	-1.494	0.852
1517161059212	-9.596	-1.513	0.909
1517161059221	-9.586	-1.513	1.043
1517161059231	-9.548	-1.503	1.034
1517161059244	-9.538	-1.513	1.043
1517161059251	-9.567	-1.532	1.024
1517161059261	-9.586	-1.58	1.024
1517161059274	-9.577	-1.618	1.072
1517161059281	-9.586	-1.695	1.043
1517161059291	-9.567	-1.762	1.005
1517161059303	-9.519	-1.857	1.043
1517161059311	-9.452	-1.915	1.168
1517161059321	-9.423	-1.963	1.254
1517161059333	-9.443	-1.925	1.197
1517161059341	-9.462	-1.829	1.091
1517161059351	-9.433	-1.781	1.13
1517161059363	-9.395	-1.81	1.273
1517161059371	-9.366	-1.829	1.34
1517161059382	-9.289	-1.819	1.388
1517161059394	-9.203	-1.79	1.474
1517161059401	-9.165	-1.733	1.455
1517161059412	-9.27	-1.676	1.312
1517161059423	-9.443	-1.647	0.976
1517161059431	-9.596	-1.704	1.063
1517161059441	-9.692	-1.8	1.149
1517161059475	-9.739	-1.877	1.35
1517161059480	-9.768	-1.934	1.35
1517161059485	-9.768	-1.982	1.407
1517161059496	-9.682	-1.972	1.522
1517161059497	-9.586	-1.963	1.618
1517161059504	-9.481	-1.982	1.628
1517161059514	-9.452	-2.03	1.513
1517161059521	-9.471	-2.059	1.426
1517161059531	-9.471	-2.068	1.321
1517161059545	-9.51	-2.011	1.101
1517161059551	-9.51	-1.972	1.177
1517161059561	-9.51	-1.963	1.158
1517161059573	-9.538	-2.011	1.158
1517161059581	-9.538	-2.049	1.197
1517161059592	-9.548	-2.097	1.254
1517161059602	-9.538	-2.087	1.206
1517161059611	-9.557	-2.049	1.072
1517161059621	-9.596	-1.972	0.986
1517161059637	-9.787	-1.925	0.852
1517161059641	-9.787	-1.963	0.967
1517161059651	-9.749	-2.02	1.245
1517161059662	-9.749	-2.011	1.177
1517161059671	-10.008	-1.934	0.785
1517161059681	-10.19	-1.877	0.507
1517161059692	-10.209	-1.81	0.584
1517161059704	-10.199	-1.819	0.794
1517161059711	-10.285	-1.972	0.852
1517161059721	-10.391	-1.857	0.737
1517161059731	-10.4	-1.704	0.66
1517161059741	-10.41	-1.819	0.67
1517161059752	-10.4	-1.8	0.699
1517161059761	-10.439	-1.762	0.756
1517161059771	-10.467	-1.714	0.794
1517161059783	-10.506	-1.599	0.727
1517161059791	-10.582	-1.503	0.526
1517161059801	-10.678	-1.465	0.373
1517161059814	-10.726	-1.455	0.411
1517161059821	-10.764	-1.522	0.612
1517161059831	-10.793	-1.599	0.823
1517161059844	-10.783	-1.628	0.89
1517161059851	-10.831	-1.685	0.881
1517161059862	-10.85	-1.733	0.871
1517161059874	-10.812	-1.781	0.804
1517161059882	-10.764	-1.771	0.718
1517161059893	-10.659	-1.762	0.651
1517161059904	-10.563	-1.676	0.584
1517161059911	-10.372	-1.608	0.632
1517161059922	-10.209	-1.58	0.641
1517161059935	-10.084	-1.503	0.622
1517161059941	-9.941	-1.398	0.584
1517161059951	-9.835	-1.398	0.517
1517161059964	-9.701	-1.417	0.383
1517161059971	-9.615	-1.331	0.191
1517161059981	-9.519	-1.206	0.0
1517161059994	-9.356	-1.053	-0.124
1517161060001	-9.107	-0.89	-0.124
1517161060011	-8.801	-0.775	-0.153
1517161060026	-8.475	-0.622	-0.153
1517161060031	-8.198	-0.517	-0.105
1517161060041	-7.958	-0.44	-0.095
1517161060055	-7.776	-0.43	0.0
1517161060061	-7.661	-0.469	0.076
1517161060072	-7.604	-0.507	0.086
1517161060084	-7.623	-0.498	0.095
1517161060091	-7.709	-0.498	0.124
1517161060101	-7.786	-0.44	0.172
1517161060115	-7.929	-0.411	0.191
1517161060121	-8.044	-0.43	0.21
1517161060131	-8.102	-0.478	0.258
1517161060145	-8.226	-0.603	0.498
1517161060151	-8.226	-0.747	0.498
1517161060161	-8.408	-0.871	0.555
1517161060174	-9.04	-0.996	0.536
1517161060181	-9.088	-1.063	0.536
1517161060192	-9.414	-1.12	0.574
1517161060204	-9.711	-1.206	0.938
1517161060237	-9.912	-1.187	0.938
1517161060245	-10.046	-1.139	1.015
1517161060246	-10.065	-1.072	0.919
1517161060250	-9.998	-0.938	0.43
1517161060254	-9.816	-0.718	0.287
1517161060267	-9.462	-0.354	0.43
1517161060271	-9.107	0.019	0.555
1517161060281	-9.031	0.114	0.488
1517161060296	-9.27	0.0	0.354
1517161060301	-9.711	-0.172	0.325
1517161060311	-10.17	-0.402	0.699
1517161060325	-10.534	-0.612	1.101
1517161060331	-10.726	-0.775	1.254
1517161060341	-10.391	-0.928	1.216
1517161060354	-10.008	-0.996	1.072
1517161060361	-9.548	-0.852	0.766
1517161060371	-9.261	-0.545	0.507
1517161060384	-8.935	0.249	0.325
1517161060391	-8.897	0.249	0.143
1517161060401	-9.059	0.536	0.0
1517161060413	-9.385	0.708	0.134
1517161060421	-9.864	0.718	0.363
1517161060431	-10.381	0.0	0.545
1517161060445	-10.86	-0.641	0.775
1517161060451	-11.176	-1.082	1.063
1517161060461	-11.31	-1.637	1.379
1517161060473	-11.253	-1.963	1.685
1517161060481	-11.09	-2.154	1.905
1517161060491	-10.86	-2.164	1.944
1517161060502	-10.573	-1.982	1.79
1517161060510	-10.237	-1.57	1.436
1517161060521	-9.883	-1.091	1.053
1517161060535	-9.586	-0.679	0.833
1517161060541	-9.318	-0.488	0.679
1517161060551	-9.203	-0.45	0.775
1517161060565	-9.203	-0.622	1.101
1517161060571	-9.308	-0.909	1.532
1517161060581	-9.462	-1.225	1.963
1517161060596	-9.577	-1.503	2.298
1517161060601	-9.615	-1.666	2.384
1517161060611	-9.615	-1.8	2.308
1517161060625	-9.615	-1.905	2.25
1517161060634	-9.596	-1.953	2.145
1517161060643	-9.481	-1.934	2.097
1517161060655	-9.385	-1.848	2.126
1517161060661	-9.308	-1.79	2.126
1517161060671	-9.27	-1.733	2.078
1517161060685	-9.318	-1.695	2.135
1517161060691	-9.433	-1.695	2.221
1517161060701	-9.586	-1.704	2.375
1517161060716	-9.768	-1.695	2.576
1517161060721	-9.979	-1.685	2.758
1517161060731	-10.151	-1.647	2.949
1517161060745	-10.18	-1.561	3.064
1517161060751	-10.103	-1.436	3.112
1517161060761	-10.008	-1.331	3.083
1517161060775	-9.864	-1.235	2.786
1517161060781	-9.701	-1.082	2.796
1517161060791	-9.51	-0.938	2.691
1517161060805	-9.356	-0.785	2.585
1517161060811	-9.222	-0.641	2.547
1517161060821	-9.117	-0.507	2.518
1517161060835	-9.012	-0.421	2.451
1517161060841	-9.012	-0.373	2.346
1517161060851	-9.031	-0.392	2.241
1517161060865	-9.146	-0.469	1.953
1517161060871	-9.174	-0.593	1.953
1517161060881	-9.098	-0.679	2.03
1517161060895	-9.059	-0.756	2.48
1517161060901	-9.059	-0.852	2.48
1517161060911	-9.146	-1.024	2.451
1517161060925	-9.385	-1.158	2.384
1517161060931	-9.299	-1.168	2.384
1517161060941	-9.261	-1.245	2.595
1517161060955	-8.935	-1.407	2.576
1517161060961	-8.906	-1.532	2.576
1517161060995	-8.724	-1.455	2.786
1517161061003	-8.743	-1.465	3.026
1517161061006	-8.734	-1.465	2.94
1517161061011	-8.734	-1.407	2.978
1517161061015	-8.81	-1.417	3.217
1517161061029	-8.897	-1.407	3.131
1517161061035	-9.002	-1.359	3.007
1517161061045	-9.127	-1.34	2.921
1517161061051	-9.261	-1.359	2.853
1517161061061	-9.318	-1.331	2.796
1517161061075	-9.347	-1.292	2.748
1517161061081	-9.347	-1.235	2.767
1517161061091	-9.356	-1.082	2.739
1517161061105	-9.337	-0.948	2.739
1517161061111	-9.308	-0.814	2.748
1517161061121	-9.251	-0.679	2.786
1517161061134	-9.174	-0.603	2.863
1517161061141	-9.117	-0.603	2.978
1517161061151	-9.079	-0.651	3.045
1517161061163	-9.031	-0.909	2.863
1517161061171	-8.676	-0.861	2.432
1517161061181	-8.763	-1.053	2.921
1517161061194	-8.858	-0.938	2.509
1517161061200	-9.241	-0.89	2.758
1517161061212	-9.5	-0.861	2.853
1517161061224	-9.423	-0.861	3.189
1517161061231	-9.184	-0.852	3.352
1517161061241	-8.973	-0.881	3.581
1517161061256	-8.973	-0.948	3.811
1517161061261	-9.098	-1.091	3.859
1517161061271	-9.251	-1.245	3.85
1517161061287	-9.318	-1.407	3.792
1517161061293	-9.241	-1.513	3.648
1517161061302	-9.117	-1.628	3.61
1517161061316	-9.031	-1.647	3.715
1517161061322	-8.983	-1.637	3.936
1517161061334	-9.04	-1.58	4.175
1517161061346	-9.088	-1.436	3.696
1517161061351	-8.954	-1.082	2.097
1517161061364	-8.839	-1.177	1.762
