timestamp	x	y	z
1512033804478	0.957	3.735	8.734
1512033804530	0.957	3.706	8.715
1512033804531	0.986	3.687	8.609
1512033804532	0.957	3.687	8.533
1512033804532	0.996	3.696	8.552
1512033804533	1.043	3.715	8.6
1512033804534	1.063	3.715	8.609
1512033804848	1.034	3.715	8.676
1512033804874	1.005	3.706	8.667
1512033804882	0.967	3.668	8.542
1512033804884	0.909	3.687	8.466
1512033804885	0.842	3.696	8.494
1512033804886	0.833	3.658	8.59
1512033804887	0.852	3.601	8.715
1512033804888	0.9	3.562	8.782
1512033804891	0.967	3.62	8.83
1512033804892	0.996	3.668	8.82
1512033804892	1.005	3.658	8.743
1512033804893	0.928	3.648	8.667
1512033804894	1.043	3.658	8.6
1512033804895	1.005	3.735	8.772
1512033804896	0.928	3.706	8.724
1512033804905	0.928	3.696	8.629
1512033804911	0.928	3.658	8.466
1512033804925	0.909	3.668	8.37
1512033804931	0.881	3.668	8.351
1512033804941	0.9	3.677	8.408
1512033804966	0.9	3.706	8.447
1512033804969	0.871	3.687	8.437
1512033804974	0.823	3.658	8.475
1512033804985	0.814	3.668	8.552
1512033804991	0.852	3.687	8.619
1512033805001	0.9	3.696	8.724
1512033805016	0.871	3.677	8.791
1512033805021	0.842	3.658	8.801
1512033805031	0.881	3.658	8.849
1512033805045	0.881	3.687	8.878
1512033805064	0.842	3.677	8.791
1512033805076	0.842	3.687	8.676
1512033805081	0.823	3.687	8.59
1512033805091	0.833	3.687	8.59
1512033805109	0.9	3.668	8.581
1512033805111	0.928	3.725	8.523
1512033805122	0.919	3.754	8.447
1512033805136	1.015	3.792	8.427
1512033805141	1.063	3.773	8.447
1512033805154	1.053	3.773	8.504
1512033805164	0.976	3.773	8.581
1512033805171	0.823	3.763	8.609
1512033805181	0.66	3.706	8.523
1512033805194	0.612	3.677	8.504
1512033805201	0.612	3.687	8.571
1512033805211	0.574	3.773	8.648
1512033805222	0.507	3.744	8.734
1512033805231	0.421	3.648	8.858
1512033805249	0.21	3.543	8.916
1512033805275	0.009	3.457	8.992
1512033805277	0.019	3.342	8.906
1512033805280	0.143	3.217	8.753
1512033805287	0.22	3.16	8.638
1512033805293	-0.134	3.361	8.743
1512033805313	-0.488	3.505	9.088
1512033805314	-0.45	3.447	9.318
1512033805322	-0.153	3.294	9.318
1512033805331	0.181	3.284	8.753
1512033805345	0.478	3.447	8.044
1512033805351	0.536	3.811	8.044
1512033805361	0.574	4.07	8.638
1512033805374	0.383	4.166	9.471
1512033805381	0.335	4.146	10.324
1512033805391	0.603	4.118	10.735
1512033805404	1.8	4.185	9.376
1512033805411	1.8	4.415	9.376
1512033805421	2.528	4.989	8.475
1512033805438	3.093	5.669	9.04
1512033805441	3.572	7.0	9.165
1512033805451	3.782	7.441	8.399
1512033805466	3.648	6.981	7.259
1512033805471	3.648	7.01	6.34
1512033805481	3.361	6.732	6.167
1512033805494	3.648	6.866	7.211
1512033805511	3.629	7.288	8.715
1512033805513	3.179	7.546	9.778
1512033805529	2.968	7.144	10.113
1512033805531	2.662	6.502	9.73
1512033805546	2.164	5.937	9.174
1512033805556	2.087	5.861	8.667
1512033805563	2.394	6.033	8.083
1512033805572	2.47	6.665	7.565
1512033805592	2.336	7.336	7.489
1512033805597	1.762	6.454	7.853
1512033805604	1.426	6.426	8.13
1512033805614	1.158	6.397	8.14
1512033805621	1.005	6.148	7.901
1512033805636	1.091	6.416	7.738
1512033805645	1.551	6.368	7.671
1512033805651	2.413	6.387	7.479
1512033805661	3.141	6.253	7.24
1512033805674	3.572	6.205	7.01
1512033805692	2.94	5.937	7.058
1512033805704	2.26	5.028	6.953
1512033805711	1.302	4.348	6.627
1512033805746	-0.009	3.505	6.215
1512033805747	-0.756	3.438	5.87
1512033805749	-0.756	3.524	5.593
1512033805756	-0.067	3.62	5.736
1512033805772	0.526	3.61	5.966
1512033805773	0.67	3.466	5.736
1512033805786	-0.038	3.026	4.166
1512033805795	-0.708	2.604	4.156
1512033805801	-1.082	2.423	3.495
1512033805811	-1.264	2.509	3.035
1512033805824	-1.015	2.796	2.911
1512033805831	-0.632	3.198	3.035
1512033805842	-0.22	3.811	3.859
1512033805856	0.392	4.415	4.807
1512033805861	1.254	4.884	5.602
1512033805871	2.47	5.219	5.889
1512033805885	3.217	5.468	5.87
1512033805891	3.457	5.794	5.65
1512033805901	3.141	5.88	5.075
1512033805921	2.106	5.861	3.869
1512033805931	1.905	5.765	4.194
1512033805946	1.925	5.755	4.903
1512033805951	2.183	5.765	5.755
1512033805961	2.518	5.861	6.579
1512033805974	2.7	5.918	7.23
1512033805981	2.681	5.851	7.431
1512033805991	2.652	5.621	7.441
1512033806005	2.643	5.631	7.364
1512033806011	2.557	5.813	7.412
1512033806021	2.461	6.205	7.738
1512033806033	2.154	6.502	8.169
1512033806041	1.762	6.694	8.418
1512033806051	1.541	6.704	8.494
1512033806065	1.561	6.675	9.337
1512033806071	1.647	6.598	9.337
1512033806082	1.819	6.397	9.912
1512033806096	1.541	6.186	9.969
1512033806101	1.551	6.1	9.969
1512033806111	1.015	6.138	9.404
1512033806127	0.526	6.292	7.709
1512033806131	0.67	6.464	7.709
1512033806142	1.015	6.895	7.249
1512033806157	2.116	7.278	7.814
1512033806161	2.106	7.451	8.734
1512033806173	2.49	7.451	9.232
1512033806186	2.509	7.412	9.337
1512033806191	2.183	7.163	9.002
1512033806201	1.637	6.694	8.447
1512033806221	0.325	6.043	7.881
1512033806224	-0.363	5.458	7.336
1512033806233	-0.842	5.162	7.154
1512033806247	-0.986	5.085	7.211
1512033806251	-0.363	5.028	7.47
1512033806278	0.507	4.893	7.575
1512033806281	1.264	4.836	7.316
1512033806282	1.589	4.913	6.828
1512033806295	1.541	5.171	6.502
1512033806308	1.35	5.104	6.349
1512033806311	1.015	4.96	6.301
1512033806323	0.363	5.028	6.435
1512033806335	-0.296	4.96	6.943
1512033806341	-0.545	4.989	7.393
1512033806352	-0.469	5.008	7.757
1512033806364	-0.134	4.98	7.872
1512033806371	0.191	4.98	7.872
1512033806381	0.536	5.095	8.054
1512033806394	1.053	5.219	8.561
1512033806401	1.417	5.219	9.376
1512033806411	1.484	5.142	10.094
1512033806425	1.34	5.028	10.305
1512033806431	1.197	4.951	9.988
1512033806441	1.063	4.884	9.289
1512033806455	0.9	4.759	8.648
1512033806461	0.718	4.683	8.514
1512033806471	0.632	4.731	9.04
1512033806486	0.584	4.798	9.672
1512033806491	0.507	4.846	9.759
1512033806501	0.45	4.941	9.232
1512033806515	0.249	5.066	8.552
1512033806521	0.047	5.286	8.044
1512033806532	0.057	5.478	7.767
1512033806545	0.143	5.66	7.929
1512033806551	0.22	5.755	8.494
1512033806561	0.277	5.707	9.117
1512033806572	0.545	5.698	9.739
1512033806581	0.9	5.746	10.199
1512033806591	1.235	5.803	10.218
1512033806601	1.494	5.803	9.778
1512033806611	1.551	5.765	9.05
1512033806622	1.436	5.698	8.351
1512033806637	1.312	5.64	8.083
1512033806641	1.197	5.526	8.217
1512033806652	1.101	5.296	8.447
1512033806665	1.082	5.095	8.724
1512033806671	1.197	5.066	8.81
1512033806681	1.723	5.257	8.466
1512033806701	2.327	5.487	7.786
1512033806713	2.576	5.688	7.249
1512033806714	2.518	5.736	7.087
1512033806725	2.365	5.698	7.336
1512033806731	2.461	5.631	7.767
1512033806746	2.959	5.621	8.332
1512033806760	3.572	5.736	9.893
1512033806762	4.118	5.947	9.912
1512033806774	4.443	6.043	10.429
1512033806788	4.079	5.736	10.247
1512033806791	3.284	5.305	9.414
1512033806803	2.375	5.018	8.169
1512033806816	1.656	4.798	7.067
1512033806821	1.063	4.731	7.211
1512033806833	0.622	4.664	7.297
1512033806848	0.498	4.654	6.972
1512033806859	0.593	4.778	6.905
1512033806874	0.651	4.97	7.134
1512033806877	0.641	5.152	8.054
1512033806884	0.727	5.171	8.906
1512033806893	1.072	5.19	9.414
1512033806906	1.13	4.807	9.423
1512033806911	1.063	4.654	9.04
1512033806922	1.053	4.903	8.571
1512033806934	1.254	5.123	8.178
1512033806941	1.484	5.104	7.69
1512033806951	1.618	5.133	6.991
1512033806965	1.637	5.123	6.483
1512033806971	1.331	5.181	6.493
1512033806981	0.66	5.085	6.943
1512033806995	0.114	4.357	7.508
1512033807001	-0.019	3.735	7.613
1512033807011	0.114	3.61	7.259
1512033807025	0.287	3.438	6.55
1512033807031	0.383	3.227	5.909
1512033807041	0.488	3.179	5.363
1512033807055	0.268	3.15	5.353
1512033807062	0.124	3.141	5.583
1512033807071	0.143	3.112	5.727
1512033807086	0.555	3.131	5.593
1512033807091	1.053	3.294	5.219
1512033807101	1.35	3.505	4.951
1512033807112	1.532	3.62	5.037
1512033807121	1.455	3.533	5.372
1512033807132	1.436	3.601	5.803
1512033807147	1.321	3.763	5.851
1512033807166	1.197	4.146	5.707
1512033807167	1.101	4.673	5.688
1512033807185	1.024	4.999	6.158
1512033807202	0.967	5.066	7.221
1512033807203	1.13	5.008	8.523
1512033807204	1.369	5.037	9.797
1512033807211	1.57	5.219	10.515
1512033807224	1.771	5.372	10.63
1512033807237	2.154	5.593	10.161
1512033807241	2.336	5.478	9.433
1512033807253	2.25	5.334	8.734
1512033807268	2.039	5.181	8.198
1512033807271	1.915	5.104	7.738
1512033807282	1.838	4.951	7.403
1512033807299	1.867	4.884	7.393
1512033807301	1.743	4.855	7.738
1512033807316	1.359	4.721	8.485
1512033807321	1.149	4.453	9.299
1512033807331	1.082	4.156	9.663
1512033807343	1.13	3.974	9.557
1512033807351	1.11	3.945	8.964
1512033807361	1.005	4.156	8.063
1512033807376	0.948	4.405	7.23
1512033807384	0.948	4.635	6.483
1512033807391	1.005	4.913	5.889
1512033807402	1.273	5.267	5.698
1512033807411	1.666	5.698	6.177
1512033807421	1.637	5.956	7.23
1512033807433	1.235	5.899	8.667
1512033807446	0.861	5.305	9.701
1512033807451	0.689	4.51	9.931
1512033807462	0.363	4.022	9.548
1512033807472	-0.181	4.041	8.964
1512033807485	-0.536	4.376	8.351
1512033807494	-0.45	4.826	7.891
1512033807501	-0.268	5.478	8.13
1512033807511	-0.134	6.004	9.031
1512033807525	0.076	6.234	10.008
1512033807531	0.383	6.215	10.419
1512033807543	0.833	6.129	10.094
1512033807553	1.149	6.033	9.146
1512033807561	1.436	6.004	9.117
1512033807571	1.656	5.861	9.098
1512033807584	1.647	5.526	8.763
1512033807591	1.388	5.104	8.207
1512033807601	1.005	4.75	7.364
1512033807612	0.986	4.501	6.866
1512033807621	1.063	4.539	7.029
1512033807631	1.446	4.778	7.814
1512033807644	1.321	4.999	8.619
1512033807663	0.852	4.97	8.916
1512033807664	0.421	4.673	8.6
1512033807675	0.153	4.424	7.977
1512033807688	-0.028	4.386	7.412
1512033807692	0.076	4.51	6.991
1512033807704	0.421	4.625	6.828
1512033807711	0.737	4.893	6.761
1512033807721	0.909	4.846	6.799
1512033807736	1.005	4.855	7.058
1512033807741	1.158	4.836	7.46
1512033807751	1.407	5.056	7.738
1512033807762	1.58	5.2	7.872
1512033807771	1.628	5.324	7.814
1512033807781	1.302	5.363	7.68
1512033807794	0.957	5.382	7.652
1512033807801	0.699	5.363	7.786
1512033807811	0.545	5.286	7.958
1512033807823	0.488	5.248	8.188
1512033807831	0.507	5.353	8.341
1512033807841	0.641	5.526	8.332
1512033807853	0.794	5.698	8.13
1512033807861	0.842	5.803	7.853
1512033807871	0.814	5.832	7.613
1512033807886	0.881	5.851	7.537
1512033807900	0.948	5.87	7.623
1512033807914	0.986	5.918	7.891
1512033807915	1.072	5.918	8.198
1512033807922	1.206	5.889	8.418
1512033807931	1.331	5.956	8.609
1512033807971	1.407	6.043	8.629
1512033807972	1.465	6.033	8.427
1512033807973	1.551	5.956	7.968
1512033807973	1.398	5.899	7.537
1512033807981	1.072	5.861	7.364
1512033807991	0.842	5.775	7.498
1512033808003	0.775	5.64	7.652
1512033808011	0.756	5.506	7.632
1512033808021	0.708	5.401	7.336
1512033808034	0.679	5.372	6.914
1512033808041	0.584	5.363	6.78
1512033808051	0.507	5.353	7.096
1512033808065	0.507	5.286	7.46
1512033808071	0.708	5.238	7.546
1512033808081	0.976	5.315	7.441
1512033808094	1.12	5.516	7.211
1512033808101	1.216	5.717	6.972
1512033808111	1.254	5.842	7.01
1512033808124	1.091	5.909	7.077
1512033808146	0.651	5.88	7.374
1512033808148	0.507	5.765	7.518
1512033808159	0.679	5.688	7.211
1512033808166	0.852	5.707	7.058
1512033808172	0.938	5.861	7.565
1512033808183	0.909	5.909	8.351
1512033808191	0.823	5.755	9.194
1512033808220	1.043	5.727	9.969
1512033808221	0.833	5.545	9.893
1512033808221	0.957	5.593	9.222
1512033808231	0.996	5.995	8.265
1512033808244	0.584	6.311	7.795
1512033808251	0.114	6.435	7.862
1512033808261	-0.047	6.55	8.063
1512033808273	0.335	6.799	7.862
1512033808282	0.976	7.048	7.862
1512033808304	1.743	7.949	8.801
1512033808311	1.666	7.862	9.615
1512033808321	1.857	7.604	10.362
1512033808341	1.455	7.661	10.486
1512033808351	2.049	7.671	9.912
1512033808366	2.566	7.575	8.763
1512033808371	3.055	7.508	7.451
1512033808381	2.853	7.451	6.502
1512033808393	1.944	7.288	6.129
1512033808401	1.082	6.732	6.091
1512033808411	0.526	5.64	6.119
1512033808425	0.287	4.999	6.301
1512033808431	0.287	4.721	6.483
1512033808441	0.421	4.702	6.761
1512033808453	0.593	4.769	7.144
1512033808461	0.823	4.807	7.451
1512033808471	1.187	4.731	7.719
1512033808483	1.551	4.817	7.374
1512033808491	1.905	4.941	6.234
1512033808502	2.087	4.903	4.692
1512033808513	1.867	4.846	3.428
1512033808521	1.398	4.874	2.968
1512033808531	1.053	4.798	3.122
1512033808544	0.727	4.424	3.505
1512033808551	0.689	3.83	3.706
1512033808561	0.967	3.533	3.897
1512033808573	1.158	3.773	3.993
1512033808581	1.388	4.319	3.926
1512033808591	1.561	4.788	3.897
1512033808605	1.628	5.162	4.376
1512033808611	1.618	5.497	5.439
1512033808621	1.752	5.717	6.589
1512033808641	1.676	5.822	7.527
1512033808643	1.532	5.88	8.293
1512033808661	1.417	5.985	8.38
1512033808662	1.302	5.976	7.7
1512033808673	1.177	5.956	6.684
1512033808685	0.909	6.024	5.803
1512033808697	0.651	6.129	5.401
1512033808701	0.565	6.234	5.573
1512033808711	0.679	6.244	6.368
1512033808724	0.871	6.244	7.403
1512033808731	1.015	6.253	8.389
1512033808744	1.13	6.234	9.012
1512033808753	1.197	6.11	9.404
1512033808761	1.426	6.081	9.519
1512033808771	1.867	6.225	9.232
1512033808782	2.193	6.32	8.638
1512033808791	2.097	6.263	7.843
1512033808801	1.752	6.119	7.336
1512033808815	1.426	5.985	6.991
1512033808821	1.197	5.956	6.924
1512033808831	1.12	6.043	7.154
1512033808843	1.302	6.253	7.47
1512033808851	1.656	6.407	7.728
1512033808868	2.039	6.435	7.881
1512033808882	2.126	6.349	7.958
1512033808883	1.963	6.138	7.824
1512033808891	1.484	5.88	7.422
1512033808904	0.747	5.602	6.876
1512033808911	0.114	5.43	6.502
1512033808924	-0.316	5.401	7.087
1512033808935	-0.44	5.43	7.134
1512033808941	-0.249	5.516	7.834
1512033808951	0.095	5.65	8.389
1512033808962	0.421	5.813	8.571
1512033808971	0.727	5.976	8.59
1512033808982	1.13	6.186	8.533
1512033808994	1.57	6.33	8.667
1512033809001	1.561	6.378	8.667
1512033809016	1.417	6.32	8.619
1512033809027	1.11	6.186	8.332
1512033809031	0.794	6.11	7.929
1512033809041	0.67	6.138	7.412
1512033809054	0.603	6.177	6.895
1512033809061	0.603	6.138	6.617
1512033809072	0.421	6.1	6.684
1512033809085	0.316	6.071	6.924
1512033809091	-0.067	5.928	7.24
1512033809101	-0.105	5.736	7.479
1512033809131	-0.095	5.64	7.604
1512033809138	0.114	5.698	7.632
1512033809140	0.325	5.966	7.585
1512033809148	0.363	5.899	7.69
1512033809152	0.335	5.937	7.853
1512033809170	0.325	5.784	7.949
1512033809186	0.363	5.679	8.044
1512033809187	0.498	5.66	8.092
1512033809194	0.565	5.631	8.083
1512033809206	0.536	5.583	8.102
1512033809211	0.421	5.545	8.035
1512033809222	0.22	5.612	7.958
1512033809260	0.172	5.717	7.872
1512033809291	0.134	5.65	7.795
1512033809292	-0.009	5.401	7.68
1512033809293	-0.124	5.238	7.489
1512033809294	-0.172	5.114	7.173
1512033809295	-0.153	5.085	6.953
1512033809295	-0.028	5.123	6.876
1512033809301	0.047	5.171	6.943
1512033809311	0.019	5.133	7.125
1512033809323	0.019	5.114	7.288
1512033809348	0.057	5.152	7.316
1512033809349	0.191	5.19	7.182
1512033809353	0.287	5.229	6.981
1512033809361	0.268	5.296	6.885
1512033809371	0.191	5.382	7.058
1512033809384	0.028	5.391	7.709
1512033809391	-0.191	5.267	8.676
1512033809401	-0.316	4.999	9.366
1512033809413	-0.325	4.731	9.51
1512033809421	-0.181	4.731	9.117
1512033809440	-0.086	4.951	8.466
1512033809441	-0.057	5.267	7.853
1512033809451	-0.028	5.506	7.498
1512033809461	0.009	5.593	7.422
1512033809475	0.0	5.612	7.518
1512033809481	0.095	5.66	7.91
1512033809491	0.383	5.794	8.408
1512033809504	0.67	5.937	8.83
1512033809511	0.833	5.995	8.753
1512033809526	0.928	5.995	8.198
1512033809531	0.948	6.004	7.565
1512033809541	0.919	6.071	7.0
1512033809551	0.766	6.138	7.058
1512033809565	0.612	6.129	7.939
1512033809571	0.488	6.052	7.968
1512033809581	0.392	5.966	8.255
1512033809601	0.392	5.918	8.121
1512033809602	0.488	5.889	8.13
1512033809625	0.651	5.861	7.958
1512033809626	0.842	5.909	7.881
1512033809648	1.043	6.091	8.073
1512033809649	1.149	6.225	8.399
1512033809656	1.245	6.225	8.016
1512033809661	1.264	6.024	8.016
1512033809671	1.12	5.803	6.809
1512033809685	1.005	5.784	6.713
1512033809691	0.842	5.822	7.134
1512033809701	0.689	5.889	7.862
1512033809714	0.622	5.851	8.437
1512033809721	0.536	5.688	8.312
1512033809731	0.555	5.526	7.977
1512033809743	0.718	5.497	7.881
1512033809751	0.766	5.583	7.872
1512033809768	0.306	5.669	7.958
1512033809773	-0.114	5.66	8.121
1512033809781	-0.402	5.564	8.226
1512033809792	-0.229	5.545	8.092
1512033809805	0.507	5.851	7.316
1512033809811	1.034	6.215	6.732
1512033809821	1.082	6.493	6.838
1512033809835	0.9	6.608	7.307
1512033809841	0.718	6.282	7.767
1512033809851	0.785	6.378	8.13
1512033809867	1.149	6.761	8.236
1512033809871	1.589	7.202	8.035
1512033809881	1.676	7.316	7.949
1512033809895	1.656	7.211	8.063
1512033809901	1.177	6.924	8.36
1512033809912	0.66	6.665	8.667
1512033809924	0.373	6.445	8.696
1512033809931	0.373	6.349	8.609
1512033809941	0.555	6.349	8.858
1512033809954	0.948	6.244	9.289
1512033809961	1.312	5.918	9.653
1512033809971	1.35	5.545	9.73
1512033809985	1.139	5.171	9.347
1512033809991	0.861	4.865	8.466
1512033810001	0.536	4.625	7.403
1512033810014	0.086	4.434	6.732
1512033810021	-0.545	4.07	6.665
1512033810031	-1.187	3.543	7.096
1512033810043	-1.446	3.122	7.824
1512033810051	-1.063	3.016	8.648
1512033810061	-0.153	3.15	8.925
1512033810079	0.727	3.342	8.322
1512033810091	1.225	3.495	7.173
1512033810092	1.216	3.61	5.956
1512033810108	0.852	3.457	5.104
1512033810117	0.517	3.208	4.501
1512033810124	0.325	2.978	4.204
1512033810136	0.363	2.949	4.252
1512033810141	0.67	3.16	4.644
1512033810151	1.302	3.505	4.97
1512033810181	1.886	3.735	5.171
1512033810182	2.097	3.955	5.277
1512033810182	1.972	4.137	5.334
1512033810194	1.513	4.357	5.353
1512033810201	1.015	4.338	5.353
1512033810211	0.66	4.194	5.382
1512033810226	0.21	4.118	5.736
1512033810231	-0.114	4.185	6.522
1512033810242	-0.143	4.328	7.613
1512033810257	0.047	4.51	8.906
1512033810261	0.028	4.683	10.333
1512033810272	-0.191	4.654	11.368
1512033810286	-0.335	4.443	11.77
1512033810291	-0.392	4.252	11.588
1512033810302	-0.411	4.204	10.994
1512033810321	-0.114	4.472	9.423
1512033810331	0.373	4.577	8.743
1512033810345	0.756	4.692	7.795
1512033810351	1.005	4.769	7.814
1512033810361	1.177	4.702	7.364
1512033810375	1.35	4.539	6.608
1512033810381	1.541	4.434	6.723
1512033810391	1.561	4.348	7.125
1512033810404	1.398	4.223	7.393
1512033810411	1.264	4.156	8.006
1512033810421	0.967	4.271	8.935
1512033810435	0.373	4.491	9.634
1512033810441	-0.143	4.549	9.739
1512033810451	-0.287	4.29	9.347
1512033810464	-0.679	4.012	8.82
1512033810471	-0.775	4.003	8.389
1512033810481	-0.402	4.242	8.284
1512033810501	-0.459	4.75	8.753
1512033810502	-0.574	5.458	9.692
1512033810511	-0.708	5.976	10.668
1512033810524	-0.708	6.033	11.435
1512033810531	-0.612	5.449	11.722
1512033810541	-0.411	5.085	11.559
1512033810554	-0.086	5.152	11.09
1512033810573	0.239	4.913	10.343
1512033810579	0.392	4.798	9.395
1512033810583	0.498	4.625	8.475
1512033810591	0.565	4.529	7.795
1512033810602	0.67	4.549	7.297
1512033810616	0.794	4.644	6.981
1512033810621	0.852	4.731	6.972
1512033810631	0.785	4.731	7.269
1512033810674	0.66	4.664	7.642
1512033810674	0.651	4.597	7.757
1512033810675	0.699	4.644	7.316
1512033810676	0.612	4.683	6.828
1512033810681	0.469	4.625	6.387
1512033810691	0.181	4.549	6.205
1512033810705	-0.181	4.529	6.282
1512033810711	-0.478	4.568	6.809
1512033810721	-0.344	4.587	7.623
1512033810734	0.249	4.683	8.475
1512033810741	0.823	4.798	9.203
1512033810751	1.254	4.913	9.634
1512033810773	1.446	4.96	9.701
1512033810774	1.379	4.836	9.27
1512033810782	1.13	4.644	8.542
1512033810791	0.89	4.539	7.891
1512033810801	0.632	4.577	7.642
1512033810811	0.469	4.616	7.891
1512033810821	0.603	4.702	8.303
1512033810831	0.948	4.807	8.523
1512033810841	1.216	4.922	8.648
1512033810861	1.264	5.028	8.724
1512033810862	1.235	4.999	8.59
1512033810876	1.063	4.941	8.178
1512033810890	0.842	4.951	7.776
1512033810891	0.574	4.98	7.623
1512033810901	0.335	4.98	7.68
1512033810911	0.268	4.951	7.853
1512033810921	0.325	4.932	7.929
1512033810932	0.545	5.056	8.15
1512033810951	0.881	5.238	8.36
1512033810953	1.149	5.42	8.456
1512033810962	1.34	5.526	8.389
1512033810971	1.388	5.545	8.044
1512033810981	1.187	5.506	7.7
1512033810991	1.005	5.468	7.489
1512033811001	0.852	5.42	7.546
1512033811011	0.814	5.353	7.824
1512033811021	0.909	5.286	8.13
1512033811031	1.101	5.305	8.341
1512033811050	1.379	5.411	8.447
1512033811054	1.676	5.526	8.15
1512033811065	1.848	5.564	8.016
1512033811071	1.771	5.526	8.083
1512033811084	1.484	5.411	8.121
1512033811091	1.043	5.219	8.274
1512033811101	0.708	4.999	7.996
1512033811111	0.555	4.874	8.006
1512033811127	0.641	4.932	7.795
1512033811131	0.861	4.97	7.623
1512033811141	0.996	5.037	7.46
1512033811151	1.053	5.142	7.489
1512033811161	0.622	5.152	7.747
1512033811173	0.306	5.066	8.035
1512033811181	0.306	4.903	8.36
1512033811191	0.296	4.769	8.456
1512033811201	0.373	4.702	8.226
1512033811211	0.565	4.683	8.006
1512033811222	0.823	4.798	7.843
1512033811231	0.986	5.162	7.69
1512033811241	1.12	5.353	7.853
1512033811251	1.015	5.324	8.207
1512033811261	0.89	5.267	8.552
1512033811271	0.871	5.123	8.571
1512033811281	0.804	5.047	8.312
1512033811291	0.727	5.075	8.073
1512033811301	0.756	5.095	7.805
1512033811311	0.775	5.056	7.556
1512033811321	0.842	5.114	7.546
1512033811331	0.833	5.296	7.7
1512033811341	0.708	5.363	8.178
1512033811351	0.804	5.363	8.59
1512033811361	1.034	5.478	8.935
1512033811371	1.503	5.842	9.261
1512033811381	1.944	6.177	8.954
1512033811391	2.087	6.253	8.14
1512033811401	1.953	6.263	7.096
1512033811411	1.666	6.368	6.34
1512033811421	1.273	6.56	6.11
1512033811431	0.976	6.665	6.483
1512033811441	1.149	6.665	7.144
1512033811451	1.398	6.608	7.776
1512033811461	1.494	6.56	8.035
1512033811471	1.455	6.56	8.13
1512033811481	1.426	6.627	8.399
1512033811491	1.34	6.742	8.571
1512033811501	1.494	6.933	9.127
1512033811511	1.599	7.048	9.031
1512033811528	1.34	7.24	8.619
1512033811540	0.909	7.307	8.102
1512033811541	0.766	7.345	7.269
1512033811551	0.919	7.489	6.541
1512033811563	1.58	7.824	5.746
1512033811571	2.403	8.121	4.635
1512033811581	2.815	8.399	3.792
1512033811591	2.71	8.667	3.687
1512033811601	2.298	8.619	4.223
1512033811611	1.925	8.437	5.181
1512033811621	1.714	8.245	6.234
1512033811631	1.695	7.958	6.569
1512033811641	1.723	7.585	6.426
1512033811653	1.522	7.106	6.483
1512033811661	1.197	6.502	6.771
1512033811671	0.794	6.11	6.924
1512033811681	0.67	6.158	6.866
1512033811691	0.909	6.474	6.771
1512033811701	1.312	6.656	6.78
1512033811712	1.8	6.742	6.933
1512033811721	2.202	6.675	7.02
1512033811731	2.269	6.493	6.809
1512033811741	2.26	6.033	6.512
1512033811751	2.078	5.468	5.813
1512033811761	1.676	5.075	4.74
1512033811771	1.264	4.788	3.572
1512033811781	0.996	4.692	3.639
1512033811791	0.823	4.673	3.84
1512033811801	0.823	4.664	3.553
1512033811811	1.034	4.711	3.093
1512033811821	1.398	4.731	3.016
1512033811831	1.676	4.625	2.921
1512033811841	1.771	4.597	3.102
1512033811851	1.331	4.893	3.629
1512033811861	1.082	5.305	4.482
1512033811871	0.967	5.593	5.535
1512033811881	0.747	5.707	6.56
1512033811891	0.727	5.727	7.355
1512033811901	0.794	5.727	7.996
1512033811911	0.938	5.928	8.284
1512033811921	1.158	6.33	8.533
1512033811931	1.359	6.512	8.676
1512033811941	1.484	6.474	8.734
1512033811952	1.369	6.675	8.724
1512033811961	1.177	6.828	8.734
1512033811971	1.197	6.847	8.686
1512033811981	1.283	6.943	8.542
1512033811991	1.398	7.0	8.351
1512033812008	1.599	6.972	8.217
1512033812019	1.8	6.876	8.207
1512033812021	1.915	6.723	8.092
1512033812031	1.934	6.531	7.824
1512033812043	1.972	6.407	7.68
1512033812051	1.886	6.311	7.671
1512033812061	1.58	6.1	7.498
1512033812072	1.168	5.851	7.077
1512033812081	0.718	5.803	6.694
1512033812091	0.191	5.995	6.694
1512033812103	0.0	6.119	6.636
1512033812111	-0.086	6.081	6.704
1512033812121	-0.105	6.062	6.914
1512033812132	-0.009	6.043	7.259
1512033812141	0.153	6.052	7.747
1512033812151	0.526	6.004	8.083
1512033812161	0.948	5.918	7.901
1512033812171	1.072	5.765	7.46
1512033812181	1.149	5.679	6.981
1512033812191	1.264	5.803	6.933
1512033812201	1.312	5.995	7.077
1512033812211	1.398	6.043	7.125
1512033812221	1.455	5.976	7.154
1512033812231	1.379	5.909	7.23
1512033812241	1.321	5.861	7.364
1512033812252	1.369	5.784	7.316
1512033812261	1.513	5.822	7.01
1512033812271	1.503	5.899	6.704
1512033812282	1.369	5.966	6.656
1512033812291	1.177	5.947	6.866
1512033812301	0.814	5.851	7.144
1512033812312	0.507	5.688	7.269
1512033812321	0.383	5.631	7.096
1512033812331	0.411	5.765	6.895
1512033812343	0.402	5.937	6.876
1512033812351	0.44	6.024	6.962
1512033812361	0.478	6.091	7.307
1512033812372	0.526	6.196	7.805
1512033812381	0.67	6.225	8.188
1512033812391	0.852	6.234	8.293
1512033812406	0.948	6.234	8.265
1512033812411	1.024	6.311	8.188
1512033812421	1.206	6.368	8.111
1512033812435	1.369	6.301	7.68
1512033812441	1.455	6.167	7.68
1512033812465	1.216	6.11	7.249
1512033812471	1.216	6.091	6.79
1512033812482	1.13	6.205	6.704
1512033812513	1.11	6.598	6.704
1512033812517	1.11	6.713	6.713
1512033812527	1.11	6.847	6.742
1512033812531	1.043	6.895	6.933
1512033812536	0.545	6.924	7.355
1512033812548	0.651	6.838	7.862
1512033812555	0.584	6.627	8.15
1512033812561	0.89	6.464	8.054
1512033812571	1.005	6.368	7.786
1512033812584	1.235	6.32	7.403
1512033812591	1.283	6.301	6.953
1512033812601	1.331	6.301	6.828
1512033812614	1.465	6.32	7.345
1512033812621	1.503	6.368	8.13
1512033812631	1.417	6.244	8.648
1512033812644	1.187	5.918	8.686
1512033812651	0.909	5.602	8.38
1512033812661	0.794	5.401	7.805
1512033812672	0.871	5.305	6.981
1512033812681	1.053	5.391	6.158
1512033812691	1.11	5.583	5.679
1512033812705	1.043	5.688	5.707
1512033812711	0.89	5.717	6.071
1512033812721	0.814	5.717	6.646
1512033812735	0.919	5.66	7.125
1512033812741	1.024	5.602	7.307
1512033812751	1.091	5.583	7.297
1512033812766	1.139	5.593	7.249
1512033812771	1.235	5.727	7.278
1512033812781	1.474	5.976	7.221
1512033812796	1.8	6.148	7.278
1512033812801	1.857	6.292	7.326
1512033812811	1.647	6.34	7.336
1512033812826	1.331	6.273	7.316
1512033812831	1.005	6.148	7.173
1512033812841	0.727	6.043	6.847
1512033812856	0.344	5.918	6.435
1512033812861	0.162	5.995	6.464
1512033812871	0.057	5.966	6.771
1512033812884	-0.086	5.832	7.297
1512033812905	0.038	5.832	8.111
1512033812906	0.43	5.976	8.705
1512033812918	0.852	6.004	8.763
1512033812921	1.072	5.956	8.542
1512033812932	1.245	6.004	8.063
1512033812945	1.312	6.081	7.106
1512033812951	1.522	6.34	6.617
1512033812963	1.714	6.387	6.847
1512033812994	1.8	6.158	7.106
1512033813000	1.388	5.889	7.307
1512033813004	0.708	5.803	7.422
1512033813007	0.335	5.755	7.451
1512033813027	0.306	5.688	7.479
1512033813028	0.421	5.64	7.613
1512033813033	0.526	5.631	7.939
1512033813047	0.593	5.583	8.303
1512033813053	0.766	5.497	8.59
1512033813067	0.9	5.411	8.619
1512033813071	0.814	5.363	8.447
1512033813084	0.603	5.305	8.13
1512033813091	0.296	5.248	7.939
1512033813101	0.086	5.19	7.958
1512033813111	-0.009	5.123	8.13
1512033813125	0.019	5.095	8.447
1512033813131	0.086	5.066	8.447
1512033813143	0.258	5.104	8.303
1512033813155	0.469	5.152	7.767
1512033813161	0.593	5.286	7.709
1512033813171	0.641	5.468	7.221
1512033813185	0.574	5.65	7.134
1512033813191	0.498	5.727	7.134
1512033813201	0.459	5.746	7.288
1512033813216	0.363	5.803	7.613
1512033813221	0.239	5.736	8.169
1512033813232	0.124	5.669	8.82
1512033813246	0.172	5.583	9.194
1512033813251	0.411	5.391	9.079
1512033813262	0.957	5.324	8.485
1512033813277	1.35	5.468	7.767
1512033813281	1.446	5.746	7.221
1512033813291	1.513	5.928	6.885
1512033813306	1.292	5.937	6.646
1512033813311	0.919	5.899	6.454
1512033813323	0.689	5.822	6.34
1512033813337	0.794	5.794	6.416
1512033813341	1.225	5.956	6.589
1512033813352	1.618	6.263	6.656
1512033813367	1.8	6.34	6.742
1512033813371	1.685	6.368	6.866
1512033813382	1.273	6.205	6.972
1512033813400	0.842	5.956	7.077
1512033813401	0.555	5.794	7.115
1512033813412	0.526	5.755	7.039
1512033813426	0.689	5.861	7.106
1512033813431	0.861	5.966	7.403
1512033813443	0.909	6.091	7.767
1512033813475	1.139	6.282	7.949
1512033813477	1.513	6.589	7.853
1512033813482	1.733	6.761	7.46
1512033813484	1.857	6.972	6.713
1512033813491	1.915	7.144	6.014
1512033813505	1.704	7.182	5.832
1512033813516	1.053	6.962	6.435
1512033813521	0.584	6.694	7.652
1512033813532	0.421	6.407	8.734
1512033813547	0.612	6.349	9.088
1512033813554	1.177	6.502	8.226
1512033813564	1.446	6.732	6.885
1512033813571	1.359	7.0	6.081
1512033813581	1.312	7.02	5.995
1512033813593	1.398	6.847	6.512
1512033813606	1.359	6.598	6.857
1512033813611	1.283	6.531	6.809
1512033813621	1.235	6.761	6.435
1512033813636	1.091	6.933	6.301
1512033813641	0.9	6.751	6.627
1512033813651	0.459	6.234	7.422
1512033813664	0.076	5.746	8.169
1512033813671	-0.191	5.43	8.705
1512033813681	-0.21	5.2	8.724
1512033813696	-0.095	5.075	8.044
1512033813701	0.153	5.114	6.799
1512033813711	0.114	5.238	5.842
1512033813727	-0.124	5.449	5.727
1512033813731	-0.287	5.573	6.416
1512033813742	-0.038	5.64	7.211
1512033813756	0.641	5.909	7.067
1512033813761	1.11	6.263	6.129
1512033813772	1.245	6.569	5.344
1512033813787	1.216	6.627	5.037
1512033813791	1.063	6.531	5.162
1512033813802	0.794	6.32	5.631
1512033813817	0.689	6.1	6.014
1512033813821	0.747	6.071	5.966
1512033813832	1.101	6.234	5.679
1512033813847	1.177	6.531	5.698
1512033813862	0.708	6.79	7.585
1512033813877	0.708	6.78	8.245
1512033813881	0.747	6.704	8.303
1512033813894	0.938	6.646	8.514
1512033813908	1.331	6.761	8.514
1512033813914	1.723	6.981	8.763
1512033813923	1.81	7.067	8.925
1512033813937	1.896	6.981	8.753
1512033813970	1.474	6.636	8.303
1512033813972	0.565	6.11	7.91
1512033813977	0.392	5.784	7.69
1512033813984	0.632	5.746	7.518
1512033813986	0.574	5.822	7.096
1512033813991	0.632	5.842	6.617
1512033814001	0.517	5.861	6.301
1512033814013	0.45	5.87	6.081
1512033814023	0.373	5.87	6.052
1512033814032	0.354	5.87	6.426
1512033814043	0.459	5.842	6.943
1512033814057	0.632	5.851	7.211
1512033814061	0.756	6.244	7.067
1512033814071	0.699	6.464	6.617
1512033814087	0.689	6.771	6.196
1512033814091	0.66	6.924	6.177
1512033814101	0.756	6.962	6.589
1512033814114	0.852	6.991	7.067
1512033814121	0.842	7.048	7.412
1512033814131	0.919	7.125	7.69
1512033814147	1.072	7.211	8.083
1512033814151	1.35	7.355	8.552
1512033814162	1.58	7.527	8.743
1512033814177	1.58	7.422	8.293
1512033814181	1.302	7.221	7.565
1512033814192	0.89	7.154	7.115
1512033814207	0.689	7.24	7.249
1512033814211	0.861	7.326	7.738
1512033814223	1.11	7.345	8.226
1512033814237	1.015	7.355	8.475
1512033814241	0.861	7.288	8.245
1512033814252	0.938	7.364	7.575
1512033814267	1.091	7.479	6.646
1512033814271	1.254	7.498	5.966
1512033814283	1.608	7.518	6.071
1512033814297	2.039	7.728	6.857
1512033814301	2.413	8.035	7.958
1512033814313	2.643	8.207	8.839
1512033814327	2.758	8.111	9.079
1512033814331	2.355	7.814	8.609
1512033814343	1.81	7.479	7.862
1512033814361	1.752	7.383	7.173
1512033814375	2.202	7.518	7.144
1512033814388	2.624	7.594	7.029
1512033814391	2.336	7.383	6.799
1512033814404	1.35	3.926	9.337
1512033814420	-1.091	6.186	8.705
1512033814422	-0.076	6.167	5.889
1512033814461	0.861	5.631	5.372
1512033814465	1.972	3.773	5.401
1512033814467	1.024	5.238	5.018
1512033814470	1.369	5.784	5.401
1512033814472	0.067	5.075	5.669
1512033814481	-1.953	6.387	6.416
1512033814493	0.909	4.721	8.092
1512033814501	2.585	3.476	10.036
1512033814511	3.284	4.386	9.826
1512033814525	2.892	5.506	7.652
1512033814538	2.02	5.162	5.047
1512033814541	0.938	4.913	2.94
1512033814561	-0.258	4.654	0.67
1512033814571	-0.411	4.951	0.325
1512033814581	-0.287	5.324	2.988
1512033814591	-0.756	5.114	2.968
1512033814601	-1.522	4.462	6.617
1512033814611	-2.039	3.495	7.355
1512033814621	-1.551	3.179	7.058
1512033814631	-0.114	3.984	6.675
1512033814641	1.312	4.941	7.106
1512033814651	2.47	6.273	7.326
1512033814661	2.959	6.943	6.512
1512033814673	3.055	7.163	4.989
1512033814681	3.122	7.489	3.84
1512033814691	2.71	7.977	3.945
1512033814703	2.097	8.341	5.066
1512033814711	1.522	8.408	6.656
1512033814721	1.149	8.178	8.054
1512033814734	1.149	7.987	8.466
1512033814741	1.187	7.949	7.786
1512033814751	1.187	7.652	7.47
1512033814763	1.139	7.316	8.016
1512033814771	0.814	7.316	9.012
1512033814781	0.679	7.556	9.51
1512033814794	0.89	7.843	9.203
1512033814801	1.206	8.111	8.389
1512033814811	1.599	8.427	7.451
1512033814824	2.02	8.724	6.665
1512033814834	1.953	8.81	6.34
1512033814844	1.35	8.437	6.608
1512033814854	0.507	7.7	7.048
1512033814861	-0.229	6.943	7.125
1512033814871	-0.402	6.493	6.522
1512033814884	-0.383	6.435	5.573
1512033814893	-0.277	6.474	5.085
1512033814917	0.114	6.531	5.066
1512033814919	0.565	6.56	5.64
1512033814936	0.785	6.531	6.502
1512033814939	0.708	6.282	7.01
1512033814944	0.756	5.851	7.0
1512033814955	0.402	6.004	6.675
1512033814969	1.024	6.397	5.468
1512033814981	1.532	7.182	5.162
1512033814991	1.819	7.451	5.526
1512033815002	1.743	7.374	6.301
1512033815011	1.11	6.962	7.02
1512033815021	0.459	6.512	7.288
1512033815038	0.153	6.282	7.134
1512033815041	0.114	6.33	6.981
1512033815051	0.344	6.435	6.866
1512033815062	0.488	6.273	6.617
1512033815071	0.498	6.196	6.56
1512033815081	0.45	6.263	6.914
1512033815101	0.143	6.004	7.383
1512033815111	0.057	5.976	7.182
1512033815121	0.105	5.842	6.828
1512033815131	0.421	5.889	6.512
1512033815141	1.015	6.32	6.464
1512033815153	1.676	6.857	6.771
1512033815161	2.145	7.182	7.115
1512033815171	2.298	7.125	7.891
1512033815184	1.666	6.732	8.629
1512033815191	0.794	6.32	8.619
1512033815202	1.053	6.052	7.269
1512033815215	0.938	5.899	6.062
1512033815221	0.124	5.765	6.186
1512033815231	0.277	5.66	6.799
1512033815249	1.043	5.66	8.226
1512033815251	1.043	5.947	8.226
1512033815263	1.149	6.091	8.475
1512033815275	0.996	5.88	7.68
1512033815281	0.996	5.937	7.68
1512033815292	0.794	5.985	7.929
1512033815305	0.794	6.004	8.284
1512033815311	0.986	5.928	7.862
1512033815321	1.158	5.707	7.259
1512033815333	1.331	5.727	6.665
1512033815341	1.628	5.956	6.301
1512033815351	1.704	6.186	6.129
1512033815361	0.967	6.349	6.253
1512033815371	0.948	6.502	6.866
1512033815381	-0.143	6.713	7.776
1512033815394	-0.124	6.445	8.245
1512033815401	0.335	6.56	8.322
1512033815411	0.469	6.282	7.996
1512033815445	0.632	6.052	7.451
1512033815456	0.689	6.024	7.0
1512033815462	0.574	6.1	6.943
1512033815463	0.316	6.407	7.441
1512033815466	0.181	6.416	7.901
1512033815473	0.268	6.071	8.092
1512033815486	0.325	5.899	7.968
1512033815491	0.134	6.081	7.594
1512033815512	0.143	6.368	7.173
1512033815513	0.44	6.646	6.675
1512033815521	0.794	6.665	6.158
1512033815532	1.264	6.627	5.832
1512033815545	1.312	6.751	6.397
1512033815551	1.053	6.589	7.336
1512033815561	0.938	5.956	7.977
1512033815573	0.641	5.334	8.293
1512033815581	0.086	5.315	8.245
1512033815591	-0.411	5.66	7.853
1512033815603	-0.536	5.985	7.441
1512033815611	-0.938	3.869	6.953
1512033815621	-0.727	4.204	6.953
1512033815632	0.22	5.794	7.326
1512033815641	-0.067	6.885	7.594
1512033815651	-0.584	6.723	7.067
1512033815663	-0.057	5.889	6.368
1512033815671	0.498	5.229	6.033
1512033815681	0.66	5.315	6.052
1512033815692	0.526	5.736	6.512
1512033815708	0.699	6.1	7.364
1512033815712	1.168	6.186	8.159
1512033815722	1.474	5.909	8.59
1512033815731	0.881	5.363	9.404
1512033815741	0.986	5.458	8.897
1512033815753	0.66	5.468	8.629
1512033815761	0.344	5.707	8.14
1512033815771	0.565	6.071	7.738
1512033815782	0.967	6.263	7.355
1512033815791	1.216	6.282	7.154
1512033815803	1.149	6.186	7.728
1512033815813	1.091	6.033	8.552
1512033815821	1.225	6.052	9.117
1512033815831	1.551	6.282	9.213
1512033815842	1.752	6.378	8.514
1512033815851	1.541	6.167	7.613
1512033815861	1.359	5.937	7.269
1512033815872	0.823	5.995	7.441
1512033815881	0.086	5.593	8.523
1512033815896	-0.181	5.008	9.414
1512033815915	-0.162	4.568	8.466
1512033815974	-0.124	4.635	8.542
1512033815975	0.411	5.142	7.69
1512033815976	1.053	5.755	7.211
1512033815976	1.436	6.282	7.221
1512033815977	1.446	6.589	7.345
1512033815977	1.072	6.464	7.383
1512033815978	1.292	6.483	7.316
1512033815983	1.992	6.799	7.202
1512033815993	2.039	6.914	8.456
1512033816001	1.359	6.512	8.514
1512033816011	0.737	6.033	9.644
1512033816024	0.871	5.947	9.165
1512033816031	0.871	6.091	8.552
1512033816041	1.388	6.569	8.006
1512033816052	2.02	7.096	7.786
1512033816061	2.03	7.297	7.987
1512033816087	1.886	7.106	8.293
1512033816088	1.12	6.943	8.36
1512033816093	0.938	6.924	7.968
1512033816101	1.101	6.924	7.412
1512033816112	1.551	7.23	7.249
1512033816121	2.365	7.307	7.738
1512033816131	2.672	7.498	8.648
1512033816144	2.327	7.144	9.203
1512033816151	1.925	6.119	9.031
1512033816161	1.934	5.899	8.035
1512033816173	2.145	5.832	6.943
1512033816181	2.317	5.851	5.928
1512033816191	2.059	5.688	5.123
1512033816202	1.264	5.344	4.884
1512033816211	0.517	4.941	5.267
1512033816221	0.268	4.711	5.889
1512033816232	0.632	4.711	6.186
1512033816241	1.034	4.731	6.024
1512033816251	1.34	4.778	5.487
1512033816262	1.532	4.807	4.932
1512033816271	1.407	4.683	4.395
1512033816281	0.919	4.644	4.52
1512033816296	0.909	4.644	4.778
1512033816301	1.206	4.759	4.989
1512033816311	1.34	4.97	5.008
1512033816326	1.254	5.085	4.98
1512033816331	1.11	4.999	5.056
1512033816341	0.938	4.846	5.085
1512033816355	0.842	4.654	5.008
1512033816361	0.871	4.74	4.941
1512033816371	1.149	5.248	5.028
1512033816403	1.417	5.755	5.324
1512033816416	1.503	5.995	5.88
1512033816420	1.484	6.024	6.656
1512033816425	1.436	5.956	7.489
1512033816428	1.331	6.004	8.073
1512033816433	1.206	6.119	8.178
1512033816447	1.11	6.196	7.814
1512033816451	0.996	6.234	7.221
1512033816461	0.909	6.282	6.656
1512033816475	0.852	6.244	6.292
1512033816481	0.89	6.196	6.483
1512033816491	0.938	6.234	6.972
1512033816503	1.11	6.186	7.527
1512033816511	1.216	6.014	7.786
1512033816521	0.967	5.928	7.891
1512033816534	0.43	5.727	7.843
1512033816569	0.086	5.382	7.556
1512033816570	0.086	5.315	7.23
1512033816571	0.229	5.564	7.173
1512033816571	0.526	5.928	7.451
1512033816581	0.833	6.234	7.728
1512033816594	1.034	6.502	7.977
1512033816601	1.216	6.665	8.073
1512033816611	1.494	6.656	7.958
1512033816623	1.666	6.531	7.671
1512033816646	1.446	6.32	7.403
1512033816647	0.766	5.966	7.202
1512033816656	0.086	5.583	7.355
1512033816661	-0.124	5.334	7.326
1512033816671	0.009	5.363	7.163
1512033816685	0.172	5.554	7.077
1512033816691	0.325	5.775	7.259
1512033816701	0.555	5.87	8.121
1512033816713	0.814	5.822	7.987
1512033816721	1.082	5.803	7.834
1512033816731	1.273	5.851	7.728
1512033816743	1.292	5.937	7.546
1512033816751	1.187	5.88	7.364
1512033816761	1.101	5.813	7.154
1512033816774	1.139	5.87	7.096
1512033816781	1.302	6.043	7.211
1512033816791	1.685	6.129	7.393
1512033816803	1.685	6.1	7.585
1512033816811	1.685	6.062	7.585
1512033816821	1.532	6.024	7.374
1512033816833	0.967	6.024	7.297
1512033816841	0.507	5.918	7.489
1512033816851	0.43	5.813	7.891
1512033816871	0.555	5.669	8.322
1512033816883	0.785	5.573	8.629
1512033816885	0.996	5.535	8.743
1512033816893	1.168	5.794	8.743
1512033816912	1.225	6.062	8.648
1512033816913	1.13	6.148	8.581
1512033816924	1.034	6.119	8.351
1512033816931	1.082	6.138	7.747
1512033816941	0.823	6.138	7.259
1512033816956	0.411	6.071	7.144
1512033816961	0.134	5.937	7.297
1512033816971	0.009	5.803	7.632
1512033816984	0.057	5.746	7.929
1512033816991	0.249	5.755	8.312
1512033817001	0.469	5.755	8.686
1512033817017	0.775	5.813	8.849
1512033817021	1.005	5.918	8.648
1512033817031	1.034	6.024	8.198
1512033817045	0.852	6.052	7.767
1512033817051	0.67	6.062	7.47
1512033817063	0.651	6.062	7.307
1512033817075	0.9	6.062	7.077
1512033817081	1.197	6.129	6.981
1512033817091	1.331	6.177	7.077
1512033817106	1.446	6.091	7.192
1512033817111	1.446	5.899	7.202
1512033817121	1.426	5.765	7.096
1512033817134	1.369	5.755	6.809
1512033817141	1.149	5.822	6.656
1512033817155	0.976	5.909	6.771
1512033817163	0.881	5.937	7.0
1512033817171	0.756	5.889	7.374
1512033817181	0.756	5.832	7.719
1512033817194	0.756	5.765	7.767
1512033817201	0.842	5.727	7.604
1512033817211	0.909	5.803	7.412
1512033817224	0.996	5.832	7.058
1512033817231	0.976	5.822	6.818
1512033817241	0.756	5.889	6.704
1512033817256	0.134	5.861	7.182
1512033817261	0.134	5.679	7.182
1512033817272	0.162	5.583	7.336
1512033817287	0.296	5.669	7.374
1512033817291	0.593	5.832	7.316
1512033817306	1.063	5.976	7.297
1512033817317	1.513	6.196	7.24
1512033817321	1.905	6.349	6.991
1512033817332	2.145	6.55	6.656
1512033817365	2.135	6.617	6.11
1512033817371	1.695	6.512	6.091
1512033817375	1.206	6.387	6.34
1512033817380	0.89	6.311	6.627
1512033817387	0.44	6.1	7.125
1512033817400	0.22	5.928	7.403
1512033817402	0.478	5.87	7.565
1512033817413	0.861	5.956	7.632
1512033817427	1.015	6.119	7.968
1512033817437	0.794	6.244	7.987
1512033817441	0.478	6.225	8.236
1512033817451	0.268	6.024	8.245
1512033817464	0.076	5.832	8.121
1512033817471	-0.028	5.813	8.054
1512033817481	0.191	5.966	8.083
1512033817495	0.335	6.11	8.016
1512033817501	0.268	6.052	8.025
1512033817511	0.268	5.976	8.083
1512033817525	0.363	5.889	7.996
1512033817531	0.488	5.794	7.747
1512033817541	0.555	5.688	7.269
1512033817555	0.584	5.679	6.828
1512033817561	0.679	5.966	6.598
1512033817574	0.737	5.87	6.598
1512033817586	0.785	5.889	6.799
1512033817591	0.679	5.928	7.125
1512033817601	0.593	5.88	7.422
1512033817615	0.565	5.832	7.498
1512033817621	0.545	5.842	7.47
1512033817631	0.603	5.899	7.412
1512033817645	0.871	6.043	7.163
1512033817651	1.024	6.196	7.02
1512033817661	0.976	6.234	6.981
1512033817674	1.043	6.215	7.202
1512033817681	0.909	6.196	7.728
1512033817693	0.775	6.052	8.159
1512033817707	0.727	5.899	8.303
1512033817711	0.766	5.822	8.198
1512033817723	0.89	5.851	7.977
1512033817737	1.024	5.909	7.728
1512033817741	1.063	5.87	7.479
1512033817753	1.072	5.755	7.01
1512033817767	1.312	5.851	6.435
1512033817771	1.541	6.043	6.138
1512033817782	1.541	6.167	6.292
1512033817797	1.187	6.033	6.79
1512033817801	0.89	5.765	7.211
1512033817813	0.689	5.631	7.451
1512033817847	0.651	5.621	7.642
1512033817850	0.708	5.65	7.613
1512033817857	0.852	5.736	7.297
1512033817860	1.13	5.976	6.838
1512033817863	1.34	6.292	6.608
1512033817873	1.465	6.435	6.522
1512033817882	1.235	6.416	6.608
1512033817891	0.651	6.225	6.933
1512033817904	0.296	5.976	7.288
1512033817919	0.335	5.909	7.604
1512033817921	0.507	5.956	7.786
1512033817933	0.814	6.081	7.767
1512033817947	1.139	6.234	7.728
1512033817951	1.235	6.301	7.575
1512033817962	0.967	6.158	7.652
1512033817975	0.737	6.014	8.054
1512033817981	0.737	5.851	8.724
1512033817991	0.718	5.87	9.538
1512033818004	1.034	5.956	9.988
1512033818011	1.656	6.205	9.615
1512033818021	1.867	6.454	8.552
1512033818034	1.628	6.627	7.192
1512033818041	1.053	6.598	6.416
1512033818053	0.555	6.464	7.02
1512033818068	0.536	6.416	6.981
1512033818071	0.928	6.454	7.843
1512033818083	1.302	6.656	8.6
1512033818098	1.283	6.905	8.878
1512033818101	0.909	6.905	8.801
1512033818113	0.565	6.675	8.437
1512033818128	0.517	6.426	8.016
1512033818131	0.555	6.522	7.575
1512033818143	1.072	6.857	7.173
1512033818158	1.024	7.039	6.981
1512033818161	1.091	7.096	6.799
1512033818173	0.67	6.943	6.818
1512033818188	0.517	6.646	6.876
1512033818191	0.766	6.397	7.106
1512033818203	1.206	6.502	7.537
1512033818218	1.388	6.56	7.575
1512033818221	1.139	6.627	7.134
1512033818233	0.986	6.579	6.924
1512033818248	1.321	6.732	7.02
1512033818251	1.79	6.809	7.403
1512033818265	2.49	7.316	7.537
1512033818281	3.131	7.623	7.221
1512033818282	3.16	7.652	7.02
1512033818296	2.853	7.355	6.962
1512033818328	2.442	6.742	6.953
1512033818335	2.087	6.177	6.914
1512033818348	1.819	5.784	6.79
1512033818350	1.637	5.573	6.732
1512033818353	1.714	5.516	6.981
1512033818357	1.867	5.593	7.202
1512033818368	1.867	5.449	6.981
1512033818379	1.953	5.286	6.378
1512033818385	1.723	5.114	5.832
1512033818391	1.292	4.711	5.64
1512033818401	0.976	4.223	5.535
1512033818413	0.708	4.175	5.123
1512033818421	0.871	4.213	4.731
1512033818431	1.321	4.376	4.606
1512033818443	1.532	4.539	4.568
1512033818451	1.264	4.52	4.549
1512033818461	0.996	4.51	4.367
1512033818477	0.919	4.482	4.252
1512033818481	0.967	4.587	4.127
1512033818491	0.833	4.807	4.166
1512033818501	0.66	5.133	4.395
1512033818511	0.689	5.315	4.874
1512033818521	0.842	5.344	5.449
1512033818531	0.814	5.468	6.062
1512033818541	0.584	5.612	6.617
1512033818551	0.373	5.679	6.924
1512033818564	0.287	5.775	7.048
1512033818571	0.459	5.918	7.087
1512033818581	0.957	6.234	7.048
1512033818594	1.532	6.684	7.278
1512033818601	2.02	7.144	7.613
1512033818611	2.26	7.326	7.843
1512033818624	2.001	7.221	8.063
1512033818631	1.465	6.943	8.198
1512033818641	0.909	6.445	8.293
1512033818654	0.574	6.024	8.437
1512033818661	0.536	5.88	9.04
1512033818671	0.689	5.851	9.625
1512033818684	0.909	5.727	9.356
1512033818691	1.197	5.669	9.213
1512033818701	1.264	5.832	8.59
1512033818714	0.957	5.966	7.47
1512033818721	0.421	5.947	7.412
1512033818731	-0.057	5.861	7.412
1512033818744	-0.22	5.755	8.006
1512033818751	-0.124	5.65	8.006
1512033818761	0.076	5.707	8.054
1512033818774	0.804	5.909	7.671
1512033818810	0.766	6.11	7.518
1512033818818	1.254	6.282	7.077
1512033818819	1.81	6.483	7.096
1512033818822	1.81	6.522	7.297
1512033818823	1.503	6.387	7.575
1512033818832	0.881	5.985	7.632
1512033818841	0.459	5.612	7.709
1512033818851	0.488	5.573	7.719
1512033818866	0.612	5.717	7.652
1512033818872	0.766	5.889	7.613
1512033818881	0.861	6.004	7.623
1512033818894	0.814	6.033	7.652
1512033818901	0.459	5.995	7.642
1512033818911	0.201	5.861	7.489
1512033818932	0.114	5.736	7.23
1512033818934	0.105	5.889	7.087
1512033818941	0.22	5.985	6.914
1512033818954	0.383	6.33	6.828
1512033818961	0.478	6.627	6.847
1512033818971	0.507	6.866	7.029
1512033818983	0.44	6.866	7.096
1512033818991	0.229	6.704	7.077
1512033819001	0.009	6.522	7.058
1512033819012	-0.105	6.445	7.23
1512033819021	0.095	6.493	7.546
1512033819031	0.526	6.589	7.939
1512033819044	0.948	6.617	8.293
1512033819051	1.235	6.636	8.581
1512033819061	1.618	6.713	8.638
1512033819075	1.599	6.627	8.37
1512033819081	1.235	6.387	7.795
1512033819091	0.766	6.119	7.249
1512033819105	0.411	5.976	7.039
1512033819111	0.162	5.822	7.211
1512033819121	0.057	5.688	7.671
1512033819135	0.114	5.707	8.255
1512033819141	0.316	5.727	8.782
1512033819151	0.67	5.679	8.81
1512033819166	1.216	5.784	8.217
1512033819171	1.685	6.033	7.23
1512033819181	1.733	6.225	6.435
1512033819195	1.647	6.244	6.081
1512033819201	1.465	6.177	6.033
1512033819211	1.225	6.138	6.263
1512033819225	1.11	5.995	6.761
1512033819231	1.034	5.842	7.144
1512033819241	1.015	5.861	7.374
1512033819261	1.168	6.033	7.326
1512033819294	1.819	6.311	6.78
1512033819301	2.106	6.522	6.196
1512033819303	2.011	6.656	5.909
1512033819316	1.877	6.627	5.918
1512033819325	1.656	6.445	6.234
1512033819334	1.34	6.177	6.627
1512033819348	1.139	5.956	7.249
1512033819351	0.957	5.966	7.24
1512033819361	0.814	6.033	7.613
1512033819375	0.881	6.024	7.757
1512033819381	1.053	6.071	7.709
1512033819391	1.216	6.282	7.556
1512033819408	1.359	6.522	6.991
1512033819411	1.426	6.704	6.991
1512033819421	1.312	6.78	6.713
1512033819433	1.063	6.675	6.541
1512033819441	0.814	6.522	6.541
1512033819451	0.632	6.407	6.761
1512033819464	0.565	6.349	7.106
1512033819471	0.565	6.445	7.106
1512033819481	0.612	6.56	7.269
1512033819492	0.794	6.665	7.163
1512033819501	1.015	6.838	7.02
1512033819511	1.063	7.0	6.885
1512033819525	0.9	7.0	6.905
1512033819531	0.574	6.847	7.144
1512033819541	0.191	6.684	7.269
1512033819555	0.201	6.608	7.259
1512033819561	0.517	6.541	7.173
1512033819585	0.737	6.732	6.876
1512033819591	0.814	6.828	6.885
1512033819601	0.756	6.838	6.962
1512033819615	0.593	6.761	6.972
1512033819621	0.344	6.474	6.991
1512033819632	0.143	6.531	6.972
1512033819647	0.153	6.292	6.818
1512033819651	0.258	6.416	6.79
1512033819662	0.392	6.522	6.847
1512033819675	0.565	6.598	6.943
1512033819681	0.699	6.627	7.211
1512033819691	0.747	6.665	7.498
1512033819705	0.641	6.569	7.7
1512033819711	0.536	6.426	7.613
1512033819721	0.459	6.407	7.364
1512033819735	0.555	6.474	7.087
1512033819741	0.842	6.541	6.866
1512033819751	1.158	6.646	6.627
1512033819765	1.465	6.79	6.464
1512033819798	1.608	6.905	6.512
1512033819803	1.426	6.828	6.723
1512033819810	1.187	6.675	7.192
1512033819814	1.177	6.598	7.719
1512033819816	1.379	6.694	7.872
1512033819825	1.503	6.828	7.652
1512033819831	1.474	6.885	7.202
1512033819841	1.331	6.876	6.818
1512033819855	1.139	6.818	6.608
1512033819861	0.967	6.704	6.483
1512033819871	0.861	6.608	6.407
1512033819885	0.842	6.56	6.368
1512033819891	0.794	6.608	6.579
1512033819901	0.545	6.589	7.029
1512033819914	0.44	6.512	7.403
1512033819921	0.517	6.464	7.69
1512033819931	0.747	6.56	7.843
1512033819944	0.996	6.799	7.968
1512033819951	1.139	6.991	8.188
1512033819961	1.063	6.981	8.447
1512033819972	0.718	6.799	8.6
1512033819981	0.679	6.617	8.322
1512033819991	0.881	6.684	7.652
1512033820002	1.034	6.933	6.828
1512033820011	1.13	7.154	6.282
1512033820021	1.091	7.307	6.215
1512033820035	1.005	7.278	6.627
1512033820041	0.948	7.125	7.307
1512033820051	0.785	7.039	7.939
1512033820066	0.794	7.02	8.236
1512033820071	0.957	7.048	8.15
1512033820081	1.043	7.077	7.881
1512033820096	1.043	7.106	6.895
1512033820101	0.986	6.991	6.895
1512033820111	1.11	6.924	5.985
1512033820126	1.915	7.125	5.123
1512033820131	1.963	7.518	5.123
1512033820141	2.126	8.044	6.761
1512033820156	2.087	8.37	7.929
1512033820161	1.407	8.293	8.887
1512033820171	1.283	7.652	9.366
1512033820186	1.762	6.953	9.5
1512033820191	1.762	6.493	9.04
1512033820201	2.059	6.205	7.968
1512033820216	2.461	6.062	7.0
1512033820221	2.394	6.052	6.1
1512033820231	2.863	5.947	5.267
1512033820246	2.672	5.765	4.654
1512033820279	1.292	5.688	4.261
1512033820290	0.45	5.669	4.3
1512033820294	0.354	5.439	4.731
1512033820299	0.536	4.98	5.037
1512033820300	0.852	4.491	5.066
1512033820301	1.312	4.338	4.989
1512033820311	1.781	4.424	4.951
1512033820321	2.231	4.683	4.683
1512033820334	2.662	4.625	4.156
1512033820341	2.93	5.047	3.907
1512033820361	2.834	5.267	3.974
1512033820363	2.403	5.43	4.051
1512033820374	2.039	5.487	4.031
1512033820382	1.934	5.468	3.926
1512033820395	1.743	5.593	3.936
1512033820401	1.513	5.775	4.118
1512033820411	1.455	5.87	4.424
1512033820424	1.589	5.947	4.788
1512033820431	1.81	6.138	5.238
1512033820441	2.097	6.483	5.554
1512033820454	2.212	6.704	5.832
1512033820461	1.685	6.684	6.1
1512033820471	0.804	6.493	6.426
1512033820486	0.124	6.253	6.943
1512033820491	-0.047	6.205	7.355
1512033820501	0.373	6.416	7.565
1512033820516	1.11	6.771	7.623
1512033820521	1.733	7.144	7.69
1512033820532	2.193	7.403	7.977
1512033820546	2.49	7.537	8.312
1512033820551	2.614	7.556	8.437
1512033820562	2.499	7.498	8.044
1512033820576	1.934	7.46	7.393
1512033820581	0.909	7.202	6.857
1512033820592	0.172	6.981	6.522
1512033820606	-0.095	6.933	6.675
1512033820611	0.22	7.125	7.182
1512033820622	0.794	7.364	7.767
1512033820636	1.292	7.479	8.217
1512033820641	1.781	7.393	8.341
1512033820652	2.126	7.134	8.102
1512033820667	2.231	6.847	7.661
1512033820671	1.81	6.56	7.326
1512033820682	1.11	6.263	7.077
1512033820697	0.555	6.024	7.02
1512033820701	0.21	5.832	7.134
1512033820712	0.181	5.803	7.182
1512033820726	0.268	5.889	6.962
1512033820759	0.66	6.177	6.933
1512033820765	1.139	6.55	6.694
1512033820767	1.474	6.838	6.512
1512033820776	1.771	6.895	6.445
1512033820777	1.915	6.885	6.589
1512033820783	1.685	6.751	6.684
1512033820791	1.379	6.531	6.646
1512033820801	1.197	6.426	6.397
1512033820815	1.034	6.454	6.502
1512033820821	1.024	6.502	6.522
1512033820831	1.187	6.56	6.771
1512033820845	1.407	6.79	7.24
1512033820851	1.915	7.058	7.24
1512033820861	2.212	7.125	6.158
1512033820875	2.193	7.067	5.87
1512033820881	2.087	7.029	6.071
1512033820891	1.8	6.972	6.579
1512033820904	1.561	6.761	6.665
1512033820911	1.522	6.502	6.847
1512033820921	1.273	6.387	6.885
1512033820937	1.082	6.34	7.067
1512033820954	0.871	6.225	7.23
1512033820955	0.785	6.138	7.096
1512033820968	0.871	6.062	6.589
1512033820982	0.861	6.062	6.301
1512033820983	0.679	6.282	6.531
1512033820993	0.555	6.474	7.048
1512033821001	0.459	6.445	7.518
1512033821011	0.421	6.359	7.642
1512033821022	0.612	6.522	7.355
1512033821031	0.957	6.636	6.953
1512033821041	1.206	6.818	6.656
1512033821052	1.446	7.087	6.541
1512033821061	1.589	7.23	6.608
1512033821071	1.723	7.345	6.713
1512033821088	1.723	7.307	6.895
1512033821091	1.398	7.144	7.249
1512033821101	0.967	6.914	7.518
1512033821115	0.689	6.723	7.575
1512033821121	0.45	6.665	7.489
1512033821132	0.268	6.608	7.374
1512033821146	0.229	6.522	7.297
1512033821151	0.392	6.502	7.144
1512033821161	0.785	6.665	6.799
1512033821179	1.187	6.914	6.531
1512033821181	1.379	7.096	6.569
1512033821191	1.35	7.039	6.627
1512033821205	1.158	6.828	6.694
1512033821234	0.842	6.636	6.771
1512033821235	0.517	6.512	6.761
1512033821236	0.488	6.483	6.78
1512033821241	0.612	6.483	6.751
1512033821251	0.861	6.464	6.435
1512033821265	0.948	6.598	6.129
1512033821271	1.043	6.79	6.167
1512033821282	1.187	6.933	6.56
1512033821295	1.283	7.029	6.905
1512033821301	1.158	7.01	7.029
1512033821311	0.928	6.866	6.953
1512033821323	0.842	6.818	6.771
1512033821331	0.804	6.857	6.771
1512033821341	0.881	6.857	6.742
1512033821356	1.024	6.799	6.636
1512033821363	1.139	6.771	6.426
1512033821371	1.197	6.761	6.186
1512033821383	1.216	6.79	6.225
1512033821391	1.245	6.857	6.684
1512033821401	1.216	6.818	7.125
1512033821413	1.063	6.617	7.144
1512033821421	0.976	6.474	6.79
1512033821431	0.996	6.474	6.416
1512033821446	1.12	6.531	6.205
1512033821451	1.264	6.589	6.311
1512033821461	1.321	6.579	6.598
1512033821477	1.407	6.531	6.905
1512033821481	1.369	6.483	7.24
1512033821491	1.254	6.368	7.537
1512033821507	1.245	6.253	7.508
1512033821511	1.216	6.158	7.326
1512033821521	1.206	6.215	7.221
1512033821537	1.245	6.32	7.202
1512033821541	1.187	6.34	7.345
1512033821551	1.034	6.301	7.393
1512033821567	0.881	6.225	7.345
1512033821571	0.718	6.043	6.981
1512033821582	0.545	5.87	6.847
1512033821596	0.545	5.736	7.0
1512033821601	0.708	5.736	7.125
1512033821611	0.957	5.918	7.46
1512033821621	1.082	6.215	8.044
1512033821631	0.957	6.407	8.36
1512033821641	0.976	6.359	8.13
1512033821656	0.842	6.196	7.489
1512033821661	0.948	6.253	6.924
1512033821671	0.871	6.359	6.627
1512033821682	0.852	6.282	6.608
1512033821702	0.881	6.196	6.818
1512033821713	0.871	6.205	7.125
1512033821718	0.67	6.253	7.297
1512033821727	0.44	6.263	7.393
1512033821748	0.325	6.024	7.565
1512033821749	0.239	6.062	7.776
1512033821754	0.344	6.014	7.939
1512033821765	0.651	6.1	8.016
1512033821773	1.043	6.33	7.843
1512033821781	1.417	6.55	7.364
1512033821794	1.541	6.704	6.953
1512033821807	1.57	6.742	6.636
1512033821818	1.541	6.723	6.541
1512033821828	1.206	6.589	6.684
1512033821834	0.833	6.502	7.01
1512033821843	0.66	6.407	7.336
1512033821856	0.766	6.301	7.661
1512033821863	0.909	6.311	7.824
1512033821871	1.177	6.435	7.738
1512033821885	1.35	6.531	7.374
1512033821891	1.494	6.665	6.885
1512033821901	1.513	6.751	6.426
1512033821912	1.321	6.742	6.397
1512033821921	0.928	6.598	6.838
1512033821931	0.823	6.531	7.345
1512033821942	0.804	6.368	7.719
1512033821951	0.804	6.282	7.795
1512033821961	0.938	6.225	7.671
1512033821971	1.177	6.225	7.489
1512033821984	1.446	6.368	7.403
1512033821991	1.867	6.627	7.479
1512033822002	1.637	6.771	8.217
1512033822011	1.292	6.665	9.031
1512033822021	0.89	6.387	9.107
1512033822031	0.814	6.378	8.475
1512033822041	1.34	6.684	7.259
1512033822051	1.8	6.857	6.177
1512033822061	2.126	7.01	5.889
1512033822071	2.959	7.192	6.1
1512033822081	3.639	7.364	6.713
1512033822092	3.553	7.451	7.47
1512033822101	3.39	7.46	7.364
1512033822111	2.786	7.422	6.608
1512033822122	1.81	7.518	5.784
1512033822131	1.283	7.575	5.2
1512033822141	1.273	7.604	5.391
1512033822152	1.57	7.738	6.1
1512033822161	1.972	7.805	6.608
1512033822186	2.049	7.862	6.751
1512033822187	1.81	7.834	6.608
1512033822201	1.426	7.604	6.349
1512033822202	1.015	7.441	5.861
1512033822218	0.622	7.47	5.267
1512033822221	0.21	7.728	4.922
1512033822231	0.009	7.795	5.037
1512033822247	0.287	7.68	5.87
1512033822251	0.747	7.575	7.393
1512033822261	1.11	7.508	9.682
1512033822278	1.455	7.374	9.644
1512033822284	1.953	7.47	8.724
1512033822294	2.25	7.393	7.824
1512033822304	1.733	6.953	7.297
1512033822311	1.647	6.263	7.24
1512033822321	1.13	5.554	7.077
1512033822334	0.689	4.884	6.454
1512033822341	0.794	4.482	5.956
1512033822355	0.909	4.635	5.803
1512033822365	1.379	5.152	5.602
1512033822371	1.494	5.458	5.43
1512033822381	1.503	5.516	5.43
1512033822392	1.292	5.487	5.554
1512033822401	0.948	5.171	5.688
1512033822411	0.727	4.778	5.506
1512033822423	0.612	4.348	4.932
1512033822431	0.603	4.501	4.166
1512033822441	0.794	4.616	3.629
1512033822452	1.206	5.152	3.687
1512033822461	1.474	5.602	4.386
1512033822471	1.398	5.794	5.468
1512033822483	1.34	5.669	6.282
1512033822491	1.292	5.468	6.445
1512033822501	1.273	5.497	5.985
1512033822512	1.34	5.784	5.142
1512033822521	1.388	6.014	4.261
1512033822531	1.503	6.33	4.051
1512033822542	1.58	6.493	4.376
1512033822551	1.522	6.387	5.277
1512033822561	1.589	6.205	6.186
1512033822574	1.407	6.062	7.058
1512033822581	1.015	5.813	7.757
1512033822591	0.996	5.698	8.217
1512033822602	1.139	6.158	8.447
1512033822611	1.944	6.742	8.169
1512033822621	2.758	7.211	7.46
1512033822632	2.806	7.383	7.01
1512033822641	2.202	7.077	7.106
1512033822662	1.484	6.502	7.498
1512033822676	0.909	6.004	7.91
1512033822680	0.622	5.861	8.207
1512033822683	0.996	6.158	8.494
1512033822698	1.57	6.522	8.686
1512033822708	1.944	6.704	8.59
1512033822721	2.02	6.818	8.245
1512033822722	1.829	6.953	7.939
1512033822731	1.522	7.01	7.575
1512033822744	1.436	6.943	7.134
1512033822755	1.541	6.943	6.751
1512033822761	1.465	7.01	6.454
1512033822771	1.369	7.125	6.397
1512033822786	1.494	7.23	6.32
1512033822791	1.762	7.364	6.091
1512033822801	2.126	7.575	5.736
1512033822813	2.336	7.814	5.736
1512033822821	2.288	7.757	6.196
1512033822831	2.097	7.336	6.914
1512033822843	1.695	6.857	8.159
1512033822851	1.283	6.454	8.265
1512033822861	1.139	6.253	8.504
1512033822873	1.158	6.273	8.226
1512033822881	1.292	6.378	7.575
1512033822891	1.426	6.704	6.895
1512033822904	1.513	6.876	6.589
1512033822911	1.465	6.838	6.579
1512033822921	1.321	6.675	6.761
1512033822933	1.216	6.387	6.732
1512033822956	1.187	6.11	6.732
1512033822958	1.292	5.966	6.407
1512033822965	1.292	5.937	6.407
1512033822971	1.331	5.956	6.34
1512033822981	1.503	6.004	6.502
1512033822993	1.628	6.052	6.608
1512033823007	1.474	6.071	6.589
1512033823011	1.494	6.052	6.531
1512033823023	0.861	5.937	6.665
1512033823031	0.861	5.937	7.01
1512033823041	1.005	5.937	7.202
1512033823053	1.446	6.014	7.058
1512033823061	1.599	6.273	6.933
1512033823071	1.532	6.493	7.115
1512033823083	1.551	6.464	7.7
1512033823091	1.302	6.464	8.389
1512033823101	1.101	6.349	8.59
1512033823114	1.235	6.024	8.265
1512033823121	1.235	5.87	7.661
1512033823148	1.216	6.091	7.173
1512033823155	1.168	6.004	6.799
1512033823161	1.216	6.091	6.474
1512033823163	1.273	6.292	6.196
1512033823173	1.206	6.445	6.148
1512033823181	0.996	6.56	6.617
1512033823192	0.689	6.541	7.297
1512033823205	0.526	6.33	7.834
1512033823211	0.507	6.196	7.872
1512033823221	0.526	6.397	7.642
1512033823235	0.632	6.694	7.288
1512033823245	1.024	6.895	6.828
1512033823251	1.359	7.01	6.34
1512033823263	1.35	6.991	6.014
1512033823271	1.264	6.838	6.024
1512033823295	1.225	6.617	6.378
1512033823296	1.197	6.397	6.895
1512033823301	1.072	6.148	7.163
1512033823311	0.9	5.976	7.039
1512033823326	0.766	6.014	6.751
1512033823331	0.9	6.292	6.589
1512033823341	1.206	6.56	6.847
1512033823357	1.503	6.742	7.249
1512033823361	1.503	6.828	7.632
1512033823373	1.254	6.818	7.853
1512033823385	0.938	6.589	7.805
1512033823391	0.766	6.186	7.345
1512033823401	0.823	6.024	6.78
1512033823414	1.053	6.205	6.454
1512033823421	1.398	6.464	6.34
1512033823431	1.771	6.704	6.33
1512033823446	2.145	6.943	6.378
1512033823451	2.231	7.039	6.493
1512033823461	2.097	6.972	6.579
1512033823474	1.599	6.751	6.684
1512033823482	0.909	6.368	6.876
1512033823491	0.44	6.033	6.885
1512033823504	0.316	5.87	6.684
1512033823511	0.325	6.033	6.445
1512033823521	0.622	6.292	6.512
1512033823536	1.12	6.684	6.857
1512033823541	1.551	7.039	7.259
1512033823551	1.877	7.345	7.403
1512033823563	1.963	7.479	7.336
1512033823571	1.704	7.355	7.192
1512033823581	1.321	7.077	7.23
1512033823594	1.082	6.761	7.355
1512033823601	0.976	6.55	7.403
1512033823620	0.957	6.55	7.326
1512033823643	1.235	6.636	7.106
1512033823644	1.235	6.799	7.106
1512033823644	1.426	6.981	7.067
1512033823657	1.57	7.096	6.684
1512033823664	1.57	7.106	6.378
1512033823678	1.312	7.01	6.435
1512033823687	0.641	6.78	6.522
1512033823691	0.641	6.502	6.838
1512033823701	0.603	6.397	7.115
1512033823715	0.775	6.483	7.278
1512033823722	1.053	6.694	7.383
1512033823731	1.407	6.818	7.307
1512033823744	1.541	6.818	7.0
1512033823751	1.465	6.838	6.636
1512033823761	1.379	6.943	6.541
1512033823775	1.082	6.876	6.953
1512033823781	0.775	6.665	7.527
1512033823791	0.287	6.282	7.968
1512033823805	-0.057	5.698	8.322
1512033823811	0.019	5.909	8.303
1512033823824	0.622	6.435	7.632
1512033823835	1.446	6.838	6.512
1512033823841	2.164	7.115	5.794
1512033823852	2.719	7.451	5.842
1512033823865	3.256	7.661	6.263
1512033823871	3.85	7.805	6.378
1512033823881	4.29	8.044	5.822
1512033823896	4.003	8.207	5.171
1512033823901	2.988	8.245	5.047
1512033823911	1.857	8.111	5.516
1512033823926	0.976	7.776	6.024
1512033823931	0.555	7.518	6.359
1512033823941	0.536	7.508	6.32
1512033823956	0.785	7.594	6.205
1512033823961	1.177	7.709	6.387
1512033823971	1.474	7.776	6.55
1512033823986	1.771	7.805	6.282
1512033824006	1.819	7.929	5.573
1512033824061	1.666	8.063	5.114
1512033824062	1.608	8.265	5.315
1512033824062	1.685	8.533	6.378
1512033824063	1.656	8.638	7.508
1512033824064	1.762	8.724	7.968
1512033824064	2.154	8.772	7.527
1512033824065	2.298	8.504	6.962
1512033824074	2.231	7.987	6.933
1512033824081	2.174	7.336	7.307
1512033824105	1.541	6.493	7.824
1512033824109	1.302	5.832	8.245
1512033824128	1.254	5.458	7.949
1512033824130	1.484	5.43	7.182
1512033824153	1.944	5.746	6.311
1512033824154	2.049	6.024	5.87
1512033824155	1.781	6.071	6.368
1512033824166	1.388	5.784	7.0
1512033824298	1.072	5.324	6.914
1512033824336	0.938	5.028	6.11
1512033824337	0.9	4.922	5.19
1512033824338	0.861	4.702	4.415
1512033824339	0.593	4.443	4.434
1512033824340	0.488	4.357	5.028
1512033824340	0.689	4.29	5.123
1512033824341	1.446	4.731	4.482
1512033824342	2.078	5.43	3.428
1512033824343	2.241	5.956	2.26
1512033824343	2.068	6.244	2.298
1512033824344	1.79	6.34	2.566
1512033824345	0.814	6.081	4.357
1512033824345	1.81	6.636	7.01
1512033824351	2.269	7.067	6.052
1512033824361	2.423	7.383	5.794
1512033824375	2.26	7.374	5.918
1512033824381	1.944	7.163	6.474
1512033824391	1.8	6.885	6.943
1512033824405	2.049	6.751	7.211
1512033824411	2.116	6.704	7.182
1512033824422	2.423	6.78	6.704
1512033824449	2.375	6.809	6.119
1512033824450	2.241	6.761	5.985
1512033824454	2.126	6.761	6.416
1512033824464	1.81	6.732	6.981
1512033824471	1.743	6.694	7.374
1512033824481	1.723	6.684	7.345
1512033824494	1.829	6.713	7.106
1512033824501	2.202	7.154	6.684
1512033824511	2.509	7.661	6.387
1512033824523	2.681	7.776	6.014
1512033824531	2.719	7.795	5.794
1512033824541	2.49	7.757	5.928
1512033824554	1.867	7.69	6.311
1512033824561	1.474	7.403	6.579
1512033824571	1.426	7.02	6.636
1512033824584	1.541	6.818	6.79
1512033824591	1.714	6.905	7.221
1512033824601	1.992	7.134	7.719
1512033824620	2.346	7.355	7.891
1512033824629	2.451	7.403	7.652
1512033824648	2.317	7.393	7.278
1512033824649	2.174	7.412	7.02
1512033824659	1.915	7.431	7.125
1512033824662	1.647	7.403	7.096
1512033824690	1.532	7.355	6.914
1512033824704	1.283	7.211	6.962
1512033824705	1.168	7.058	7.096
1512033824706	1.12	6.972	7.364
1512033824711	1.187	6.924	7.46
1512033824721	1.436	6.885	7.048
1512033824735	1.551	6.895	6.522
1512033824741	1.388	6.847	6.32
1512033824751	1.149	6.684	6.55
1512033824764	0.833	6.55	7.173
1512033824771	0.612	6.368	7.623
1512033824781	0.622	6.225	7.767
1512033824793	0.67	6.138	7.508
1512033824801	0.775	6.215	7.058
1512033824811	0.976	6.407	6.569
1512033824826	1.245	6.531	6.292
1512033824831	1.426	6.646	6.263
1512033824843	1.398	6.704	6.454
1512033824855	1.599	6.742	6.426
1512033824861	1.704	6.742	6.32
1512033824875	1.618	6.684	6.368
1512033824885	1.58	6.617	6.464
1512033824891	1.455	6.569	6.569
1512033824901	1.369	6.541	6.454
1512033824918	1.292	6.522	6.186
1512033824923	1.082	6.531	5.966
1512033824936	0.9	6.541	5.956
1512033824945	0.871	6.502	6.263
1512033824955	1.043	6.608	6.704
1512033824969	1.187	6.723	6.933
1512033824976	1.446	6.847	6.866
1512033824981	1.58	6.914	6.761
1512033824991	1.599	6.828	6.665
1512033825008	1.685	6.742	6.636
1512033825011	1.695	6.694	6.569
1512033825024	1.637	6.761	6.387
1512033825037	1.599	6.876	6.387
1512033825041	1.723	7.0	6.857
1512033825051	1.81	7.077	7.163
1512033825065	2.049	7.106	6.953
1512033825071	2.26	7.106	6.694
1512033825081	2.327	7.125	6.349
1512033825100	2.25	7.182	6.081
1512033825101	2.116	7.192	5.87
1512033825130	1.513	7.02	6.014
1512033825131	1.168	6.991	6.474
1512033825143	1.283	6.943	7.02
1512033825162	1.254	6.905	7.393
1512033825164	1.302	6.885	7.498
1512033825174	1.331	6.885	7.278
1512033825188	1.417	6.876	6.857
1512033825191	1.513	7.029	6.349
1512033825202	1.417	6.933	6.119
1512033825216	1.34	6.933	6.244
1512033825221	1.426	6.924	6.55
1512033825231	1.436	6.876	7.039
1512033825246	1.302	6.761	7.412
1512033825251	1.235	6.675	7.585
1512033825261	1.168	6.636	7.632
1512033825275	1.168	6.608	7.431
1512033825281	1.158	6.493	7.106
1512033825291	1.158	6.407	6.694
1512033825301	1.235	6.435	6.512
1512033825311	1.331	6.56	6.665
1512033825322	1.455	6.608	6.809
1512033825333	1.551	6.589	6.684
1512033825341	1.637	6.684	6.502
1512033825352	1.589	6.751	6.378
1512033825363	1.494	6.675	6.311
1512033825371	1.465	6.522	6.148
1512033825384	1.503	6.493	5.87
1512033825391	1.455	6.531	5.698
1512033825401	1.369	6.569	5.813
1512033825413	1.273	6.541	6.244
1512033825421	1.312	6.512	6.809
1512033825431	1.417	6.56	7.144
1512033825443	1.513	6.713	7.125
1512033825451	1.551	6.866	6.761
1512033825461	1.474	6.943	6.292
1512033825471	1.292	6.838	5.937
1512033825481	1.158	6.713	5.832
1512033825491	1.139	6.732	5.899
1512033825503	1.235	6.876	6.062
1512033825516	1.436	7.077	6.215
1512033825521	1.494	7.202	6.512
1512033825531	1.465	7.211	6.809
1512033825541	1.465	7.24	6.866
1512033825551	1.522	7.307	6.885
1512033825562	1.522	7.383	7.029
1512033825571	1.446	7.393	7.087
1512033825590	1.264	7.288	7.115
1512033825593	1.091	7.163	7.297
1512033825604	1.043	7.048	7.297
1512033825611	1.082	7.0	7.24
1512033825630	1.197	7.048	7.202
1512033825631	1.302	7.077	7.0
1512033825641	1.264	7.029	6.732
1512033825659	0.928	6.895	6.512
1512033825661	0.622	6.799	6.569
1512033825671	0.239	6.627	6.885
1512033825684	0.0	6.387	7.431
1512033825691	0.143	6.215	8.044
1512033825701	1.005	6.215	8.054
1512033825712	2.049	6.665	7.125
1512033825721	2.174	7.173	7.115
1512033825731	1.848	7.288	6.847
1512033825741	1.312	7.0	6.742
1512033825751	1.091	6.799	6.186
1512033825761	1.312	6.933	5.775
1512033825771	1.714	7.125	5.42
1512033825781	2.059	7.383	5.411
1512033825791	2.336	7.632	5.707
1512033825801	2.585	7.709	6.234
1512033825811	2.777	7.594	6.665
1512033825821	2.997	7.594	6.636
1512033825832	3.179	7.642	6.263
1512033825841	3.16	7.709	5.918
1512033825851	3.074	7.747	5.775
1512033825862	2.949	7.604	6.1
1512033825871	2.786	7.604	6.541
1512033825881	2.652	7.192	6.627
1512033825892	2.633	7.048	6.301
1512033825901	2.643	7.202	5.64
1512033825911	2.327	7.154	5.267
1512033825922	2.212	7.106	5.344
1512033825931	2.193	7.192	5.861
1512033825941	2.193	7.316	6.273
1512033825952	2.154	7.383	6.397
1512033825961	2.039	7.383	6.407
1512033825971	2.011	7.47	6.387
1512033825982	2.327	7.518	6.445
1512033825991	2.777	7.709	6.579
1512033826001	3.122	7.834	6.665
1512033826011	3.332	7.872	6.675
1512033826021	3.371	7.7	6.866
1512033826031	3.38	7.422	7.106
1512033826043	3.399	7.182	7.163
1512033826051	3.256	6.914	7.221
1512033826070	3.198	6.704	7.307
1512033826072	3.256	6.435	7.345
1512033826083	3.217	6.081	7.163
1512033826091	3.131	5.813	6.713
1512033826103	3.016	5.679	6.119
1512033826111	2.988	5.583	5.315
1512033826121	2.758	5.602	4.539
1512033826134	2.585	5.468	3.888
1512033826141	2.365	5.152	3.505
1512033826151	1.819	4.721	3.553
1512033826163	1.417	4.462	3.926
1512033826171	1.331	4.462	4.223
1512033826181	1.494	4.501	4.501
1512033826195	1.781	4.635	4.664
1512033826201	1.81	4.941	4.731
1512033826211	1.781	5.305	4.587
1512033826223	1.886	5.612	4.376
1512033826231	2.049	5.909	4.012
1512033826241	2.116	6.129	3.869
1512033826252	1.915	6.32	3.926
1512033826261	1.494	6.407	4.194
1512033826271	1.091	6.483	4.721
1512033826282	0.986	6.617	5.382
1512033826291	1.225	6.723	6.167
1512033826301	1.637	6.78	6.828
1512033826311	2.03	6.78	7.412
1512033826321	2.355	6.953	7.968
1512033826331	2.47	7.087	8.255
1512033826342	2.528	7.087	8.111
1512033826351	2.499	7.02	7.594
1512033826361	2.375	6.924	7.058
1512033826373	2.413	6.943	6.502
1512033826381	2.633	7.125	6.454
1512033826391	2.748	7.336	6.464
1512033826402	2.882	7.585	7.077
1512033826411	2.988	7.853	7.537
1512033826421	2.815	7.958	8.054
1512033826432	2.375	7.795	8.217
1512033826441	1.963	7.345	8.217
1512033826451	1.723	6.857	7.968
1512033826462	1.484	6.636	7.747
1512033826471	1.503	6.454	7.374
1512033826481	1.407	6.33	6.876
1512033826493	1.513	6.359	6.397
1512033826501	1.359	6.627	6.091
1512033826511	1.11	6.933	6.043
1512033826523	0.861	6.857	6.407
1512033826531	1.082	6.885	6.876
1512033826550	1.474	6.885	7.24
1512033826566	1.743	6.972	7.412
1512033826568	1.992	7.192	7.355
1512033826572	2.48	7.067	6.818
1512033826591	2.748	7.431	5.985
1512033826592	2.547	7.431	5.382
1512033826601	2.02	7.383	5.468
1512033826613	1.57	7.202	6.186
1512033826621	1.359	6.876	6.732
1512033826631	1.312	6.636	6.742
1512033826643	1.283	6.608	6.704
1512033826651	1.331	6.79	6.924
1512033826661	1.436	6.895	7.154
1512033826673	1.647	6.924	7.096
1512033826681	1.838	7.01	6.541
1512033826691	1.944	7.173	5.966
1512033826702	1.915	7.182	5.803
1512033826711	1.685	6.991	6.129
1512033826721	1.312	6.78	6.579
1512033826732	1.091	6.522	6.838
1512033826741	1.12	6.407	7.029
1512033826751	1.197	6.531	7.144
1512033826771	1.618	6.78	6.866
1512033826781	1.915	6.885	6.474
1512033826792	2.097	6.991	6.253
1512033826801	2.097	7.0	6.177
1512033826811	1.934	6.895	6.225
1512033826821	1.532	6.636	6.273
1512033826831	1.225	6.378	6.292
1512033826841	1.101	6.282	6.253
1512033826852	1.082	6.301	6.282
1512033826861	1.359	6.464	6.416
1512033826871	1.666	6.636	6.684
1512033826882	1.867	6.675	6.79
1512033826891	1.944	6.627	6.828
1512033826901	1.838	6.541	6.866
1512033826912	1.628	6.426	6.79
1512033826921	1.359	6.34	6.665
1512033826931	1.235	6.387	6.378
1512033826945	1.13	6.464	6.062
1512033826951	1.082	6.541	5.899
1512033826968	1.072	6.751	5.976
1512033826976	1.197	7.02	6.119
1512033826986	1.359	7.211	6.119
1512033826991	1.436	7.316	6.081
1512033827002	1.484	7.393	6.311
1512033827011	1.599	7.479	6.704
1512033827021	1.838	7.556	7.02
1512033827039	1.992	7.623	7.115
1512033827045	1.963	7.652	7.211
1512033827052	1.848	7.556	7.403
1512033827064	1.551	7.374	7.441
1512033827071	1.551	7.211	7.441
1512033827081	1.388	7.048	7.058
1512033827094	1.254	6.933	6.598
1512033827101	1.245	6.838	6.598
1512033827111	1.254	6.799	6.119
1512033827124	1.388	6.866	5.909
1512033827131	1.474	6.895	5.909
1512033827141	1.474	6.857	6.033
1512033827152	1.206	6.809	6.311
1512033827161	1.225	6.742	6.522
1512033827171	1.216	6.713	6.665
1512033827182	1.321	6.636	6.646
1512033827191	1.321	6.694	6.445
1512033827201	1.58	6.78	6.215
1512033827212	1.618	6.866	6.158
1512033827221	1.714	7.01	6.301
1512033827231	1.723	7.125	6.636
1512033827242	1.695	7.182	6.818
1512033827251	1.666	6.972	6.962
1512033827261	1.599	7.039	6.991
1512033827275	1.599	7.0	6.78
1512033827281	1.561	6.972	6.502
1512033827291	1.503	6.914	6.273
1512033827302	1.551	7.039	6.244
1512033827311	1.704	7.115	6.225
1512033827321	1.695	7.077	6.349
1512033827332	1.532	7.0	6.56
1512033827341	1.197	6.799	6.953
1512033827351	0.89	6.522	7.202
1512033827366	0.775	6.263	7.01
1512033827371	0.766	6.282	6.541
1512033827381	0.718	6.512	6.196
1512033827392	0.871	6.636	5.928
1512033827401	1.216	6.751	5.87
1512033827411	1.35	6.943	5.861
1512033827422	1.312	7.048	5.956
1512033827431	1.091	6.962	6.167
1512033827441	0.976	6.761	6.397
1512033827452	1.005	6.694	6.56
1512033827461	1.139	6.876	6.665
1512033827471	1.254	7.0	6.684
1512033827482	1.436	7.067	6.589
1512033827491	1.561	7.173	6.435
1512033827501	1.532	7.288	6.282
1512033827519	1.522	7.288	6.301
1512033827529	1.494	7.221	6.464
1512033827531	1.407	7.182	6.818
1512033827547	1.494	7.221	7.202
1512033827551	1.704	7.259	7.259
1512033827575	1.8	7.364	6.953
1512033827581	1.79	7.345	6.732
1512033827591	1.704	7.288	6.541
1512033827605	1.628	7.297	6.435
1512033827611	1.541	7.326	6.512
1512033827621	1.551	7.383	6.751
1512033827634	1.532	7.412	6.914
1512033827641	1.637	7.403	6.885
1512033827651	1.57	7.345	6.732
1512033827663	1.618	7.345	6.636
1512033827671	1.532	7.269	6.55
1512033827681	1.331	7.134	6.713
1512033827693	1.359	6.962	6.962
1512033827701	1.407	6.866	7.115
1512033827711	1.359	6.885	6.876
1512033827723	1.398	6.838	6.225
1512033827731	1.388	6.981	6.043
1512033827741	1.407	7.173	6.32
1512033827756	1.714	7.326	6.33
1512033827761	1.992	7.489	6.397
1512033827771	1.896	7.537	6.234
1512033827783	1.551	7.393	6.933
1512033827791	1.34	7.096	7.039
1512033827801	1.369	6.751	7.115
1512033827813	1.149	6.617	6.895
1512033827821	1.091	6.751	6.292
1512033827831	1.369	6.924	5.382
1512033827843	1.57	7.173	5.43
1512033827851	1.513	7.403	6.244
1512033827861	1.465	7.498	7.202
1512033827873	1.608	7.412	7.872
1512033827881	1.771	7.355	7.872
1512033827891	2.049	7.422	7.048
1512033827904	2.02	7.671	6.062
1512033827911	1.953	7.853	5.545
1512033827921	1.781	7.977	5.66
1512033827933	1.551	8.035	6.359
1512033827941	1.426	7.968	7.537
1512033827951	1.58	7.738	8.763
1512033827965	1.934	7.786	9.586
1512033827971	2.518	7.565	9.634
1512033827981	2.988	7.498	8.906
1512033827992	3.15	7.403	7.747
1512033828011	3.045	7.134	6.55
1512033828018	2.633	6.541	5.679
1512033828027	1.838	5.889	5.056
1512033828031	0.976	5.391	4.855
1512033828041	0.421	4.913	4.989
1512033828056	0.488	4.625	5.573
1512033828061	1.034	4.462	6.138
1512033828071	1.618	4.3	6.225
1512033828085	2.001	4.28	5.956
1512033828091	2.221	4.367	5.43
1512033828101	2.394	4.568	4.644
1512033828115	2.451	4.846	3.945
1512033828121	2.423	5.19	3.533
1512033828131	2.365	5.391	3.208
1512033828143	2.193	5.449	3.198
1512033828151	1.838	5.353	3.399
1512033828161	1.465	5.229	3.601
1512033828173	1.273	5.267	3.802
1512033828181	1.168	5.535	4.06
1512033828191	1.264	6.004	4.472
1512033828204	1.57	6.454	4.836
1512033828211	1.963	6.732	5.152
1512033828221	2.336	7.0	5.564
1512033828234	2.547	7.269	5.842
1512033828241	2.71	7.451	6.014
1512033828251	2.71	7.47	6.014
1512033828264	2.71	7.383	6.1
1512033828271	2.786	7.345	6.435
1512033828281	2.796	7.374	7.067
1512033828293	2.94	7.316	7.776
1512033828301	3.102	7.173	8.427
1512033828311	3.284	6.933	8.581
1512033828323	3.16	6.675	8.303
1512033828331	2.806	6.55	7.671
1512033828341	2.528	6.771	6.905
1512033828353	2.336	7.087	6.579
1512033828361	2.078	7.134	6.579
1512033828371	1.829	6.991	6.885
1512033828383	1.647	6.847	7.364
1512033828391	1.494	6.742	7.795
1512033828401	1.426	6.608	7.977
1512033828414	1.474	6.522	7.968
1512033828421	1.561	6.493	7.652
1512033828431	1.647	6.426	7.087
1512033828445	1.637	6.493	6.32
1512033828451	1.436	6.56	6.32
1512033828461	1.206	6.464	6.522
1512033828476	1.273	6.416	6.732
1512033828509	1.302	6.493	6.981
1512033828511	1.35	6.684	6.771
1512033828523	1.561	6.933	6.368
1512033828526	1.781	7.24	6.167
1512033828527	1.676	7.47	6.167
1512033828532	1.292	7.422	6.282
1512033828541	0.986	7.202	6.416
1512033828551	0.699	7.01	6.598
1512033828564	0.584	6.905	6.751
1512033828571	1.034	6.905	6.924
1512033828581	1.35	7.0	6.876
1512033828594	1.896	7.096	6.636
1512033828601	2.193	7.221	6.407
1512033828611	2.355	7.422	6.273
1512033828624	2.413	7.604	6.205
1512033828631	2.135	7.594	6.359
1512033828641	1.608	7.144	6.751
1512033828654	1.245	6.838	7.192
1512033828661	1.053	6.723	7.364
1512033828671	0.9	6.512	7.374
1512033828684	0.852	6.311	7.154
1512033828691	0.909	6.234	6.818
1512033828701	1.139	6.407	6.522
1512033828714	1.35	6.771	6.311
1512033828721	1.273	6.914	6.205
1512033828731	1.206	6.895	6.253
1512033828745	1.264	6.943	6.397
1512033828751	1.331	6.991	6.493
1512033828761	1.245	6.943	6.55
1512033828774	1.12	6.838	6.617
1512033828781	1.053	6.732	6.656
1512033828791	1.053	6.723	6.704
1512033828804	1.13	6.771	6.694
1512033828811	1.321	6.953	6.656
1512033828822	1.666	7.192	6.483
1512033828834	1.81	7.326	6.493
1512033828841	1.857	7.307	6.656
1512033828851	1.819	7.192	7.0
1512033828864	1.685	7.115	7.326
1512033828871	1.561	7.0	7.441
1512033828881	1.446	6.751	7.278
1512033828895	1.35	6.608	7.039
1512033828901	1.292	6.589	6.895
1512033828911	1.35	6.646	6.799
1512033828924	1.455	6.665	6.608
1512033828931	1.426	6.617	6.359
1512033828941	1.35	6.55	6.177
1512033828955	1.225	6.502	6.253
1512033828973	1.091	6.435	6.55
1512033828977	1.072	6.292	6.569
1512033828982	1.12	6.292	6.311
1512033829004	1.043	6.426	6.349
1512033829005	0.976	6.474	6.33
1512033829011	1.034	6.435	6.598
1512033829021	1.024	6.416	6.742
1512033829032	1.024	6.474	6.665
1512033829041	1.13	6.589	6.512
1512033829051	1.168	6.704	6.617
1512033829061	1.149	6.675	6.818
1512033829071	1.149	6.608	7.087
1512033829081	1.177	6.608	7.221
1512033829092	1.273	6.617	7.058
1512033829104	1.369	6.684	6.732
1512033829111	1.446	6.742	6.598
1512033829121	1.503	6.818	6.684
1512033829131	1.589	6.838	6.857
1512033829141	1.618	6.809	6.991
1512033829152	1.58	6.761	6.962
1512033829161	1.551	6.742	6.972
1512033829171	1.513	6.694	7.058
1512033829181	1.455	6.636	7.221
1512033829191	1.417	6.541	7.24
1512033829201	1.398	6.445	6.933
1512033829211	1.398	6.464	6.885
1512033829221	1.436	6.483	6.732
1512033829231	1.522	6.454	6.454
1512033829241	1.57	6.493	6.225
1512033829251	1.532	6.617	6.062
1512033829261	1.628	6.732	5.966
1512033829271	2.001	6.847	5.976
1512033829281	1.771	6.914	6.359
1512033829291	1.656	6.905	6.914
1512033829301	1.58	6.838	7.106
1512033829311	1.474	6.656	6.962
1512033829321	1.254	6.598	6.732
1512033829331	1.139	6.847	6.656
1512033829341	1.072	6.828	6.656
1512033829351	1.082	6.598	6.646
1512033829361	1.149	6.78	6.55
1512033829371	1.177	6.838	6.464
1512033829381	1.168	6.818	6.56
1512033829391	1.139	6.799	6.771
1512033829401	1.139	6.809	6.885
1512033829411	1.139	6.809	7.087
1512033829422	1.082	6.828	7.316
1512033829431	1.005	6.809	7.498
1512033829449	1.043	6.78	7.546
1512033829465	1.187	6.876	7.316
1512033829467	1.369	7.0	6.943
1512033829479	1.426	7.058	6.579
1512033829485	1.494	7.096	6.301
1512033829496	1.513	7.087	6.129
1512033829501	1.503	7.048	6.091
1512033829513	1.503	7.029	6.196
1512033829521	1.494	7.029	6.483
1512033829531	1.647	7.039	6.636
1512033829544	1.829	7.067	6.55
1512033829551	1.695	7.125	6.378
1512033829561	1.455	7.125	6.292
1512033829573	1.35	7.048	6.311
1512033829581	1.302	6.962	6.426
1512033829591	1.254	6.914	6.694
1512033829602	1.225	6.866	6.943
1512033829611	1.321	6.742	6.991
1512033829621	1.426	6.809	6.828
1512033829631	1.35	6.933	6.598
1512033829641	1.168	7.0	6.675
1512033829651	1.101	6.991	6.905
1512033829664	1.216	6.972	6.962
1512033829671	1.436	7.077	6.818
1512033829681	1.733	7.211	6.694
1512033829694	2.087	7.307	6.78
1512033829701	2.174	7.249	7.077
1512033829711	2.193	7.058	7.173
1512033829724	2.011	6.866	6.924
1512033829731	1.714	6.751	6.407
1512033829741	1.532	6.771	6.052
1512033829754	1.551	6.838	5.985
1512033829761	1.676	6.914	6.043
1512033829771	1.695	7.029	6.081
1512033829784	1.455	7.077	6.454
1512033829791	1.197	6.972	6.522
1512033829801	1.149	6.895	6.694
1512033829814	1.197	6.991	6.416
1512033829821	1.292	7.278	6.301
1512033829831	1.388	7.441	6.1
1512033829844	1.292	7.489	7.565
1512033829851	1.015	7.355	7.565
1512033829861	0.842	7.163	7.661
1512033829874	1.321	7.316	6.809
1512033829881	1.359	7.881	6.349
1512033829891	1.81	8.427	6.627
1512033829904	0.986	8.743	7.728
1512033829911	0.986	8.6	9.04
1512033829943	0.804	8.13	9.711
1512033829953	0.651	7.278	9.308
1512033829970	0.957	7.278	8.293
1512033829972	1.197	7.154	7.422
1512033829975	1.474	7.125	7.058
1512033829979	1.829	7.096	7.393
1512033829985	1.455	7.096	8.667
1512033829994	1.503	6.541	9.73
1512033830001	2.423	6.56	9.069
1512033830011	3.802	6.924	7.211
1512033830023	4.28	7.47	4.98
1512033830031	4.003	7.316	3.227
1512033830041	3.227	6.723	2.614
1512033830053	2.49	5.775	3.093
1512033830061	1.886	4.903	4.127
1512033830071	1.532	4.29	5.142
1512033830082	1.379	3.974	5.822
1512033830091	1.359	3.888	6.1
1512033830101	1.369	3.974	5.861
1512033830112	1.312	4.185	5.229
1512033830121	0.986	4.424	4.721
1512033830131	0.737	4.606	4.261
1512033830145	0.842	4.951	3.917
1512033830151	1.12	5.631	3.715
1512033830161	1.388	6.225	3.581
1512033830174	1.302	6.502	3.725
1512033830181	0.938	6.502	4.223
1512033830193	0.67	6.34	4.778
1512033830205	0.603	6.196	5.324
1512033830211	0.526	6.177	5.679
1512033830221	0.555	6.234	5.631
1512033830234	0.718	6.378	5.305
1512033830241	0.794	6.541	5.123
1512033830251	0.747	6.646	5.085
1512033830265	0.66	6.665	5.305
1512033830271	0.478	6.713	5.65
1512033830281	0.363	6.771	6.263
1512033830295	0.593	6.799	6.991
1512033830301	1.139	6.838	7.719
1512033830311	1.723	6.857	8.245
1512033830325	2.106	6.78	8.447
1512033830331	2.145	6.684	8.466
1512033830341	1.915	6.56	8.37
1512033830354	1.647	6.426	8.121
1512033830361	1.532	6.368	7.632
1512033830375	1.714	6.416	6.962
1512033830386	1.417	6.407	6.636
1512033830391	0.814	6.368	7.058
1512033830414	0.545	6.292	7.776
1512033830427	0.612	6.033	8.284
1512033830428	0.881	5.775	8.418
1512033830434	1.264	5.956	8.063
1512033830445	1.656	6.397	6.78
1512033830451	1.8	6.771	6.818
1512033830461	1.81	6.943	6.56
1512033830474	1.838	6.981	6.636
1512033830481	1.81	6.895	6.751
1512033830491	1.628	6.761	6.838
1512033830502	1.474	6.656	6.981
1512033830511	1.264	6.483	7.106
1512033830521	1.206	6.32	7.269
1512033830534	1.426	6.292	7.412
1512033830541	1.723	6.474	7.412
1512033830551	1.867	6.636	7.192
1512033830562	1.963	6.78	6.636
1512033830571	2.001	6.828	6.33
1512033830594	1.848	6.771	6.416
1512033830594	1.503	6.656	6.493
1512033830601	1.264	6.512	7.192
1512033830611	1.312	6.407	7.881
1512033830622	1.886	6.301	8.399
1512033830631	1.886	6.215	8.36
1512033830641	2.451	6.32	7.949
1512033830652	2.375	6.397	7.336
1512033830661	1.762	6.416	6.723
1512033830671	1.398	6.32	6.349
1512033830682	1.13	6.11	6.263
1512033830691	1.101	5.937	6.598
1512033830701	1.34	6.138	7.125
1512033830715	1.685	6.359	7.728
1512033830721	1.848	6.359	8.284
1512033830731	1.896	6.416	8.657
1512033830745	1.752	6.186	8.6
1512033830751	1.58	5.918	8.035
1512033830761	1.398	5.784	7.336
1512033830775	1.149	5.717	6.761
1512033830781	1.024	5.631	6.387
1512033830791	0.909	5.64	6.292
1512033830805	0.775	5.775	6.627
1512033830811	0.737	5.899	7.154
1512033830822	0.804	5.937	7.7
1512033830835	1.072	5.966	8.169
1512033830841	1.417	6.071	8.399
1512033830851	1.781	6.138	8.15
1512033830865	1.992	6.148	7.594
1512033830871	2.02	6.119	7.067
1512033830902	1.915	6.052	6.713
1512033830910	1.676	5.985	6.55
1512033830914	1.379	5.928	6.646
1512033830918	1.149	5.899	6.914
1512033830938	1.302	5.976	7.623
1512033830945	1.379	5.956	7.632
1512033830955	1.57	6.033	7.451
1512033830961	1.79	6.186	7.288
1512033830971	2.039	6.311	7.058
1512033830984	2.212	6.435	6.962
1512033830991	2.087	6.464	6.981
1512033831011	1.934	6.435	7.096
1512033831013	1.628	6.273	7.336
1512033831021	1.494	6.119	7.7
1512033831073	1.513	6.004	8.006
1512033831117	1.57	5.937	8.14
1512033831118	1.771	5.976	7.977
1512033831119	1.953	6.033	7.671
1512033831119	2.106	6.052	7.412
1512033831120	2.25	6.014	7.297
1512033831120	2.317	6.004	7.297
1512033831121	2.288	5.995	7.383
1512033831122	2.116	5.928	7.451
1512033831122	1.829	5.803	7.508
1512033831134	1.58	5.64	7.46
1512033831141	1.455	5.449	7.345
1512033831154	1.474	5.382	7.173
1512033831165	1.637	5.478	7.23
1512033831171	1.972	5.727	7.23
1512033831181	2.231	5.909	7.364
1512033831192	2.212	5.956	7.412
1512033831201	2.212	5.956	7.259
1512033831217	2.126	5.937	7.087
1512033831222	1.896	5.899	7.077
1512033831231	1.733	5.794	7.115
1512033831241	1.628	5.64	7.211
1512033831253	1.628	5.573	7.47
1512033831261	1.704	5.64	7.47
1512033831271	1.838	5.755	7.451
1512033831283	2.183	5.899	7.585
1512033831291	2.145	5.976	7.719
1512033831301	1.915	5.966	7.795
1512033831316	1.79	5.87	7.728
1512033831321	1.637	5.765	7.518
1512033831331	1.503	5.688	7.316
1512033831347	1.388	5.669	7.259
1512033831351	1.398	5.669	7.221
1512033831361	1.58	5.66	7.288
1512033831399	1.666	5.707	7.326
1512033831401	1.685	5.794	7.278
1512033831403	1.628	5.851	7.182
1512033831425	1.656	5.889	7.01
1512033831428	1.676	5.899	6.876
1512033831433	1.656	5.727	6.713
1512033831435	1.589	5.813	6.617
1512033831441	1.57	5.842	6.684
1512033831451	1.608	5.947	6.895
1512033831466	1.551	6.014	7.144
1512033831495	1.522	6.091	7.383
1512033831496	1.474	6.119	7.527
1512033831496	1.58	6.225	7.412
1512033831501	1.637	6.292	7.163
1512033831511	1.57	6.33	6.933
1512033831526	1.551	6.378	6.933
1512033831531	1.532	6.445	7.144
1512033831541	1.541	6.474	7.288
1512033831554	1.57	6.483	7.24
1512033831561	1.474	6.589	7.202
1512033831590	1.446	6.675	7.221
1512033831591	1.446	6.684	7.202
1512033831591	1.331	6.665	7.154
1512033831601	1.187	6.589	7.087
1512033831614	1.187	6.541	7.067
1512033831621	1.321	6.636	7.077
1512033831631	1.417	6.704	7.02
1512033831643	1.474	6.79	7.067
1512033831651	1.494	6.838	7.336
1512033831661	1.541	6.818	7.604
1512033831672	1.608	6.751	7.747
1512033831681	1.599	6.675	7.68
1512033831691	1.637	6.608	7.364
1512033831704	1.695	6.579	6.933
1512033831711	1.743	6.608	6.579
1512033831721	1.513	6.684	6.713
1512033831734	1.158	6.608	7.374
1512033831750	1.072	6.435	8.38
1512033831754	1.13	6.186	8.791
1512033831764	1.264	6.148	8.485
1512033831771	1.666	6.426	7.719
1512033831781	2.26	6.761	6.866
1512033831793	2.47	7.039	6.34
1512033831801	2.288	7.23	6.359
1512033831811	1.637	7.173	6.78
1512033831827	1.063	6.895	7.269
1512033831831	0.699	6.55	7.278
1512033831841	0.335	6.311	6.924
1512033831877	0.076	6.244	6.522
1512033831880	-0.019	6.225	6.081
1512033831885	-0.105	6.33	5.956
1512033831891	0.191	6.569	6.464
1512033831893	0.881	6.866	7.211
1512033831901	1.781	7.106	7.537
1512033831916	2.451	7.383	7.565
1512033831921	2.834	7.604	7.374
1512033831932	3.083	7.594	6.225
1512033831945	3.035	7.412	5.803
1512033831951	2.978	7.269	5.324
1512033831961	3.026	7.202	5.152
1512033831974	3.007	7.154	5.449
1512033831981	2.806	7.096	6.474
1512033831991	2.662	6.962	7.7
1512033832002	2.557	6.771	8.715
1512033832011	2.566	6.589	9.098
1512033832021	2.748	6.416	8.715
1512033832034	2.672	6.234	7.719
1512033832058	2.729	6.081	6.502
1512033832059	2.71	6.024	5.564
1512033832064	2.796	6.052	4.884
1512033832071	2.518	6.014	4.587
1512033832081	2.087	5.947	4.788
1512033832110	1.676	5.87	5.411
1512033832111	1.474	5.411	6.167
1512033832111	1.618	5.257	6.617
1512033832124	1.704	5.277	6.723
1512033832131	1.676	5.439	6.378
1512033832141	1.589	5.344	5.669
1512033832155	1.455	5.248	4.951
1512033832161	1.379	5.171	4.51
1512033832171	1.321	5.219	4.424
1512033832184	1.177	5.296	4.692
1512033832206	1.043	5.315	5.133
1512033832207	0.727	5.286	5.564
1512033832211	0.363	5.267	5.765
1512033832221	0.114	5.305	5.679
1512033832231	0.095	5.516	5.43
1512033832245	0.249	5.956	5.181
1512033832251	0.459	6.435	4.932
1512033832261	0.699	6.761	4.778
1512033832275	0.948	6.981	4.884
1512033832313	1.072	7.192	5.391
1512033832314	1.168	7.307	6.177
1512033832315	1.359	7.278	6.866
1512033832315	1.589	7.249	7.269
1512033832321	1.685	7.23	7.278
1512033832339	1.637	7.106	7.048
1512033832354	1.647	6.962	6.79
1512033832357	1.752	6.847	6.617
1512033832371	1.676	6.694	6.665
1512033832372	1.685	6.55	6.885
1512033832384	1.848	6.464	7.24
1512033832396	2.078	6.435	7.537
1512033832401	2.145	6.368	7.68
1512033832413	2.221	6.349	7.613
1512033832427	2.068	6.244	7.518
1512033832431	1.608	6.043	7.489
1512033832441	1.015	5.889	7.69
1512033832456	0.526	5.669	8.006
1512033832461	0.22	5.363	8.169
1512033832471	0.0	5.19	8.236
1512033832481	-0.095	5.229	8.245
1512033832491	0.162	5.526	8.121
1512033832501	0.555	5.889	7.719
1512033832514	0.794	6.158	7.336
1512033832521	0.986	6.349	7.192
1512033832532	1.015	6.407	7.355
1512033832547	0.9	6.426	7.719
1512033832551	0.814	6.32	8.236
1512033832563	0.852	6.1	8.504
1512033832578	0.9	5.918	8.322
1512033832581	1.082	5.88	8.15
1512033832591	1.388	5.966	8.006
1512033832606	1.666	6.024	7.834
1512033832611	2.001	6.081	7.7
1512033832621	2.059	6.1	7.585
1512033832633	1.877	6.062	7.393
1512033832641	1.474	5.966	7.144
1512033832652	1.034	5.88	7.259
1512033832668	0.804	5.813	7.585
1512033832671	0.689	5.736	7.843
1512033832684	0.881	5.707	7.92
1512033832701	0.881	5.784	7.853
1512033832703	0.996	5.87	7.747
1512033832714	1.283	5.966	7.671
1512033832724	1.197	6.024	7.498
1512033832732	1.168	6.033	7.316
1512033832744	1.12	6.071	7.106
1512033832759	1.072	6.148	7.02
1512033832761	0.871	6.177	7.154
1512033832774	0.804	6.043	7.326
1512033832789	0.89	6.119	7.479
1512033832791	1.024	6.273	7.508
1512033832805	1.197	6.205	7.412
1512033832861	1.474	6.205	7.364
1512033832867	1.628	6.34	7.498
1512033832869	1.618	6.282	7.671
1512033832871	1.57	6.158	7.776
1512033832874	1.503	6.024	7.738
1512033832875	1.407	5.87	7.537
1512033832876	1.312	5.688	7.221
1512033832888	1.369	5.583	6.914
1512033832898	1.58	5.621	6.972
1512033832903	1.819	5.669	7.173
1512033832912	1.972	5.688	7.163
1512033832928	1.877	5.727	7.154
1512033832931	1.551	5.765	7.23
1512033832941	1.206	5.679	7.518
1512033832953	1.043	5.535	7.795
1512033832961	0.976	5.382	7.872
1512033832972	0.948	5.344	7.795
1512033832984	1.091	5.439	7.671
1512033832991	1.398	5.602	7.613
1512033833001	1.733	5.765	7.537
1512033833186	1.867	5.842	7.498
1512033833192	1.896	5.832	7.585
1512033833193	1.838	5.803	7.757
1512033833194	1.771	5.765	7.824
1512033833195	1.685	5.707	7.901
1512033833196	1.637	5.707	8.025
1512033833198	1.561	5.64	7.996
1512033833199	1.589	5.65	7.805
1512033833200	1.561	5.679	7.546
1512033833201	1.503	5.64	7.259
1512033833201	1.58	5.612	7.067
1512033833202	1.666	5.64	7.077
1512033833202	1.723	5.516	7.671
1512033833203	1.723	5.516	7.575
1512033833212	1.838	5.526	7.537
1512033833222	1.972	5.573	7.537
1512033833231	2.011	5.64	7.537
1512033833241	2.03	5.669	7.585
1512033833254	1.953	5.631	7.594
1512033833261	1.8	5.602	7.652
1512033833271	1.704	5.535	7.7
1512033833283	1.618	5.497	7.738
1512033833291	1.551	5.458	7.69
1512033833302	1.551	5.439	7.623
1512033833312	1.618	5.439	7.383
1512033833321	1.819	5.506	7.383
1512033833331	2.068	5.621	7.297
1512033833343	2.241	5.707	7.326
1512033833387	2.317	5.736	7.393
1512033833392	2.221	5.736	7.604
1512033833392	2.001	5.66	7.728
1512033833393	1.695	5.554	7.738
1512033833394	1.446	5.458	7.585
1512033833401	1.312	5.411	7.383
1512033833417	1.321	5.411	7.192
1512033833430	1.561	5.478	7.125
1512033833435	1.494	5.535	7.23
1512033833450	1.695	5.593	7.47
1512033833452	1.676	5.66	7.652
1512033833465	1.618	5.679	7.795
1512033833471	1.628	5.679	7.872
1512033833484	1.733	5.66	7.901
1512033833494	1.704	5.612	7.843
1512033833501	1.599	5.401	7.767
1512033833511	1.599	5.516	7.805
1512033833524	1.637	5.497	7.814
1512033833538	1.589	5.468	7.719
1512033833541	1.532	5.43	7.518
1512033833553	1.532	5.391	7.259
1512033833561	1.704	5.401	7.039
1512033833571	1.848	5.411	6.914
1512033833583	2.001	5.458	6.885
1512033833591	2.106	5.516	6.953
1512033833601	2.068	5.545	6.943
1512033833614	1.972	5.602	6.943
1512033833629	1.829	5.593	7.058
1512033833631	1.704	5.573	7.24
1512033833644	1.58	5.506	7.336
1512033833651	1.513	5.468	7.422
1512033833661	1.561	5.468	7.594
1512033833673	1.589	5.497	7.747
1512033833681	1.541	5.487	7.738
1512033833692	1.522	5.497	7.738
1512033833703	1.58	5.545	7.757
1512033833711	1.647	5.583	7.719
1512033833721	1.714	5.669	7.671
1512033833735	1.8	5.698	7.594
1512033833741	1.79	5.727	7.623
1512033833751	1.762	5.707	7.68
1512033833763	1.781	5.669	7.69
1512033833771	1.704	5.679	7.738
1512033833781	1.599	5.688	7.834
1512033833792	1.58	5.66	7.872
1512033833801	1.57	5.64	7.795
1512033833811	1.608	5.698	7.604
1512033833824	1.685	5.784	7.383
1512033833864	1.905	5.899	7.173
1512033833865	2.145	5.995	7.173
1512033833865	2.059	6.11	7.489
1512033833866	1.8	6.167	8.169
1512033833874	1.513	5.995	8.772
1512033833886	1.302	5.765	8.887
1512033833891	1.139	5.64	8.514
1512033833901	1.12	5.583	8.073
1512033833915	1.359	5.688	7.68
1512033833921	1.484	5.88	7.795
1512033833937	1.312	6.081	8.178
1512033833946	1.197	6.253	9.203
1512033833951	1.273	6.177	9.749
1512033833968	1.436	6.033	9.194
1512033833975	1.656	6.014	8.188
1512033833981	2.001	6.225	7.163
1512033833991	2.049	6.301	6.387
1512033834005	1.465	6.435	7.058
1512033834011	1.494	6.541	7.058
1512033834021	1.455	6.435	7.958
1512033834034	1.599	6.349	7.451
1512033834041	1.666	6.359	6.378
1512033834051	1.896	6.464	5.583
1512033834071	1.781	6.531	6.483
1512033834081	1.666	6.589	8.121
1512033834095	1.312	6.474	9.567
1512033834101	1.312	6.474	9.95
1512033834111	1.867	6.483	8.954
1512033834123	1.771	6.646	7.508
1512033834131	1.695	6.828	6.349
1512033834141	1.388	6.981	6.368
1512033834153	0.986	7.202	7.68
1512033834161	0.775	7.383	8.849
1512033834171	0.727	6.933	8.945
1512033834185	0.66	6.866	7.977
1512033834191	0.603	7.039	6.464
1512033834201	0.526	6.905	5.066
1512033834213	0.45	7.077	4.3
1512033834221	0.383	7.269	4.415
1512033834231	0.296	7.374	5.095
1512033834243	0.411	7.403	5.727
1512033834251	0.67	7.393	5.966
1512033834261	0.689	7.364	6.024
1512033834276	0.679	7.173	6.081
1512033834281	0.9	6.991	6.301
1512033834292	1.149	6.905	6.684
1512033834304	1.254	6.818	6.972
1512033834311	1.359	6.694	7.01
1512033834332	1.331	6.55	6.675
1512033834336	1.091	6.349	6.253
1512033834348	1.024	6.196	6.043
1512033834352	0.986	6.052	6.158
1512033834365	0.766	5.889	6.55
1512033834371	0.593	5.66	6.684
1512033834381	0.507	5.554	6.694
1512033834395	0.402	5.583	6.579
1512033834401	0.316	5.478	6.349
1512033834411	0.363	5.334	5.822
1512033834425	0.325	5.248	5.2
1512033834431	0.316	5.277	4.568
1512033834441	0.603	5.315	4.108
1512033834455	0.881	5.391	4.051
1512033834461	1.005	5.564	4.788
1512033834471	1.005	5.679	5.966
1512033834485	0.9	5.602	6.636
1512033834491	0.766	5.411	6.502
1512033834501	0.574	5.296	5.889
1512033834515	0.43	5.42	5.257
1512033834521	0.708	5.717	4.702
1512033834531	1.216	6.119	4.213
1512033834545	1.359	6.512	3.897
1512033834551	1.216	6.751	3.782
1512033834561	1.034	6.799	3.888
1512033834574	0.823	6.761	4.96
1512033834581	0.775	6.723	5.056
1512033834591	0.89	6.704	5.66
1512033834604	1.264	6.761	6.34
1512033834611	1.685	7.01	6.378
1512033834622	2.011	7.278	6.665
1512033834641	2.183	7.336	6.799
1512033834642	2.154	7.23	6.799
1512033834654	2.241	7.297	6.378
1512033834666	2.116	7.297	5.382
1512033834671	2.087	7.202	5.382
1512033834681	2.135	7.125	5.152
1512033834695	2.164	7.106	5.64
1512033834701	2.059	7.106	5.64
1512033834711	1.838	7.096	6.79
1512033834725	1.11	6.914	9.634
1512033834731	1.11	6.531	10.094
1512033834741	0.459	6.071	9.644
1512033834756	-0.114	5.573	8.782
1512033834761	-0.114	5.238	7.805
1512033834771	0.143	5.305	6.962
1512033834784	0.996	5.746	6.454
1512033834791	0.996	6.359	6.378
1512033834817	1.149	6.78	6.694
1512033834820	1.063	6.905	7.451
1512033834822	0.909	6.818	8.389
1512033834838	0.632	6.713	9.107
1512033834842	0.612	6.531	9.289
1512033834851	0.89	6.253	8.992
1512033834862	1.426	5.861	8.427
1512033834875	1.771	6.282	7.834
1512033834881	2.03	6.301	7.489
1512033834891	2.279	6.512	7.518
1512033834909	2.279	6.636	7.738
1512033834911	2.126	6.713	7.958
1512033834923	1.963	6.723	8.035
1512033834936	1.743	6.512	7.68
1512033834941	1.589	6.215	6.943
1512033834951	1.398	5.976	6.081
1512033834965	1.245	5.861	5.257
1512033834971	1.177	5.832	4.932
1512033834981	1.302	5.87	5.2
1512033834996	1.379	5.918	5.813
1512033835001	1.312	5.976	6.713
1512033835011	1.168	5.966	7.518
1512033835025	0.996	5.918	8.016
1512033835031	0.842	5.88	8.063
1512033835041	0.976	5.956	7.872
1512033835056	1.197	5.995	7.479
1512033835061	1.312	5.976	7.077
1512033835071	1.455	5.909	6.924
1512033835086	1.656	5.87	7.221
1512033835091	1.81	5.851	7.69
1512033835101	1.79	5.861	8.245
1512033835116	1.733	5.822	8.485
1512033835121	1.628	5.707	8.226
1512033835131	1.321	5.602	7.604
1512033835146	1.024	5.487	7.106
1512033835151	0.852	5.439	6.924
1512033835161	0.909	5.487	7.211
1512033835176	1.024	5.621	7.623
1512033835181	1.072	5.727	7.91
1512033835192	1.053	5.784	7.968
1512033835204	0.928	5.832	7.881
1512033835216	0.804	5.842	7.767
1512033835222	0.909	5.842	7.786
1512033835236	1.11	5.842	7.881
1512033835241	1.13	5.794	8.016
1512033835251	1.091	5.717	7.987
1512033835271	0.919	5.65	7.834
1512033835282	0.996	5.66	7.613
1512033835304	1.043	5.698	7.451
1512033835311	1.12	5.717	7.393
1512033835312	1.292	5.775	7.623
1512033835332	1.647	5.822	8.13
1512033835336	1.915	5.889	8.456
1512033835350	1.972	5.87	8.389
1512033835359	1.81	5.775	8.016
1512033835362	1.513	5.707	7.585
1512033835372	1.35	5.65	7.441
1512033835393	1.388	5.602	7.575
1512033835401	1.465	5.621	7.728
1512033835402	1.589	5.688	7.565
1512033835423	1.819	5.755	7.297
1512033835424	1.762	5.813	7.144
1512033835434	1.857	5.842	7.134
1512033835452	1.877	5.803	7.288
1512033835453	1.915	5.736	7.585
1512033835461	1.886	5.669	7.728
1512033835477	1.752	5.573	7.757
1512033835481	1.446	5.554	7.805
1512033835492	1.292	5.602	7.91
1512033835505	1.235	5.564	7.977
1512033835511	1.254	5.449	8.016
1512033835525	1.292	5.305	7.843
1512033835535	1.283	5.286	7.68
1512033835541	1.254	5.353	7.642
1512033835553	1.197	5.391	7.987
1512033835565	1.283	5.439	8.715
1512033835571	1.359	5.497	9.376
1512033835581	1.446	5.516	9.692
1512033835594	1.407	5.296	9.51
1512033835601	1.417	5.133	8.533
1512033835611	0.948	5.669	5.583
1512033835627	0.747	6.1	4.635
1512033835634	1.13	5.775	5.458
1512033835661	0.775	5.219	6.838
1512033835663	0.612	5.028	8.198
1512033835664	0.804	5.267	8.925
1512033835675	1.235	5.516	8.878
1512033835688	1.369	5.506	8.169
1512033835694	1.379	5.344	7.642
1512033835704	1.446	5.209	7.47
1512033835718	1.618	5.162	7.393
1512033835722	1.666	5.257	7.278
1512033835734	1.551	5.506	7.067
1512033835749	1.369	5.851	6.627
1512033835751	1.072	5.861	6.014
1512033835771	1.024	5.784	6.186
1512033835802	1.398	5.966	6.828
1512033835805	1.57	5.937	7.192
1512033835811	1.618	5.803	7.47
1512033835814	1.618	5.755	7.795
1512033835816	1.618	5.679	7.958
1512033835827	1.589	5.593	7.91
