timestamp	x	y	z
1515361011765	8.743	-3.419	2.681
1515361011786	8.772	-3.399	2.719
1515361011794	8.868	-3.342	2.7
1515361011795	8.964	-3.284	2.729
1515361011811	9.031	-3.17	2.844
1515361011814	9.127	-3.102	2.853
1515361011825	9.146	-3.122	2.892
1515361011838	9.174	-3.16	2.949
1515361011845	9.184	-3.16	3.016
1515361011855	9.088	-3.189	3.074
1515361011867	8.954	-3.265	3.179
1515361011874	8.858	-3.342	3.304
1515361011886	8.782	-3.399	3.399
1515361011894	8.734	-3.39	3.409
1515361011905	8.638	-3.371	3.313
1515361011916	8.494	-3.38	3.246
1515361011931	8.389	-3.39	3.15
1515361011934	8.37	-3.428	3.083
1515361011946	8.427	-3.486	3.093
1515361011957	8.542	-3.514	3.141
1515361011965	8.667	-3.486	3.237
1515361011975	8.753	-3.409	3.256
1515361011990	8.81	-3.371	3.246
1515361011994	8.782	-3.39	3.265
1515361012006	8.772	-3.457	3.246
1515361012014	8.801	-3.505	3.256
1515361012028	8.925	-3.572	3.256
1515361012038	9.184	-3.754	3.313
1515361012044	9.385	-3.945	3.533
1515361012061	9.366	-4.156	4.089
1515361012066	9.366	-4.482	4.089
1515361012083	8.533	-4.903	4.003
1515361012085	8.533	-5.324	4.003
1515361012099	7.987	-5.593	4.003
1515361012111	7.613	-5.717	4.271
1515361012114	7.613	-5.736	4.271
1515361012129	8.025	-5.612	4.568
1515361012134	8.025	-5.296	4.568
1515361012148	8.504	-4.434	4.702
1515361012155	8.504	-4.405	4.702
1515361012170	8.581	-3.447	4.798
1515361012174	8.581	-3.38	4.798
1515361012189	8.676	-2.394	4.031
1515361012194	8.676	-2.394	3.419
1515361012206	8.657	-1.561	3.093
1515361012216	8.82	-1.561	2.921
1515361012229	8.667	-1.053	2.834
1515361012234	8.772	-1.053	2.844
1515361012247	8.236	-1.139	3.045
1515361012254	8.236	-1.139	3.352
1515361012267	7.92	-1.426	3.715
1515361012278	7.767	-1.426	4.022
1515361012292	7.757	-1.915	4.194
1515361012295	7.7	-1.915	4.338
1515361012307	7.623	-2.566	4.415
1515361012320	7.537	-2.978	4.434
1515361012324	7.508	-2.978	4.539
1515361012338	7.613	-3.677	4.788
1515361012344	7.786	-3.677	5.008
1515361012356	7.949	-3.476	5.085
1515361012365	7.996	-3.256	4.98
1515361012380	8.016	-3.179	4.865
1515361012384	8.006	-3.179	4.711
1515361012399	8.025	-3.217	4.673
1515361012404	8.092	-3.179	4.654
1515361012416	8.121	-3.102	4.597
1515361012425	8.054	-3.045	4.51
1515361012439	7.91	-3.045	4.3
1515361012444	7.805	-3.093	4.099
1515361012457	7.824	-3.131	3.984
1515361012464	7.929	-3.112	3.897
1515361012475	8.073	-2.978	3.955
1515361012485	8.236	-2.796	4.041
1515361012496	8.274	-2.652	4.06
1515361012505	8.15	-2.71	3.926
1515361012521	8.178	-2.988	3.821
1515361012525	8.063	-3.275	3.792
1515361012534	8.341	-3.39	3.84
1515361012548	8.868	-3.438	3.878
1515361012554	9.395	-3.495	4.031
1515361012566	9.596	-3.668	4.204
1515361012575	9.596	-3.83	4.415
1515361012590	9.72	-3.792	4.462
1515361012594	10.065	-3.409	4.309
1515361012608	10.506	-2.786	3.993
1515361012614	10.937	-2.078	3.581
1515361012626	11.358	-1.762	3.074
1515361012636	11.53	-1.992	2.624
1515361012656	11.473	-2.509	2.25
1515361012657	11.31	-3.093	1.905
1515361012672	11.071	-3.715	1.647
1515361012680	10.803	-4.242	1.551
1515361012689	10.534	-4.683	1.541
1515361012699	10.056	-5.104	1.398
1515361012711	9.385	-5.43	1.292
1515361012715	8.696	-5.621	1.072
1515361012727	8.016	-5.669	0.766
1515361012741	7.029	-5.564	0.268
1515361012744	7.106	-5.334	0.268
1515361012757	6.962	-5.066	0.229
1515361012770	6.972	-4.836	0.344
1515361012774	7.039	-4.597	0.344
1515361012789	7.336	-4.453	0.536
1515361012794	7.336	-4.386	0.536
1515361012806	7.613	-4.405	0.804
1515361012817	7.92	-4.549	1.312
1515361012830	8.188	-4.664	1.819
1515361012834	8.312	-4.673	1.714
1515361012845	8.178	-4.664	1.494
1515361012854	7.958	-4.606	1.216
1515361012864	7.824	-4.606	0.871
1515361012877	7.767	-4.625	0.44
1515361012885	7.795	-4.558	0.44
1515361012895	7.987	-4.348	0.191
1515361012908	8.341	-4.166	-0.737
1515361012914	8.676	-4.003	-0.689
1515361012925	8.772	-3.792	-0.804
1515361012935	8.657	-3.505	-0.641
1515361012944	8.494	-3.246	-0.402
1515361012954	8.667	-3.083	-0.469
1515361012965	9.174	-3.093	-0.565
1515361012974	9.826	-3.275	-0.526
1515361012985	10.094	-3.495	0.239
1515361012995	9.95	-3.668	0.651
1515361013004	9.634	-3.792	0.928
1515361013014	9.577	-3.869	1.082
1515361013026	9.883	-3.945	1.13
1515361013034	9.883	-3.964	1.264
1515361013048	9.213	-3.936	1.35
1515361013055	8.906	-3.878	1.331
1515361013071	8.887	-4.309	1.149
1515361013074	9.04	-4.338	1.091
1515361013088	8.945	-5.008	1.216
1515361013094	8.945	-5.008	1.379
1515361013108	9.194	-4.96	1.379
1515361013116	9.596	-4.807	1.359
1515361013131	9.72	-4.529	1.407
1515361013134	9.443	-4.529	1.436
1515361013149	8.897	-3.917	1.426
1515361013154	8.217	-3.763	1.455
1515361013167	7.604	-3.811	1.494
1515361013175	7.345	-4.118	1.465
1515361013190	7.613	-4.453	1.331
1515361013194	8.437	-4.913	1.235
1515361013208	9.625	-5.219	1.359
1515361013214	10.63	-5.344	1.57
1515361013227	11.205	-5.133	1.838
1515361013236	11.32	-4.606	2.116
1515361013254	11.166	-3.974	2.288
1515361013256	10.841	-3.514	2.461
1515361013268	10.324	-3.332	2.585
1515361013283	9.644	-3.38	2.729
1515361013285	9.012	-3.524	2.719
1515361013298	8.6	-3.754	2.681
1515361013304	8.447	-4.012	2.652
1515361013317	8.514	-4.328	2.624
1515361013326	8.839	-4.539	2.48
1515361013341	9.232	-4.51	2.269
1515361013344	9.433	-4.328	1.963
1515361013363	9.481	-4.156	1.647
1515361013365	9.165	-3.984	1.503
1515361013378	8.648	-3.897	1.589
1515361013390	8.265	-3.83	1.838
1515361013397	8.025	-3.936	2.183
1515361013405	7.987	-4.166	2.442
1515361013417	8.054	-4.462	2.662
1515361013430	8.198	-4.692	2.968
1515361013436	8.322	-4.865	3.208
1515361013448	8.255	-4.96	3.438
1515361013454	8.102	-5.028	3.648
1515361013467	7.92	-5.018	3.754
1515361013477	7.805	-4.98	3.782
1515361013491	7.939	-4.798	3.811
1515361013494	8.188	-4.549	3.715
1515361013507	8.466	-4.29	3.514
1515361013514	8.696	-4.06	3.38
1515361013527	8.925	-3.897	3.189
1515361013536	9.04	-3.773	3.055
1515361013547	9.059	-3.658	3.007
1515361013554	8.954	-3.562	3.007
1515361013567	8.696	-3.562	3.045
1515361013574	8.437	-3.601	3.198
1515361013587	8.284	-3.677	3.352
1515361013596	8.226	-3.754	3.486
1515361013607	8.207	-3.754	3.514
1515361013614	8.198	-3.754	3.505
1515361013627	8.178	-3.773	3.514
1515361013634	8.121	-3.869	3.533
1515361013646	8.063	-3.955	3.677
1515361013656	8.063	-4.003	3.591
1515361013666	8.188	-4.06	3.83
1515361013674	8.418	-4.012	3.782
1515361013687	8.6	-3.725	3.725
1515361013694	8.648	-3.715	3.725
1515361013706	8.581	-3.639	3.668
1515361013716	8.437	-3.629	3.62
1515361013726	8.312	-3.696	3.572
1515361013734	8.207	-3.773	3.572
1515361013747	8.226	-3.859	3.61
1515361013754	8.312	-3.878	3.61
1515361013766	8.466	-3.869	3.553
1515361013776	8.638	-3.763	3.553
1515361013786	8.743	-3.629	3.409
1515361013794	8.705	-3.533	3.256
1515361013806	8.418	-3.476	3.15
1515361013815	8.389	-3.428	2.997
1515361013826	8.303	-3.457	3.16
1515361013836	8.255	-3.524	3.332
1515361013846	8.265	-3.639	3.361
1515361013854	8.265	-3.773	3.332
1515361013866	8.073	-3.85	3.371
1515361013874	8.073	-3.897	3.361
1515361013886	7.996	-3.897	3.361
1515361013898	8.303	-3.878	3.304
1515361013905	8.581	-3.869	3.227
1515361013914	8.839	-3.878	3.093
1515361013927	8.897	-3.706	2.959
1515361013934	8.887	-3.811	2.825
1515361013945	8.83	-3.715	2.767
1515361013956	8.772	-3.715	2.71
1515361013965	8.705	-3.668	2.662
1515361013974	8.743	-3.409	2.566
1515361013989	8.801	-3.131	2.576
1515361013994	8.791	-2.825	2.585
1515361014005	8.81	-2.672	2.48
1515361014017	8.839	-2.681	2.365
1515361014025	8.839	-2.892	2.221
1515361014034	8.734	-3.256	2.145
1515361014047	8.619	-3.591	2.241
1515361014054	8.475	-3.744	2.47
1515361014065	8.466	-3.639	2.652
1515361014077	8.763	-3.476	2.537
1515361014096	9.059	-3.371	2.317
1515361014099	9.337	-3.313	2.202
1515361014110	9.443	-3.399	2.03
1515361014118	9.519	-3.581	1.925
1515361014127	9.682	-3.696	1.848
1515361014139	9.902	-3.639	1.522
1515361014145	10.17	-3.505	1.177
1515361014157	10.582	-3.447	0.938
1515361014168	11.08	-3.562	0.814
1515361014174	11.473	-3.897	0.747
1515361014185	11.617	-4.348	0.727
1515361014201	11.626	-4.74	0.689
1515361014205	11.712	-4.989	0.66
1515361014215	11.818	-5.047	0.747
1515361014228	11.732	-4.769	0.996
1515361014234	11.597	-4.338	1.216
1515361014245	11.454	-3.936	1.331
1515361014258	11.166	-3.639	1.254
1515361014265	10.803	-3.533	1.072
1515361014274	10.582	-3.533	0.804
1515361014288	10.41	-3.514	0.517
1515361014294	10.113	-3.428	0.229
1515361014305	9.605	-3.265	0.114
1515361014318	9.146	-3.083	0.076
1515361014325	8.878	-2.892	0.057
1515361014334	8.868	-2.652	-0.143
1515361014348	8.734	-2.547	-0.593
1515361014354	8.341	-2.614	-0.871
1515361014366	7.853	-2.873	-1.072
1515361014379	7.393	-3.275	-1.11
1515361014385	7.01	-3.85	-1.35
1515361014395	6.914	-4.501	-1.618
1515361014410	6.943	-5.123	-2.011
1515361014415	6.866	-5.631	-2.174
1515361014426	6.732	-5.937	-2.135
1515361014440	6.541	-6.11	-1.972
1515361014445	6.273	-6.244	-1.666
1515361014454	6.043	-6.435	-1.331
1515361014467	5.966	-6.636	-1.13
1515361014474	5.928	-6.483	-0.871
1515361014485	6.014	-5.956	-0.574
1515361014497	6.598	-5.296	-0.44
1515361014505	7.47	-4.616	-0.45
1515361014514	8.198	-4.223	-0.383
1515361014527	8.542	-4.051	0.488
1515361014534	8.83	-3.668	0.545
1515361014544	9.337	-2.988	0.44
1515361014559	11.626	-2.432	0.114
1515361014564	11.626	-2.039	0.114
1515361014577	12.028	-1.436	-1.101
1515361014588	12.028	-1.446	-1.101
1515361014597	9.787	-2.288	-0.498
1515361014604	9.787	-2.231	0.114
1515361014619	8.906	-2.643	-0.316
1515361014624	8.906	-2.719	-0.316
1515361014637	9.797	-3.409	-0.268
1515361014647	9.797	-3.428	-0.268
1515361014657	9.778	-3.581	-0.114
1515361014664	9.778	-3.581	0.268
1515361014678	10.257	-3.802	0.747
1515361014684	10.257	-3.802	0.727
1515361014697	12.392	-3.553	0.411
1515361014708	12.392	-3.553	0.335
1515361014717	11.396	-3.035	0.507
1515361014725	10.209	-3.035	0.565
1515361014739	9.605	-2.968	0.651
1515361014744	9.366	-2.968	0.775
1515361014757	9.27	-3.591	0.861
1515361014768	9.299	-3.591	0.842
1515361014776	9.385	-3.926	0.737
1515361014785	9.136	-4.079	0.794
1515361014800	8.935	-4.06	1.015
1515361014805	9.079	-4.089	1.225
1515361014814	9.557	-4.166	1.407
1515361014836	10.305	-4.338	1.551
1515361014843	10.87	-4.462	1.58
1515361014851	10.956	-4.443	1.57
1515361014859	10.726	-4.079	1.58
1515361014867	10.305	-3.447	1.599
1515361014875	9.807	-2.834	1.599
1515361014893	9.404	-2.423	1.618
1515361014899	9.088	-2.241	1.704
1515361014907	8.83	-2.25	1.896
1515361014921	8.638	-2.47	2.078
1515361014924	8.351	-2.844	2.327
1515361014937	8.063	-3.131	2.633
1515361014948	7.987	-3.313	2.806
1515361014957	8.035	-3.447	2.777
1515361014965	8.169	-3.543	2.652
1515361014980	8.236	-3.696	2.518
1515361014984	8.188	-3.897	2.47
1515361014997	8.102	-4.146	2.499
1515361015008	8.102	-4.338	2.557
1515361015017	8.332	-4.453	2.509
1515361015024	8.801	-4.472	2.375
1515361015039	9.308	-4.367	2.164
1515361015044	9.605	-4.175	2.039
1515361015057	9.711	-3.917	1.905
1515361015068	9.759	-3.648	1.819
1515361015077	9.864	-3.419	1.666
1515361015084	10.017	-3.265	1.446
1515361015099	10.094	-3.198	1.331
1515361015104	10.065	-3.17	1.177
1515361015117	10.027	-3.198	1.235
1515361015128	9.931	-3.17	1.264
1515361015136	9.768	-3.141	1.302
1515361015145	9.519	-3.189	1.446
1515361015159	9.213	-3.256	1.608
1515361015164	8.964	-3.361	1.752
1515361015176	8.839	-3.495	1.896
1515361015188	8.849	-3.629	1.982
1515361015196	8.983	-3.811	2.154
1515361015204	9.117	-3.945	2.288
1515361015219	9.232	-4.089	2.269
1515361015224	9.222	-4.213	2.25
1515361015239	8.906	-4.357	2.183
1515361015251	8.906	-4.462	2.183
1515361015256	8.743	-4.424	2.576
1515361015265	8.638	-4.29	2.47
1515361015279	8.667	-4.07	2.633
1515361015284	8.629	-3.878	2.748
1515361015295	8.475	-3.83	2.7
1515361015304	8.255	-3.945	2.557
1515361015315	8.016	-4.204	2.413
1515361015325	7.834	-4.568	2.279
1515361015338	7.69	-4.941	2.202
1515361015344	7.671	-5.248	2.241
1515361015355	7.728	-5.411	2.336
1515361015364	7.872	-5.401	2.461
1515361015375	7.968	-5.296	2.892
1515361015384	7.91	-5.2	2.815
1515361015399	7.719	-5.152	3.332
1515361015404	7.585	-5.162	3.332
1515361015415	7.565	-5.2	3.763
1515361015424	7.767	-5.219	3.763
1515361015435	8.245	-5.152	3.869
1515361015445	8.945	-4.893	3.792
1515361015459	10.094	-4.453	3.62
1515361015464	10.142	-3.907	3.466
1515361015475	10.247	-3.39	3.38
1515361015484	10.247	-3.035	3.265
1515361015495	9.519	-2.901	3.17
1515361015505	9.213	-2.968	3.189
1515361015519	8.925	-3.198	3.208
1515361015524	8.619	-3.476	3.141
1515361015536	8.006	-4.079	3.15
1515361015544	7.546	-4.127	3.256
1515361015555	7.134	-4.711	3.361
1515361015575	6.924	-4.769	3.409
1515361015578	6.866	-4.769	3.361
1515361015594	6.914	-4.97	3.227
1515361015596	6.972	-4.97	3.112
1515361015611	7.077	-5.056	3.055
1515361015614	7.278	-5.056	3.083
1515361015626	7.46	-4.913	3.055
1515361015641	7.594	-4.817	2.988
1515361015648	7.642	-4.529	2.949
1515361015656	7.594	-4.156	2.968
1515361015671	7.556	-3.782	2.921
1515361015676	7.546	-3.495	2.863
1515361015688	7.738	-3.38	2.777
1515361015694	8.198	-3.409	2.691
1515361015707	8.849	-3.495	2.566
1515361015715	9.586	-3.572	2.451
1515361015730	10.305	-3.553	2.327
1515361015734	10.831	-3.409	2.298
1515361015747	11.042	-3.16	2.183
1515361015754	11.004	-2.93	2.174
1515361015767	10.87	-2.796	2.231
1515361015775	10.707	-2.825	2.47
1515361015789	10.573	-2.94	2.777
1515361015794	10.362	-3.074	2.978
1515361015807	10.113	-3.189	3.064
1515361015819	9.845	-3.294	3.026
1515361015830	9.72	-3.38	2.863
1515361015837	9.912	-3.131	2.844
1515361015849	10.486	-2.509	2.595
1515361015854	11.023	-1.743	2.212
1515361015866	11.521	-1.091	2.116
1515361015874	11.846	-1.015	1.925
1515361015886	11.569	-1.292	1.81
1515361015895	10.917	-1.656	1.676
1515361015909	10.554	-2.116	1.704
1515361015914	10.515	-2.681	1.857
1515361015935	10.544	-3.514	2.624
1515361015946	10.439	-3.562	2.94
1515361015955	9.864	-3.323	2.94
1515361015969	9.347	-3.045	2.585
1515361015974	8.782	-2.806	2.02
1515361015986	8.025	-2.672	1.79
1515361015995	7.374	-2.863	1.848
1515361016005	6.751	-3.419	1.896
1515361016017	6.55	-4.491	1.656
1515361016030	6.522	-5.64	1.024
1515361016034	6.617	-6.636	0.66
1515361016046	6.79	-6.713	0.612
1515361016054	6.924	-6.368	0.478
1515361016065	6.885	-5.717	0.986
1515361016075	6.751	-4.913	1.369
1515361016085	6.771	-4.041	1.379
1515361016094	6.895	-3.217	1.206
1515361016106	7.211	-2.786	1.082
1515361016114	7.652	-2.672	1.101
1515361016124	8.169	-2.739	1.015
1515361016136	8.648	-2.93	1.12
1515361016144	8.925	-3.284	1.13
1515361016154	9.04	-3.62	1.015
1515361016166	9.136	-3.811	0.833
1515361016174	9.356	-3.802	0.66
1515361016185	9.625	-3.677	0.545
1515361016196	9.893	-3.409	1.005
1515361016204	10.075	-2.959	1.005
1515361016214	10.324	-2.298	1.388
1515361016225	10.649	-1.494	1.474
1515361016234	11.052	-0.852	1.321
1515361016244	11.147	-0.756	1.197
1515361016256	9.96	-1.206	1.331
1515361016264	9.96	-1.819	1.714
1515361016274	9.031	-2.298	1.963
1515361016286	8.81	-2.413	1.886
1515361016294	8.81	-2.413	1.79
1515361016304	9.988	-2.461	1.589
1515361016323	10.142	-2.719	1.599
1515361016343	9.692	-2.873	1.733
1515361016347	8.858	-2.997	2.423
1515361016370	9.194	-2.758	2.154
1515361016372	10.113	-2.758	1.676
1515361016380	10.917	-2.729	1.331
1515361016384	11.004	-2.729	1.283
1515361016399	10.324	-2.806	1.359
1515361016407	9.385	-2.93	1.407
1515361016423	8.868	-3.074	1.57
1515361016424	8.935	-3.074	1.771
1515361016440	9.308	-3.275	1.733
1515361016445	9.586	-3.284	1.656
1515361016458	9.605	-3.246	1.771
1515361016467	9.27	-3.246	1.944
1515361016481	8.763	-3.39	2.174
1515361016484	8.198	-3.658	2.442
1515361016499	7.834	-4.022	2.767
1515361016504	7.575	-4.453	3.026
1515361016517	7.671	-4.817	3.371
1515361016526	8.178	-4.96	3.629
1515361016542	9.05	-4.692	3.62
1515361016544	10.046	-4.079	3.371
1515361016559	10.822	-3.39	3.112
1515361016564	11.032	-2.786	2.93
1515361016577	10.745	-2.375	2.882
1515361016586	10.237	-2.221	2.786
1515361016600	9.701	-2.317	2.767
1515361016604	9.27	-2.576	2.815
1515361016618	9.012	-2.873	2.901
1515361016624	8.954	-3.074	3.064
1515361016637	9.059	-2.921	3.055
1515361016646	9.318	-2.652	3.007
1515361016660	9.51	-2.461	3.055
1515361016664	9.5	-2.442	3.17
1515361016678	9.299	-2.662	3.179
1515361016684	9.04	-2.901	3.179
1515361016697	8.791	-3.102	3.237
1515361016721	8.408	-3.495	3.342
1515361016724	8.274	-3.706	3.352
1515361016737	8.159	-3.85	3.38
1515361016744	8.073	-3.955	3.419
1515361016756	7.987	-4.003	3.543
1515361016766	7.901	-4.031	3.62
1515361016776	7.862	-4.041	3.668
1515361016784	7.881	-3.993	3.62
1515361016799	8.178	-3.869	3.438
1515361016804	8.178	-3.696	3.438
1515361016815	8.332	-3.524	3.352
1515361016827	8.427	-3.332	3.323
1515361016835	8.494	-3.246	3.313
1515361016859	8.629	-3.217	3.39
1515361016860	8.696	-3.237	3.476
1515361016865	8.753	-3.313	3.486
1515361016875	8.82	-3.352	3.514
1515361016886	8.878	-3.323	3.601
1515361016895	8.897	-3.256	3.706
1515361016904	8.858	-3.17	3.782
1515361016918	8.772	-2.93	3.763
1515361016924	8.676	-2.93	3.763
1515361016935	8.609	-2.834	3.754
1515361016946	8.6	-2.739	3.715
1515361016955	8.638	-2.662	3.696
1515361016964	8.705	-2.585	3.668
1515361016976	8.724	-2.566	3.505
1515361016984	8.724	-2.662	3.505
1515361016996	8.629	-2.853	3.514
1515361017007	8.533	-3.083	3.553
1515361017015	8.456	-3.304	3.581
1515361017024	8.437	-3.486	3.581
1515361017036	8.523	-3.533	3.581
1515361017044	8.523	-3.514	3.428
1515361017055	8.581	-3.505	3.505
1515361017066	8.6	-3.495	3.457
1515361017086	8.552	-3.505	3.38
1515361017089	8.523	-3.505	3.313
1515361017096	8.475	-3.505	3.265
1515361017107	8.475	-3.457	3.217
1515361017119	8.667	-3.361	3.16
1515361017128	8.82	-3.237	3.112
1515361017135	8.973	-2.796	3.016
1515361017162	9.146	-2.748	2.882
1515361017164	9.155	-2.624	2.834
1515361017175	9.203	-2.547	2.739
1515361017188	9.27	-2.547	2.662
1515361017195	9.395	-2.614	2.777
1515361017204	9.443	-2.461	2.758
1515361017216	9.443	-2.537	2.499
1515361017224	9.577	-2.537	2.231
1515361017235	9.739	-2.719	2.059
1515361017247	10.017	-2.604	2.078
1515361017255	10.228	-2.739	2.336
1515361017264	10.4	-2.624	2.576
1515361017276	10.439	-2.461	2.624
1515361017292	10.506	-2.413	2.614
1515361017294	10.707	-2.595	2.355
1515361017308	10.812	-2.93	2.049
1515361017314	10.688	-3.265	2.011
1515361017327	10.439	-3.495	2.212
1515361017338	10.276	-3.543	2.442
1515361017352	10.218	-3.476	2.585
1515361017354	10.305	-3.38	2.595
1515361017368	10.582	-3.332	2.509
1515361017374	10.764	-3.371	2.298
1515361017387	10.726	-3.361	1.982
1515361017397	10.649	-3.237	1.714
1515361017411	10.621	-2.959	1.494
1515361017414	10.735	-2.729	1.254
1515361017427	10.956	-2.633	1.091
1515361017434	11.013	-2.595	1.043
1515361017447	10.592	-2.633	0.957
1515361017456	9.941	-2.815	0.775
1515361017467	9.165	-3.17	0.411
1515361017474	8.37	-3.466	0.076
1515361017487	7.881	-3.773	-0.191
1515361017494	7.805	-4.003	-0.459
1515361017507	7.824	-4.252	-0.737
1515361017516	7.853	-4.424	-1.072
1515361017526	7.719	-4.52	-1.139
1515361017534	7.489	-4.597	-1.063
1515361017547	7.288	-4.692	-0.909
1515361017554	7.249	-4.807	-0.584
1515361017565	7.393	-4.913	-0.373
1515361017577	7.613	-4.999	-0.287
1515361017585	7.623	-5.181	-0.296
1515361017595	7.307	-5.334	-0.229
1515361017608	7.0	-5.344	-0.067
1515361017614	6.962	-5.229	0.086
1515361017625	7.479	-5.018	0.067
1515361017637	8.437	-4.788	-0.028
1515361017645	9.194	-4.462	-0.153
1515361017654	9.414	-3.984	-0.239
1515361017667	9.174	-3.514	-0.239
1515361017674	8.849	-3.304	-0.153
1515361017685	8.83	-3.265	-0.019
1515361017697	9.165	-3.323	-0.258
1515361017705	9.577	-3.486	-0.498
1515361017714	9.711	-3.562	-0.478
1515361017727	9.548	-3.409	-0.229
1515361017734	9.462	-3.246	0.028
1515361017745	9.605	-3.189	0.325
1515361017757	9.969	-3.198	0.603
1515361017765	10.314	-3.237	0.574
1515361017787	10.525	-3.074	0.469
1515361017845	10.314	-2.844	0.363
1515361017846	10.094	-2.806	0.392
1515361017847	9.318	-2.911	0.469
1515361017848	9.385	-3.112	0.612
1515361017869	9.203	-3.246	0.612
1515361017871	9.366	-3.38	0.498
1515361017877	9.653	-3.533	0.498
1515361017878	9.538	-3.514	0.651
1515361017879	9.452	-3.265	0.593
1515361017894	9.443	-3.035	0.536
1515361017898	9.807	-2.94	0.392
1515361017909	9.807	-2.978	0.268
1515361017917	10.084	-3.505	0.316
1515361017925	9.778	-3.505	0.402
1515361017940	9.366	-3.782	0.555
1515361017977	8.992	-3.878	0.785
1515361017978	8.456	-4.108	1.388
1515361017979	8.37	-4.108	1.637
1515361017987	8.36	-4.089	1.963
1515361017998	8.552	-4.089	2.049
1515361018007	8.983	-3.84	1.934
1515361018014	9.347	-3.687	1.781
1515361018029	9.366	-3.581	1.81
1515361018034	9.222	-3.428	1.877
1515361018047	9.021	-3.256	1.944
1515361018060	8.935	-3.122	1.886
1515361018067	9.079	-3.093	1.723
1515361018074	9.184	-3.083	1.608
1515361018089	9.136	-3.083	1.666
1515361018094	8.983	-3.016	1.771
1515361018108	8.878	-3.007	1.934
1515361018117	8.983	-3.064	2.116
1515361018127	9.127	-3.198	2.355
1515361018138	9.615	-3.265	2.518
1515361018149	10.295	-3.371	2.643
1515361018154	10.956	-3.457	2.786
1515361018167	11.233	-3.38	2.968
1515361018180	11.052	-3.15	3.189
1515361018187	10.678	-2.815	3.419
1515361018194	10.372	-2.547	3.629
1515361018208	10.19	-2.394	3.744
1515361018214	10.008	-2.346	3.821
1515361018228	9.682	-2.403	3.907
1515361018238	9.261	-2.49	3.83
1515361018246	8.715	-2.643	3.763
1515361018254	8.236	-2.834	3.658
1515361018271	7.881	-3.102	3.591
1515361018286	7.661	-3.39	3.514
1515361018287	7.565	-3.629	3.543
1515361018297	7.776	-3.763	3.553
1515361018306	7.929	-3.754	3.658
1515361018317	8.169	-3.696	3.601
1515361018334	8.389	-3.601	3.313
1515361018335	8.312	-3.505	3.313
1515361018344	8.083	-3.38	3.342
1515361018359	7.949	-3.122	3.323
1515361018364	7.91	-2.825	3.265
1515361018378	8.054	-2.547	3.476
1515361018386	8.255	-2.202	3.409
1515361018398	8.571	-1.838	3.438
1515361018406	8.839	-1.647	3.409
1515361018419	8.753	-1.637	3.237
1515361018424	8.753	-1.848	3.237
1515361018438	8.59	-2.221	3.514
1515361018448	8.447	-2.672	3.514
1515361018457	8.102	-3.112	4.07
1515361018465	8.159	-3.419	4.07
1515361018479	8.016	-3.658	4.577
1515361018484	8.016	-3.792	4.577
1515361018498	8.102	-3.878	4.482
1515361018509	8.102	-3.897	4.482
1515361018517	8.15	-3.897	4.29
1515361018528	8.13	-3.85	4.29
1515361018541	8.284	-3.725	4.261
1515361018545	8.284	-3.524	4.261
1515361018556	8.475	-3.246	4.271
1515361018571	8.945	-2.901	4.146
1515361018605	8.945	-2.557	4.146
1515361018609	9.079	-2.26	4.022
1515361018618	9.222	-1.905	3.715
1515361018621	9.222	-1.896	3.715
1515361018625	9.452	-1.628	3.399
1515361018627	9.452	-1.58	3.399
1515361018642	9.883	-0.996	2.892
1515361018648	9.883	-1.053	2.739
1515361018660	10.123	-0.9	2.528
1515361018664	10.123	-0.909	2.375
1515361018678	9.864	-1.359	2.49
1515361018690	9.864	-1.359	2.633
1515361018697	9.347	-2.116	2.815
1515361018706	9.347	-2.116	2.997
1515361018719	8.935	-2.71	3.179
1515361018724	8.935	-2.71	3.342
1515361018737	8.858	-3.035	3.543
1515361018748	8.858	-3.035	3.715
1515361018757	8.619	-3.198	3.888
1515361018764	8.427	-3.198	3.984
1515361018780	8.341	-3.217	3.993
1515361018784	8.37	-3.217	3.984
1515361018797	8.475	-3.16	3.964
1515361018808	8.533	-3.16	3.964
1515361018816	8.552	-2.968	3.917
1515361018824	8.542	-2.815	3.897
1515361018838	8.59	-2.825	3.83
1515361018844	8.667	-2.672	3.735
1515361018856	8.753	-2.71	3.677
1515361018869	8.887	-2.672	3.591
1515361018876	9.012	-2.652	3.553
1515361018886	9.098	-2.624	3.457
1515361018899	9.127	-2.566	3.409
1515361018904	9.117	-2.518	3.361
1515361018916	9.098	-2.499	3.294
1515361018928	9.05	-2.423	3.256
1515361018936	8.973	-2.336	3.189
1515361018960	8.945	-2.231	3.208
1515361018961	8.973	-2.154	3.179
1515361018965	8.992	-2.193	3.102
1515361018976	8.935	-2.298	3.074
1515361018988	8.82	-2.461	3.074
1515361018996	8.724	-2.672	3.16
1515361019005	8.705	-2.815	3.246
1515361019019	8.676	-2.968	3.304
1515361019024	8.667	-3.045	3.371
1515361019036	8.743	-3.093	3.486
1515361019048	8.839	-3.122	3.601
1515361019055	8.916	-3.093	3.591
1515361019079	9.117	-2.921	3.447
1515361019088	9.155	-2.873	3.332
1515361019095	9.184	-2.901	3.17
1515361019104	9.232	-2.93	3.064
1515361019115	9.261	-2.978	2.94
1515361019125	9.241	-2.997	2.911
1515361019137	9.222	-3.035	2.844
1515361019144	9.174	-3.083	2.892
1515361019155	9.174	-3.112	2.997
1515361019164	9.174	-3.102	3.026
1515361019175	9.241	-3.026	2.949
1515361019185	9.261	-2.949	2.825
1515361019199	9.299	-2.825	2.662
1515361019204	9.356	-2.719	2.461
1515361019215	9.414	-2.662	2.317
1515361019224	9.481	-2.528	2.384
1515361019235	9.692	-2.202	2.375
1515361019245	10.285	-1.877	1.982
1515361019259	11.387	-1.944	1.158
1515361019264	11.942	-2.375	0.871
1515361019276	11.818	-2.719	1.197
1515361019284	11.176	-2.978	1.762
1515361019295	10.429	-3.198	2.49
1515361019307	10.027	-3.38	2.968
1515361019321	10.017	-3.447	3.083
1515361019355	10.458	-3.553	2.758
1515361019358	11.032	-3.763	2.231
1515361019369	10.324	-3.773	2.049
1515361019373	10.324	-3.476	2.049
1515361019389	9.586	-3.083	1.541
1515361019394	9.586	-2.815	1.541
1515361019398	9.615	-2.624	0.9
1515361019399	9.615	-2.499	0.9
1515361019407	9.376	-2.451	0.699
1515361019414	8.878	-2.557	0.584
1515361019425	8.494	-2.815	0.277
1515361019434	8.36	-3.16	0.191
1515361019445	8.408	-3.553	0.086
1515361019456	8.657	-3.897	0.229
1515361019465	8.619	-4.06	0.201
1515361019474	8.523	-4.156	0.287
1515361019486	8.418	-4.108	0.181
1515361019494	8.226	-4.099	0.028
1515361019504	8.016	-4.099	0.019
1515361019535	7.853	-4.099	-0.105
1515361019536	7.68	-4.175	-0.201
1515361019537	7.134	-4.395	-0.181
1515361019547	6.866	-4.692	0.124
1515361019554	6.713	-4.855	0.287
1515361019565	7.202	-4.644	0.047
1515361019576	8.274	-4.223	-0.162
1515361019585	9.002	-3.926	-0.181
1515361019594	9.194	-3.83	-0.134
1515361019606	9.241	-3.696	-0.038
1515361019614	9.452	-3.438	-0.095
1515361019626	9.73	-2.921	-0.134
1515361019635	9.797	-2.767	-0.095
1515361019649	9.682	-2.71	0.086
1515361019654	9.692	-2.585	0.201
1515361019666	9.988	-2.221	0.191
1515361019674	10.266	-2.03	0.191
1515361019686	10.209	-2.001	0.296
1515361019697	9.739	-2.078	0.43
1515361019706	9.337	-2.202	0.612
1515361019715	9.481	-2.451	0.565
1515361019728	10.036	-2.7	0.44
1515361019734	10.343	-2.853	0.498
1515361019746	10.065	-2.825	0.766
1515361019757	9.538	-2.643	0.909
1515361019772	9.404	-2.461	1.034
1515361019775	9.644	-2.375	1.034
1515361019787	9.96	-2.365	1.015
1515361019794	10.132	-2.403	1.11
1515361019806	9.998	-2.451	1.197
1515361019818	9.883	-2.499	1.34
1515361019832	10.056	-2.566	1.551
1515361019835	10.525	-2.643	1.666
1515361019848	10.783	-2.739	1.733
1515361019854	10.486	-2.748	1.819
1515361019866	9.912	-2.681	1.819
1515361019878	9.356	-2.652	1.781
1515361019892	8.973	-2.71	1.848
1515361019901	8.868	-2.767	1.905
1515361019927	9.27	-2.815	1.963
1515361019928	9.49	-2.901	1.953
1515361019938	9.49	-2.901	1.982
1515361019944	9.318	-2.901	2.03
1515361019955	9.136	-2.815	2.164
1515361019967	9.05	-2.672	2.25
1515361019975	9.059	-2.547	2.269
1515361019984	9.031	-2.509	2.174
1515361020000	8.59	-2.566	2.241
1515361020005	8.59	-2.681	2.241
1515361020019	8.466	-2.815	2.499
1515361020030	9.232	-2.901	2.355
1515361020035	9.203	-3.102	2.355
1515361020048	9.653	-3.352	2.652
1515361020062	9.586	-3.438	2.633
1515361020073	9.586	-3.39	3.064
1515361020109	9.739	-3.284	3.064
1515361020115	10.008	-3.064	3.323
1515361020126	10.601	-2.652	3.668
1515361020132	10.515	-2.145	3.668
1515361020141	10.592	-1.685	3.275
1515361020143	10.515	-1.446	3.275
1515361020145	9.816	-1.436	3.361
1515361020149	9.816	-1.58	3.361
1515361020162	9.165	-1.8	3.639
1515361020165	9.165	-2.068	3.639
1515361020180	8.638	-2.691	3.62
1515361020184	8.638	-2.71	3.62
1515361020197	8.341	-3.141	3.61
1515361020208	8.111	-3.208	3.61
1515361020222	7.987	-3.409	3.735
1515361020224	8.073	-3.495	3.735
1515361020237	8.37	-3.572	3.706
1515361020244	8.38	-3.601	3.706
1515361020257	8.504	-3.811	3.668
1515361020266	8.571	-3.677	3.668
1515361020281	8.561	-3.648	3.648
1515361020284	8.514	-3.648	3.648
1515361020304	8.447	-3.629	3.438
1515361020316	8.504	-3.505	3.505
1515361020325	8.504	-3.505	3.419
1515361020340	8.36	-3.083	3.304
1515361020344	8.36	-3.083	3.217
1515361020357	8.14	-2.892	3.102
1515361020364	8.14	-2.892	3.122
1515361020377	8.083	-2.921	3.227
1515361020388	8.044	-2.921	3.399
1515361020405	8.044	-3.093	3.572
1515361020407	8.054	-3.093	3.792
1515361020418	8.15	-3.217	3.897
1515361020424	8.274	-3.217	3.955
1515361020436	8.389	-3.17	3.936
1515361020448	8.475	-3.17	3.955
1515361020468	8.59	-2.978	4.146
1515361020478	8.657	-2.882	4.166
1515361020493	8.676	-2.825	4.06
1515361020496	8.676	-2.777	3.955
1515361020508	8.629	-2.786	3.897
1515361020524	8.59	-2.853	3.821
1515361020525	8.629	-2.892	3.83
1515361020539	8.724	-2.959	3.897
1515361020544	8.82	-2.997	3.964
1515361020558	8.906	-2.921	3.974
1515361020569	8.954	-2.844	3.945
1515361020586	8.916	-2.796	3.964
1515361020588	8.858	-2.758	3.993
1515361020598	8.753	-2.729	4.031
1515361020614	8.648	-2.729	4.099
1515361020615	8.561	-2.739	4.137
1515361020629	8.523	-2.758	4.204
1515361020644	8.494	-2.767	4.29
1515361020659	8.561	-2.748	4.328
1515361020674	8.6	-2.719	4.357
1515361020675	8.638	-2.691	4.367
1515361020690	8.667	-2.662	4.328
1515361020695	8.696	-2.624	4.261
1515361020708	8.734	-2.633	4.156
1515361020719	8.801	-2.633	4.051
1515361020735	8.83	-2.633	3.964
1515361020736	8.849	-2.643	3.869
1515361020749	8.887	-2.652	3.821
1515361020754	8.887	-2.681	3.706
1515361020767	8.849	-2.748	3.601
1515361020779	8.82	-2.834	3.466
1515361020794	8.782	-2.949	3.38
1515361020796	8.772	-3.093	3.352
1515361020809	8.772	-3.198	3.352
1515361020820	8.753	-3.294	3.38
1515361020828	8.648	-3.332	3.361
1515361020840	8.466	-3.409	3.237
1515361020874	8.466	-3.457	3.237
1515361020879	8.456	-3.533	3.17
1515361020884	8.427	-3.639	3.112
1515361020888	8.437	-3.696	3.102
1515361020890	8.437	-3.744	3.102
1515361020904	8.427	-3.744	3.17
1515361020906	8.475	-3.735	3.17
1515361020919	8.542	-3.744	3.189
1515361020929	8.629	-3.696	3.189
1515361020944	8.686	-3.629	3.15
1515361020953	8.648	-3.601	3.15
1515361020961	8.571	-3.562	3.15
1515361020965	8.561	-3.553	3.15
1515361020976	8.59	-3.572	3.17
1515361020989	8.667	-3.562	3.198
1515361020996	8.667	-3.562	2.988
1515361021004	8.6	-3.553	3.064
1515361021020	8.466	-3.543	2.853
1515361021034	8.609	-3.39	2.796
1515361021048	8.868	-3.361	2.729
1515361021054	8.868	-3.419	2.729
1515361021068	9.174	-3.457	2.767
1515361021078	9.174	-3.486	2.921
1515361021089	8.839	-3.648	2.796
1515361021095	8.839	-3.562	2.796
1515361021108	8.552	-3.399	2.882
1515361021114	8.552	-3.457	3.007
1515361021127	8.83	-3.083	3.035
1515361021136	8.83	-3.083	2.949
1515361021153	9.194	-2.978	2.796
1515361021154	9.347	-2.978	2.777
1515361021169	9.395	-2.853	2.71
1515361021174	9.548	-2.853	2.423
1515361021189	9.701	-2.767	2.068
1515361021195	9.95	-2.767	1.81
1515361021207	10.266	-2.988	1.752
1515361021214	10.582	-2.988	1.915
1515361021230	10.956	-3.064	1.992
1515361021234	11.301	-3.064	1.714
1515361021247	11.435	-3.093	1.474
1515361021257	11.224	-3.093	1.446
1515361021267	10.783	-3.399	1.695
1515361021281	10.621	-3.399	1.915
1515361021292	10.774	-3.122	1.886
1515361021294	11.253	-2.806	1.494
1515361021304	11.856	-2.786	1.005
1515361021319	11.971	-2.949	1.082
1515361021324	11.272	-2.921	1.446
1515361021337	10.295	-2.806	1.57
1515361021347	9.787	-2.844	1.359
1515361021357	9.548	-3.045	1.024
1515361021364	9.232	-3.323	0.814
1515361021378	8.916	-3.514	0.632
1515361021384	8.83	-3.572	0.335
1515361021395	8.667	-3.62	-0.038
1515361021408	8.389	-3.677	-0.296
1515361021415	8.13	-3.629	-0.555
1515361021424	7.881	-3.543	-0.833
1515361021439	7.834	-3.533	-1.043
1515361021444	7.901	-3.687	-1.139
1515361021455	7.929	-3.955	-1.292
1515361021468	7.805	-4.348	-1.225
1515361021475	7.537	-4.759	-1.177
1515361021484	7.163	-5.238	-0.986
1515361021498	6.713	-5.64	-0.66
1515361021504	6.483	-5.87	-0.229
1515361021515	6.493	-5.813	0.373
1515361021529	6.924	-5.391	0.679
1515361021535	7.814	-4.731	0.574
1515361021544	9.05	-4.06	0.076
1515361021568	9.835	-2.94	-0.268
1515361021575	9.672	-2.614	-0.383
1515361021590	9.835	-2.537	-0.842
1515361021594	9.778	-2.748	-0.842
1515361021620	9.644	-3.064	-0.976
1515361021621	9.376	-3.361	-0.948
1515361021642	9.031	-3.629	-0.402
1515361021646	8.715	-3.869	-0.344
1515361021660	9.002	-4.06	-0.277
1515361021667	9.452	-3.974	-0.143
1515361021689	10.285	-3.15	0.009
1515361021694	10.285	-3.17	0.009
1515361021695	10.228	-2.853	0.134
1515361021711	9.308	-2.71	0.373
1515361021714	9.308	-2.691	0.373
1515361021731	9.27	-2.863	0.536
1515361021740	9.969	-3.419	-0.047
1515361021754	10.056	-3.591	0.086
1515361021771	9.481	-3.361	0.804
1515361021774	9.481	-3.227	0.804
1515361021787	9.893	-3.007	1.312
1515361021799	9.893	-2.777	1.312
1515361021807	11.166	-2.662	0.976
1515361021814	11.166	-2.672	0.976
1515361021829	10.716	-2.662	1.158
1515361021834	10.716	-2.633	1.158
1515361021847	9.49	-3.007	1.197
1515361021859	9.49	-2.968	1.197
1515361021867	8.724	-3.907	1.436
1515361021874	8.724	-3.878	1.436
1515361021889	8.504	-4.367	1.8
1515361021894	8.494	-4.367	1.953
1515361021912	8.753	-4.443	1.944
1515361021924	8.657	-4.443	1.972
1515361021927	8.36	-4.118	1.992
1515361021934	8.36	-4.118	2.059
1515361021949	8.322	-4.003	2.078
1515361021954	8.322	-4.003	2.068
1515361021967	9.51	-3.754	1.944
1515361021976	10.429	-3.754	1.656
1515361021986	10.822	-3.83	1.551
1515361021994	10.668	-3.83	1.637
1515361022009	10.218	-3.332	1.8
1515361022014	9.826	-3.342	2.011
1515361022025	9.605	-3.083	2.241
1515361022038	9.471	-3.083	2.423
1515361022045	9.376	-3.083	2.518
1515361022054	9.241	-3.323	2.585
1515361022069	9.05	-3.438	2.643
1515361022078	8.887	-3.572	2.758
1515361022085	8.724	-3.725	2.911
1515361022100	8.648	-3.859	3.064
1515361022104	8.581	-3.993	3.237
1515361022118	8.533	-4.051	3.371
1515361022129	8.514	-4.012	3.313
1515361022137	8.552	-3.888	3.313
1515361022145	8.629	-3.706	3.198
1515361022161	8.619	-3.62	3.064
1515361022164	8.6	-3.581	2.93
1515361022177	8.571	-3.533	2.786
1515361022189	8.514	-3.486	2.662
1515361022197	8.447	-3.447	2.557
1515361022206	8.408	-3.39	2.566
1515361022220	8.475	-3.332	2.624
1515361022224	8.619	-3.361	2.758
1515361022237	8.753	-3.447	2.921
1515361022248	8.801	-3.572	3.083
1515361022257	8.772	-3.677	3.265
1515361022271	8.667	-3.715	3.409
1515361022279	8.466	-3.696	3.486
1515361022284	8.37	-3.648	3.562
1515361022297	8.332	-3.572	3.601
1515361022309	8.38	-3.495	3.61
1515361022317	8.504	-3.438	3.629
1515361022324	8.6	-3.399	3.591
1515361022339	8.638	-3.39	3.581
1515361022346	8.629	-3.399	3.543
1515361022371	8.657	-3.428	3.524
1515361022377	8.696	-3.466	3.524
1515361022382	8.724	-3.466	3.476
1515361022384	8.782	-3.476	3.457
1515361022408	8.83	-3.457	3.428
1515361022408	8.878	-3.428	3.399
1515361022423	8.916	-3.409	3.399
1515361022430	8.897	-3.38	3.399
1515361022437	8.839	-3.361	3.399
1515361022446	8.724	-3.39	3.323
1515361022463	8.619	-3.409	3.275
1515361022465	8.561	-3.457	3.246
1515361022476	8.609	-3.495	3.246
1515361022491	8.676	-3.543	3.208
1515361022499	8.743	-3.601	3.227
1515361022506	8.724	-3.658	3.237
1515361022520	8.619	-3.696	3.093
1515361022524	8.542	-3.754	3.198
1515361022536	8.475	-3.811	3.17
1515361022544	8.447	-3.85	3.141
1515361022556	8.456	-3.907	3.15
1515361022565	8.475	-3.878	3.208
1515361022580	8.523	-3.84	3.294
1515361022584	8.571	-3.802	3.361
1515361022596	8.609	-3.735	3.246
1515361022604	8.533	-3.658	3.352
1515361022615	8.427	-3.62	3.332
1515361022625	8.303	-3.639	3.371
1515361022639	8.198	-3.706	3.524
1515361022644	8.169	-3.802	3.524
1515361022660	8.207	-3.869	3.639
1515361022675	8.284	-3.907	3.629
1515361022685	8.341	-3.85	3.629
1515361022700	8.37	-3.782	3.524
1515361022704	8.38	-3.725	3.524
1515361022715	8.38	-3.668	3.447
1515361022724	8.399	-3.639	3.447
1515361022735	8.609	-3.629	3.399
1515361022745	8.542	-3.658	3.38
1515361022759	8.571	-3.668	3.361
1515361022764	8.571	-3.696	3.275
1515361022775	8.485	-3.715	3.198
1515361022784	8.399	-3.735	3.16
1515361022794	8.351	-3.735	3.15
1515361022804	8.389	-3.725	3.179
1515361022815	8.533	-3.706	3.189
1515361022824	8.571	-3.668	3.16
1515361022835	8.561	-3.668	3.15
1515361022844	8.533	-3.648	3.15
1515361022854	8.523	-3.677	3.16
1515361022865	8.523	-3.715	3.15
1515361022874	8.533	-3.715	3.15
1515361022884	8.59	-3.735	3.141
1515361022896	8.667	-3.792	3.083
1515361022904	8.753	-3.802	3.055
1515361022915	8.82	-3.782	3.026
1515361022925	8.849	-3.782	2.988
1515361022940	8.839	-3.763	2.901
1515361022944	8.849	-3.687	2.834
1515361022955	8.83	-3.562	2.806
1515361022964	8.801	-3.466	2.719
1515361022978	8.839	-3.428	2.662
1515361022986	8.973	-3.342	2.672
1515361023001	9.241	-3.102	2.643
1515361023004	9.471	-2.863	2.461
1515361023018	9.711	-2.71	2.231
1515361023024	9.845	-2.691	2.106
1515361023038	9.941	-2.901	2.011
1515361023046	10.036	-3.275	1.972
1515361023060	9.835	-3.629	2.221
1515361023064	9.615	-3.725	2.298
1515361023078	9.778	-3.553	2.451
1515361023084	10.161	-3.486	2.288
1515361023104	10.554	-3.543	2.039
1515361023105	10.659	-3.562	2.02
1515361023121	10.477	-3.543	2.068
1515361023126	10.199	-3.581	2.049
1515361023139	9.979	-3.687	1.953
1515361023144	9.998	-3.821	1.829
1515361023156	10.094	-4.022	1.723
1515361023172	10.276	-4.137	1.685
1515361023181	10.544	-4.089	1.455
1515361023184	10.573	-3.85	1.072
1515361023199	10.506	-3.505	0.67
1515361023204	10.333	-3.275	0.363
1515361023216	9.988	-3.16	0.191
1515361023225	9.605	-3.237	0.086
1515361023250	9.318	-3.466	0.095
1515361023251	9.002	-3.802	0.181
1515361023258	8.849	-4.031	0.201
1515361023264	8.83	-4.194	0.105
1515361023276	8.935	-4.29	0.0
1515361023286	9.05	-4.261	0.019
1515361023297	8.992	-4.041	-0.019
1515361023304	8.906	-3.735	-0.296
1515361023316	8.849	-3.466	-0.66
1515361023324	8.858	-3.342	-1.043
1515361023335	8.715	-3.419	-1.426
1515361023345	8.6	-3.668	-1.877
1515361023355	8.456	-4.012	-2.059
1515361023364	8.255	-4.415	-2.068
1515361023377	8.006	-5.324	-1.359
1515361023384	7.613	-5.324	-1.359
1515361023395	7.125	-5.775	-0.689
1515361023406	6.656	-6.004	0.086
1515361023415	6.435	-5.889	0.153
1515361023424	6.636	-5.545	0.028
1515361023436	7.182	-5.219	-0.162
1515361023444	7.728	-4.922	-0.162
1515361023455	8.092	-4.616	0.0
1515361023466	8.705	-4.233	0.028
1515361023475	8.696	-3.802	-0.229
1515361023484	9.098	-3.438	-0.229
1515361023496	10.19	-3.217	-0.584
1515361023504	10.237	-3.15	-0.584
1515361023515	10.18	-3.217	-0.402
1515361023525	10.199	-3.237	-0.335
1515361023535	10.027	-3.198	-0.43
1515361023545	10.027	-3.074	-0.411
1515361023558	10.18	-2.806	-0.392
1515361023564	10.18	-2.806	-0.287
1515361023576	9.538	-2.959	-0.162
1515361023588	9.28	-2.988	-0.143
1515361023595	9.241	-3.371	-0.057
1515361023605	9.529	-3.782	-0.047
1515361023618	9.835	-3.926	0.047
1515361023634	9.768	-4.022	0.325
1515361023635	9.471	-3.869	0.536
1515361023648	9.203	-3.782	0.66
1515361023663	9.107	-3.562	0.622
1515361023666	9.079	-3.524	0.622
1515361023678	8.973	-3.371	0.708
1515361023693	8.772	-3.466	0.766
1515361023696	8.734	-3.543	0.842
1515361023708	9.241	-3.706	0.747
1515361023723	9.998	-3.993	0.517
1515361023725	10.649	-4.204	0.478
1515361023738	10.87	-4.213	0.555
1515361023753	10.688	-4.003	0.612
1515361023755	10.218	-3.792	0.67
1515361023768	9.625	-3.581	0.833
1515361023783	9.136	-3.313	1.015
1515361023785	9.059	-3.17	0.842
1515361023798	9.28	-3.399	0.66
1515361023813	9.28	-3.677	0.689
1515361023815	9.012	-3.85	0.766
1515361023849	8.734	-3.984	0.89
1515361023853	8.581	-4.118	1.245
1515361023855	8.523	-4.242	1.321
1515361023857	8.456	-4.348	1.484
1515361023878	8.389	-4.472	1.656
1515361023879	8.293	-4.539	1.877
1515361023890	8.102	-4.529	2.269
1515361023894	7.91	-4.443	2.269
1515361023907	7.747	-4.405	2.298
1515361023920	7.7	-4.443	2.269
1515361023933	8.073	-4.558	2.221
1515361023949	8.561	-4.855	2.25
1515361023961	9.27	-4.846	2.403
1515361023965	10.084	-4.654	2.557
1515361023978	10.793	-4.29	2.681
1515361023984	11.233	-3.83	2.691
1515361023997	11.253	-3.352	2.595
1515361024007	10.87	-2.959	2.547
1515361024022	10.362	-2.652	2.518
1515361024024	9.931	-2.49	2.518
1515361024038	9.711	-2.442	2.748
1515361024044	9.634	-2.48	2.739
1515361024057	9.557	-2.576	2.853
1515361024066	9.318	-2.71	2.949
1515361024082	8.954	-2.873	3.217
1515361024084	8.523	-3.035	3.16
1515361024098	7.92	-3.17	3.294
1515361024104	7.92	-3.313	3.294
1515361024116	7.834	-3.428	3.399
1515361024124	7.872	-3.553	3.572
1515361024142	8.035	-3.62	3.668
1515361024144	8.226	-3.648	3.658
1515361024157	8.418	-3.821	3.658
1515361024164	8.533	-3.706	3.62
1515361024177	8.59	-3.754	3.553
1515361024188	8.581	-3.802	3.553
1515361024196	8.6	-3.85	3.687
1515361024205	8.667	-3.859	3.629
1515361024221	8.83	-3.706	3.62
1515361024226	8.83	-3.706	3.543
1515361024235	8.849	-3.629	3.543
1515361024251	8.705	-3.447	3.428
1515361024267	8.552	-3.399	3.39
1515361024280	8.437	-3.352	3.39
1515361024285	8.437	-3.304	3.409
1515361024295	8.447	-3.237	3.409
1515361024313	8.418	-3.246	3.543
1515361024325	8.418	-3.294	3.601
1515361024342	8.485	-3.457	3.581
1515361024355	8.609	-3.514	3.62
1515361024371	8.791	-3.562	3.629
1515361024374	8.791	-3.562	3.601
1515361024388	8.887	-3.61	3.533
1515361024397	8.887	-3.61	3.476
1515361024409	8.935	-3.706	3.39
1515361024416	8.935	-3.706	3.284
1515361024431	8.724	-3.773	3.17
1515361024434	8.571	-3.773	3.045
1515361024446	8.456	-3.945	2.978
1515361024459	8.389	-3.84	2.968
1515361024466	8.341	-3.869	2.949
1515361024479	8.303	-4.089	2.959
1515361024489	8.245	-4.003	3.035
1515361024494	8.169	-4.003	3.112
1515361024506	8.121	-4.003	3.208
1515361024517	8.13	-4.031	3.332
1515361024525	8.188	-4.06	3.438
1515361024534	8.226	-4.031	3.524
1515361024549	8.303	-3.974	3.61
1515361024554	8.351	-3.926	3.668
1515361024565	8.408	-3.897	3.744
1515361024578	8.447	-3.897	3.792
1515361024585	8.437	-3.907	3.859
1515361024625	8.418	-3.907	3.859
1515361024626	8.456	-3.869	3.85
1515361024629	8.542	-3.821	3.869
1515361024634	8.629	-3.792	3.763
1515361024637	8.638	-3.744	3.648
1515361024645	8.6	-3.735	3.572
1515361024655	8.542	-3.696	3.457
1515361024672	8.485	-3.668	3.323
1515361024683	8.418	-3.677	3.208
1515361024689	8.38	-3.715	3.179
1515361024701	8.36	-3.773	3.198
1515361024705	8.36	-3.859	3.227
1515361024715	8.351	-3.955	3.246
1515361024733	8.303	-4.041	3.198
1515361024734	8.284	-4.146	3.16
1515361024760	8.178	-4.29	3.16
1515361024764	8.188	-4.3	3.16
1515361024778	8.226	-4.309	3.17
1515361024794	8.303	-4.28	3.16
1515361024801	8.332	-4.261	3.15
1515361024809	8.341	-4.242	3.141
1515361024819	8.408	-4.213	3.141
1515361024824	8.475	-4.194	3.15
1515361024838	8.504	-4.156	3.198
1515361024848	8.552	-4.089	3.208
1515361024863	8.648	-4.041	3.217
1515361024864	8.6	-4.022	3.189
1515361024879	8.609	-3.984	3.16
1515361024897	8.686	-3.993	3.141
1515361024907	8.763	-3.974	3.15
1515361024917	8.81	-3.926	3.131
1515361024924	8.82	-3.888	3.102
1515361024937	8.772	-3.821	3.045
1515361024944	8.686	-3.792	2.997
1515361024957	8.542	-3.84	2.777
1515361024967	8.475	-3.926	2.815
1515361024977	8.475	-3.945	2.796
1515361024984	8.533	-3.926	2.796
1515361024997	8.561	-3.993	2.729
1515361025004	8.504	-4.031	2.652
1515361025017	8.408	-4.06	2.547
1515361025029	8.341	-4.099	2.547
1515361025036	8.322	-4.108	2.365
1515361025044	8.332	-4.127	2.365
1515361025057	8.351	-3.984	2.442
1515361025064	8.466	-4.108	2.442
1515361025076	8.561	-4.079	2.423
1515361025086	8.638	-4.079	2.423
1515361025097	8.715	-4.223	2.298
1515361025105	8.858	-4.223	2.231
1515361025120	9.031	-4.319	2.174
1515361025124	9.031	-4.319	2.02
1515361025136	9.28	-4.213	2.135
1515361025149	9.385	-3.907	1.934
1515361025156	10.008	-3.524	1.589
1515361025179	9.893	-3.399	1.158
1515361025184	9.739	-3.457	1.12
1515361025196	9.768	-3.677	1.235
1515361025210	10.075	-3.763	1.12
1515361025215	10.362	-3.936	0.928
1515361025226	10.515	-3.85	0.976
1515361025240	10.486	-3.897	1.11
1515361025244	10.314	-3.859	1.331
1515361025256	10.113	-3.821	1.369
1515361025269	9.998	-3.792	1.187
1515361025275	9.998	-4.003	0.938
1515361025285	10.046	-4.156	0.823
1515361025300	10.075	-4.395	0.699
1515361025304	10.056	-4.395	0.612
1515361025316	10.027	-4.271	0.584
1515361025329	9.95	-4.079	0.45
1515361025335	9.826	-3.85	0.316
1515361025346	9.739	-3.639	0.191
1515361025379	9.644	-3.38	0.019
1515361025383	9.672	-2.997	-0.086
1515361025389	9.883	-2.691	-0.545
1515361025392	10.094	-2.7	-1.034
1515361025401	10.065	-2.863	-1.091
1515361025408	9.644	-3.074	-0.919
1515361025421	9.107	-3.419	-0.699
1515361025427	8.648	-3.993	-0.651
1515361025434	8.226	-4.702	-0.555
1515361025450	7.776	-5.391	-0.459
1515361025454	7.269	-5.889	-0.268
1515361025467	6.981	-6.033	-0.076
1515361025480	6.895	-5.899	0.095
1515361025487	6.972	-5.564	0.258
1515361025495	7.269	-5.133	0.229
1515361025510	7.671	-4.711	-0.239
1515361025515	7.881	-4.261	-0.172
1515361025524	8.073	-3.811	-0.392
1515361025539	8.303	-3.495	-0.756
1515361025544	8.533	-3.457	-1.063
1515361025557	8.619	-3.629	-1.225
1515361025569	8.542	-3.773	-1.321
1515361025577	8.293	-3.926	-1.321
1515361025584	8.198	-3.993	-1.187
1515361025598	8.523	-3.964	-1.168
1515361025604	9.088	-4.06	-1.139
1515361025617	9.443	-4.166	-0.881
1515361025628	9.49	-4.012	-0.469
1515361025637	9.615	-3.658	-0.181
1515361025646	10.123	-3.313	-0.153
1515361025661	10.793	-3.112	-0.162
1515361025664	11.08	-3.064	-0.162
1515361025678	10.783	-3.112	0.162
1515361025690	10.362	-3.045	0.124
1515361025697	10.19	-3.055	-0.22
1515361025706	9.969	-3.189	-0.153
1515361025720	9.49	-3.083	0.057
1515361025724	8.954	-3.17	0.057
1515361025737	8.734	-3.16	-0.019
1515361025750	9.146	-3.313	-0.019
1515361025757	9.931	-3.572	-0.229
1515361025765	10.458	-3.773	-0.249
1515361025780	10.343	-3.735	0.057
1515361025784	9.807	-3.505	0.019
1515361025797	9.136	-3.112	0.258
1515361025810	8.609	-3.179	0.258
1515361025815	8.447	-3.284	0.411
1515361025825	8.609	-3.524	0.44
1515361025841	8.839	-3.907	0.488
1515361025845	8.897	-4.252	0.488
1515361025856	8.791	-4.462	0.967
1515361025870	9.251	-4.453	0.996
1515361025874	9.251	-4.261	0.996
1515361025889	10.103	-3.533	1.12
1515361025900	10.103	-3.543	0.967
1515361025908	9.807	-2.834	1.024
1515361025917	9.5	-2.901	0.9
1515361025931	9.079	-3.198	0.842
1515361025940	9.079	-3.102	0.833
1515361025963	8.475	-3.945	0.928
1515361025964	8.293	-4.099	1.187
1515361025965	8.447	-4.099	1.551
1515361025976	8.81	-4.051	1.695
1515361025991	9.299	-3.773	1.781
1515361025995	9.452	-3.773	1.819
1515361026007	9.184	-3.639	1.838
1515361026022	8.734	-3.466	1.8
1515361026025	8.427	-3.466	1.915
1515361026036	8.437	-3.591	2.174
1515361026052	8.964	-3.687	1.963
1515361026056	9.998	-3.84	1.695
1515361026066	10.831	-4.041	1.695
1515361026081	11.119	-3.869	1.896
1515361026085	10.956	-3.409	2.154
1515361026117	10.716	-3.122	2.413
1515361026120	10.486	-2.892	2.576
1515361026124	10.295	-2.806	2.806
1515361026127	10.123	-2.796	2.959
1515361026139	9.902	-2.882	3.083
1515361026154	9.634	-2.959	3.131
1515361026159	9.404	-3.055	3.102
1515361026164	9.165	-3.179	3.15
1515361026177	8.973	-3.284	3.122
1515361026186	8.724	-3.419	3.093
1515361026200	8.59	-3.543	3.026
1515361026204	8.6	-3.524	2.901
1515361026215	8.858	-3.419	2.633
1515361026230	9.079	-3.361	2.327
1515361026234	9.05	-3.447	2.126
1515361026245	8.849	-3.581	2.011
1515361026259	8.638	-3.725	1.944
1515361026264	8.514	-3.763	1.992
1515361026275	8.523	-3.763	2.068
1515361026284	8.542	-3.782	2.26
1515361026294	8.59	-3.859	2.47
1515361026305	8.561	-3.945	2.643
1515361026314	8.552	-4.089	2.796
1515361026324	8.542	-4.185	2.93
1515361026336	8.533	-4.271	3.007
1515361026345	8.514	-4.309	3.064
1515361026355	8.619	-4.213	3.083
1515361026366	8.801	-3.993	3.016
1515361026383	9.04	-3.725	2.882
1515361026385	9.184	-3.419	2.777
1515361026396	9.155	-3.208	2.652
1515361026405	9.021	-3.083	2.614
1515361026418	8.782	-3.112	2.643
1515361026441	8.619	-3.342	2.978
1515361026445	8.523	-3.38	2.978
1515361026456	8.724	-3.419	3.035
1515361026471	8.945	-3.457	3.112
1515361026475	8.945	-3.466	3.112
1515361026487	8.897	-3.457	3.035
1515361026502	8.858	-3.466	2.93
1515361026505	8.849	-3.486	2.93
1515361026517	8.83	-3.543	2.873
1515361026531	8.696	-3.629	2.949
1515361026535	8.696	-3.735	2.949
1515361026547	8.533	-3.859	3.007
1515361026568	8.169	-4.099	3.093
1515361026577	8.169	-4.166	3.093
1515361026592	8.303	-4.175	3.083
1515361026595	8.303	-4.146	3.083
1515361026609	8.59	-4.099	3.102
1515361026614	8.59	-3.964	3.102
1515361026628	8.801	-3.715	2.94
1515361026636	8.801	-3.514	2.901
1515361026652	8.772	-3.256	2.882
1515361026655	8.734	-3.361	2.882
1515361026667	8.686	-3.323	2.94
1515361026682	8.619	-3.505	3.007
1515361026686	8.619	-3.419	3.074
1515361026697	8.561	-3.505	3.112
1515361026712	8.514	-3.591	3.141
1515361026715	8.36	-3.648	3.179
1515361026727	8.447	-3.725	3.189
1515361026742	8.418	-3.782	3.217
1515361026745	8.418	-3.821	3.217
1515361026757	8.399	-3.917	3.227
1515361026772	8.418	-3.984	3.208
1515361026775	8.571	-3.984	3.265
1515361026788	8.743	-3.964	3.275
1515361026802	8.945	-3.735	3.352
1515361026805	9.069	-3.735	3.447
1515361026817	9.098	-3.62	3.486
1515361026832	9.05	-3.505	3.457
1515361026835	9.012	-3.505	3.39
1515361026868	8.954	-3.399	3.284
1515361026873	8.945	-3.246	3.17
1515361026878	8.945	-3.141	3.083
1515361026881	8.964	-2.988	3.007
1515361026896	9.04	-2.949	2.901
1515361026897	9.155	-2.911	2.786
1515361026911	9.203	-2.959	2.7
1515361026914	9.174	-3.074	2.672
1515361026927	9.002	-3.227	2.681
1515361026935	8.801	-3.352	2.758
1515361026950	8.648	-3.476	2.815
1515361026993	8.504	-3.562	2.863
1515361026994	8.418	-3.62	2.911
1515361026995	8.332	-3.706	2.911
1515361026996	8.332	-3.744	2.911
1515361026996	8.38	-3.773	2.921
1515361027009	8.399	-3.754	2.959
1515361027014	8.389	-3.735	2.997
1515361027026	8.341	-3.744	3.045
1515361027034	8.322	-3.763	3.035
1515361027046	8.341	-3.821	3.016
1515361027055	8.437	-3.859	2.949
1515361027069	8.581	-3.811	2.93
1515361027074	8.648	-3.706	2.892
1515361027086	8.686	-3.658	2.863
1515361027094	8.763	-3.61	2.825
1515361027106	8.801	-3.581	2.815
1515361027115	8.839	-3.562	2.748
1515361027157	8.878	-3.553	2.691
1515361027157	9.059	-3.533	2.643
1515361027158	9.289	-3.447	2.624
1515361027159	9.414	-3.38	2.49
1515361027166	9.347	-3.428	2.394
1515361027175	9.098	-3.572	2.384
1515361027190	8.849	-3.735	2.394
1515361027194	8.782	-3.773	2.355
1515361027206	8.897	-3.696	2.25
1515361027214	9.04	-3.668	2.106
1515361027229	9.117	-3.725	1.982
1515361027234	9.098	-3.773	2.011
1515361027245	9.05	-3.706	2.106
1515361027254	9.098	-3.562	1.992
1515361027266	9.404	-3.438	1.685
1515361027274	9.864	-3.543	1.417
1515361027285	10.257	-3.62	1.417
1515361027295	10.486	-3.486	1.503
1515361027305	10.534	-3.265	1.608
1515361027318	10.515	-3.083	1.618
1515361027326	10.419	-2.959	1.599
1515361027334	10.4	-2.949	1.503
1515361027345	10.764	-2.978	1.474
1515361027355	11.301	-2.968	1.494
1515361027365	11.894	-3.016	1.302
1515361027374	12.105	-3.15	1.388
1515361027386	11.425	-3.189	2.26
1515361027394	10.237	-3.074	2.193
1515361027405	9.682	-2.988	1.733
1515361027418	9.711	-2.968	1.781
1515361027425	9.931	-3.083	0.689
1515361027434	9.816	-3.227	0.727
1515361027447	8.485	-3.323	0.402
1515361027454	8.485	-3.361	0.402
1515361027465	8.14	-3.428	0.009
1515361027477	8.552	-3.572	-0.239
1515361027485	8.705	-3.696	-0.383
1515361027494	8.686	-3.715	-0.536
1515361027509	8.169	-3.658	-0.517
1515361027514	8.169	-3.601	-0.603
1515361027525	8.054	-3.639	-0.747
1515361027536	8.121	-3.782	-0.632
1515361027545	8.226	-4.022	-0.526
1515361027554	8.226	-4.146	-0.469
1515361027566	8.791	-4.041	-0.555
1515361027590	8.945	-4.041	-0.679
1515361027599	8.399	-4.099	-0.747
1515361027602	7.795	-4.06	-0.603
1515361027615	7.565	-4.415	-0.316
1515361027617	8.063	-4.415	-0.354
1515361027630	8.973	-4.635	-0.421
1515361027634	9.586	-4.635	-0.421
1515361027645	9.462	-4.204	-0.373
1515361027656	9.107	-3.744	-0.249
1515361027665	8.906	-3.466	-0.047
1515361027674	8.983	-3.284	-0.057
1515361027686	9.251	-3.227	-0.21
1515361027700	9.5	-3.246	-0.21
1515361027704	9.596	-3.141	-0.143
1515361027719	9.749	-2.94	-0.306
1515361027724	10.161	-2.806	-0.325
1515361027737	10.419	-2.691	-0.172
1515361027748	10.573	-2.585	-0.21
1515361027762	10.735	-2.595	-0.249
1515361027764	10.668	-2.71	-0.181
1515361027778	10.352	-2.825	-0.258
1515361027784	10.065	-2.959	-0.153
1515361027801	9.73	-3.064	0.028
1515361027808	9.385	-3.17	0.057
1515361027822	9.127	-3.38	0.086
1515361027825	8.954	-3.581	0.172
1515361027838	8.954	-3.715	0.143
1515361027844	9.232	-3.744	0.086
1515361027857	9.663	-3.648	0.028
1515361027866	9.854	-3.486	0.114
1515361027876	9.749	-3.284	0.153
1515361027885	9.471	-3.16	0.134
1515361027900	9.203	-3.15	0.143
1515361027904	9.136	-3.217	0.124
1515361027917	9.241	-3.332	0.105
1515361027928	9.308	-3.495	0.114
1515361027940	9.337	-3.61	0.22
1515361027966	9.213	-3.735	0.44
1515361027975	8.753	-3.782	0.574
1515361027990	7.901	-3.859	1.216
1515361027995	7.901	-3.878	1.216
1515361028005	7.929	-3.907	1.082
1515361028026	8.782	-4.338	0.871
1515361028035	8.964	-4.319	0.957
1515361028048	9.146	-4.118	1.158
1515361028054	9.529	-3.811	1.158
1515361028068	9.979	-3.352	0.919
1515361028076	10.228	-2.882	0.919
1515361028092	10.199	-2.432	1.11
1515361028095	9.883	-2.106	1.11
1515361028113	9.519	-2.355	1.302
1515361028125	9.969	-2.968	1.292
1515361028140	10.965	-3.696	1.513
1515361028144	10.965	-4.261	1.513
1515361028158	10.745	-4.357	1.934
1515361028171	10.419	-4.099	2.174
1515361028185	10.103	-3.572	2.528
1515361028187	10.103	-3.007	2.71
1515361028205	9.577	-2.528	2.863
1515361028217	9.567	-2.174	2.796
1515361028229	9.021	-2.039	2.758
1515361028244	8.763	-2.241	2.739
1515361028246	8.763	-2.537	2.7
1515361028259	8.571	-2.882	2.547
1515361028270	8.427	-3.495	2.537
1515361028278	8.427	-3.399	2.537
1515361028290	8.523	-3.572	2.47
1515361028296	8.523	-3.572	2.317
1515361028305	8.609	-3.543	2.355
1515361028320	8.629	-3.514	2.327
1515361028325	8.629	-3.466	2.365
1515361028335	8.964	-3.361	2.336
1515361028350	9.289	-3.371	2.327
1515361028354	9.289	-3.371	2.25
1515361028392	9.385	-3.39	2.231
1515361028398	9.385	-3.39	2.25
1515361028402	9.299	-3.38	2.432
1515361028426	9.481	-3.39	2.461
1515361028428	9.548	-3.141	2.643
1515361028429	9.49	-2.988	2.806
1515361028441	9.328	-2.748	2.93
1515361028450	9.127	-2.595	3.045
1515361028461	8.983	-2.432	3.16
1515361028470	8.887	-2.432	3.246
1515361028474	8.849	-2.585	3.371
1515361028488	8.897	-2.518	3.543
1515361028499	9.021	-2.528	3.581
1515361028513	9.079	-2.557	3.581
1515361028515	9.012	-2.576	3.562
1515361028532	8.935	-2.604	3.495
1515361028535	8.964	-2.576	3.419
1515361028545	9.05	-2.432	3.237
1515361028564	9.194	-2.269	3.007
1515361028565	9.308	-2.174	2.863
1515361028575	9.28	-2.231	2.834
1515361028590	9.127	-2.423	2.786
1515361028594	8.954	-2.681	2.901
1515361028604	8.724	-2.959	2.921
1515361028620	8.466	-3.189	2.968
1515361028624	8.332	-3.352	3.064
1515361028638	8.341	-3.419	3.208
1515361028647	8.504	-3.447	3.361
1515361028658	8.696	-3.332	3.524
1515361028664	8.849	-3.141	3.581
1515361028678	8.887	-2.959	3.514
1515361028684	8.868	-2.901	3.419
1515361028698	8.763	-2.93	3.409
1515361028709	8.609	-3.016	3.457
1515361028717	8.504	-3.064	3.466
1515361028727	8.466	-3.016	3.419
1515361028740	8.638	-2.949	3.294
1515361028744	8.571	-2.911	3.294
1515361028755	8.705	-2.892	3.256
1515361028770	8.935	-2.853	3.131
1515361028775	8.801	-2.815	3.131
1515361028785	8.81	-2.786	3.122
1515361028801	8.868	-2.767	3.093
1515361028805	8.868	-2.786	3.093
1515361028815	8.878	-2.815	3.093
1515361028830	8.82	-2.882	3.102
1515361028834	8.82	-2.949	3.102
1515361028845	8.782	-3.007	3.093
1515361028861	8.686	-3.074	3.17
1515361028865	8.686	-3.141	3.17
1515361028875	8.571	-3.198	3.265
1515361028890	8.447	-3.256	3.447
1515361028894	8.447	-3.332	3.447
1515361028909	8.609	-3.38	3.601
1515361028921	8.571	-3.352	3.706
1515361028931	9.069	-3.265	3.735
1515361028945	9.002	-3.064	3.735
1515361028947	9.203	-2.786	3.735
1515361028966	9.337	-2.432	3.677
1515361028967	9.337	-2.126	3.677
1515361028979	9.069	-1.972	3.677
1515361028985	9.069	-1.915	3.677
1515361028997	8.782	-2.011	3.639
1515361029007	8.782	-2.212	3.639
1515361029017	8.705	-2.423	3.591
1515361029025	8.705	-2.604	3.591
1515361029039	8.839	-2.873	3.601
1515361029044	8.839	-2.786	3.601
1515361029057	9.031	-2.796	3.486
1515361029068	9.031	-2.777	3.486
1515361029077	8.858	-2.777	3.524
1515361029085	8.925	-2.767	3.677
1515361029101	8.782	-2.806	3.639
1515361029136	8.715	-2.806	3.572
1515361029146	8.715	-2.911	3.533
1515361029154	8.686	-2.997	3.466
1515361029156	8.878	-3.016	3.313
1515361029161	8.916	-2.777	3.256
1515361029170	9.069	-2.806	3.198
1515361029178	8.983	-2.652	3.141
1515361029189	8.983	-2.652	3.122
1515361029197	8.878	-2.681	3.083
1515361029205	8.791	-2.681	3.064
1515361029219	8.772	-2.739	3.074
1515361029228	8.791	-2.978	3.074
1515361029235	8.906	-2.978	3.035
1515361029250	8.983	-2.978	2.997
1515361029254	9.05	-2.825	2.997
1515361029267	9.107	-2.796	2.968
1515361029278	9.069	-2.767	2.892
1515361029287	8.983	-2.853	2.806
1515361029295	8.839	-2.988	2.7
1515361029311	8.782	-3.198	2.576
1515361029315	8.878	-3.342	2.509
1515361029325	9.098	-3.409	2.518
1515361029341	9.308	-3.486	2.595
1515361029345	9.366	-3.553	2.758
1515361029356	9.232	-3.668	2.911
1515361029371	9.012	-3.802	2.968
1515361029375	8.81	-3.945	2.873
1515361029386	8.81	-3.917	2.652
1515361029401	9.031	-3.629	1.733
1515361029405	9.356	-3.265	1.762
1515361029416	9.634	-2.901	1.388
1515361029432	9.845	-2.652	1.091
1515361029435	9.864	-2.49	1.197
1515361029446	9.835	-2.451	1.043
1515361029462	10.008	-2.442	0.632
1515361029465	10.362	-2.585	0.632
1515361029476	10.783	-2.844	0.498
1515361029491	11.061	-3.102	0.402
1515361029495	11.061	-3.371	0.402
1515361029513	10.831	-3.802	0.44
1515361029522	10.324	-4.348	1.273
1515361029525	9.73	-4.74	1.369
1515361029538	9.289	-4.922	1.819
1515361029548	9.155	-4.884	2.087
1515361029557	9.174	-4.807	2.135
1515361029565	9.107	-4.75	1.829
1515361029579	8.992	-4.673	0.67
1515361029584	8.753	-4.51	0.756
1515361029597	8.533	-4.386	0.316
1515361029611	8.619	-4.252	0.009
1515361029617	8.878	-4.108	-0.335
1515361029626	9.308	-3.974	-0.603
1515361029642	9.634	-3.945	-0.699
1515361029657	9.385	-3.84	-0.747
1515361029673	8.916	-3.744	-0.928
1515361029675	8.916	-3.61	-0.928
1515361029686	9.098	-3.61	-0.909
1515361029702	9.203	-3.782	-0.632
1515361029705	9.203	-4.07	-0.632
1515361029716	9.079	-4.309	-0.373
1515361029732	8.916	-4.491	-0.268
1515361029735	8.916	-4.568	-0.268
1515361029746	9.021	-4.539	-0.402
1515361029761	8.983	-4.472	-0.402
1515361029765	8.983	-4.376	-0.402
1515361029776	8.839	-4.338	-0.727
1515361029792	8.111	-4.568	-0.66
1515361029796	8.111	-4.501	-0.66
1515361029806	7.843	-4.606	-0.507
1515361029822	8.092	-4.692	-0.459
1515361029836	8.456	-4.539	-0.459
1515361029852	9.174	-4.233	-0.574
1515361029855	9.174	-3.964	-0.727
1515361029866	9.155	-3.792	-0.632
1515361029901	8.887	-3.744	-0.584
1515361029905	8.734	-3.792	-0.459
1515361029910	8.715	-3.955	-0.45
1515361029914	8.839	-4.271	-0.44
1515361029918	8.839	-4.252	-0.296
1515361029926	9.021	-4.233	-0.181
1515361029936	9.222	-3.984	-0.22
1515361029944	9.5	-3.658	-0.191
1515361029958	9.596	-3.447	-0.086
1515361029970	9.328	-3.361	0.019
1515361029979	9.174	-3.304	0.143
1515361029987	9.433	-3.275	0.124
1515361029994	9.893	-3.294	0.086
1515361030005	10.199	-3.361	0.143
1515361030023	10.113	-3.332	0.277
1515361030036	9.557	-3.179	0.373
1515361030047	9.452	-3.093	0.344
1515361030054	9.5	-3.246	0.325
1515361030065	9.462	-3.39	0.277
1515361030077	9.261	-3.601	0.287
1515361030086	8.983	-3.782	0.268
1515361030094	8.81	-3.907	0.268
1515361030106	8.782	-4.003	0.325
1515361030114	8.925	-3.984	0.373
1515361030127	9.203	-3.869	0.392
1515361030135	9.462	-3.792	0.402
1515361030149	9.5	-3.706	0.344
1515361030154	9.289	-3.706	0.363
1515361030168	8.992	-3.763	0.421
1515361030174	8.849	-3.821	0.603
1515361030187	8.925	-3.897	0.612
1515361030196	9.184	-3.974	0.517
1515361030212	9.356	-3.907	0.517
1515361030215	9.385	-3.735	0.603
1515361030227	9.289	-3.553	0.574
1515361030241	9.299	-3.457	0.852
1515361030245	9.337	-3.39	0.861
1515361030257	9.596	-3.284	1.015
1515361030272	9.912	-3.141	1.082
1515361030275	10.142	-3.055	1.206
1515361030289	10.103	-2.978	1.331
1515361030294	9.72	-2.873	1.513
1515361030308	9.308	-2.758	1.676
1515361030318	9.002	-2.729	1.838
1515361030331	8.887	-2.796	2.087
1515361030334	9.021	-2.93	2.116
1515361030350	9.625	-3.074	2.25
1515361030354	9.615	-3.179	2.25
1515361030365	9.941	-3.179	2.403
1515361030378	10.19	-3.083	2.528
1515361030385	10.362	-2.911	2.49
1515361030398	10.439	-2.7	2.739
1515361030408	10.381	-2.432	2.719
1515361030422	10.094	-2.231	3.045
1515361030426	10.132	-2.087	3.045
1515361030437	9.941	-2.011	3.294
1515361030456	9.414	-1.992	3.533
1515361030467	9.318	-2.011	3.572
1515361030483	8.839	-2.116	3.533
1515361030485	8.839	-2.221	3.533
1515361030497	8.609	-2.355	3.466
1515361030510	8.274	-2.48	3.294
1515361030517	8.332	-2.576	3.294
1515361030529	8.437	-2.604	3.208
1515361030534	8.437	-2.643	3.208
1515361030548	8.782	-2.672	3.265
1515361030560	8.782	-2.719	3.265
1515361030572	8.743	-2.729	3.246
1515361030587	8.6	-2.672	3.256
1515361030602	8.351	-2.691	3.505
1515361030605	8.351	-2.777	3.811
1515361030617	8.322	-2.882	3.725
1515361030634	8.466	-2.949	3.792
1515361030636	8.466	-2.959	3.792
1515361030670	8.523	-2.94	3.782
1515361030672	8.494	-2.882	3.85
1515361030681	8.418	-2.806	3.821
1515361030684	8.37	-2.691	3.974
1515361030686	8.437	-2.604	3.936
1515361030708	8.485	-2.537	3.917
1515361030710	8.734	-2.461	3.907
1515361030715	8.676	-2.442	3.897
1515361030725	8.868	-2.432	3.802
1515361030737	8.868	-2.413	3.773
1515361030745	9.174	-2.384	3.782
1515361030755	9.433	-2.298	3.744
1515361030767	9.586	-2.212	3.706
1515361030783	9.72	-2.183	3.581
1515361030784	9.567	-2.183	3.476
1515361030798	9.519	-2.269	3.294
1515361030804	9.356	-2.403	3.208
1515361030815	9.222	-2.777	3.064
1515361030826	9.117	-2.777	2.93
1515361030835	9.031	-3.016	2.873
1515361030844	8.954	-3.17	2.844
1515361030857	8.868	-3.083	2.825
1515361030864	8.772	-3.131	2.853
1515361030875	8.667	-3.198	2.873
1515361030886	8.533	-3.227	3.026
1515361030895	8.408	-3.256	3.227
1515361030904	8.36	-3.313	3.409
1515361030916	8.36	-3.332	3.553
1515361030924	8.399	-3.332	3.725
1515361030935	8.466	-3.275	3.792
1515361030946	8.523	-3.141	3.802
1515361030956	8.581	-2.949	3.802
1515361030970	8.619	-2.767	3.735
1515361030985	8.705	-2.633	3.658
1515361030988	8.772	-2.518	3.543
1515361030996	8.839	-2.451	3.447
1515361031008	8.906	-2.451	3.399
1515361031015	8.973	-2.48	3.352
1515361031025	9.04	-2.499	3.342
1515361031038	9.079	-2.537	3.304
1515361031044	9.05	-2.547	3.284
1515361031056	9.04	-2.576	3.265
1515361031068	9.05	-2.604	3.208
1515361031075	9.059	-2.691	3.179
1515361031085	9.04	-2.767	3.198
1515361031098	8.983	-2.892	3.227
1515361031104	8.935	-2.978	3.275
1515361031116	8.868	-3.016	3.284
1515361031128	8.81	-3.026	3.284
1515361031135	8.801	-2.997	3.246
1515361031145	8.83	-3.007	3.227
1515361031158	8.83	-3.016	3.189
1515361031164	8.801	-3.045	3.16
1515361031176	8.743	-3.102	3.131
1515361031189	8.638	-3.112	3.189
1515361031196	8.619	-3.122	3.246
1515361031205	8.59	-3.112	3.275
1515361031218	8.571	-3.083	3.304
1515361031224	8.59	-3.064	3.323
1515361031236	8.609	-3.064	3.332
1515361031248	8.619	-3.055	3.399
1515361031255	8.676	-3.055	3.438
1515361031265	8.743	-3.007	3.495
1515361031278	8.82	-2.968	3.486
1515361031284	8.887	-2.892	3.486
1515361031296	8.935	-2.777	3.438
1515361031308	8.935	-2.691	3.447
1515361031315	8.964	-2.604	3.419
1515361031325	8.983	-2.509	3.409
1515361031338	9.012	-2.442	3.371
1515361031353	9.059	-2.403	3.342
1515361031368	9.098	-2.327	3.313
1515361031383	9.079	-2.355	3.208
1515361031420	8.954	-2.413	3.16
1515361031423	8.887	-2.451	3.15
1515361031430	8.83	-2.413	3.17
1515361031444	8.83	-2.432	3.17
1515361031451	8.667	-2.49	3.17
1515361031455	8.667	-2.557	3.17
1515361031469	8.542	-2.624	3.217
1515361031477	8.542	-2.681	3.217
1515361031489	8.724	-2.786	3.112
1515361031494	8.724	-2.786	2.959
1515361031507	9.194	-2.786	2.911
1515361031520	9.117	-2.786	2.815
1515361031526	9.644	-2.806	2.681
1515361031535	9.644	-2.863	2.509
1515361031550	9.902	-2.834	2.269
1515361031554	9.902	-2.873	2.183
1515361031566	9.768	-2.94	2.231
1515361031582	9.768	-2.93	2.288
1515361031586	9.826	-2.48	2.231
1515361031596	9.902	-2.557	2.011
1515361031609	9.969	-2.164	1.647
1515361031617	10.075	-2.212	1.407
1515361031630	10.065	-2.825	1.436
1515361031638	9.96	-2.825	1.666
1515361031644	9.778	-3.208	2.02
1515361031658	9.835	-3.361	2.174
1515361031667	10.17	-3.361	1.934
1515361031683	10.381	-3.457	1.676
1515361031684	10.237	-3.639	1.685
1515361031699	9.72	-3.706	1.915
1515361031704	9.232	-3.562	2.154
1515361031717	9.079	-3.342	2.059
1515361031728	9.49	-3.189	1.647
1515361031744	10.228	-3.016	1.254
1515361031745	10.994	-2.825	0.909
1515361031759	11.463	-2.652	0.708
1515361031764	11.617	-2.48	0.517
1515361031777	11.262	-2.423	0.392
1515361031789	10.525	-2.451	0.488
1515361031806	9.941	-2.499	0.565
1515361031808	9.625	-2.681	0.555
1515361031817	9.538	-2.997	0.43
1515361031832	9.423	-3.361	0.296
1515361031834	9.136	-3.61	0.268
1515361031849	8.839	-3.735	0.143
1515361031854	8.676	-3.754	-0.019
1515361031867	8.791	-3.725	-0.181
1515361031878	9.05	-3.658	-0.459
1515361031887	9.155	-3.639	-0.622
1515361031894	8.992	-3.658	-0.747
1515361031909	8.648	-3.754	-0.909
1515361031914	8.255	-3.993	-0.996
1515361031927	7.949	-4.204	-1.024
1515361031938	7.728	-4.395	-1.187
1515361031947	7.479	-4.673	-1.312
1515361031954	7.115	-4.951	-1.177
1515361031979	6.895	-4.97	-0.651
1515361031986	7.69	-4.865	-0.708
1515361032000	9.404	-4.711	-0.689
1515361032004	9.404	-4.654	-0.689
1515361032016	9.395	-4.558	-0.679
1515361032028	8.954	-4.453	-0.727
1515361032048	8.533	-4.213	-0.727
1515361032058	8.705	-4.051	-0.66
1515361032067	9.021	-3.754	-0.067
1515361032077	9.337	-3.332	0.009
1515361032088	9.692	-2.921	0.009
1515361032097	9.768	-2.71	0.21
1515361032106	9.854	-2.681	0.249
1515361032125	10.017	-2.796	0.162
1515361032135	10.582	-2.806	0.028
1515361032150	10.678	-2.595	0.296
1515361032154	10.678	-2.451	0.296
1515361032165	10.209	-2.269	0.469
1515361032207	10.036	-2.336	0.545
1515361032209	10.18	-2.576	0.354
1515361032210	10.362	-2.882	0.201
1515361032210	10.142	-3.122	0.411
1515361032220	9.625	-3.237	0.373
1515361032229	9.241	-3.39	0.459
1515361032248	9.328	-3.514	0.641
1515361032260	9.778	-3.457	0.66
1515361032272	10.065	-3.17	0.775
1515361032275	10.065	-3.064	0.928
1515361032288	9.787	-2.882	1.015
1515361032305	9.634	-2.901	1.13
1515361032322	9.577	-3.323	1.206
1515361032329	9.356	-3.524	1.407
1515361032337	9.299	-3.505	1.484
1515361032352	9.299	-3.505	1.513
1515361032358	9.203	-3.428	1.618
1515361032365	9.05	-3.399	1.637
1515361032375	8.715	-3.342	1.656
1515361032389	8.408	-3.361	1.656
1515361032396	8.063	-3.399	1.551
1515361032404	7.795	-3.457	1.551
1515361032419	7.671	-3.735	1.695
1515361032424	7.795	-3.725	1.771
1515361032435	8.025	-3.859	1.925
1515361032449	8.332	-3.936	2.02
1515361032455	8.715	-3.878	2.03
1515361032469	8.964	-3.821	2.011
1515361032478	9.127	-3.821	2.145
1515361032484	9.423	-3.648	2.317
1515361032495	9.979	-3.533	2.48
1515361032508	10.525	-3.428	2.557
1515361032515	10.803	-3.265	2.614
1515361032525	10.621	-3.093	2.691
1515361032536	9.998	-2.921	2.844
1515361032547	9.433	-2.748	3.045
1515361032556	9.079	-2.547	3.237
1515361032571	8.935	-2.442	3.495
1515361032575	8.858	-2.413	3.409
1515361032602	8.82	-2.365	3.639
1515361032616	9.088	-2.375	3.553
1515361032632	9.059	-2.47	3.447
1515361032649	8.992	-2.595	3.438
1515361032664	8.983	-2.585	3.572
1515361032679	8.945	-2.595	3.696
1515361032694	9.012	-2.643	3.792
1515361032709	9.002	-2.844	3.811
1515361032725	8.868	-3.007	3.725
1515361032740	8.858	-3.409	3.687
1515361032756	8.925	-3.533	3.629
1515361032759	8.925	-3.572	3.629
1515361032770	9.012	-3.562	3.591
1515361032786	9.155	-3.466	3.371
1515361032801	9.165	-3.189	3.189
1515361032815	9.117	-2.825	2.825
1515361032827	9.098	-2.729	2.643
1515361032842	8.83	-2.863	2.413
1515361032857	8.676	-2.863	2.403
1515361032875	8.523	-3.15	2.585
1515361032887	8.475	-3.246	2.71
1515361032902	8.293	-3.38	2.892
1515361032917	8.169	-3.61	3.141
1515361032934	8.102	-3.888	3.217
1515361032947	8.188	-3.907	3.342
1515361032963	8.456	-3.964	3.419
1515361032977	8.561	-3.936	3.246
1515361032991	8.734	-3.677	3.304
1515361032997	8.734	-3.763	3.304
1515361033005	8.82	-3.706	3.246
1515361033023	9.098	-3.466	3.15
1515361033025	9.098	-3.486	3.15
1515361033035	9.337	-3.342	3.122
1515361033051	9.347	-3.208	2.978
1515361033054	9.347	-3.131	2.978
1515361033077	8.935	-3.102	2.988
1515361033090	8.935	-3.112	2.988
1515361033096	8.849	-3.131	3.035
1515361033100	8.849	-3.179	3.189
1515361033117	8.763	-3.217	3.208
1515361033119	8.763	-3.304	3.342
1515361033129	8.81	-3.505	3.371
1515361033140	8.81	-3.505	3.313
1515361033147	8.935	-3.476	3.141
1515361033162	8.935	-3.476	3.016
1515361033173	8.81	-3.409	2.882
1515361033174	8.657	-3.409	2.796
1515361033187	8.667	-3.62	2.739
1515361033196	8.514	-3.62	2.681
1515361033207	8.408	-3.936	2.691
1515361033217	8.351	-3.936	2.739
1515361033230	8.408	-3.993	2.739
1515361033234	8.494	-3.993	2.796
1515361033247	8.581	-3.811	2.834
1515361033261	8.686	-3.658	2.863
1515361033267	8.753	-3.495	2.825
1515361033276	8.753	-3.38	2.796
1515361033291	8.715	-3.304	2.806
1515361033296	8.686	-3.342	2.853
1515361033306	8.696	-3.352	2.94
1515361033321	8.753	-3.332	3.016
1515361033324	8.734	-3.275	3.093
1515361033337	8.696	-3.17	3.122
1515361033350	8.629	-3.102	3.15
1515361033357	8.533	-3.074	3.17
1515361033366	8.533	-3.131	3.198
1515361033382	8.542	-3.217	3.256
1515361033384	8.638	-3.284	3.342
1515361033398	8.753	-3.275	3.38
1515361033404	8.878	-3.208	3.447
1515361033418	8.992	-3.16	3.438
1515361033428	9.031	-3.141	3.428
1515361033441	9.05	-3.15	3.342
1515361033444	9.031	-3.15	3.275
1515361033458	8.983	-3.17	3.227
1515361033464	8.935	-3.16	3.217
1515361033477	8.916	-3.131	3.208
1515361033486	8.954	-3.064	3.179
1515361033502	8.992	-3.016	3.15
1515361033504	9.031	-2.901	3.131
1515361033516	9.04	-2.815	3.074
1515361033524	9.069	-2.748	3.026
1515361033534	9.069	-2.7	3.035
1515361033545	9.059	-2.719	2.997
1515361033556	9.069	-2.758	2.978
1515361033564	9.059	-2.796	2.978
1515361033575	9.04	-2.825	2.978
1515361033584	9.04	-2.834	2.988
1515361033595	9.079	-2.911	3.007
1515361033607	9.107	-2.901	3.007
1515361033615	9.098	-2.901	3.045
1515361033639	9.069	-2.911	3.083
1515361033645	9.069	-2.901	3.102
1515361033657	9.04	-2.901	3.141
1515361033670	9.012	-2.882	3.112
1515361033678	9.05	-2.834	3.131
1515361033686	9.069	-2.739	3.122
1515361033698	9.136	-2.662	2.968
1515361033705	9.27	-2.547	2.968
1515361033718	9.596	-2.451	2.844
1515361033731	9.634	-2.298	2.844
1515361033744	9.988	-2.183	2.633
1515361033758	9.902	-2.164	2.624
1515361033776	9.787	-2.202	2.662
1515361033777	9.787	-2.355	2.662
1515361033790	9.567	-2.528	2.652
1515361033806	9.308	-2.691	2.691
1515361033808	9.308	-2.844	2.748
1515361033862	9.146	-2.997	2.748
1515361033874	8.638	-3.17	2.911
1515361033881	8.638	-3.275	2.911
1515361033891	8.265	-3.399	3.102
1515361033897	8.265	-3.409	3.102
1515361033900	8.332	-3.323	3.122
1515361033901	8.332	-3.237	3.122
1515361033902	8.82	-2.988	2.901
1515361033904	8.82	-3.016	2.748
1515361033913	9.51	-2.911	2.499
1515361033915	9.51	-2.959	2.346
1515361033928	10.218	-3.16	2.298
1515361033938	10.218	-3.093	2.336
1515361033963	10.994	-3.217	2.394
1515361033964	10.994	-3.217	2.537
1515361033965	11.348	-3.198	2.863
1515361033998	11.971	-2.633	2.739
1515361033999	12.249	-2.231	2.145
1515361034013	12.009	-2.068	1.551
1515361034014	11.042	-2.068	1.101
1515361034035	9.988	-2.384	0.708
1515361034039	9.184	-2.384	0.21
1515361034048	8.782	-2.767	-0.143
1515361034063	8.542	-2.921	-0.316
1515361034084	8.552	-2.94	-0.469
1515361034086	8.571	-2.94	-0.44
1515361034093	8.571	-3.055	-0.344
1515361034094	8.466	-3.265	-0.277
1515361034107	8.389	-3.706	-0.067
1515361034116	8.169	-4.242	0.239
1515361034134	7.853	-4.759	0.459
1515361034135	7.403	-5.162	0.517
1515361034147	7.048	-5.506	0.603
1515361034162	6.905	-5.803	0.057
1515361034177	7.02	-5.822	-0.181
1515361034190	7.24	-5.65	-0.373
1515361034194	7.422	-5.372	-0.402
1515361034208	7.537	-4.989	-0.172
1515361034214	7.987	-4.635	-0.172
1515361034227	8.609	-4.52	-0.45
1515361034235	8.878	-4.51	-0.498
1515361034251	8.705	-4.367	-0.536
1515361034255	8.619	-4.108	-0.45
1515361034268	8.925	-3.735	-0.229
1515361034274	9.663	-3.332	-0.373
1515361034287	10.582	-3.045	-0.545
1515361034297	10.994	-2.911	-0.459
1515361034314	10.496	-2.853	-0.258
1515361034316	9.739	-2.806	-0.067
1515361034328	9.548	-2.94	-0.095
1515361034343	10.113	-3.304	0.038
1515361034346	10.084	-3.466	0.038
1515361034358	10.17	-3.428	0.114
1515361034373	9.95	-3.313	0.086
1515361034375	9.921	-3.265	0.086
1515361034388	9.797	-3.342	-0.076
1515361034403	9.031	-3.447	-0.019
1515361034406	9.088	-3.399	-0.019
1515361034418	9.031	-3.361	-0.162
1515361034433	9.433	-3.428	-0.249
1515361034435	9.462	-3.514	-0.22
1515361034448	9.462	-3.601	-0.019
1515361034463	8.964	-3.744	0.488
1515361034465	9.069	-3.84	0.488
1515361034479	9.04	-3.754	0.881
1515361034493	9.739	-3.706	1.216
1515361034495	9.797	-3.725	1.216
1515361034508	9.73	-3.658	1.321
1515361034524	8.878	-3.495	1.446
1515361034526	8.916	-3.361	1.446
1515361034537	8.715	-3.284	1.704
1515361034553	9.308	-3.256	1.656
1515361034555	9.337	-3.342	1.656
1515361034588	10.132	-3.524	1.618
1515361034600	10.333	-3.687	1.819
1515361034604	10.333	-3.888	1.819
1515361034606	9.96	-3.964	2.403
1515361034609	9.96	-3.811	2.403
1515361034621	9.548	-3.486	3.093
1515361034627	9.548	-3.035	3.093
1515361034642	9.73	-2.595	3.323
1515361034644	9.73	-2.25	3.323
1515361034662	9.519	-1.848	3.399
1515361034664	9.519	-1.915	3.399
1515361034677	9.031	-2.288	3.294
1515361034687	9.098	-2.202	3.141
1515361034703	8.801	-2.691	3.17
1515361034704	8.81	-2.691	3.17
1515361034717	8.743	-2.959	3.189
1515361034724	8.696	-2.959	3.189
1515361034737	8.523	-3.055	3.122
1515361034751	8.399	-3.208	3.189
1515361034762	8.303	-3.189	3.112
1515361034764	8.303	-3.189	3.102
1515361034777	8.092	-3.533	3.141
1515361034784	7.939	-3.533	3.256
1515361034796	7.881	-3.964	3.313
1515361034806	7.824	-3.964	3.313
1515361034820	7.805	-4.213	3.39
1515361034824	7.881	-4.213	3.457
1515361034837	7.939	-4.29	3.591
1515361034844	8.159	-4.29	3.715
1515361034857	8.456	-3.984	3.629
1515361034868	8.925	-3.581	3.591
1515361034876	9.404	-3.122	3.581
1515361034885	9.615	-2.633	3.505
1515361034900	9.644	-2.336	3.352
1515361034904	9.548	-2.097	3.227
1515361034916	9.366	-2.001	3.083
1515361034929	9.146	-2.001	2.93
1515361034936	8.973	-2.097	2.882
1515361034945	8.887	-2.202	2.997
1515361034962	8.935	-2.269	3.581
1515361034975	9.443	-2.202	3.763
1515361034992	9.845	-2.221	3.955
1515361035005	9.692	-2.384	3.897
1515361035021	9.51	-2.537	3.821
1515361035026	9.328	-2.691	3.773
1515361035037	9.261	-2.825	3.821
1515361035052	9.356	-2.911	3.715
1515361035064	9.318	-2.911	3.533
1515361035079	9.146	-2.959	3.332
1515361035084	8.945	-3.064	3.189
1515361035098	8.782	-3.179	3.074
1515361035106	8.696	-3.323	2.949
1515361035123	8.648	-3.447	2.825
1515361035125	8.619	-3.524	2.796
1515361035137	8.638	-3.543	2.815
1515361035154	8.638	-3.524	2.806
1515361035168	8.456	-3.505	2.777
1515361035184	8.351	-3.476	2.786
1515361035185	8.274	-3.476	2.825
1515361035198	8.274	-3.495	2.892
1515361035214	8.312	-3.543	3.371
1515361035215	8.36	-3.61	3.237
1515361035229	8.38	-3.591	3.371
1515361035244	8.408	-3.553	3.428
1515361035245	8.408	-3.533	3.457
1515361035259	8.437	-3.533	3.505
1515361035274	8.523	-3.533	3.629
1515361035275	8.629	-3.524	3.629
1515361035289	8.696	-3.524	3.677
1515361035304	8.705	-3.533	3.85
1515361035306	8.705	-3.514	3.85
1515361035319	8.676	-3.486	3.926
1515361035334	8.686	-3.495	3.811
1515361035375	8.686	-3.466	3.562
1515361035378	8.715	-3.39	3.447
1515361035383	8.715	-3.294	3.447
1515361035386	8.734	-3.217	3.304
1515361035389	8.705	-3.122	3.045
1515361035400	8.657	-3.122	3.045
1515361035409	8.456	-3.131	2.968
1515361035414	8.456	-3.17	2.968
1515361035428	8.37	-3.227	3.208
1515361035442	8.37	-3.323	3.208
1515361035449	8.408	-3.399	3.553
1515361035457	8.408	-3.505	3.553
1515361035465	8.475	-3.648	3.629
1515361035485	8.552	-3.715	3.658
1515361035488	8.552	-3.725	3.658
1515361035498	8.561	-3.687	3.629
1515361035509	8.552	-3.629	3.658
1515361035515	8.552	-3.581	3.811
1515361035530	8.638	-3.533	3.725
1515361035537	8.638	-3.533	3.706
1515361035544	8.638	-3.553	3.706
1515361035560	8.533	-3.524	3.601
1515361035564	8.533	-3.524	3.533
1515361035577	8.533	-3.495	3.62
1515361035585	8.686	-3.495	3.782
1515361035599	8.945	-3.601	3.993
1515361035604	9.251	-3.601	4.328
1515361035618	9.433	-3.208	4.549
1515361035624	9.548	-3.208	4.491
1515361035638	9.471	-2.451	4.338
1515361035648	9.194	-2.451	4.06
1515361035664	8.724	-1.963	3.495
1515361035666	8.236	-1.963	2.834
1515361035679	7.929	-2.011	2.279
1515361035684	7.814	-2.164	1.925
1515361035698	7.824	-2.461	1.867
1515361035709	7.91	-2.691	1.915
1515361035717	8.063	-2.873	1.982
1515361035728	8.303	-3.045	2.135
1515361035739	8.466	-3.15	2.384
1515361035744	8.561	-3.246	2.672
1515361035758	8.6	-3.294	2.94
1515361035769	8.6	-3.275	3.16
1515361035777	8.494	-3.208	3.39
1515361035787	8.456	-3.016	3.629
1515361035800	8.657	-2.758	3.85
1515361035804	9.021	-2.557	3.869
1515361035817	9.49	-2.528	3.629
1515361035829	9.644	-2.662	3.457
1515361035837	9.739	-2.853	3.284
1515361035847	9.835	-3.122	3.16
1515361035860	9.921	-3.352	3.208
1515361035864	10.151	-3.342	3.361
1515361035875	10.64	-3.122	3.198
1515361035890	11.473	-2.834	2.087
1515361035895	12.364	-2.595	2.059
1515361035905	12.756	-2.643	1.618
1515361035920	10.984	-2.959	2.059
1515361035925	11.013	-3.122	2.068
1515361035935	10.084	-3.064	2.355
1515361035951	10.18	-2.825	2.461
1515361035955	10.18	-2.518	2.461
1515361035965	10.458	-2.231	2.499
1515361035980	10.592	-1.982	2.25
1515361035999	10.573	-1.867	2.25
1515361036016	10.084	-2.02	1.465
1515361036017	9.672	-2.269	1.072
1515361036031	9.27	-2.461	0.363
1515361036044	8.954	-2.643	0.363
1515361036057	8.638	-2.863	-0.517
1515361036058	8.456	-3.093	-0.517
1515361036073	8.121	-3.601	-1.283
1515361036084	8.073	-3.936	-1.398
1515361036102	8.303	-4.271	-1.063
1515361036122	8.255	-4.96	-0.747
1515361036138	8.178	-5.305	-0.067
1515361036140	8.054	-5.612	-0.067
1515361036154	7.336	-5.822	0.191
1515361036161	7.383	-5.889	0.191
1515361036171	6.694	-5.765	0.306
1515361036177	6.78	-5.631	0.306
1515361036196	7.029	-5.535	0.076
1515361036197	7.029	-5.363	0.076
1515361036208	8.016	-5.095	-0.153
1515361036220	8.016	-4.711	-0.325
1515361036227	9.107	-4.223	-0.383
1515361036235	9.107	-3.754	-0.383
1515361036250	9.672	-2.633	-0.277
1515361036264	10.467	-2.25	-0.996
1515361036279	11.827	-2.26	-1.561
1515361036284	11.827	-2.336	-1.561
1515361036297	10.132	-2.346	-0.89
1515361036317	9.107	-2.892	-0.785
1515361036324	9.107	-2.844	-0.478
1515361036339	7.527	-3.457	-0.249
1515361036344	7.527	-3.514	0.086
1515361036358	5.87	-3.993	0.392
1515361036378	9.05	-4.549	0.076
1515361036388	11.664	-4.702	-0.086
1515361036400	12.67	-4.434	0.325
1515361036405	11.492	-4.434	0.919
1515361036416	9.787	-2.614	1.541
1515361036433	9.251	-2.078	1.685
1515361036445	10.984	-2.786	1.005
1515361036461	11.186	-3.399	1.082
1515361036465	10.467	-3.553	1.139
1515361036476	9.701	-3.802	1.273
1515361036491	9.586	-3.735	1.503
1515361036495	10.161	-3.878	1.695
1515361036508	10.697	-4.079	2.011
1515361036522	10.965	-4.166	2.49
1515361036536	10.755	-3.859	2.719
1515361036551	10.554	-3.581	2.758
1515361036555	10.305	-3.332	2.825
1515361036566	9.979	-3.055	2.806
1515361036581	9.557	-2.777	2.528
1515361036585	9.146	-2.624	2.47
1515361036596	8.734	-2.672	2.212
1515361036611	8.427	-2.863	1.848
1515361036615	8.188	-3.16	1.8
1515361036626	8.016	-3.486	1.685
1515361036642	7.929	-3.821	1.608
1515361036656	8.083	-4.213	1.656
1515361036671	8.667	-4.3	1.829
1515361036676	8.782	-4.28	1.829
1515361036686	9.213	-4.252	1.857
1515361036702	9.864	-4.204	1.944
1515361036705	9.759	-4.156	1.953
1515361036716	9.471	-4.118	1.992
1515361036731	8.954	-3.955	2.279
1515361036735	9.012	-3.744	2.202
1515361036749	9.165	-3.591	2.25
1515361036761	9.366	-3.553	2.298
1515361036779	9.395	-3.505	2.212
1515361036791	9.04	-3.409	2.26
1515361036798	8.533	-3.284	2.739
1515361036806	8.15	-3.122	2.71
1515361036821	7.891	-2.949	3.352
1515361036825	7.891	-2.844	3.352
1515361036836	7.939	-2.796	3.581
1515361036851	7.987	-2.825	3.859
1515361036855	7.987	-2.853	3.859
1515361036866	7.977	-2.901	3.945
1515361036881	8.025	-3.016	3.974
1515361036885	8.025	-3.15	3.974
1515361036896	8.169	-3.342	3.85
1515361036911	8.284	-3.514	3.581
1515361036915	8.284	-3.696	3.581
1515361036950	8.255	-3.878	3.457
1515361036957	8.265	-4.051	3.246
1515361036960	8.265	-4.146	3.246
1515361036963	8.14	-4.204	3.227
1515361036983	8.332	-4.099	3.246
1515361036985	8.332	-3.897	3.246
1515361036992	8.696	-3.639	3.208
1515361036997	8.734	-3.361	3.208
1515361037008	8.964	-3.064	3.189
1515361037018	8.964	-2.786	3.189
1515361037033	9.117	-2.499	3.083
1515361037037	9.117	-2.336	3.083
1515361037048	9.423	-2.25	3.083
1515361037062	9.423	-2.174	3.083
1515361037070	9.577	-2.269	3.246
1515361037076	9.577	-2.183	3.246
1515361037091	9.49	-2.394	3.409
1515361037094	9.49	-2.327	3.409
1515361037108	9.232	-2.748	3.744
1515361037120	9.232	-2.614	4.051
1515361037127	8.964	-2.959	4.338
1515361037135	8.964	-2.968	4.568
1515361037150	8.791	-3.246	4.75
1515361037154	8.791	-3.246	4.846
1515361037168	8.763	-3.246	4.769
1515361037174	8.763	-3.246	4.577
1515361037187	8.858	-2.968	4.29
1515361037194	8.858	-2.968	4.003
1515361037209	8.964	-2.604	3.782
1515361037214	8.964	-2.604	3.715
1515361037227	9.136	-2.423	3.715
1515361037234	9.165	-2.423	3.706
1515361037247	9.098	-2.442	3.668
1515361037256	8.954	-2.547	3.601
1515361037272	8.83	-2.672	3.601
1515361037275	8.715	-2.825	3.591
1515361037287	8.638	-3.074	3.687
1515361037301	8.581	-3.227	3.792
1515361037305	8.552	-3.265	3.811
1515361037317	8.494	-3.237	3.754
1515361037331	8.399	-3.227	3.735
1515361037335	8.265	-3.256	3.696
1515361037347	8.159	-3.352	3.763
1515361037361	8.15	-3.495	3.792
1515361037365	8.169	-3.648	3.782
1515361037376	8.217	-3.706	3.754
1515361037385	8.293	-3.687	3.715
1515361037395	8.37	-3.581	3.639
1515361037407	8.504	-3.428	3.591
1515361037414	8.686	-3.265	3.533
1515361037425	8.878	-3.112	3.447
1515361037437	9.04	-3.007	3.371
1515361037444	9.069	-2.93	3.313
1515361037455	9.012	-2.892	3.217
1515361037467	8.897	-2.901	3.16
1515361037475	8.83	-2.988	3.122
1515361037485	8.791	-3.112	3.055
1515361037500	8.81	-3.217	3.045
1515361037504	8.791	-3.304	3.045
1515361037515	8.791	-3.39	3.112
1515361037529	8.753	-3.457	3.189
1515361037534	8.657	-3.514	3.217
1515361037548	8.561	-3.591	3.275
1515361037558	8.456	-3.61	3.265
1515361037572	8.38	-3.639	3.275
1515361037575	8.389	-3.648	3.265
1515361037590	8.619	-3.629	3.237
1515361037594	8.542	-3.61	3.237
1515361037606	8.629	-3.562	3.217
1515361037617	8.715	-3.524	3.237
1515361037632	8.801	-3.466	3.237
1515361037635	8.878	-3.419	3.265
1515361037647	8.878	-3.409	3.246
1515361037681	8.772	-3.409	3.217
1515361037692	8.772	-3.419	3.217
1515361037697	8.734	-3.371	3.208
1515361037699	8.686	-3.323	3.102
1515361037704	8.724	-3.265	3.102
1515361037723	8.925	-3.208	3.074
1515361037724	8.801	-3.15	3.074
1515361037736	8.648	-3.15	2.997
1515361037740	8.696	-3.198	2.997
1515361037755	8.705	-3.16	2.911
1515361037756	8.705	-3.055	2.911
1515361037768	8.743	-3.026	2.93
1515361037782	8.973	-2.988	2.978
1515361037784	8.983	-2.863	2.978
1515361037797	9.146	-2.518	2.739
1515361037804	9.337	-2.528	2.739
1515361037816	9.481	-2.825	2.509
1515361037832	9.481	-2.901	2.509
1515361037839	9.73	-3.668	2.604
1515361037844	10.056	-3.658	2.604
1515361037857	10.257	-3.821	2.959
1515361037864	10.247	-3.821	2.959
1515361037876	10.103	-3.457	3.026
1515361037885	10.199	-3.275	2.719
1515361037900	10.573	-3.294	2.403
1515361037921	10.937	-3.505	2.25
1515361037922	11.004	-3.763	1.982
1515361037928	11.013	-3.811	1.676
1515361037936	10.879	-3.591	1.359
1515361037945	10.879	-3.352	1.158
1515361037961	10.439	-3.16	1.034
1515361037965	10.439	-3.016	0.814
1515361037976	9.596	-3.102	0.517
1515361037984	9.289	-3.064	0.191
1515361037995	8.983	-3.38	-0.134
1515361038010	8.82	-3.39	-0.392
1515361038021	8.734	-3.677	-0.622
1515361038024	8.648	-3.735	-0.785
1515361038050	8.456	-4.156	-0.67
1515361038054	8.389	-4.003	-0.622
1515361038067	8.284	-4.108	-0.66
1515361038074	8.245	-4.012	-0.775
1515361038085	8.15	-4.51	-1.024
1515361038096	7.881	-5.238	-1.359
1515361038105	7.537	-5.947	-1.618
1515361038115	7.23	-6.397	-1.695
1515361038127	7.039	-6.493	-1.331
1515361038134	6.914	-6.34	-0.804
1515361038146	6.857	-5.976	-0.392
1515361038159	6.876	-5.42	-0.363
1515361038166	6.972	-4.941	-0.316
1515361038175	7.355	-4.577	-0.162
1515361038189	7.91	-4.185	-0.181
1515361038194	8.571	-3.84	-0.316
1515361038206	9.27	-3.543	-0.373
1515361038218	9.749	-3.352	-0.354
1515361038225	9.902	-3.179	-0.296
1515361038235	10.103	-2.949	-0.153
1515361038249	10.4	-2.662	-0.086
1515361038255	10.755	-2.394	-0.153
1515361038266	10.841	-2.26	-0.21
1515361038278	10.448	-2.308	-0.067
1515361038285	9.845	-2.442	0.057
1515361038295	9.586	-2.691	0.134
1515361038308	9.902	-3.045	0.057
1515361038314	10.534	-3.275	0.028
1515361038326	10.984	-3.371	0.172
1515361038338	10.85	-3.332	0.325
1515361038346	10.199	-3.275	0.344
1515361038355	9.49	-3.371	0.239
1515361038383	8.935	-3.811	-0.249
1515361038385	8.945	-4.012	-0.143
1515361038398	9.079	-4.108	-0.114
1515361038413	8.983	-4.06	0.124
1515361038447	9.098	-3.888	0.038
1515361038449	8.897	-3.677	0.134
1515361038455	9.031	-3.533	-0.019
1515361038458	9.376	-3.802	-0.105
1515361038478	9.366	-4.108	0.019
1515361038482	9.376	-4.28	0.019
1515361038493	8.81	-4.137	0.43
1515361038494	8.81	-4.166	0.43
1515361038509	8.504	-3.706	1.053
1515361038518	8.638	-3.706	1.053
1515361038525	8.724	-3.533	1.321
1515361038535	8.81	-3.524	1.608
1515361038549	8.906	-3.581	1.838
1515361038554	9.031	-3.639	1.877
1515361038569	9.27	-3.629	1.963
1515361038578	9.5	-3.505	2.116
1515361038586	9.682	-3.332	2.231
1515361038594	9.376	-3.237	2.461
1515361038607	8.619	-3.112	3.102
1515361038614	8.188	-2.921	3.102
1515361038625	8.341	-2.834	4.041
1515361038636	9.059	-2.815	4.003
1515361038645	10.142	-3.007	4.338
1515361038654	10.889	-3.208	4.367
1515361038666	11.042	-3.237	4.51
1515361038674	10.716	-3.007	4.51
1515361038685	10.094	-2.662	4.501
1515361038697	8.954	-2.365	4.482
1515361038705	8.945	-2.174	4.415
1515361038714	8.81	-2.059	4.415
1515361038726	8.399	-1.963	4.309
1515361038734	8.399	-1.819	4.079
1515361038745	8.274	-1.752	3.907
1515361038756	8.274	-1.8	3.821
1515361038765	7.939	-1.934	3.715
1515361038774	7.786	-2.164	3.601
1515361038787	7.652	-2.748	3.62
1515361038794	7.652	-2.719	3.648
1515361038807	7.652	-3.323	3.696
1515361038817	7.767	-3.227	3.763
1515361038825	7.862	-3.466	3.754
1515361038845	7.91	-3.466	3.677
1515361038846	7.901	-3.763	3.639
1515361038854	7.929	-3.917	3.61
1515361038865	7.939	-4.271	3.572
1515361038876	8.035	-4.328	3.514
1515361038885	8.169	-4.319	3.476
1515361038894	8.36	-4.3	3.514
1515361038906	8.581	-4.099	3.505
1515361038914	8.782	-3.84	3.543
1515361038925	9.012	-3.581	3.524
1515361038944	9.241	-3.294	3.457
1515361038945	9.5	-3.064	3.332
1515361038954	9.692	-2.882	3.189
1515361038966	9.768	-2.71	3.064
1515361038974	9.759	-2.595	2.978
1515361038985	9.672	-2.451	2.968
1515361038997	9.557	-2.375	3.026
1515361039005	9.49	-2.317	3.131
1515361039014	9.385	-2.375	3.342
1515361039027	9.251	-2.509	3.514
1515361039034	9.136	-2.729	3.735
1515361039045	9.107	-3.007	3.869
1515361039066	9.069	-3.265	3.964
1515361039067	9.002	-3.409	3.945
1515361039074	8.973	-3.495	3.802
1515361039086	8.925	-3.495	3.61
1515361039099	8.839	-3.476	3.466
1515361039105	8.753	-3.428	3.352
1515361039119	8.494	-3.428	3.007
1515361039124	8.533	-3.457	2.968
1515361039138	8.456	-3.486	2.853
1515361039150	8.447	-3.562	2.844
1515361039160	8.456	-3.629	2.911
1515361039197	8.466	-3.744	3.323
1515361039200	8.437	-3.821	3.457
1515361039209	8.351	-3.878	3.668
1515361039211	8.312	-3.926	3.562
1515361039223	8.341	-3.926	3.514
1515361039225	8.399	-3.859	3.466
1515361039244	8.38	-3.725	3.466
1515361039245	8.38	-3.553	3.466
1515361039256	8.37	-3.438	3.486
1515361039270	8.418	-3.332	3.447
1515361039274	8.418	-3.284	3.447
1515361039285	8.399	-3.284	3.361
1515361039310	8.351	-3.284	3.342
1515361039311	8.341	-3.284	3.342
1515361039318	8.571	-3.323	3.447
1515361039327	8.609	-3.352	3.447
1515361039337	9.002	-3.38	3.342
1515361039344	9.059	-3.399	3.342
1515361039358	9.203	-3.361	3.294
1515361039364	9.222	-3.313	3.237
1515361039375	9.136	-3.275	3.189
1515361039392	8.983	-3.265	3.246
1515361039396	8.772	-3.352	3.486
1515361039404	8.657	-3.466	3.428
1515361039419	8.629	-3.581	3.562
1515361039424	8.696	-3.629	3.648
1515361039435	8.734	-3.696	3.629
1515361039448	8.667	-3.744	3.629
1515361039455	8.561	-3.802	3.495
1515361039464	8.514	-3.859	3.495
1515361039479	8.514	-3.878	3.495
1515361039484	8.619	-3.878	3.495
1515361039495	8.743	-3.811	3.438
1515361039508	8.772	-3.735	3.419
1515361039519	8.667	-3.687	3.342
1515361039529	8.667	-3.677	3.323
1515361039539	8.447	-3.763	3.332
1515361039544	8.447	-3.897	3.342
1515361039555	8.312	-4.213	3.352
1515361039567	8.312	-4.194	3.304
1515361039585	8.217	-4.261	3.198
1515361039586	8.217	-4.213	3.112
1515361039598	8.351	-3.917	2.959
1515361039604	8.427	-3.878	2.911
1515361039615	8.59	-3.466	2.844
1515361039629	8.916	-3.399	2.882
1515361039635	9.404	-3.064	3.102
1515361039644	9.893	-2.604	3.352
1515361039657	10.132	-2.317	3.38
1515361039682	10.257	-2.317	3.323
1515361039683	10.065	-2.7	3.131
1515361039687	9.577	-3.352	2.882
1515361039695	8.925	-3.907	2.595
1515361039704	8.169	-4.367	2.375
1515361039719	7.585	-4.721	2.241
1515361039724	7.221	-4.846	2.384
1515361039735	7.307	-4.692	2.748
1515361039747	7.719	-4.501	2.911
1515361039755	8.14	-4.415	2.901
1515361039785	8.514	-4.386	2.806
1515361039786	8.763	-4.424	2.834
1515361039787	8.887	-4.405	2.786
1515361039795	8.897	-4.338	2.681
1515361039808	9.088	-4.261	2.346
1515361039815	9.567	-4.252	1.867
1515361039824	10.123	-4.194	1.666
1515361039837	10.534	-3.984	1.704
1515361039844	10.745	-3.792	1.771
1515361039856	10.937	-3.648	1.896
1515361039870	11.128	-3.725	1.857
1515361039875	11.052	-4.031	1.915
1515361039886	10.362	-4.223	2.049
1515361039900	9.423	-4.319	1.963
1515361039904	9.05	-4.472	1.57
1515361039937	9.452	-4.731	0.67
1515361039944	9.941	-4.874	-0.162
1515361039947	10.046	-4.769	-0.603
1515361039953	9.596	-4.405	-0.737
1515361039956	9.261	-3.945	-0.689
1515361039972	9.261	-3.629	-0.689
1515361039977	9.366	-3.562	-0.67
1515361039990	8.83	-3.62	-0.641
1515361039994	8.83	-3.725	-0.641
1515361040008	8.332	-3.859	-0.517
1515361040033	7.881	-3.974	-0.478
1515361040034	7.776	-4.223	-0.411
1515361040035	7.881	-4.462	-0.373
1515361040050	7.872	-4.52	-0.21
1515361040054	8.044	-4.309	-0.067
1515361040066	8.427	-3.955	-0.114
1515361040078	9.117	-3.495	-0.383
1515361040086	9.797	-3.035	-1.024
1515361040094	9.921	-2.767	-1.379
1515361040109	9.471	-2.978	-1.407
1515361040119	8.935	-2.978	-1.407
1515361040126	8.456	-3.39	-1.005
1515361040138	8.169	-3.811	-0.622
1515361040146	8.016	-4.118	-0.363
1515361040155	7.632	-4.415	-0.402
1515361040169	7.537	-4.539	-0.766
1515361040174	7.518	-4.539	-0.766
1515361040186	7.949	-4.233	-1.245
1515361040200	8.629	-3.821	-1.254
1515361040212	9.002	-3.399	-0.996
1515361040217	8.945	-3.122	-0.986
1515361040228	8.763	-3.045	-0.737
1515361040234	8.858	-2.997	-0.737
1515361040246	9.385	-2.968	-1.599
1515361040259	10.333	-2.863	-1.599
1515361040265	10.841	-2.825	-1.465
1515361040274	10.276	-3.045	-1.158
1515361040292	7.565	-3.438	-0.852
1515361040302	7.508	-4.051	-0.086
1515361040307	6.579	-4.577	0.459
1515361040318	6.579	-4.529	-0.344
1515361040325	10.965	-4.261	-0.804
1515361040335	12.804	-4.175	-0.134
1515361040350	12.0	-2.499	0.938
1515361040354	9.548	-2.499	1.206
1515361040364	7.7	-1.771	1.034
1515361040379	7.087	-2.853	1.417
1515361040384	7.518	-2.853	1.8
1515361040397	9.347	-4.252	0.996
1515361040408	11.511	-4.252	0.689
1515361040417	12.076	-5.449	1.446
1515361040425	11.233	-4.683	2.442
1515361040439	10.601	-3.83	3.189
1515361040444	10.956	-3.217	3.907
1515361040457	12.124	-2.921	4.865
1515361040468	13.35	-2.71	6.34
1515361040477	13.906	-2.643	7.585
1515361040484	13.149	-2.806	8.083
1515361040499	11.53	-3.198	8.121
1515361040504	9.874	-3.648	8.054
1515361040517	8.849	-3.974	7.68
1515361040528	8.494	-4.031	7.087
1515361040537	8.743	-3.773	6.464
1515361040547	9.318	-3.265	5.765
1515361040560	9.96	-2.624	5.305
1515361040564	10.697	-1.972	5.085
1515361040577	11.329	-1.359	4.778
1515361040588	11.674	-0.967	4.338
1515361040596	11.444	-0.967	3.85
1515361040604	10.716	-1.388	3.495
1515361040618	9.902	-2.078	3.371
1515361040624	9.385	-2.767	3.447
1515361040635	9.117	-3.371	3.878
1515361040669	8.992	-3.696	4.395
1515361040684	8.772	-3.802	4.98
1515361040688	8.561	-3.792	5.401
1515361040695	8.217	-3.677	5.698
1515361040697	7.776	-3.562	5.851
1515361040699	7.211	-3.524	5.899
1515361040707	6.818	-3.39	5.842
1515361040715	6.569	-3.16	5.765
1515361040726	6.205	-2.834	5.545
1515361040734	6.062	-2.633	5.506
1515361040744	5.985	-2.547	5.545
1515361040756	5.775	-2.557	5.526
1515361040767	5.353	-2.681	5.526
1515361040775	4.855	-2.892	5.564
1515361040799	3.984	-3.342	5.765
1515361040804	3.629	-3.476	5.899
1515361040815	3.533	-3.572	5.985
1515361040824	3.744	-3.629	6.033
1515361040838	4.156	-3.687	6.081
1515361040845	4.664	-3.754	6.129
1515361040860	5.458	-3.859	6.071
1515361040864	5.545	-4.051	6.071
1515361040877	5.612	-4.223	6.052
1515361040884	5.707	-4.367	6.052
1515361040897	5.018	-4.501	5.909
1515361040905	5.056	-4.644	5.909
1515361040921	4.156	-4.826	5.784
1515361040924	4.156	-5.018	5.784
1515361040938	3.658	-5.257	5.937
1515361040944	3.658	-5.439	5.937
1515361040957	3.533	-5.545	6.359
1515361040965	3.533	-5.593	6.359
1515361040979	3.505	-5.65	6.426
1515361040984	3.419	-5.631	6.426
1515361040997	3.141	-5.593	6.857
1515361041004	3.256	-5.554	6.857
1515361041017	3.045	-5.382	6.895
1515361041025	3.083	-5.468	7.048
1515361041042	2.767	-5.353	6.953
1515361041044	2.815	-5.229	6.953
1515361041057	2.949	-5.075	7.01
1515361041064	2.844	-5.075	7.01
1515361041076	2.901	-4.913	6.924
1515361041085	2.968	-4.913	6.953
1515361041099	3.093	-4.855	7.01
1515361041104	3.093	-4.855	7.087
1515361041117	3.16	-5.104	7.125
1515361041124	3.16	-5.104	7.182
1515361041136	2.997	-5.152	7.23
1515361041146	3.035	-5.152	7.202
1515361041162	3.16	-5.104	7.202
1515361041165	3.227	-5.104	7.173
1515361041192	3.352	-5.267	7.288
1515361041195	3.332	-5.267	7.23
1515361041207	3.217	-5.277	7.173
1515361041222	3.093	-5.334	7.211
1515361041225	3.074	-5.487	7.316
1515361041237	3.217	-5.478	7.374
1515361041252	3.371	-5.526	7.422
1515361041255	3.438	-5.573	7.489
1515361041268	3.361	-5.621	7.489
1515361041283	3.227	-5.65	7.46
1515361041313	3.265	-5.612	7.489
1515361041315	3.39	-5.554	7.527
1515361041327	3.514	-5.497	7.527
1515361041342	3.524	-5.42	7.278
1515361041345	3.39	-5.391	7.364
1515361041357	3.246	-5.401	7.326
1515361041372	3.179	-5.487	7.288
1515361041375	3.141	-5.535	7.288
1515361041387	3.189	-5.506	7.393
1515361041402	3.323	-5.449	7.489
1515361041405	3.38	-5.363	7.46
1515361041417	3.342	-5.267	7.393
1515361041453	3.131	-5.2	7.403
1515361041457	3.265	-5.209	7.393
1515361041478	3.294	-5.219	7.393
1515361041480	3.352	-5.209	7.412
1515361041481	3.466	-5.2	7.441
1515361041487	3.505	-5.2	7.393
1515361041498	3.438	-5.209	7.326
1515361041507	3.371	-5.248	7.326
1515361041526	3.524	-5.257	7.46
1515361041528	3.447	-5.209	7.46
1515361041541	3.572	-5.162	7.546
1515361041544	3.668	-5.104	7.498
1515361041557	3.658	-5.018	7.412
1515361041567	3.601	-5.008	7.374
1515361041582	3.495	-5.018	7.403
1515361041584	3.457	-5.104	7.441
1515361041598	3.419	-5.152	7.451
1515361041604	3.419	-5.162	7.47
1515361041616	3.447	-5.142	7.441
1515361041626	3.457	-5.114	7.441
1515361041641	3.476	-5.104	7.556
1515361041644	3.505	-5.114	7.652
1515361041659	3.476	-5.085	7.431
1515361041664	3.476	-5.066	7.431
1515361041676	4.654	-5.066	2.221
1515361041686	4.482	-4.539	2.298
1515361041700	2.193	-3.773	7.594
1515361041704	1.752	-4.424	10.065
1515361041721	2.796	-6.454	9.548
1515361041730	3.189	-6.454	9.27
1515361041737	3.189	-7.115	8.964
1515361041751	3.601	-7.221	8.59
1515361041755	3.601	-6.809	8.59
1515361041765	3.735	-6.273	8.274
1515361041781	4.118	-5.65	7.805
