timestamp	x	y	z
1515959503610	-9.481	2.183	-1.513
1515959503611	-9.471	2.183	-1.541
1515959503621	-9.5	2.164	-1.561
1515959503641	-9.538	2.02	-1.618
1515959503642	-9.51	2.02	-1.695
1515959503650	-9.49	2.202	-1.771
1515959503660	-9.443	2.154	-1.896
1515959503670	-9.423	2.25	-2.001
1515959503680	-9.481	2.317	-2.049
1515959503698	-9.471	2.317	-2.049
1515959503700	-9.452	2.298	-2.068
1515959503712	-9.423	2.298	-2.078
1515959503720	-9.423	2.355	-2.078
1515959503730	-9.452	2.365	-2.03
1515959503744	-9.452	2.375	-1.992
1515959503750	-9.462	2.327	-1.896
1515959503760	-9.471	2.25	-1.771
1515959503771	-9.49	2.106	-1.704
1515959503783	-9.519	2.011	-1.551
1515959503790	-9.548	2.001	-1.455
1515959503801	-9.51	2.001	-1.388
1515959503809	-9.51	1.982	-1.359
1515959503820	-9.49	1.963	-1.379
1515959503834	-9.49	1.963	-1.359
1515959503840	-9.49	1.934	-1.407
1515959503850	-9.481	1.925	-1.474
1515959503861	-9.51	1.972	-1.474
1515959503869	-9.51	2.011	-1.58
1515959503880	-9.529	2.02	-1.656
1515959503891	-9.529	2.059	-1.743
1515959503899	-9.49	2.087	-1.819
1515959503910	-9.471	2.174	-1.848
1515959503922	-9.423	2.212	-1.896
1515959503930	-9.433	2.25	-1.896
1515959503940	-9.481	2.26	-1.896
1515959503951	-9.51	2.202	-1.867
1515959503959	-9.5	2.154	-1.838
1515959503985	-9.5	2.078	-1.781
1515959503986	-9.471	2.02	-1.79
1515959504007	-9.471	1.972	-1.743
1515959504009	-9.481	2.001	-1.685
1515959504010	-9.5	2.02	-1.666
1515959504020	-9.529	2.02	-1.656
1515959504030	-9.538	1.972	-1.628
1515959504050	-9.519	1.857	-1.541
1515959504062	-9.51	1.829	-1.541
1515959504073	-9.5	1.838	-1.541
1515959504080	-9.529	1.877	-1.561
1515959504090	-9.538	1.886	-1.57
1515959504102	-9.548	1.915	-1.551
1515959504110	-9.519	1.963	-1.57
1515959504120	-9.51	1.992	-1.618
1515959504133	-9.5	2.03	-1.656
1515959504140	-9.443	2.03	-1.685
1515959504150	-9.462	1.982	-1.704
1515959504161	-9.51	1.877	-1.762
1515959504170	-9.557	1.944	-1.857
1515959504180	-9.462	2.068	-1.81
1515959504192	-9.347	2.154	-1.819
1515959504200	-9.376	2.202	-1.819
1515959504210	-9.471	2.135	-1.915
1515959504223	-9.538	2.02	-1.79
1515959504230	-9.471	1.915	-1.762
1515959504241	-9.356	1.867	-1.58
1515959504254	-9.567	1.781	-1.446
1515959504260	-9.567	1.781	-1.503
1515959504272	-9.739	1.886	-1.656
1515959504285	-9.759	1.905	-1.369
1515959504290	-9.653	1.982	-1.666
1515959504302	-9.567	2.049	-1.532
1515959504314	-9.481	2.25	-1.685
1515959504320	-9.481	2.25	-1.79
1515959504330	-9.433	2.336	-1.905
1515959504345	-9.529	2.221	-1.867
1515959504350	-9.529	2.221	-1.771
1515959504360	-9.538	2.126	-1.647
1515959504375	-9.5	2.059	-1.541
1515959504380	-9.5	2.059	-1.398
1515959504392	-9.49	2.03	-1.264
1515959504404	-9.471	1.953	-1.235
1515959504410	-9.5	1.953	-1.158
1515959504422	-9.5	1.877	-1.206
1515959504435	-9.443	1.819	-1.206
1515959504440	-9.452	1.819	-1.082
1515959504452	-9.548	1.743	-1.034
1515959504465	-9.615	1.781	-1.015
1515959504470	-9.816	1.79	-0.861
1515959504482	-9.768	1.666	-0.89
1515959504495	-9.615	1.197	-0.641
1515959504500	-9.797	0.737	-0.287
1515959504512	-9.988	0.612	-0.114
1515959504525	-10.132	0.536	0.067
1515959504530	-10.314	0.43	0.019
1515959504542	-10.4	0.249	-0.105
1515959504555	-10.4	0.421	-0.201
1515959504560	-9.988	1.043	-0.957
1515959504572	-9.567	1.81	-2.011
1515959504585	-9.577	2.518	-2.557
1515959504590	-9.586	3.237	-3.074
1515959504600	-9.682	3.648	-3.419
1515959504612	-10.036	3.715	-3.581
1515959504620	-10.381	3.17	-3.361
1515959504631	-10.601	2.604	-3.227
1515959504645	-10.668	2.624	-3.265
1515959504650	-10.601	2.93	-3.208
1515959504660	-10.496	3.055	-3.466
1515959504675	-10.486	3.189	-3.457
1515959504680	-10.649	3.486	-3.256
1515959504690	-11.052	3.38	-3.035
1515959504704	-11.425	2.777	-2.48
1515959504768	-11.636	2.03	-1.877
1515959504779	-11.626	1.752	-1.57
1515959504787	-11.521	2.049	-1.896
1515959504793	-11.272	2.03	-2.183
1515959504798	-10.86	1.8	-2.423
1515959504808	-10.477	1.867	-2.662
1515959504813	-10.056	2.451	-3.543
1515959504829	-9.586	3.763	-4.664
1515959504830	-8.676	5.018	-5.842
1515959504831	-7.47	5.995	-6.694
1515959504831	-6.522	6.828	-6.895
1515959504832	-5.775	7.01	-6.713
1515959504847	-5.545	6.273	-6.167
1515959504849	-5.784	5.43	-5.104
1515959504857	-6.033	4.807	-3.974
1515959504867	-6.205	4.271	-2.815
1515959504880	-6.205	3.744	-1.972
1515959504898	-6.1	3.227	-1.494
1515959504911	-5.88	2.825	-1.245
1515959504912	-5.612	2.949	-1.254
1515959504914	-5.133	3.61	-3.294
1515959504928	-4.702	4.501	-3.294
1515959504933	-4.472	5.487	-4.654
1515959504943	-4.07	6.196	-5.602
1515959504950	-3.648	6.512	-5.602
1515959504963	-3.466	6.138	-5.028
1515959504973	-3.687	4.711	-3.217
1515959504980	-4.673	2.719	-3.217
1515959504990	-6.081	1.187	-2.317
1515959505003	-7.297	0.584	-2.25
1515959505010	-8.121	0.536	-2.174
1515959505020	-8.13	0.948	-2.815
1515959505032	-7.996	1.561	-3.438
1515959505050	-8.284	4.223	-3.15
1515959505062	-8.226	4.625	-1.838
1515959505070	-8.092	4.348	-1.838
1515959505080	-8.332	4.242	-1.867
1515959505092	-9.127	4.328	-3.131
1515959505100	-9.95	4.328	-3.131
1515959505110	-10.755	4.089	-2.624
1515959505121	-11.09	2.892	-1.867
1515959505129	-10.515	1.637	-1.551
1515959505140	-9.519	1.292	-1.312
1515959505154	-8.667	1.618	-1.972
1515959505160	-8.619	1.762	-2.355
1515959505170	-9.672	2.02	-2.193
1515959505184	-11.243	2.384	-1.771
1515959505190	-12.22	2.432	-1.57
1515959505200	-12.67	2.154	-1.982
1515959505214	-13.312	2.241	-2.145
1515959505220	-13.618	2.48	-2.413
1515959505230	-13.044	2.595	-3.141
1515959505244	-12.086	2.308	-3.495
1515959505250	-11.262	1.896	-3.61
1515959505260	-10.41	2.202	-3.869
1515959505274	-9.481	3.122	-3.792
1515959505280	-8.657	4.328	-3.399
1515959505290	-8.159	5.65	-2.863
1515959505304	-8.044	5.209	-2.288
1515959505310	-8.207	4.07	-1.656
1515959505320	-8.284	2.786	-1.063
1515959505334	-8.418	1.752	-0.718
1515959505340	-8.715	1.312	-0.708
1515959505350	-9.127	1.417	-1.11
1515959505364	-9.433	1.905	-1.618
1515959505370	-9.423	2.48	-2.049
1515959505380	-9.28	2.796	-2.442
1515959505394	-9.184	2.911	-2.585
1515959505400	-9.194	2.873	-2.518
1515959505410	-9.098	2.786	-2.288
1515959505424	-9.069	2.739	-2.02
1515959505430	-9.251	2.662	-1.829
1515959505440	-9.423	2.652	-1.656
1515959505454	-9.462	2.7	-1.541
1515959505460	-9.366	2.729	-1.484
1515959505492	-9.347	2.691	-1.57
1515959505499	-9.385	2.633	-1.618
1515959505501	-9.452	2.681	-1.695
1515959505505	-9.51	2.758	-1.877
1515959505510	-9.529	2.844	-1.896
1515959505520	-9.51	2.968	-1.896
1515959505535	-9.395	3.035	-1.877
1515959505545	-9.261	2.968	-1.781
1515959505550	-9.194	2.806	-1.743
1515959505560	-9.155	2.633	-1.647
1515959505572	-9.174	2.557	-1.589
1515959505580	-9.261	2.518	-1.561
1515959505590	-9.414	2.49	-1.589
1515959505604	-9.433	2.537	-1.618
1515959505610	-9.395	2.547	-1.656
1515959505620	-9.366	2.566	-1.628
1515959505632	-9.318	2.528	-1.589
1515959505640	-9.308	2.451	-1.522
1515959505653	-9.337	2.394	-1.446
1515959505662	-9.376	2.355	-1.398
1515959505670	-9.395	2.375	-1.388
1515959505680	-9.414	2.346	-1.417
1515959505692	-9.423	2.355	-1.446
1515959505701	-9.433	2.384	-1.522
1515959505710	-9.433	2.403	-1.551
1515959505722	-9.433	2.413	-1.618
1515959505730	-9.443	2.403	-1.733
1515959505740	-9.471	2.413	-1.829
1515959505756	-9.423	2.47	-1.944
1515959505760	-9.347	2.528	-2.049
1515959505770	-9.308	2.585	-2.154
1515959505785	-9.308	2.633	-2.202
1515959505790	-9.366	2.729	-2.221
1515959505800	-9.395	2.729	-2.193
1515959505814	-9.462	2.633	-2.02
1515959505820	-9.433	2.442	-1.886
1515959505830	-9.395	2.25	-1.723
1515959505845	-9.395	2.183	-1.666
1515959505850	-9.414	2.298	-1.781
1515959505860	-9.433	2.461	-1.848
1515959505875	-9.443	2.557	-1.829
1515959505880	-9.404	2.557	-1.714
1515959505890	-9.347	2.384	-1.551
1515959505905	-9.356	2.231	-1.417
1515959505910	-9.404	2.145	-1.264
1515959505920	-9.423	2.145	-1.34
1515959505936	-9.423	2.25	-1.551
1515959505940	-9.414	2.355	-1.561
1515959505950	-9.481	2.394	-1.972
1515959505965	-9.481	2.451	-1.982
1515959505970	-9.423	2.557	-1.982
1515959505981	-9.318	2.614	-1.896
1515959505995	-9.27	2.585	-1.771
1515959506000	-9.337	2.499	-1.608
1515959506011	-9.376	2.451	-1.57
1515959506026	-9.395	2.461	-1.359
1515959506030	-9.682	2.423	-1.197
1515959506040	-9.778	2.26	-1.149
1515959506055	-9.902	1.982	-1.072
1515959506060	-9.921	1.647	-0.842
1515959506071	-9.787	1.57	-0.871
1515959506085	-9.883	1.762	-0.842
1515959506090	-10.218	2.145	-0.957
1515959506101	-10.496	2.279	-0.938
1515959506115	-10.467	1.963	-0.881
1515959506120	-10.075	1.474	-1.12
1515959506130	-9.988	1.781	-1.264
1515959506145	-10.161	2.221	-1.829
1515959506150	-10.668	2.882	-2.336
1515959506160	-11.09	2.978	-2.739
1515959506175	-11.119	2.892	-2.949
1515959506180	-10.965	2.643	-2.997
1515959506191	-10.879	2.461	-3.179
1515959506205	-10.774	2.537	-3.304
1515959506210	-10.496	2.94	-3.62
1515959506242	-10.266	3.352	-3.773
1515959506245	-10.266	3.476	-3.696
1515959506246	-10.343	3.265	-3.476
1515959506250	-10.486	2.882	-3.131
1515959506263	-10.506	2.547	-2.93
1515959506276	-10.592	2.355	-2.777
1515959506282	-10.544	2.087	-2.365
1515959506295	-10.084	1.762	-2.183
1515959506300	-9.471	1.992	-2.71
1515959506311	-8.868	2.873	-3.648
1515959506325	-8.265	3.878	-4.491
1515959506330	-7.278	4.989	-5.411
1515959506340	-6.052	6.416	-6.464
1515959506353	-4.98	7.575	-7.355
1515959506360	-4.108	7.958	-7.613
1515959506370	-3.687	7.527	-7.326
1515959506383	-3.715	6.742	-6.617
1515959506390	-4.099	5.937	-5.554
1515959506400	-4.491	5.296	-4.539
1515959506414	-4.778	4.721	-3.821
1515959506420	-5.142	4.166	-3.457
1515959506430	-5.411	3.84	-3.304
1515959506443	-5.391	3.792	-3.102
1515959506449	-5.056	3.754	-3.131
1515959506460	-4.759	3.323	-2.892
1515959506475	-4.798	3.083	-2.154
1515959506480	-5.123	2.911	-1.676
1515959506490	-5.947	2.786	-2.164
1515959506505	-7.077	2.47	-2.748
1515959506510	-8.351	2.068	-3.112
1515959506520	-9.203	1.8	-3.419
1515959506535	-9.337	1.81	-3.85
1515959506540	-8.648	2.432	-4.759
1515959506551	-8.006	3.131	-5.095
1515959506565	-7.46	3.294	-4.395
1515959506570	-6.991	3.237	-3.131
1515959506580	-7.288	3.687	-2.988
1515959506595	-8.715	4.194	-3.802
1515959506600	-10.726	4.386	-3.83
1515959506611	-11.913	4.319	-3.179
1515959506625	-12.0	3.706	-3.189
1515959506630	-11.301	2.949	-3.361
1515959506641	-10.056	2.432	-2.949
1515959506656	-8.494	2.116	-1.762
1515959506671	-6.435	2.298	-1.158
1515959506686	-7.297	3.237	-2.557
1515959506690	-9.615	4.549	-3.802
1515959506701	-11.99	5.583	-4.529
1515959506716	-13.13	5.573	-4.711
1515959506720	-12.555	4.357	-4.692
1515959506731	-10.984	2.767	-4.386
1515959506746	-9.816	1.743	-3.859
1515959506750	-8.906	1.312	-3.352
1515959506761	-7.958	1.273	-1.982
1515959506776	-7.498	1.551	-1.331
1515959506791	-8.81	2.068	0.622
1515959506806	-10.094	1.848	1.388
1515959506810	-11.502	1.245	1.762
1515959506821	-12.823	0.565	2.174
1515959506836	-13.704	-0.047	2.413
1515959506840	-13.293	-0.612	2.269
1515959506851	-10.314	-0.794	1.704
1515959506866	-9.318	-0.181	0.804
1515959506870	-8.676	1.197	-0.191
1515959506881	-8.59	2.633	-1.024
1515959506896	-8.973	3.706	-1.637
1515959506900	-9.021	4.252	-1.896
1515959506911	-9.194	4.185	-1.905
1515959506926	-9.395	3.639	-1.743
1515959506930	-9.5	2.853	-1.522
1515959506941	-9.538	1.733	-1.474
1515959506956	-9.471	1.819	-1.656
1515959506960	-9.337	2.288	-2.059
1515959506971	-9.194	2.49	-2.432
1515959506986	-9.155	2.911	-2.672
1515959506990	-9.174	2.988	-2.7
1515959507022	-9.289	2.892	-2.518
1515959507027	-9.433	2.672	-2.106
1515959507031	-9.567	2.375	-1.58
1515959507034	-9.672	2.097	-0.996
1515959507055	-9.749	1.896	-0.517
1515959507058	-9.749	1.723	-0.162
1515959507062	-9.701	1.656	-0.038
1515959507070	-9.634	1.723	-0.038
1515959507080	-9.586	1.848	-0.153
1515959507090	-9.586	1.953	-0.316
1515959507100	-9.567	2.011	-0.392
1515959507110	-9.596	2.039	-0.45
1515959507122	-9.644	2.03	-0.478
1515959507130	-9.596	1.963	-0.526
1515959507140	-9.557	1.944	-0.632
1515959507150	-9.557	1.982	-0.699
1515959507160	-9.577	1.963	-0.785
1515959507170	-9.586	1.982	-0.871
1515959507181	-9.567	2.011	-0.928
1515959507190	-9.567	2.02	-0.948
1515959507200	-9.548	2.039	-0.948
1515959507210	-9.548	2.03	-0.9
1515959507220	-9.529	2.02	-0.9
1515959507229	-9.529	2.011	-0.852
1515959507240	-9.538	1.982	-0.794
1515959507249	-9.538	1.944	-0.756
1515959507260	-9.586	1.915	-0.718
1515959507271	-9.615	1.915	-0.679
1515959507280	-9.625	1.934	-0.679
1515959507290	-9.615	1.915	-0.679
1515959507302	-9.615	1.915	-0.651
1515959507310	-9.615	1.838	-0.584
1515959507320	-9.663	1.762	-0.45
1515959507332	-9.739	1.637	-0.316
1515959507340	-9.711	1.58	-0.249
1515959507350	-9.692	1.589	-0.277
1515959507362	-9.663	1.589	-0.287
1515959507370	-9.682	1.599	-0.287
1515959507380	-9.72	1.58	-0.373
1515959507392	-9.672	1.628	-0.507
1515959507400	-9.615	1.762	-0.708
1515959507410	-9.519	1.934	-0.852
1515959507422	-9.51	1.992	-0.928
1515959507430	-9.538	1.963	-0.881
1515959507440	-9.653	1.857	-0.785
1515959507452	-9.663	1.771	-0.689
1515959507460	-9.634	1.733	-0.612
1515959507470	-9.586	1.752	-0.584
1515959507482	-9.577	1.781	-0.593
1515959507490	-9.596	1.79	-0.622
1515959507500	-9.615	1.8	-0.708
1515959507512	-9.586	1.857	-0.89
1515959507520	-9.567	1.925	-0.89
1515959507530	-9.529	1.982	-0.948
1515959507543	-9.557	1.982	-0.957
1515959507550	-9.548	1.944	-0.957
1515959507560	-9.567	1.829	-0.89
1515959507573	-9.625	1.723	-0.699
1515959507580	-9.672	1.589	-0.699
1515959507590	-9.672	1.599	-0.612
1515959507603	-9.596	1.676	-0.689
1515959507610	-9.596	1.762	-0.689
1515959507620	-9.557	1.819	-0.756
1515959507632	-9.519	1.915	-1.024
1515959507640	-9.51	2.02	-1.302
1515959507664	-9.577	2.106	-1.436
1515959507666	-9.682	2.078	-1.541
1515959507670	-9.672	2.001	-1.551
1515959507680	-9.644	1.925	-1.647
1515959507692	-9.519	1.992	-1.733
1515959507700	-9.519	2.154	-2.011
1515959507710	-9.538	2.327	-2.145
1515959507726	-9.519	2.643	-2.145
1515959507730	-9.538	2.643	-1.963
1515959507740	-9.51	2.585	-1.877
1515959507772	-9.5	2.26	-1.762
1515959507775	-9.596	2.049	-1.637
1515959507778	-9.596	2.116	-1.388
1515959507784	-9.653	2.298	-1.187
1515959507792	-9.711	2.202	-1.005
1515959507802	-9.759	2.068	-0.756
1515959507815	-9.768	1.925	-0.411
1515959507820	-9.749	1.599	-0.095
1515959507830	-9.711	1.206	-0.019
1515959507843	-9.759	1.168	-0.22
1515959507850	-9.988	1.532	-0.478
1515959507860	-10.151	1.982	-0.852
1515959507872	-10.142	2.183	-1.101
1515959507880	-9.931	2.116	-1.177
1515959507890	-9.634	2.039	-1.13
1515959507902	-9.519	2.001	-1.091
1515959507910	-9.625	2.145	-1.168
1515959507920	-9.874	2.432	-1.149
1515959507931	-10.065	2.614	-1.283
1515959507940	-10.065	2.576	-1.398
1515959507950	-9.998	2.432	-1.369
1515959507961	-9.778	2.174	-1.312
1515959507970	-9.644	1.963	-1.369
1515959507980	-9.615	1.944	-1.628
1515959507992	-9.615	2.241	-1.752
1515959508005	-9.519	2.461	-1.944
1515959508010	-9.443	2.47	-2.193
1515959508021	-9.596	2.384	-2.432
1515959508029	-9.931	2.423	-2.384
1515959508040	-10.295	2.557	-2.02
1515959508052	-10.4	2.269	-2.059
1515959508060	-10.582	1.886	-2.145
1515959508070	-10.726	1.915	-2.49
1515959508083	-10.764	2.174	-2.767
1515959508090	-10.726	2.202	-2.7
1515959508100	-10.554	2.193	-2.681
1515959508114	-10.506	2.327	-2.853
1515959508120	-10.439	2.604	-3.131
1515959508130	-10.199	2.911	-3.131
1515959508147	-9.969	3.007	-3.237
1515959508150	-9.807	3.055	-3.323
1515959508160	-9.883	3.102	-3.083
1515959508174	-9.768	3.045	-3.016
1515959508180	-9.586	2.949	-3.083
1515959508191	-9.404	2.7	-2.777
1515959508203	-9.079	2.528	-2.384
1515959508210	-8.581	2.576	-2.413
1515959508220	-8.236	2.604	-2.423
1515959508234	-7.949	2.509	-2.585
1515959508240	-7.623	2.461	-2.499
1515959508250	-7.067	2.509	-2.537
1515959508265	-6.541	2.557	-2.288
1515959508270	-5.861	2.786	-2.135
1515959508280	-5.545	3.016	-2.442
1515959508294	-5.458	3.217	-3.227
1515959508300	-5.506	3.466	-3.227
1515959508310	-5.535	4.424	-4.252
1515959508324	-4.865	5.066	-5.104
1515959508330	-4.951	5.64	-5.104
1515959508340	-4.798	6.483	-5.248
1515959508354	-5.621	7.853	-6.953
1515959508360	-5.621	7.968	-6.953
1515959508370	-6.186	8.121	-7.24
1515959508383	-7.163	7.383	-6.234
1515959508390	-7.163	5.775	-5.162
1515959508400	-7.374	3.984	-4.185
1515959508414	-7.565	2.174	-2.988
1515959508420	-7.565	0.756	-1.762
1515959508444	-8.226	2.001	-1.522
1515959508450	-8.226	2.02	-2.375
1515959508473	-10.64	3.955	-3.15
1515959508480	-10.946	4.204	-2.49
1515959508490	-10.419	3.668	-1.608
1515959508504	-9.739	2.461	-0.488
1515959508510	-8.878	1.273	0.268
1515959508520	-8.006	0.737	0.277
1515959508554	-7.738	1.762	-0.373
1515959508559	-8.504	1.771	-1.245
1515959508564	-9.634	3.553	-2.106
1515959508566	-10.467	3.763	-2.193
1515959508579	-10.64	3.486	-1.848
1515959508583	-10.094	3.179	-2.106
1515959508592	-9.557	3.112	-2.537
1515959508600	-9.414	3.38	-3.141
1515959508610	-9.452	3.706	-3.821
1515959508627	-9.72	3.505	-3.964
1515959508630	-10.084	3.064	-3.993
1515959508644	-10.257	2.863	-4.156
1515959508658	-10.247	3.16	-4.185
1515959508660	-10.132	3.38	-4.051
1515959508679	-9.835	3.342	-3.687
1515959508682	-9.577	3.179	-2.892
1515959508690	-9.414	2.901	-1.934
1515959508704	-9.28	2.537	-1.321
1515959508712	-9.222	2.241	-1.005
1515959508720	-9.289	2.068	-1.072
1515959508733	-9.529	2.078	-1.417
1515959508742	-9.787	2.154	-1.57
1515959508750	-9.634	2.154	-1.695
1515959508760	-9.27	1.982	-1.762
1515959508772	-9.002	1.819	-1.723
1515959508780	-8.916	1.723	-1.656
1515959508790	-9.05	1.704	-1.465
1515959508801	-9.376	1.685	-1.35
1515959508809	-9.797	1.666	-1.302
1515959508820	-10.314	1.656	-1.206
1515959508831	-10.86	1.599	-1.197
1515959508839	-11.147	1.628	-1.35
1515959508850	-11.023	1.829	-1.436
1515959508864	-10.496	2.116	-1.551
1515959508870	-9.931	2.365	-1.628
1515959508880	-9.557	2.528	-1.695
1515959508894	-9.471	2.662	-1.647
1515959508900	-9.481	2.748	-1.628
1515959508910	-9.471	2.767	-1.647
1515959508925	-9.452	2.681	-1.647
1515959508930	-9.423	2.499	-1.57
1515959508940	-9.452	2.279	-1.484
1515959508954	-9.49	2.039	-1.407
1515959508960	-9.529	1.857	-1.379
1515959508970	-9.519	1.762	-1.35
1515959508984	-9.519	1.8	-1.398
1515959508990	-9.51	1.829	-1.426
1515959509000	-9.529	1.896	-1.474
1515959509014	-9.615	1.953	-1.426
1515959509020	-9.615	1.982	-1.426
1515959509031	-9.577	1.992	-1.388
1515959509045	-9.519	1.953	-1.225
1515959509050	-9.519	1.934	-1.225
1515959509061	-9.519	1.915	-1.063
1515959509073	-9.548	1.857	-0.919
1515959509080	-9.615	1.819	-0.919
1515959509090	-9.682	1.848	-0.996
1515959509103	-9.644	1.925	-1.072
1515959509110	-9.557	2.049	-1.101
1515959509120	-9.519	2.078	-1.13
1515959509132	-9.538	2.02	-1.11
1515959509139	-9.586	1.934	-1.043
1515959509150	-9.596	1.857	-1.005
1515959509162	-9.615	1.752	-0.928
1515959509169	-9.615	1.666	-0.909
1515959509180	-9.653	1.599	-0.919
1515959509196	-9.672	1.57	-0.967
1515959509200	-9.672	1.599	-0.967
1515959509210	-9.663	1.599	-1.034
1515959509225	-9.672	1.58	-0.986
1515959509230	-9.682	1.58	-0.833
1515959509240	-9.701	1.541	-0.852
1515959509255	-9.701	1.532	-0.842
1515959509260	-9.692	1.541	-0.9
1515959509271	-9.51	1.608	-1.005
1515959509285	-9.557	1.762	-1.149
1515959509318	-9.49	1.857	-1.283
1515959509320	-9.529	1.905	-1.359
1515959509324	-9.548	2.001	-1.474
1515959509338	-9.548	2.087	-1.513
1515959509339	-9.557	2.174	-1.446
1515959509340	-9.567	2.174	-1.398
1515959509356	-9.567	2.154	-1.292
1515959509362	-9.557	2.116	-1.187
1515959509376	-9.567	2.078	-1.082
1515959509380	-9.625	1.8	-0.928
1515959509393	-9.672	1.58	-0.785
1515959509405	-9.692	1.436	-0.708
1515959509410	-9.701	1.513	-0.641
1515959509420	-9.692	1.455	-0.632
1515959509433	-9.672	1.446	-0.66
1515959509440	-9.711	1.398	-0.679
1515959509450	-9.692	1.34	-0.699
1515959509463	-9.711	1.359	-0.708
1515959509469	-9.701	1.417	-0.766
1515959509480	-9.644	1.513	-0.814
1515959509493	-9.605	1.608	-0.89
1515959509500	-9.586	1.618	-0.919
1515959509510	-9.596	1.589	-0.9
1515959509525	-9.663	1.551	-0.871
1515959509530	-9.692	1.58	-0.785
1515959509540	-9.701	1.656	-0.737
1515959509555	-9.682	1.666	-0.66
1515959509560	-9.653	1.58	-0.469
1515959509570	-9.605	1.484	-0.287
1515959509585	-9.586	1.331	-0.229
1515959509590	-9.557	1.168	-0.21
1515959509615	-9.596	1.283	-0.354
1515959509620	-9.653	1.379	-0.498
1515959509630	-9.72	1.379	-0.603
1515959509646	-9.73	1.302	-0.708
1515959509650	-9.682	1.206	-0.871
1515959509684	-9.605	1.656	-1.618
1515959509686	-9.538	2.174	-2.02
1515959509693	-9.328	2.624	-2.365
1515959509705	-9.165	2.921	-2.585
1515959509710	-9.241	2.968	-2.557
1515959509722	-9.423	2.777	-2.346
1515959509736	-9.519	2.461	-2.193
1515959509751	-9.452	2.94	-2.423
1515959509766	-9.414	3.246	-2.614
1515959509770	-9.414	3.227	-2.557
1515959509781	-9.452	2.968	-2.327
1515959509796	-9.347	2.729	-2.164
1515959509800	-9.241	2.786	-2.164
1515959509812	-9.261	3.093	-2.221
1515959509826	-9.49	3.189	-2.193
1515959509830	-9.778	3.045	-1.925
1515959509842	-9.874	2.758	-1.829
1515959509856	-9.921	2.365	-1.656
1515959509860	-9.845	2.241	-1.599
1515959509871	-9.845	2.327	-1.848
1515959509886	-9.902	2.413	-1.982
1515959509890	-9.845	2.49	-2.269
1515959509901	-9.835	2.614	-2.298
1515959509921	-9.778	2.949	-2.882
1515959509923	-9.787	3.217	-2.796
1515959509931	-9.854	3.265	-2.537
1515959509946	-9.845	2.997	-2.403
1515959509950	-10.084	2.691	-2.241
1515959509962	-10.314	2.643	-2.174
1515959509976	-10.324	3.007	-2.174
1515959509980	-10.161	3.38	-2.317
1515959509991	-9.854	3.543	-2.853
1515959510008	-9.72	3.591	-2.853
1515959510010	-9.864	3.505	-3.275
1515959510021	-9.826	3.495	-3.562
1515959510036	-9.845	3.964	-3.409
1515959510040	-9.807	3.897	-2.997
1515959510052	-9.634	2.739	-2.739
1515959510066	-9.634	2.614	-2.834
1515959510070	-9.481	2.624	-2.949
1515959510105	-8.667	3.323	-3.112
1515959510112	-8.207	3.246	-3.083
1515959510118	-7.977	3.754	-3.227
1515959510122	-8.322	4.031	-3.658
1515959510127	-8.782	4.223	-3.859
1515959510148	-8.935	4.415	-3.457
1515959510155	-8.408	4.175	-2.834
1515959510160	-7.642	3.85	-2.518
1515959510168	-6.991	3.715	-2.432
1515959510173	-6.598	3.687	-2.853
1515959510192	-6.311	3.802	-3.083
1515959510193	-6.062	4.012	-3.217
1515959510205	-5.813	4.577	-3.457
1515959510211	-5.679	4.731	-3.505
1515959510220	-5.707	4.884	-3.352
1515959510234	-5.794	4.836	-3.217
1515959510244	-5.861	4.865	-3.055
1515959510250	-5.803	4.788	-3.122
1515959510260	-5.698	4.692	-3.198
1515959510275	-5.851	4.482	-2.662
1515959510280	-6.225	3.964	-2.767
1515959510290	-7.01	3.687	-3.352
1515959510303	-7.776	3.696	-4.108
1515959510310	-8.284	3.85	-4.261
1515959510320	-8.399	3.993	-4.491
1515959510334	-8.236	4.108	-4.788
1515959510351	-7.968	4.252	-5.123
1515959510352	-7.862	4.223	-4.759
1515959510364	-7.834	3.964	-3.543
1515959510369	-7.767	3.217	-2.049
1515959510380	-8.284	2.355	-1.417
1515959510396	-9.356	1.647	-1.455
1515959510399	-10.381	1.484	-1.484
1515959510410	-10.726	1.915	-1.992
1515959510425	-10.611	2.557	-2.566
1515959510430	-9.969	2.921	-3.265
1515959510440	-9.031	2.873	-3.332
1515959510454	-8.092	2.537	-2.375
1515959510460	-7.288	1.896	-1.522
1515959510470	-7.077	1.666	-1.13
1515959510484	-7.996	2.729	-1.321
1515959510489	-9.443	3.792	-2.202
1515959510500	-10.659	4.376	-2.595
1515959510517	-11.32	4.616	-2.662
1515959510520	-11.119	4.348	-2.384
1515959510532	-10.266	3.466	-2.078
1515959510547	-9.107	2.672	-2.068
1515959510550	-8.15	2.509	-2.193
1515959510562	-7.834	2.978	-2.461
1515959510577	-8.188	3.687	-3.093
1515959510580	-9.05	4.261	-3.668
1515959510592	-10.036	4.51	-4.022
1515959510607	-10.611	4.328	-4.099
1515959510610	-10.601	3.859	-3.821
1515959510622	-10.017	3.447	-3.476
1515959510637	-9.347	3.15	-2.968
1515959510640	-8.82	2.853	-2.48
1515959510652	-8.542	2.719	-2.049
1515959510662	-8.629	2.624	-1.599
1515959510670	-8.973	2.672	-1.561
1515959510682	-9.423	2.949	-1.781
1515959510690	-9.835	3.294	-2.087
1515959510700	-10.075	3.256	-2.279
1515959510710	-10.123	2.882	-2.308
1515959510719	-9.941	2.442	-2.154
1515959510733	-9.768	2.126	-1.896
1515959510740	-9.759	1.982	-1.436
1515959510750	-9.979	1.963	-1.063
1515959510760	-10.266	1.953	-0.9
1515959510770	-10.496	2.011	-0.507
1515959510780	-10.41	2.049	-0.239
1515959510791	-10.075	1.886	0.076
1515959510802	-9.768	1.714	0.287
1515959510810	-9.557	1.599	0.402
1515959510821	-9.49	1.589	0.21
1515959510854	-9.529	1.647	-0.134
1515959510864	-9.615	1.8	-0.392
1515959510867	-9.615	1.963	-0.861
1515959510871	-9.577	2.116	-1.12
1515959510872	-9.49	2.269	-1.465
1515959510887	-9.423	2.346	-1.637
1515959510893	-9.395	2.384	-1.781
1515959510900	-9.404	2.365	-1.896
1515959510910	-9.462	2.279	-1.886
1515959510923	-9.529	2.193	-1.905
1515959510954	-9.529	2.202	-1.896
1515959510954	-9.337	2.202	-1.8
1515959510955	-9.414	2.288	-1.81
1515959510960	-9.376	2.355	-1.848
1515959510970	-9.385	2.403	-1.81
1515959510981	-9.414	2.47	-1.838
1515959510990	-9.481	2.499	-1.953
1515959511000	-9.49	2.499	-2.02
1515959511010	-9.49	2.442	-2.087
1515959511019	-9.452	2.183	-2.068
1515959511031	-9.443	2.269	-2.039
1515959511040	-9.443	2.279	-1.992
1515959511049	-9.481	2.298	-1.905
1515959511060	-9.548	2.193	-1.781
1515959511080	-9.481	2.106	-1.541
1515959511090	-9.452	2.193	-1.494
1515959511101	-9.471	2.087	-1.474
1515959511112	-9.5	2.001	-1.407
1515959511120	-9.5	1.992	-1.369
1515959511131	-9.51	2.03	-1.34
1515959511140	-9.481	2.068	-1.369
1515959511150	-9.471	2.135	-1.417
1515959511160	-9.471	2.116	-1.446
1515959511169	-9.452	2.03	-1.407
1515959511180	-9.5	2.011	-1.331
1515959511190	-9.548	1.992	-1.292
1515959511200	-9.557	1.972	-1.264
1515959511210	-9.548	1.877	-1.302
1515959511220	-9.538	1.79	-1.321
1515959511230	-9.529	1.752	-1.35
1515959511240	-9.519	1.752	-1.369
1515959511250	-9.519	1.762	-1.407
1515959511259	-9.538	1.838	-1.58
1515959511269	-9.548	1.992	-1.762
1515959511281	-9.538	2.116	-1.934
1515959511289	-9.51	2.202	-2.001
1515959511300	-9.51	2.221	-2.049
1515959511310	-9.519	2.221	-2.116
1515959511320	-9.51	2.231	-2.154
1515959511330	-9.51	2.26	-2.164
1515959511342	-9.519	2.231	-2.183
1515959511350	-9.481	2.212	-2.154
1515959511360	-9.462	2.202	-2.059
1515959511371	-9.414	2.183	-1.982
1515959511380	-9.481	2.154	-1.905
1515959511393	-9.529	2.106	-1.857
1515959511401	-9.577	2.068	-1.8
1515959511420	-9.538	1.953	-1.608
1515959511431	-9.538	1.905	-1.426
1515959511439	-9.548	1.857	-1.321
1515959511450	-9.605	1.771	-1.235
1515959511461	-9.653	1.79	-1.177
1515959511470	-9.797	1.733	-1.12
1515959511480	-9.835	1.666	-1.187
1515959511493	-9.73	1.771	-1.206
1515959511500	-9.605	2.001	-1.206
1515959511510	-9.471	2.154	-1.513
1515959511523	-9.404	2.451	-1.944
1515959511530	-9.519	2.719	-1.944
1515959511540	-9.385	2.7	-2.087
1515959511553	-9.5	2.557	-1.714
1515959511560	-9.443	2.241	-1.714
1515959511570	-9.462	1.972	-1.494
1515959511583	-9.51	1.896	-0.861
1515959511590	-9.529	1.944	-0.861
1515959511600	-9.577	1.905	-0.612
1515959511629	-9.768	1.426	-0.517
1515959511631	-9.749	1.283	-0.421
1515959511649	-9.682	1.321	-0.411
1515959511650	-9.653	1.292	-0.316
1515959511660	-9.72	1.455	-0.67
1515959511672	-9.644	1.762	-1.043
1515959511680	-9.5	2.097	-1.187
1515959511695	-9.51	2.346	-1.292
1515959511702	-9.644	2.078	-1.369
1515959511720	-9.749	2.097	-1.455
1515959511740	-9.663	2.154	-1.513
1515959511741	-9.816	2.279	-1.532
1515959511750	-9.759	2.336	-1.599
1515959511761	-9.768	2.365	-1.752
1515959511770	-9.969	2.375	-1.704
1515959511780	-9.874	2.413	-1.886
1515959511791	-9.787	2.451	-1.992
1515959511799	-9.787	2.49	-1.857
1515959511810	-9.816	2.499	-1.905
1515959511821	-9.931	2.662	-1.867
1515959511831	-9.998	2.834	-1.81
1515959511840	-9.931	2.614	-1.877
1515959511851	-9.826	2.691	-2.03
1515959511860	-9.759	2.691	-2.193
1515959511870	-9.682	2.691	-2.394
1515959511884	-9.481	2.576	-2.729
1515959511890	-9.385	2.652	-3.064
1515959511899	-9.414	2.806	-3.668
1515959511911	-9.586	2.968	-4.022
1515959511920	-9.73	3.17	-4.127
1515959511930	-9.701	3.275	-4.213
1515959511941	-9.567	3.342	-4.424
1515959511950	-9.433	3.284	-4.415
1515959511960	-9.194	3.371	-4.338
1515959511973	-8.973	3.553	-4.223
1515959511980	-8.715	3.658	-4.28
1515959511990	-8.609	3.811	-4.194
1515959512001	-8.542	4.003	-4.233
1515959512010	-8.514	4.108	-4.29
1515959512023	-8.523	4.099	-4.328
1515959512031	-8.456	3.897	-4.386
1515959512039	-8.284	3.581	-4.07
1515959512050	-8.025	3.275	-3.821
1515959512062	-7.661	3.141	-3.581
1515959512070	-7.431	3.284	-3.601
1515959512080	-7.297	3.61	-3.926
1515959512091	-7.202	4.051	-4.386
1515959512100	-7.182	4.376	-4.769
1515959512110	-7.048	4.309	-4.731
1515959512122	-6.857	4.003	-4.3
1515959512130	-6.742	3.658	-3.658
1515959512140	-6.627	3.352	-3.265
1515959512151	-6.55	3.256	-3.093
1515959512160	-6.435	3.332	-3.131
1515959512170	-6.205	3.284	-3.198
1515959512184	-5.88	3.371	-2.921
1515959512190	-5.707	3.782	-2.968
1515959512200	-5.928	4.233	-3.466
1515959512215	-6.387	5.018	-4.807
1515959512220	-6.885	5.707	-6.167
1515959512231	-7.47	5.765	-6.646
1515959512244	-7.824	5.028	-6.349
1515959512250	-7.968	4.118	-5.526
1515959512260	-7.939	3.275	-4.798
1515959512274	-7.719	2.365	-4.06
1515959512280	-7.46	1.245	-2.949
1515959512290	-7.134	0.373	-1.331
1515959512304	-6.943	0.794	-0.603
1515959512310	-7.364	2.442	-1.925
1515959512320	-8.916	3.61	-3.984
1515959512334	-10.592	3.639	-4.635
1515959512340	-11.415	3.093	-3.993
1515959512350	-11.224	2.375	-2.968
1515959512364	-10.161	1.589	-2.384
1515959512370	-8.897	1.053	-1.666
1515959512380	-7.958	0.785	-0.967
1515959512415	-7.537	1.197	-0.478
1515959512417	-7.7	2.7	-1.656
1515959512423	-8.906	4.664	-3.773
1515959512429	-10.927	5.66	-4.606
1515959512436	-12.335	5.382	-4.309
1515959512441	-12.325	4.338	-3.964
1515959512455	-11.233	3.361	-3.38
1515959512468	-9.395	2.624	-2.758
1515959512473	-7.853	2.049	-2.039
1515959512484	-7.182	1.656	-1.302
1515959512490	-7.47	1.628	-1.484
1515959512505	-8.629	2.068	-2.48
1515959512514	-10.486	2.911	-2.873
1515959512520	-12.22	3.476	-2.643
1515959512530	-12.689	3.572	-2.48
1515959512544	-10.352	3.102	-2.097
1515959512550	-9.385	2.451	-1.819
1515959512560	-8.734	2.039	-1.838
1515959512573	-8.437	2.106	-1.972
1515959512580	-8.437	2.604	-2.212
1515959512590	-8.581	3.275	-2.193
1515959512603	-8.648	3.725	-1.982
1515959512610	-8.523	3.601	-1.465
1515959512620	-8.523	3.055	-1.13
1515959512633	-8.897	2.604	-1.187
1515959512640	-9.548	2.518	-1.388
1515959512650	-10.113	2.624	-1.963
1515959512662	-10.419	2.882	-2.451
1515959512669	-10.266	2.624	-2.71
1515959512680	-9.807	2.633	-2.978
1515959512692	-9.471	2.662	-3.083
1515959512699	-9.213	2.796	-3.016
1515959512710	-9.059	3.007	-2.786
1515959512722	-9.088	3.17	-2.423
1515959512730	-9.28	3.112	-1.896
1515959512740	-9.395	2.806	-1.321
1515959512752	-9.452	2.346	-0.881
1515959512760	-9.577	1.953	-0.565
1515959512770	-9.644	1.733	-0.44
1515959512784	-9.644	1.723	-0.469
1515959512790	-9.577	1.896	-0.641
1515959512800	-9.51	2.106	-0.833
1515959512814	-9.49	2.231	-0.967
1515959512820	-9.49	2.212	-0.986
1515959512830	-9.51	2.135	-0.976
1515959512844	-9.481	1.963	-0.986
1515959512850	-9.51	1.857	-0.9
1515959512860	-9.538	1.8	-0.9
1515959512875	-9.596	1.781	-0.957
1515959512880	-9.625	1.848	-1.005
1515959512891	-9.577	2.001	-1.082
1515959512905	-9.471	2.164	-1.139
1515959512910	-9.385	2.231	-1.292
1515959512920	-9.443	2.26	-1.321
1515959512934	-9.49	2.26	-1.283
1515959512940	-9.462	2.221	-1.264
1515959512950	-9.452	2.174	-1.359
1515959512965	-9.462	2.145	-1.436
1515959512970	-9.443	2.193	-1.561
1515959512980	-9.414	2.25	-1.838
1515959512995	-9.414	2.432	-2.087
1515959513000	-9.366	2.585	-2.413
1515959513010	-9.328	2.719	-2.758
1515959513025	-9.28	2.882	-3.131
1515959513030	-9.261	3.093	-3.466
1515959513040	-9.194	3.284	-3.869
1515959513055	-9.127	3.447	-4.099
1515959513060	-9.098	3.543	-4.099
1515959513070	-9.088	3.524	-3.945
1515959513085	-9.127	3.332	-3.447
1515959513090	-9.251	3.15	-3.438
1515959513100	-9.289	2.968	-3.055
1515959513115	-9.27	2.691	-1.982
1515959513120	-9.241	2.355	-2.078
1515959513130	-9.308	2.039	-1.666
1515959513145	-9.452	1.79	-0.986
1515959513178	-9.577	1.628	-0.976
1515959513182	-9.596	1.551	-0.766
1515959513183	-9.567	1.513	-0.565
1515959513184	-9.586	1.494	-0.565
1515959513222	-9.605	1.484	-0.555
1515959513223	-9.644	1.484	-0.517
1515959513223	-9.634	1.541	-0.565
1515959513224	-9.625	1.608	-0.67
1515959513237	-9.586	1.733	-0.89
1515959513243	-9.481	1.838	-0.89
1515959513253	-9.443	1.915	-1.13
1515959513265	-9.443	2.011	-1.273
1515959513270	-9.49	2.078	-1.446
1515959513282	-9.51	2.116	-1.407
1515959513291	-9.481	2.154	-1.656
1515959513303	-9.462	2.193	-1.762
1515959513312	-9.452	2.25	-1.743
1515959513330	-9.5	2.279	-1.714
1515959513331	-9.49	2.26	-1.589
1515959513340	-9.481	2.135	-1.407
1515959513355	-9.289	2.011	-1.283
1515959513360	-9.586	1.944	-1.187
1515959513370	-9.289	1.905	-1.206
1515959513384	-9.433	1.905	-1.398
1515959513390	-9.404	1.992	-1.704
1515959513400	-9.366	2.221	-1.972
1515959513412	-9.385	2.662	-2.193
1515959513420	-9.366	2.968	-2.604
1515959513430	-9.308	3.131	-2.643
1515959513444	-9.414	3.131	-2.585
1515959513449	-9.423	2.528	-2.298
1515959513460	-9.5	2.451	-2.183
1515959513474	-9.73	2.202	-2.097
1515959513480	-9.864	2.442	-1.953
1515959513490	-9.759	2.298	-2.02
1515959513504	-9.548	2.087	-1.762
1515959513510	-9.289	1.992	-1.656
1515959513521	-9.203	2.174	-1.695
1515959513536	-9.433	2.633	-1.81
1515959513540	-9.739	2.949	-2.049
1515959513550	-9.72	2.892	-2.068
1515959513561	-9.462	2.614	-1.905
1515959513570	-9.49	2.346	-1.589
1515959513580	-9.73	2.174	-1.407
1515959513591	-9.998	2.126	-1.264
1515959513600	-10.123	2.164	-1.043
1515959513610	-10.084	2.106	-1.024
1515959513622	-9.998	1.905	-0.957
1515959513630	-9.941	1.79	-1.024
1515959513641	-9.864	2.001	-1.407
1515959513652	-9.797	2.413	-1.953
1515959513660	-9.787	2.844	-2.394
1515959513671	-9.711	3.026	-2.892
1515959513681	-9.625	3.179	-3.361
1515959513691	-9.663	3.533	-3.715
1515959513704	-9.692	3.811	-3.735
1515959513711	-9.481	3.763	-3.955
1515959513720	-9.308	3.84	-3.993
1515959513730	-9.318	3.993	-4.031
1515959513741	-9.213	3.993	-4.003
1515959513752	-9.155	3.782	-4.022
1515959513760	-9.232	3.553	-3.83
1515959513771	-9.414	3.342	-3.457
1515959513780	-9.548	3.055	-3.17
1515959513790	-9.672	2.921	-2.959
1515959513802	-9.692	2.815	-3.035
1515959513810	-9.826	2.758	-3.275
1515959513820	-9.739	2.796	-3.399
1515959513831	-9.51	3.189	-3.754
1515959513840	-9.117	3.514	-4.233
1515959513850	-8.801	3.629	-4.185
1515959513861	-8.312	3.763	-4.242
1515959513870	-7.853	4.185	-4.644
1515959513880	-7.451	4.271	-4.453
1515959513896	-6.972	4.185	-4.127
1515959513910	-7.02	4.482	-4.003
1515959513939	-6.962	4.587	-4.012
1515959513946	-6.885	4.721	-3.984
1515959513947	-6.694	4.97	-4.137
1515959513952	-6.359	5.095	-4.472
1515959513980	-5.889	5.114	-4.625
1515959513981	-5.449	5.095	-4.778
1515959513986	-5.066	5.19	-5.056
1515959513990	-4.711	5.506	-5.257
1515959514001	-4.357	5.861	-5.43
1515959514010	-4.127	5.64	-5.449
1515959514031	-4.118	5.018	-4.922
1515959514033	-4.577	4.606	-4.194
1515959514043	-5.324	4.357	-4.194
1515959514050	-6.225	4.395	-4.692
1515959514069	-6.972	4.529	-5.056
1515959514076	-7.709	4.587	-5.085
1515959514083	-8.054	4.405	-4.759
1515959514091	-8.293	3.974	-4.462
1515959514105	-8.418	3.246	-3.85
1515959514110	-8.169	2.652	-3.323
1515959514121	-7.853	2.423	-2.767
1515959514130	-7.508	2.298	-2.93
1515959514140	-7.508	2.652	-4.089
1515959514151	-9.174	3.591	-5.047
1515959514162	-9.174	4.328	-5.104
1515959514170	-10.123	4.491	-4.482
1515959514186	-10.084	3.869	-3.189
1515959514198	-9.625	2.853	-2.039
1515959514200	-8.705	1.838	-0.794
1515959514210	-7.642	0.354	0.287
1515959514219	-6.809	0.383	0.842
1515959514230	-6.885	0.919	-0.421
1515959514242	-8.111	3.802	-2.106
1515959514250	-10.113	3.715	-2.786
1515959514260	-11.415	4.51	-3.035
1515959514272	-11.693	4.051	-2.997
1515959514280	-10.975	2.786	-2.633
1515959514290	-9.768	1.647	-2.106
1515959514301	-8.849	0.871	-1.292
1515959514309	-8.15	0.976	-0.928
1515959514320	-8.083	2.174	-1.321
1515959514330	-8.954	3.629	-2.097
1515959514339	-10.305	4.549	-2.614
1515959514350	-11.492	4.817	-2.911
1515959514362	-12.009	4.443	-2.7
1515959514370	-11.502	3.639	-2.624
1515959514380	-10.496	2.844	-2.451
1515959514392	-9.672	2.442	-2.279
1515959514400	-9.04	2.423	-2.221
1515959514410	-8.667	2.691	-2.384
1515959514424	-8.609	3.179	-2.403
1515959514430	-8.82	3.715	-2.384
1515959514442	-9.059	3.936	-2.183
1515959514454	-9.136	3.773	-2.001
1515959514460	-9.232	3.505	-1.982
1515959514472	-9.423	3.246	-2.02
1515959514487	-9.586	3.026	-2.116
1515959514493	-9.672	2.825	-2.346
1515959514500	-9.625	2.786	-2.528
1515959514511	-9.423	2.901	-2.767
1515959514520	-9.251	3.131	-2.863
1515959514530	-9.165	3.371	-2.786
1515959514541	-9.127	3.543	-2.643
1515959514549	-9.184	3.543	-2.365
1515959514560	-9.299	3.342	-2.03
1515959514571	-9.318	2.959	-1.647
1515959514580	-9.356	2.557	-1.398
1515959514590	-9.452	2.25	-1.292
1515959514603	-9.529	2.135	-1.312
1515959514610	-9.548	2.164	-1.407
1515959514620	-9.5	2.355	-1.465
1515959514634	-9.443	2.49	-1.589
1515959514640	-9.395	2.566	-1.685
1515959514652	-9.404	2.681	-1.81
1515959514665	-9.318	2.786	-1.972
1515959514670	-9.222	2.767	-2.154
1515959514712	-9.203	2.739	-2.279
1515959514714	-9.261	2.691	-2.355
1515959514717	-9.318	2.624	-2.451
1515959514719	-9.366	2.633	-2.566
1515959514722	-9.366	2.71	-2.71
1515959514745	-9.337	2.844	-2.844
1515959514757	-9.261	2.93	-2.882
1515959514758	-9.222	2.968	-2.853
1515959514765	-9.232	2.968	-2.796
1515959514771	-9.27	2.949	-2.691
1515959514788	-9.289	2.882	-2.614
1515959514790	-9.328	2.729	-2.48
1515959514810	-9.318	2.576	-2.336
1515959514811	-9.308	2.49	-2.135
1515959514821	-9.337	2.451	-2.059
1515959514831	-9.385	2.423	-2.02
1515959514847	-9.395	2.355	-1.896
1515959514850	-9.356	2.288	-1.896
1515959514860	-9.328	2.25	-1.79
1515959514872	-9.376	2.269	-1.561
1515959514880	-9.404	2.288	-1.647
1515959514890	-9.443	2.269	-1.551
1515959514903	-9.481	2.241	-1.532
1515959514910	-9.481	2.25	-1.532
1515959514920	-9.433	2.25	-1.81
1515959514932	-9.347	2.25	-1.762
1515959514940	-9.308	2.346	-1.762
1515959514950	-9.347	2.423	-1.819
1515959514961	-9.452	2.451	-1.771
1515959514970	-9.51	2.461	-1.752
1515959514980	-9.529	2.47	-1.733
1515959514992	-9.5	2.432	-1.704
1515959515000	-9.289	2.327	-1.656
1515959515010	-9.356	2.26	-1.714
1515959515023	-9.337	2.26	-1.743
1515959515030	-9.366	2.327	-1.81
1515959515040	-9.385	2.48	-1.771
1515959515052	-9.385	2.614	-1.733
1515959515059	-9.414	2.614	-1.628
1515959515070	-9.433	2.375	-1.522
1515959515081	-9.452	2.432	-1.379
1515959515089	-9.443	2.154	-1.206
1515959515100	-9.471	2.03	-1.043
1515959515113	-9.519	1.905	-0.948
1515959515120	-9.519	1.819	-0.938
1515959515130	-9.519	1.743	-0.881
1515959515145	-9.51	1.743	-0.852
1515959515150	-9.481	1.79	-0.9
1515959515162	-9.519	1.877	-1.12
1515959515175	-9.538	2.097	-1.379
1515959515180	-9.548	2.365	-1.465
1515959515191	-9.557	2.451	-1.522
1515959515206	-9.462	2.298	-1.398
1515959515210	-9.471	2.087	-1.302
1515959515220	-9.452	2.039	-1.35
1515959515235	-9.423	2.308	-1.532
1515959515240	-9.5	2.767	-1.915
1515959515251	-9.548	3.093	-2.269
1515959515266	-9.519	3.112	-2.174
1515959515270	-9.443	2.777	-1.848
1515959515283	-9.433	2.355	-1.628
1515959515296	-9.366	2.145	-1.494
1515959515300	-9.423	2.365	-1.359
1515959515312	-9.577	2.576	-1.283
1515959515326	-9.596	2.691	-1.312
1515959515330	-9.548	2.652	-1.513
1515959515341	-9.376	2.576	-1.522
1515959515356	-9.251	2.557	-1.474
1515959515360	-9.27	2.566	-1.436
1515959515373	-9.385	2.614	-1.532
1515959515385	-9.538	2.815	-1.704
1515959515390	-9.672	2.978	-1.695
1515959515401	-9.577	2.94	-1.656
1515959515415	-9.443	2.786	-1.695
1515959515420	-9.443	2.672	-1.695
1515959515459	-9.462	2.624	-1.704
1515959515477	-9.51	2.633	-1.857
1515959515488	-9.625	2.662	-1.972
1515959515489	-9.749	2.806	-1.944
1515959515494	-9.816	2.815	-1.915
1515959515496	-9.778	2.71	-1.915
1515959515511	-9.778	2.614	-1.762
1515959515513	-9.797	2.49	-1.465
1515959515516	-9.778	2.355	-1.283
1515959515525	-9.893	2.241	-0.976
1515959515538	-9.998	2.231	-0.909
1515959515541	-10.123	2.269	-0.823
1515959515558	-10.19	2.298	-0.689
1515959515567	-10.228	2.25	-0.545
1515959515572	-10.18	2.087	-0.833
1515959515597	-10.419	2.384	-1.034
1515959515598	-10.419	2.384	-1.034
1515959515600	-10.305	2.336	-1.522
1515959515610	-10.209	2.365	-1.628
1515959515622	-10.199	2.461	-1.886
1515959515639	-10.17	2.528	-2.078
1515959515640	-10.295	2.604	-2.106
1515959515650	-10.352	2.365	-2.011
1515959515697	-10.257	2.135	-2.001
1515959515698	-10.228	2.097	-1.982
1515959515698	-10.075	2.193	-2.164
1515959515699	-9.864	2.269	-2.413
1515959515700	-9.749	2.413	-2.853
1515959515722	-9.423	2.94	-2.873
1515959515723	-9.423	2.997	-2.873
1515959515730	-9.184	3.227	-3.016
1515959515742	-8.839	3.246	-3.026
1515959515750	-8.542	3.237	-2.959
1515959515760	-8.303	3.265	-3.064
1515959515774	-7.671	3.275	-3.17
1515959515780	-7.671	3.198	-3.313
1515959515790	-7.173	3.17	-3.419
1515959515802	-7.077	3.246	-3.687
1515959515810	-6.857	3.208	-3.811
1515959515820	-6.598	3.16	-4.185
1515959515831	-6.474	3.399	-4.759
1515959515840	-6.435	3.773	-5.181
1515959515850	-6.32	3.993	-5.363
1515959515864	-6.129	4.252	-5.334
1515959515870	-5.909	4.376	-5.324
1515959515880	-5.794	4.376	-5.286
1515959515893	-5.794	4.204	-5.219
1515959515900	-5.899	4.587	-4.644
1515959515910	-5.88	5.008	-4.166
1515959515923	-6.033	5.363	-4.079
1515959515930	-6.646	5.564	-4.204
1515959515940	-7.336	5.516	-4.711
1515959515954	-7.843	5.439	-4.874
1515959515960	-7.747	5.305	-5.267
1515959515970	-7.173	4.836	-5.583
1515959515983	-6.761	4.271	-5.832
1515959515990	-6.569	3.85	-5.746
1515959516000	-6.771	3.715	-5.257
1515959516013	-7.355	3.486	-4.462
1515959516020	-8.073	3.457	-3.543
1515959516030	-8.753	3.802	-3.208
1515959516044	-9.155	3.993	-3.102
1515959516050	-9.04	3.821	-2.978
1515959516060	-8.571	3.562	-2.624
1515959516074	-7.92	3.112	-2.087
1515959516080	-7.316	2.652	-1.321
1515959516090	-7.048	2.461	-1.063
1515959516104	-7.546	2.384	-1.321
1515959516110	-8.83	2.509	-1.618
1515959516120	-10.036	2.729	-1.896
1515959516133	-10.467	2.739	-1.8
1515959516140	-10.113	2.566	-1.589
1515959516150	-9.308	2.557	-1.982
1515959516164	-8.724	2.624	-2.355
1515959516170	-8.293	2.825	-2.528
1515959516202	-8.044	3.112	-2.566
1515959516207	-8.217	3.284	-2.48
1515959516210	-8.629	3.62	-2.748
1515959516212	-9.184	4.146	-3.102
1515959516221	-9.692	4.759	-3.572
1515959516230	-10.027	5.142	-3.735
1515959516241	-10.094	4.932	-3.562
1515959516254	-9.711	4.204	-3.15
1515959516260	-9.146	3.313	-2.729
1515959516270	-8.782	2.825	-2.729
1515959516284	-8.897	2.949	-2.815
1515959516290	-9.51	3.217	-2.882
1515959516300	-10.276	3.409	-2.949
1515959516313	-10.831	3.553	-3.026
1515959516320	-11.119	3.668	-2.93
1515959516330	-11.224	3.562	-2.921
1515959516342	-11.195	3.284	-2.796
1515959516350	-10.812	2.911	-2.662
1515959516360	-10.161	2.681	-2.585
1515959516373	-9.538	2.796	-2.662
1515959516380	-9.127	3.237	-2.767
1515959516390	-8.954	3.811	-2.892
1515959516402	-8.954	4.271	-2.834
1515959516409	-8.906	4.386	-2.624
1515959516420	-8.782	4.089	-2.288
1515959516434	-8.648	3.553	-1.953
1515959516440	-8.638	3.026	-1.685
1515959516450	-8.667	2.643	-1.494
1515959516464	-8.743	2.432	-1.599
1515959516470	-8.868	2.375	-1.532
1515959516480	-9.021	2.566	-1.896
1515959516494	-9.165	2.844	-2.116
1515959516500	-9.27	3.007	-2.03
1515959516510	-9.308	2.988	-1.838
1515959516525	-9.328	2.882	-1.723
1515959516530	-9.395	2.815	-1.628
1515959516540	-9.529	2.796	-1.532
1515959516554	-9.644	2.767	-1.494
1515959516560	-9.672	2.681	-1.522
1515959516570	-9.605	2.624	-1.551
1515959516584	-9.481	2.739	-1.58
1515959516590	-9.174	2.93	-1.685
1515959516600	-9.414	3.035	-1.666
1515959516615	-9.299	3.083	-1.676
1515959516620	-9.538	3.074	-1.608
1515959516630	-9.462	2.901	-1.589
1515959516644	-9.414	2.7	-1.647
1515959516650	-9.337	2.499	-1.656
1515959516660	-9.241	2.432	-1.704
1515959516674	-9.165	2.595	-1.781
1515959516680	-9.155	2.949	-1.838
1515959516690	-9.174	2.959	-1.79
1515959516704	-9.232	3.045	-1.714
1515959516710	-9.289	2.873	-1.522
1515959516720	-9.347	2.729	-1.34
1515959516735	-9.356	2.566	-1.158
1515959516740	-9.356	2.47	-1.101
1515959516750	-9.366	2.442	-1.082
1515959516765	-9.414	2.48	-1.072
1515959516770	-9.414	2.537	-1.053
1515959516795	-9.366	2.643	-1.12
1515959516800	-9.356	2.739	-1.177
1515959516810	-9.356	2.815	-1.206
1515959516825	-9.347	2.786	-1.264
1515959516830	-9.347	2.719	-1.321
1515959516840	-9.366	2.691	-1.35
1515959516855	-9.356	2.652	-1.359
1515959516860	-9.347	2.614	-1.35
1515959516870	-9.328	2.537	-1.34
1515959516885	-9.356	2.48	-1.359
1515959516890	-9.385	2.461	-1.34
1515959516900	-9.395	2.48	-1.359
1515959516915	-9.366	2.49	-1.369
1515959516920	-9.337	2.518	-1.407
1515959516930	-9.356	2.537	-1.426
1515959516963	-9.376	2.595	-1.359
1515959516971	-9.376	2.595	-1.321
1515959516975	-9.395	2.537	-1.292
1515959516978	-9.423	2.499	-1.225
1515959516987	-9.433	2.509	-1.245
1515959516993	-9.414	2.557	-1.331
1515959517005	-9.366	2.624	-1.359
1515959517010	-9.385	2.652	-1.388
1515959517020	-9.385	2.557	-1.465
1515959517034	-9.395	2.49	-1.503
1515959517040	-9.404	2.49	-1.551
1515959517050	-9.414	2.461	-1.618
1515959517064	-9.395	2.48	-1.618
1515959517070	-9.385	2.48	-1.561
1515959517080	-9.395	2.48	-1.551
1515959517093	-9.414	2.47	-1.551
1515959517099	-9.414	2.47	-1.637
1515959517110	-9.404	2.451	-1.733
1515959517123	-9.423	2.432	-1.733
1515959517130	-9.462	2.346	-1.618
1515959517140	-9.49	2.231	-1.503
1515959517155	-9.471	2.193	-1.398
1515959517160	-9.462	2.221	-1.379
1515959517170	-9.414	2.365	-1.446
1515959517183	-9.433	2.384	-1.474
1515959517190	-9.692	2.317	-1.235
1515959517200	-9.835	2.106	-0.852
1515959517215	-9.663	1.8	-0.708
1515959517220	-9.337	1.647	-0.833
1515959517230	-9.203	1.819	-1.187
1515959517245	-9.27	2.336	-1.695
1515959517250	-9.404	2.911	-2.106
1515959517261	-9.567	3.352	-2.145
1515959517275	-9.481	3.514	-2.26
1515959517280	-9.28	3.217	-2.059
1515959517291	-9.241	2.748	-1.426
1515959517305	-9.356	2.528	-1.465
1515959517310	-9.557	2.499	-1.455
1515959517321	-9.692	2.643	-1.695
1515959517335	-9.72	2.853	-1.848
1515959517340	-9.557	2.901	-2.145
1515959517351	-9.337	2.892	-2.346
1515959517366	-9.299	3.093	-2.442
1515959517370	-9.51	3.332	-2.231
1515959517381	-9.692	3.304	-1.819
1515959517396	-9.653	2.94	-1.254
1515959517400	-9.854	2.384	-0.871
1515959517411	-9.605	2.011	-0.756
1515959517425	-9.711	2.001	-0.823
1515959517430	-9.854	2.212	-1.024
1515959517441	-9.95	2.346	-1.11
1515959517455	-10.084	2.346	-1.063
1515959517460	-10.075	2.231	-1.082
1515959517471	-9.95	2.145	-1.245
1515959517486	-9.874	2.135	-1.417
1515959517490	-9.797	2.595	-1.637
1515959517501	-9.854	2.48	-1.714
1515959517516	-10.065	2.585	-1.628
1515959517520	-10.151	2.451	-1.676
1515959517531	-10.132	2.518	-1.867
1515959517546	-9.931	2.662	-2.355
1515959517550	-9.711	2.892	-2.882
1515959517561	-9.596	3.189	-3.332
1515959517576	-9.625	3.217	-3.601
1515959517580	-9.682	3.055	-3.495
1515959517591	-9.471	2.873	-3.457
1515959517606	-9.213	3.17	-3.505
1515959517610	-9.136	3.562	-3.85
1515959517621	-9.136	3.687	-4.185
1515959517637	-9.261	3.639	-4.031
1515959517640	-9.347	3.859	-3.668
1515959517652	-9.136	3.897	-3.706
1515959517666	-8.906	3.84	-3.486
1515959517670	-8.715	3.869	-3.399
1515959517681	-8.581	3.821	-3.524
1515959517696	-8.456	3.945	-3.581
1515959517728	-8.198	3.955	-3.601
1515959517732	-7.968	3.85	-3.39
1515959517735	-7.862	3.84	-3.514
1515959517738	-7.7	3.926	-3.792
1515959517740	-7.412	3.984	-3.878
1515959517758	-7.106	4.07	-3.917
1515959517774	-6.876	4.28	-4.108
1515959517775	-6.838	4.443	-4.166
1515959517780	-6.876	4.443	-4.185
1515959517790	-6.799	4.395	-4.233
1515959517801	-6.694	4.376	-4.233
1515959517810	-6.646	4.204	-4.099
1515959517821	-6.598	3.888	-3.984
1515959517831	-6.627	3.591	-3.782
1515959517840	-6.732	3.466	-3.725
1515959517850	-6.742	3.466	-3.725
1515959517860	-6.483	3.601	-3.553
1515959517870	-6.215	3.859	-3.476
1515959517880	-6.205	4.07	-3.897
1515959517890	-6.627	3.878	-4.041
1515959517900	-7.431	3.706	-4.07
1515959517910	-8.054	3.581	-4.386
1515959517920	-8.408	3.466	-4.424
1515959517930	-8.466	3.198	-4.386
1515959517940	-8.351	3.102	-4.338
1515959517951	-8.159	3.591	-4.223
1515959517967	-7.958	4.357	-4.252
1515959517970	-8.016	4.798	-4.395
1515959517982	-8.705	4.376	-4.07
1515959517990	-9.471	3.476	-3.419
1515959518000	-9.979	2.643	-2.786
1515959518012	-10.237	2.087	-2.49
1515959518020	-10.113	1.733	-2.566
1515959518030	-9.893	1.81	-2.681
1515959518042	-9.625	2.279	-2.949
1515959518051	-9.347	3.102	-3.524
1515959518060	-9.289	4.338	-4.29
1515959518072	-9.27	5.162	-4.702
1515959518080	-9.241	4.846	-4.443
1515959518090	-9.27	3.917	-3.735
1515959518103	-9.318	3.208	-2.834
1515959518110	-9.117	2.863	-2.844
1515959518120	-8.552	2.882	-3.055
1515959518132	-8.016	3.189	-3.016
1515959518140	-7.623	3.447	-2.528
1515959518150	-7.374	3.476	-2.059
1515959518162	-7.221	3.466	-1.886
1515959518170	-7.106	3.668	-2.097
1515959518180	-7.077	4.079	-2.355
1515959518192	-7.91	4.376	-2.126
1515959518200	-7.92	4.309	-1.656
1515959518210	-8.676	3.648	-1.321
1515959518222	-8.389	2.863	-1.216
1515959518230	-7.47	2.355	-0.948
1515959518240	-6.962	2.039	-0.871
1515959518252	-6.799	1.838	-0.957
1515959518260	-7.163	1.953	-1.34
1515959518270	-7.977	2.576	-2.221
1515959518283	-8.983	3.505	-3.102
1515959518290	-9.883	4.051	-3.687
1515959518300	-10.333	4.022	-3.754
1515959518315	-10.4	3.428	-3.562
1515959518320	-10.151	2.806	-3.524
1515959518330	-9.672	2.48	-3.533
1515959518342	-9.117	2.499	-3.208
1515959518350	-8.437	2.576	-2.681
1515959518360	-8.111	2.604	-2.193
1515959518374	-8.514	2.988	-2.375
1515959518380	-9.586	3.591	-2.681
1515959518390	-11.128	4.156	-2.911
1515959518402	-12.306	4.213	-2.892
1515959518410	-12.469	3.409	-2.576
1515959518420	-11.53	2.231	-2.241
1515959518432	-10.486	1.436	-2.116
1515959518440	-9.931	1.225	-2.068
1515959518450	-9.739	1.589	-2.145
1515959518482	-9.72	2.288	-2.164
1515959518485	-9.816	2.959	-1.886
1515959518488	-9.864	3.208	-1.436
1515959518494	-9.826	2.863	-0.814
1515959518506	-9.72	2.241	-0.268
1515959518518	-9.644	1.589	0.258
1515959518521	-9.615	1.158	0.536
1515959518532	-9.634	1.015	0.459
1515959518540	-9.72	1.225	0.191
1515959518552	-9.701	1.599	-0.201
1515959518560	-9.529	1.972	-0.708
1515959518570	-9.385	2.212	-1.235
1515959518581	-9.289	2.308	-1.676
1515959518590	-9.28	2.423	-1.934
1515959518600	-9.28	2.432	-2.164
1515959518610	-9.289	2.375	-2.135
1515959518620	-9.385	2.413	-2.164
1515959518630	-9.519	2.585	-2.346
1515959518642	-9.586	2.796	-2.528
1515959518650	-9.51	2.921	-2.796
1515959518660	-9.347	3.055	-3.122
1515959518672	-9.251	3.227	-3.524
1515959518680	-9.213	3.409	-3.85
1515959518690	-9.107	3.601	-4.051
1515959518700	-9.031	3.754	-4.118
1515959518709	-9.031	3.773	-3.936
1515959518720	-9.098	3.648	-3.591
1515959518730	-9.184	3.352	-3.122
1515959518740	-9.289	2.988	-2.633
1515959518750	-9.376	2.537	-2.135
1515959518761	-9.423	2.145	-1.637
1515959518774	-9.462	1.79	-1.273
1515959518780	-9.481	1.551	-0.996
1515959518791	-9.5	1.503	-0.89
1515959518799	-9.519	1.618	-0.909
1515959518810	-9.5	1.733	-1.024
1515959518821	-9.51	1.829	-1.139
1515959518829	-9.529	1.896	-1.254
1515959518840	-9.51	1.944	-1.388
1515959518851	-9.5	2.011	-1.532
1515959518860	-9.452	2.039	-1.733
1515959518872	-9.443	2.097	-1.896
1515959518884	-9.404	2.174	-2.02
1515959518890	-9.356	2.221	-2.097
1515959518901	-9.347	2.308	-2.154
1515959518913	-9.366	2.413	-2.241
1515959518920	-9.385	2.451	-2.269
1515959518930	-9.385	2.47	-2.308
1515959518943	-9.414	2.413	-2.317
1515959518950	-9.423	2.327	-2.135
1515959518960	-9.423	2.288	-2.241
1515959518974	-9.414	2.241	-2.078
1515959518980	-9.395	2.212	-2.02
1515959518990	-9.433	2.183	-1.963
1515959519003	-9.443	2.135	-1.886
1515959519010	-9.462	2.097	-1.829
1515959519020	-9.308	2.011	-1.771
1515959519033	-9.433	1.982	-1.781
1515959519040	-9.423	1.992	-1.81
1515959519050	-9.404	2.039	-1.857
1515959519064	-9.423	2.039	-1.829
1515959519070	-9.452	2.068	-1.771
1515959519080	-9.471	2.059	-1.781
1515959519093	-9.462	2.039	-1.8
1515959519100	-9.443	2.087	-1.838
1515959519110	-9.443	2.097	-1.81
1515959519124	-9.433	2.078	-1.81
1515959519130	-9.433	2.03	-1.848
1515959519140	-9.452	2.011	-1.915
1515959519154	-9.423	2.221	-2.039
1515959519160	-9.423	2.241	-2.106
1515959519170	-9.414	2.25	-2.145
1515959519184	-9.433	2.241	-2.106
1515959519190	-9.423	2.231	-2.087
1515959519200	-9.414	2.212	-2.135
1515959519214	-9.385	2.231	-2.202
1515959519248	-9.366	2.26	-2.174
1515959519251	-9.356	2.269	-2.174
1515959519271	-9.376	2.241	-2.116
1515959519272	-9.423	2.221	-2.068
1515959519273	-9.452	2.145	-1.925
1515959519274	-9.471	2.011	-1.752
1515959519284	-9.5	1.905	-1.618
1515959519290	-9.462	1.867	-1.561
1515959519303	-9.433	1.905	-1.618
1515959519310	-9.414	1.953	-1.714
1515959519320	-9.462	2.011	-1.771
1515959519333	-9.471	2.039	-1.81
1515959519340	-9.462	2.059	-1.79
1515959519350	-9.471	2.068	-1.819
1515959519362	-9.462	2.068	-1.857
1515959519370	-9.452	2.049	-1.867
1515959519380	-9.423	2.001	-1.848
1515959519393	-9.452	1.972	-1.886
1515959519400	-9.452	2.03	-1.925
1515959519410	-9.433	2.059	-1.982
1515959519422	-9.414	2.097	-2.02
1515959519430	-9.423	2.106	-2.02
1515959519440	-9.404	2.087	-2.02
1515959519451	-9.404	2.068	-2.03
1515959519459	-9.423	2.03	-2.02
1515959519470	-9.433	2.001	-1.963
1515959519484	-9.481	1.992	-1.934
1515959519490	-9.481	2.02	-1.905
1515959519500	-9.471	2.116	-1.934
1515959519514	-9.414	2.174	-1.992
1515959519520	-9.366	2.212	-2.039
1515959519530	-9.395	2.183	-1.982
1515959519544	-9.443	2.116	-1.925
1515959519550	-9.49	2.011	-1.781
1515959519560	-9.5	1.896	-1.733
1515959519574	-9.395	1.944	-1.704
1515959519580	-9.385	2.116	-1.838
1515959519590	-9.462	2.365	-2.164
1515959519604	-9.51	2.614	-2.48
1515959519610	-9.49	2.786	-2.71
1515959519620	-9.308	2.719	-2.691
1515959519639	-9.184	2.595	-2.576
1515959519640	-9.165	2.49	-2.49
1515959519650	-9.232	2.47	-2.442
1515959519665	-9.385	2.604	-2.355
1515959519670	-9.538	2.739	-2.279
1515959519680	-9.538	2.767	-2.078
1515959519695	-9.481	2.509	-1.771
1515959519700	-9.443	2.135	-1.465
1515959519710	-9.414	1.848	-1.101
1515959519724	-9.423	1.666	-0.737
1515959519730	-9.423	1.695	-0.689
1515959519740	-9.538	1.963	-0.794
1515959519754	-9.653	2.183	-1.015
1515959519768	-9.567	2.135	-1.11
1515959519773	-9.423	1.963	-1.283
1515959519795	-9.519	2.106	-1.407
1515959519797	-9.519	2.145	-1.714
1515959519804	-9.634	2.298	-1.857
1515959519816	-9.519	2.48	-2.164
1515959519820	-9.519	2.681	-2.288
1515959519837	-9.481	2.796	-2.451
1515959519848	-9.462	2.853	-2.691
1515959519850	-9.462	2.844	-2.566
1515959519860	-9.548	2.815	-2.557
1515959519875	-9.682	2.652	-2.423
1515959519880	-9.845	2.547	-2.537
1515959519890	-10.036	2.604	-2.643
1515959519904	-10.123	2.767	-2.595
1515959519910	-9.979	2.911	-2.758
1515959519926	-9.874	3.064	-2.921
1515959519934	-9.797	3.074	-2.959
1515959519940	-9.692	2.93	-2.968
1515959519950	-9.807	3.112	-3.17
1515959519964	-10.046	3.102	-3.16
1515959519970	-10.065	3.16	-3.064
1515959520013	-9.979	2.949	-2.949
1515959520028	-9.921	2.853	-3.026
1515959520029	-9.998	2.911	-3.074
1515959520031	-10.027	2.882	-3.122
1515959520033	-9.893	2.978	-3.227
1515959520040	-9.711	2.94	-3.342
1515959520041	-9.701	2.739	-3.342
1515959520052	-9.749	2.892	-3.399
1515959520063	-9.663	3.026	-3.687
1515959520070	-9.519	3.074	-3.735
1515959520088	-9.213	3.17	-3.869
1515959520090	-8.629	3.514	-3.964
1515959520101	-8.274	3.668	-4.166
1515959520115	-7.901	3.773	-4.271
1515959520120	-7.46	4.108	-4.338
1515959520131	-6.962	4.587	-4.759
1515959520144	-6.589	4.807	-5.028
1515959520150	-6.225	4.855	-4.989
1515959520161	-5.717	5.104	-4.865
1515959520172	-5.277	5.363	-4.759
1515959520179	-4.951	5.516	-4.874
1515959520190	-4.673	5.401	-5.028
1515959520204	-4.472	5.315	-4.989
1515959520209	-4.3	5.382	-4.846
1515959520220	-4.357	5.219	-4.654
1515959520233	-4.673	4.51	-4.175
1515959520240	-5.2	3.677	-3.572
1515959520250	-5.64	3.447	-2.94
1515959520262	-6.1	3.84	-3.112
1515959520270	-6.445	4.022	-4.3
1515959520282	-6.857	4.146	-5.42
1515959520293	-7.307	4.242	-6.043
1515959520299	-7.431	4.348	-6.11
1515959520310	-7.288	4.443	-5.909
1515959520324	-7.24	4.146	-5.573
1515959520330	-7.479	3.648	-4.855
1515959520340	-7.881	3.237	-4.118
1515959520375	-8.332	3.275	-3.859
1515959520376	-9.184	4.012	-4.156
1515959520377	-10.218	4.711	-4.415
1515959520381	-10.86	4.903	-4.166
1515959520389	-10.659	4.51	-3.706
1515959520400	-9.912	3.897	-3.074
1515959520413	-9.021	3.141	-2.394
1515959520420	-8.255	2.126	-1.551
1515959520430	-8.016	1.177	-0.287
1515959520443	-8.322	0.881	0.459
1515959520450	-8.945	1.187	-0.086
1515959520460	-9.807	1.944	-1.024
1515959520476	-10.439	2.7	-2.097
1515959520480	-10.486	3.399	-3.045
1515959520491	-10.276	4.031	-3.782
1515959520506	-9.625	4.175	-4.185
1515959520510	-8.705	3.993	-4.156
1515959520536	-7.642	3.591	-3.122
1515959520540	-7.958	3.61	-3.15
1515959520551	-8.734	3.936	-3.342
1515959520566	-9.557	4.472	-3.352
1515959520570	-10.094	4.769	-3.399
1515959520582	-10.123	4.625	-3.246
1515959520596	-9.596	4.127	-3.007
1515959520600	-8.935	3.62	-2.978
1515959520611	-8.408	3.217	-3.198
1515959520627	-8.169	3.035	-3.323
1515959520630	-8.293	3.275	-3.486
1515959520641	-8.629	3.562	-3.524
1515959520656	-9.069	3.715	-3.275
1515959520660	-9.385	3.773	-2.988
1515959520671	-9.002	3.677	-2.719
1515959520686	-8.724	3.38	-2.499
1515959520690	-8.648	3.055	-2.413
1515959520701	-8.466	2.882	-2.375
1515959520717	-8.466	2.863	-2.365
1515959520720	-8.399	2.901	-2.423
1515959520732	-8.389	2.959	-2.432
1515959520767	-8.38	3.102	-2.394
1515959520775	-8.303	3.15	-2.298
1515959520780	-8.245	2.911	-2.164
1515959520782	-8.265	2.729	-2.116
1515959520798	-8.284	2.691	-2.068
1515959520800	-8.36	2.633	-1.829
1515959520801	-8.466	2.863	-1.953
1515959520810	-8.743	2.959	-2.059
1515959520820	-9.203	3.064	-2.308
1515959520835	-9.519	2.949	-2.346
1515959520840	-9.529	2.921	-2.423
1515959520850	-9.404	2.844	-2.604
1515959520877	-9.308	2.748	-2.672
1515959520878	-9.347	2.672	-2.767
1515959520882	-9.414	2.614	-2.7
1515959520893	-9.347	2.633	-2.604
1515959520899	-9.232	2.71	-2.537
1515959520910	-9.27	2.7	-2.48
1515959520923	-9.529	2.643	-2.49
1515959520929	-9.768	2.403	-2.279
1515959520940	-10.008	2.097	-2.346
1515959520987	-10.266	1.905	-2.336
1515959520988	-10.563	1.963	-2.327
1515959520989	-10.592	2.317	-2.212
1515959520989	-10.305	2.662	-2.059
1515959520990	-9.96	2.834	-2.011
1515959521000	-9.682	2.911	-1.982
1515959521014	-9.481	2.997	-1.896
1515959521019	-9.289	2.853	-1.79
1515959521030	-9.222	2.537	-1.685
1515959521044	-9.289	2.279	-1.637
1515959521050	-9.443	2.231	-1.637
1515959521060	-9.596	2.193	-1.695
1515959521073	-9.653	2.068	-1.752
1515959521080	-9.634	1.972	-1.79
1515959521093	-9.567	2.011	-1.79
1515959521103	-9.462	2.059	-1.829
1515959521109	-9.423	2.078	-1.857
1515959521127	-9.462	2.011	-1.819
1515959521135	-9.519	1.886	-1.752
1515959521140	-9.548	1.771	-1.714
1515959521150	-9.538	1.8	-1.733
1515959521163	-9.519	1.953	-1.819
1515959521184	-9.471	2.126	-1.992
1515959521185	-9.452	2.288	-2.126
1515959521195	-9.433	2.394	-2.193
1515959521199	-9.423	2.451	-2.183
1515959521210	-9.404	2.442	-2.145
1515959521220	-9.414	2.413	-2.039
1515959521230	-9.404	2.355	-1.925
1515959521240	-9.385	2.327	-1.905
1515959521254	-9.404	2.327	-1.886
1515959521261	-9.414	2.327	-1.925
1515959521270	-9.404	2.279	-1.905
1515959521284	-9.385	2.193	-1.771
1515959521289	-9.376	2.174	-1.714
1515959521300	-9.433	2.183	-1.723
1515959521310	-9.481	2.164	-1.685
1515959521320	-9.462	2.154	-1.656
1515959521330	-9.443	2.087	-1.58
1515959521340	-9.423	2.068	-1.532
1515959521350	-9.452	2.039	-1.513
1515959521360	-9.5	1.982	-1.494
1515959521370	-9.51	1.963	-1.436
1515959521380	-9.462	1.982	-1.436
1515959521390	-9.414	2.049	-1.57
1515959521399	-9.395	2.164	-1.771
1515959521410	-9.423	2.288	-1.934
1515959521420	-9.433	2.384	-2.03
1515959521430	-9.404	2.403	-2.068
1515959521440	-9.395	2.384	-2.049
1515959521452	-9.337	2.365	-2.001
1515959521460	-9.337	2.375	-2.001
1515959521470	-9.328	2.403	-2.049
1515959521482	-9.433	2.47	-2.02
1515959521490	-9.433	2.451	-1.982
1515959521523	-9.443	2.336	-1.829
1515959521526	-9.51	2.097	-1.752
1515959521529	-9.51	2.097	-1.81
1515959521531	-9.299	2.145	-1.982
1515959521544	-9.586	2.336	-2.174
1515959521562	-9.519	2.48	-2.231
1515959521563	-9.404	2.624	-2.327
1515959521572	-9.308	2.499	-2.413
1515959521580	-9.261	2.518	-2.298
1515959521590	-9.28	2.432	-2.193
1515959521601	-9.347	2.451	-2.106
1515959521610	-9.385	2.509	-2.02
1515959521621	-9.318	2.509	-1.848
1515959521630	-9.299	2.566	-1.723
1515959521639	-9.328	2.346	-1.666
1515959521650	-9.404	2.394	-1.618
1515959521661	-9.51	2.327	-1.465
1515959521678	-9.471	2.355	-1.426
1515959521683	-9.385	2.327	-1.455
1515959521690	-9.366	2.403	-1.513
1515959521700	-9.414	2.528	-1.676
1515959521718	-9.5	2.585	-1.857
1515959521723	-9.625	2.748	-1.944
1515959521729	-9.778	2.853	-1.81
1515959521740	-9.73	2.719	-1.676
1515959521750	-9.548	2.423	-1.81
1515959521760	-9.452	2.288	-1.762
1515959521772	-9.433	2.375	-1.857
1515959521786	-9.395	2.518	-2.001
1515959521790	-9.452	2.729	-2.106
1515959521800	-9.625	2.825	-2.078
1515959521810	-9.816	2.719	-1.781
1515959521819	-9.931	2.442	-1.58
1515959521830	-10.008	2.135	-1.484
1515959521840	-9.988	2.164	-1.522
1515959521850	-9.883	2.423	-1.8
1515959521860	-9.854	2.786	-2.106
1515959521871	-9.902	3.016	-2.327
1515959521880	-9.931	3.141	-2.442
1515959521889	-9.912	3.179	-2.537
1515959521900	-9.864	3.16	-2.604
1515959521912	-9.835	3.246	-2.834
1515959521921	-9.96	3.447	-2.94
1515959521931	-10.103	3.447	-3.15
1515959521940	-10.132	3.237	-3.026
1515959521949	-10.161	2.988	-2.748
1515959521960	-9.96	2.796	-2.643
1515959521970	-9.625	2.748	-2.691
1515959521980	-9.433	2.892	-2.806
1515959521990	-9.27	3.217	-2.988
1515959522000	-9.261	3.591	-3.141
1515959522010	-9.356	3.438	-3.237
1515959522024	-9.663	3.083	-3.122
1515959522030	-9.893	3.016	-2.604
1515959522040	-9.471	3.17	-2.662
1515959522053	-8.973	3.275	-3.035
1515959522060	-8.629	3.198	-3.466
1515959522072	-8.169	3.533	-4.07
1515959522083	-7.7	4.012	-4.932
1515959522090	-7.115	4.223	-4.999
1515959522100	-6.416	4.664	-5.286
1515959522115	-5.842	5.229	-5.861
1515959522120	-5.391	5.631	-5.813
1515959522130	-5.162	5.736	-6.1
1515959522143	-5.142	5.669	-5.985
1515959522150	-5.152	5.573	-6.052
1515959522160	-5.047	5.42	-5.937
1515959522173	-4.951	5.104	-5.621
1515959522180	-4.97	4.75	-5.181
1515959522190	-5.142	4.424	-4.664
1515959522204	-5.736	4.185	-3.945
1515959522210	-5.669	4.156	-3.945
1515959522220	-5.717	4.367	-3.897
1515959522232	-5.813	4.759	-4.06
1515959522240	-5.966	5.152	-4.692
1515959522250	-6.33	5.181	-5.324
1515959522282	-7.336	4.951	-5.42
1515959522290	-7.336	4.98	-5.42
1515959522294	-7.537	4.549	-5.085
1515959522296	-7.661	3.974	-4.74
1515959522311	-7.642	3.486	-4.367
1515959522314	-7.498	3.304	-4.06
1515959522324	-7.336	3.265	-3.61
1515959522330	-7.326	3.217	-3.074
1515959522340	-8.6	2.882	-2.652
1515959522352	-9.548	2.748	-2.087
1515959522360	-10.161	2.528	-1.254
1515959522370	-10.036	2.298	-0.957
1515959522383	-9.596	2.193	-0.833
1515959522390	-8.954	2.193	-0.986
1515959522400	-8.255	2.451	-1.13
1515959522411	-7.958	3.035	-1.388
1515959522420	-8.111	3.035	-1.637
1515959522429	-8.418	3.917	-2.03
1515959522441	-8.696	4.529	-2.576
1515959522468	-9.059	5.114	-3.648
1515959522469	-9.682	5.42	-4.462
1515959522480	-9.826	5.114	-5.056
1515959522489	-9.433	4.242	-4.836
1515959522501	-8.83	3.265	-4.443
1515959522510	-8.475	2.633	-3.964
1515959522520	-8.466	2.652	-3.601
1515959522531	-8.839	3.131	-3.428
1515959522539	-9.557	3.572	-3.179
1515959522552	-10.237	3.687	-2.806
1515959522561	-10.573	3.486	-2.26
1515959522569	-10.486	3.15	-1.867
1515959522580	-10.132	2.844	-1.656
1515959522591	-9.768	2.815	-1.905
1515959522600	-9.557	2.882	-2.164
1515959522610	-9.395	3.007	-2.365
1515959522621	-9.184	3.16	-2.576
1515959522629	-9.012	3.284	-2.643
1515959522641	-8.906	3.352	-2.403
1515959522651	-8.83	3.256	-1.982
1515959522659	-8.906	3.045	-1.532
1515959522670	-9.165	2.873	-1.321
1515959522681	-9.557	2.863	-1.206
1515959522690	-9.749	2.729	-1.292
1515959522700	-9.682	2.509	-1.57
1515959522711	-9.577	2.461	-1.905
1515959522720	-9.423	2.566	-2.336
1515959522730	-9.27	2.815	-2.528
1515959522742	-9.155	3.102	-2.71
1515959522750	-9.117	3.399	-2.786
1515959522760	-9.241	3.639	-2.681
1515959522772	-9.433	3.687	-2.557
1515959522780	-9.529	3.466	-2.375
1515959522790	-9.452	3.093	-2.145
1515959522802	-9.376	2.748	-1.992
1515959522810	-9.347	2.509	-1.972
1515959522820	-9.366	2.48	-1.992
1515959522832	-9.356	2.624	-2.154
1515959522839	-9.318	2.921	-2.355
1515959522850	-9.28	3.208	-2.47
1515959522862	-9.251	3.361	-2.432
1515959522870	-9.194	3.304	-2.336
1515959522880	-9.203	3.064	-2.126
1515959522893	-9.251	2.767	-1.905
1515959522900	-9.299	2.518	-1.743
1515959522910	-9.385	2.355	-1.628
1515959522924	-9.395	2.26	-1.58
1515959522930	-9.385	2.25	-1.608
1515959522940	-9.433	2.279	-1.628
1515959522954	-9.49	2.336	-1.695
1515959522960	-9.423	2.442	-1.752
1515959522970	-9.299	2.576	-1.819
1515959522984	-9.241	2.691	-1.877
1515959522990	-9.241	2.71	-1.877
1515959523000	-9.337	2.614	-1.79
1515959523015	-9.452	2.518	-1.685
1515959523020	-9.462	2.49	-1.57
1515959523052	-9.395	2.49	-1.618
1515959523059	-9.318	2.518	-1.656
1515959523062	-9.337	2.547	-1.647
1515959523066	-9.395	2.566	-1.608
1515959523087	-9.433	2.49	-1.608
1515959523089	-9.443	2.48	-1.57
1515959523090	-9.366	2.499	-1.589
1515959523104	-9.328	2.48	-1.551
1515959523110	-9.328	2.423	-1.484
1515959523120	-9.328	2.336	-1.388
1515959523135	-9.366	2.308	-1.273
1515959523140	-9.423	2.26	-1.206
1515959523150	-9.49	2.231	-1.101
1515959523164	-9.538	2.106	-0.976
1515959523170	-9.548	2.039	-0.938
1515959523180	-9.548	2.049	-0.948
1515959523197	-9.481	2.25	-1.053
1515959523200	-9.328	2.183	-1.235
1515959523210	-9.462	2.25	-1.34
1515959523223	-9.443	2.288	-1.34
1515959523230	-9.452	2.269	-1.302
1515959523240	-9.462	2.25	-1.273
1515959523253	-9.452	2.221	-1.206
1515959523260	-9.5	2.212	-1.225
1515959523270	-9.481	2.231	-1.168
1515959523283	-9.462	2.25	-1.149
1515959523290	-9.481	2.212	-1.158
1515959523300	-9.51	2.154	-1.216
1515959523312	-9.49	2.174	-1.245
1515959523320	-9.433	2.212	-1.302
1515959523330	-9.414	2.269	-1.34
1515959523342	-9.423	2.308	-1.407
1515959523350	-9.443	2.384	-1.446
1515959523360	-9.423	2.355	-1.446
1515959523374	-9.462	2.241	-1.455
1515959523380	-9.538	2.327	-1.426
1515959523390	-9.519	2.537	-1.465
1515959523404	-9.452	2.518	-1.532
1515959523410	-9.356	2.432	-1.522
1515959523421	-9.404	2.432	-1.484
1515959523435	-9.5	2.47	-1.647
1515959523440	-9.586	2.633	-1.905
1515959523464	-9.347	2.777	-2.221
1515959523470	-9.261	2.595	-1.963
1515959523480	-9.356	2.298	-1.857
1515959523496	-9.462	2.174	-1.695
1515959523500	-9.596	2.298	-1.666
1515959523510	-9.605	2.355	-1.704
1515959523525	-9.529	2.355	-1.618
1515959523530	-9.5	2.288	-1.484
1515959523541	-9.51	2.164	-1.34
1515959523555	-9.462	2.068	-1.225
1515959523560	-9.433	2.011	-1.12
1515959523585	-9.548	2.145	-1.312
1515959523590	-9.644	2.26	-1.618
1515959523600	-9.682	2.461	-1.867
1515959523616	-9.672	2.585	-2.011
1515959523620	-9.577	2.537	-1.905
1515959523630	-9.49	2.403	-1.781
1515959523646	-9.529	2.375	-1.57
1515959523650	-9.653	2.394	-1.446
1515959523660	-9.73	2.346	-1.292
1515959523675	-9.759	2.298	-1.225
1515959523680	-9.749	2.154	-1.034
1515959523690	-9.759	2.02	-1.034
1515959523706	-9.835	1.944	-1.11
1515959523710	-9.931	1.982	-1.177
1515959523720	-10.075	2.087	-1.091
1515959523735	-10.19	2.011	-1.158
1515959523740	-10.247	1.848	-1.13
1515959523750	-10.305	1.905	-1.11
1515959523765	-10.199	2.087	-2.059
1515959523770	-10.266	2.48	-2.059
1515959523781	-10.831	3.17	-2.317
1515959523801	-10.841	3.304	-2.815
1515959523823	-10.841	2.815	-2.815
1515959523827	-10.563	2.432	-2.652
1515959523840	-10.209	2.154	-2.595
1515959523853	-10.113	1.934	-2.566
1515959523854	-10.218	2.087	-2.662
1515959523856	-10.161	2.71	-2.71
1515959523877	-10.056	2.748	-2.719
1515959523887	-9.845	2.777	-2.844
1515959523897	-9.826	2.786	-2.844
1515959523905	-9.261	2.863	-2.777
1515959523911	-9.261	2.681	-2.93
1515959523925	-8.916	2.461	-3.074
1515959523933	-8.609	2.633	-3.486
1515959523947	-7.853	3.399	-3.601
1515959523956	-7.853	3.399	-3.83
1515959523971	-7.623	3.715	-4.051
1515959523977	-7.288	3.936	-3.984
1515959523982	-7.278	3.869	-3.955
1515959523993	-6.751	3.562	-3.936
1515959524001	-6.751	3.562	-3.955
1515959524010	-6.091	3.466	-3.725
1515959524020	-5.794	3.39	-3.466
1515959524037	-5.976	3.352	-3.399
1515959524043	-6.167	3.361	-3.514
1515959524057	-6.225	3.514	-3.821
1515959524066	-6.368	3.83	-4.079
1515959524070	-6.598	3.955	-4.089
1515959524082	-6.627	3.974	-3.917
1515959524094	-6.857	4.194	-3.821
1515959524099	-7.067	4.616	-4.309
1515959524110	-7.154	5.19	-4.731
1515959524124	-7.288	5.114	-4.711
1515959524130	-7.403	4.711	-4.367
1515959524140	-7.652	3.945	-4.031
1515959524154	-7.996	3.217	-3.591
1515959524160	-8.274	2.729	-3.466
1515959524170	-8.514	2.604	-3.62
1515959524183	-8.782	2.806	-3.773
1515959524189	-9.031	3.323	-4.146
1515959524200	-9.27	3.984	-4.395
1515959524214	-9.328	4.453	-4.673
1515959524220	-9.337	4.146	-4.252
1515959524243	-9.146	2.442	-2.499
1515959524250	-9.088	2.011	-2.106
1515959524260	-8.983	1.972	-1.992
1515959524273	-8.782	2.442	-2.241
1515959524279	-8.676	2.997	-2.47
1515959524290	-8.638	3.514	-2.71
1515959524303	-8.667	3.917	-3.064
1515959524310	-8.715	4.309	-3.055
1515959524320	-8.552	4.194	-2.806
1515959524333	-8.351	3.342	-2.231
1515959524340	-8.475	2.355	-1.484
1515959524350	-8.533	1.695	-1.359
1515959524364	-8.485	1.886	-1.877
1515959524370	-8.284	2.633	-2.595
1515959524380	-8.006	3.275	-3.294
1515959524393	-8.054	3.629	-3.888
1515959524400	-8.274	3.773	-3.955
1515959524410	-8.418	3.83	-3.859
1515959524425	-8.552	3.84	-3.792
1515959524429	-8.83	3.888	-3.897
1515959524440	-9.213	3.85	-3.725
1515959524453	-9.452	3.677	-3.601
1515959524460	-9.481	3.495	-3.658
1515959524470	-9.423	3.265	-3.495
1515959524483	-9.289	3.074	-3.17
1515959524489	-9.127	3.035	-3.026
1515959524500	-9.251	3.15	-2.921
1515959524513	-9.443	3.332	-2.978
1515959524520	-9.701	3.39	-2.93
1515959524530	-9.835	3.323	-2.719
1515959524543	-9.768	3.227	-2.815
1515959524549	-9.816	3.093	-2.806
1515959524560	-9.95	2.988	-2.94
1515959524573	-10.008	2.94	-3.189
1515959524592	-9.998	2.911	-3.294
1515959524597	-9.893	2.834	-3.17
1515959524601	-9.653	2.71	-3.074
1515959524621	-9.462	2.662	-2.825
1515959524622	-9.433	2.739	-2.442
1515959524636	-9.328	2.777	-2.02
1515959524640	-9.174	2.652	-1.676
1515959524654	-8.983	2.509	-1.35
1515959524667	-8.82	2.394	-1.168
1515959524670	-8.753	2.288	-1.139
1515959524680	-8.801	2.25	-1.187
1515959524701	-8.81	2.221	-1.245
1515959524702	-8.791	2.269	-1.273
1515959524710	-8.763	2.375	-1.551
1515959524726	-8.81	2.499	-1.57
1515959524730	-8.906	2.71	-2.097
1515959524741	-8.935	2.739	-2.193
1515959524755	-8.983	2.643	-2.164
1515959524760	-9.127	2.499	-2.403
1515959524770	-9.203	2.365	-2.317
1515959524781	-9.251	2.269	-2.346
1515959524790	-9.27	2.241	-2.317
1515959524800	-9.318	2.336	-2.221
1515959524814	-9.376	2.451	-2.039
1515959524820	-9.481	2.547	-1.8
1515959524830	-10.17	2.595	-1.494
1515959524843	-10.228	2.547	-1.158
1515959524849	-10.486	2.375	-0.967
1515959524860	-10.381	2.126	-0.747
1515959524874	-10.257	1.877	-0.593
1515959524880	-9.95	1.666	-0.488
1515959524890	-9.672	2.02	-0.526
1515959524904	-9.529	2.001	-0.689
1515959524910	-9.567	2.212	-0.9
1515959524920	-9.625	2.451	-1.158
1515959524935	-9.625	2.595	-1.494
1515959524939	-9.462	2.729	-1.886
1515959524950	-9.289	2.806	-2.26
1515959524960	-9.251	3.016	-2.672
1515959524969	-9.232	3.131	-2.93
1515959524980	-9.203	3.237	-3.131
1515959524990	-9.203	3.361	-3.237
1515959525000	-9.222	3.438	-3.265
1515959525010	-9.261	3.38	-3.17
1515959525020	-9.289	3.198	-2.988
1515959525030	-9.318	2.949	-2.662
1515959525040	-9.347	2.691	-2.346
1515959525050	-9.366	2.48	-2.097
1515959525060	-9.385	2.384	-1.848
1515959525070	-9.414	2.308	-1.666
1515959525079	-9.443	2.231	-1.503
1515959525089	-9.49	2.078	-1.359
1515959525100	-9.519	1.992	-1.235
1515959525110	-9.5	1.944	-1.149
1515959525120	-9.49	1.982	-1.139
1515959525130	-9.5	2.059	-1.13
1515959525140	-9.49	2.087	-1.149
1515959525150	-9.5	2.087	-1.206
1515959525161	-9.529	2.068	-1.245
1515959525169	-9.5	2.068	-1.312
1515959525180	-9.443	2.078	-1.34
1515959525190	-9.414	2.087	-1.379
1515959525199	-9.433	2.126	-1.446
1515959525210	-9.481	2.193	-1.474
1515959525220	-9.49	2.231	-1.551
1515959525229	-9.462	2.25	-1.561
1515959525240	-9.423	2.221	-1.522
1515959525250	-9.395	2.231	-1.503
1515959525260	-9.404	2.279	-1.522
1515959525270	-9.414	2.317	-1.58
1515959525280	-9.414	2.317	-1.714
1515959525289	-9.443	2.308	-1.762
1515959525300	-9.433	2.308	-1.723
1515959525310	-9.423	2.308	-1.666
1515959525319	-9.481	2.269	-1.608
1515959525329	-9.481	2.269	-1.656
1515959525349	-9.481	2.346	-1.599
1515959525354	-9.376	2.432	-1.676
1515959525367	-9.337	2.518	-1.829
1515959525379	-9.385	2.576	-1.877
1515959525382	-9.51	2.547	-1.714
1515959525390	-9.548	2.355	-1.561
1515959525401	-9.51	2.097	-1.561
1515959525410	-9.452	2.001	-1.589
1515959525425	-9.404	2.116	-1.589
1515959525432	-9.462	2.308	-1.599
1515959525440	-9.711	2.308	-1.57
1515959525450	-9.835	2.106	-1.369
1515959525462	-9.768	2.02	-1.11
1515959525470	-9.567	1.963	-1.072
1515959525480	-9.337	2.106	-1.177
1515959525491	-9.203	2.355	-2.059
1515959525500	-9.251	2.681	-2.059
1515959525512	-9.395	2.988	-2.537
1515959525523	-9.5	3.112	-2.71
1515959525530	-9.462	3.035	-2.614
1515959525540	-9.337	2.863	-2.509
1515959525552	-9.356	2.739	-2.557
1515959525560	-9.452	2.863	-2.729
1515959525570	-9.5	3.035	-2.614
1515959525581	-9.49	3.189	-2.423
1515959525589	-9.49	3.179	-2.269
1515959525600	-9.529	3.007	-2.174
1515959525610	-9.711	2.767	-2.126
1515959525620	-9.625	2.681	-2.174
1515959525630	-9.826	2.882	-2.26
1515959525643	-9.759	3.074	-2.308
1515959525650	-10.027	3.007	-2.355
1515959525660	-9.912	2.863	-2.317
1515959525673	-9.807	2.825	-2.336
1515959525680	-9.759	2.949	-2.423
1515959525690	-9.759	3.093	-2.451
1515959525703	-9.816	3.217	-2.576
1515959525710	-9.883	3.323	-2.691
1515959525720	-9.845	3.371	-2.71
1515959525732	-9.72	3.332	-2.624
1515959525740	-9.548	3.227	-2.528
1515959525750	-9.404	3.256	-2.537
1515959525762	-9.299	3.237	-2.547
1515959525770	-9.261	3.265	-2.48
1515959525780	-9.184	3.39	-2.403
1515959525812	-9.117	3.447	-2.298
1515959525814	-9.012	3.352	-2.183
1515959525815	-8.964	3.17	-2.288
1515959525823	-8.935	3.112	-2.729
1515959525830	-8.83	3.179	-3.112
1515959525840	-8.629	3.16	-3.409
1515959525856	-8.322	2.882	-3.668
1515959525860	-8.083	2.796	-3.907
1515959525870	-7.92	3.217	-4.568
1515959525883	-7.862	3.524	-5.095
1515959525890	-7.747	3.581	-5.209
1515959525900	-7.46	3.696	-5.315
1515959525913	-7.202	3.888	-5.554
1515959525920	-7.077	4.108	-5.679
1515959525930	-6.991	4.29	-5.765
1515959525944	-6.866	4.443	-5.669
1515959525950	-6.761	4.319	-5.248
1515959525960	-6.771	4.194	-4.941
1515959525973	-6.943	4.06	-4.683
1515959525980	-7.125	3.84	-4.213
1515959525990	-7.182	3.543	-3.696
1515959526003	-7.106	3.227	-3.256
1515959526010	-7.01	3.093	-2.997
1515959526020	-6.847	3.045	-3.093
1515959526035	-6.885	3.122	-3.17
1515959526040	-7.067	3.409	-3.227
1515959526050	-7.221	3.945	-3.313
1515959526063	-7.192	4.644	-3.782
1515959526070	-7.307	4.97	-4.395
1515959526080	-7.537	4.51	-4.577
1515959526093	-7.709	3.811	-4.482
1515959526130	-7.757	3.246	-4.137
1515959526133	-7.652	2.547	-3.763
1515959526138	-7.671	1.915	-3.055
1515959526143	-7.613	1.762	-2.633
1515959526145	-7.69	2.212	-2.949
1515959526162	-7.968	3.093	-3.562
1515959526163	-8.504	4.166	-4.031
1515959526170	-8.954	4.817	-4.443
1515959526182	-9.127	4.721	-4.52
1515959526190	-9.002	4.118	-4.252
1515959526200	-8.734	3.093	-3.744
1515959526214	-8.533	1.982	-1.905
1515959526220	-8.207	1.082	-1.925
1515959526230	-7.776	0.842	-1.254
1515959526243	-7.69	1.283	-1.886
1515959526250	-8.13	2.231	-1.886
1515959526260	-9.05	3.256	-2.643
1515959526272	-9.826	4.156	-3.639
1515959526280	-9.969	4.778	-4.185
1515959526290	-9.395	4.74	-4.482
1515959526302	-8.418	4.3	-4.348
1515959526310	-7.776	3.61	-3.993
1515959526320	-7.757	2.968	-3.581
1515959526331	-8.217	2.758	-3.696
1515959526340	-8.791	3.055	-3.696
1515959526350	-9.27	3.639	-3.725
1515959526361	-9.577	4.166	-4.271
1515959526369	-10.008	4.491	-4.271
1515959526380	-10.439	4.386	-3.265
1515959526394	-10.352	3.294	-2.662
1515959526400	-10.352	3.265	-2.202
1515959526410	-9.96	2.729	-2.202
1515959526424	-9.644	2.355	-2.48
1515959526430	-9.644	2.336	-2.71
1515959526440	-9.73	2.758	-2.882
1515959526455	-9.548	3.687	-2.988
1515959526460	-9.548	3.782	-2.844
1515959526470	-9.452	3.802	-2.739
1515959526484	-9.557	3.677	-2.547
1515959526490	-9.557	3.438	-2.308
1515959526500	-9.308	3.131	-2.154
1515959526514	-9.031	2.739	-2.078
1515959526520	-8.83	2.758	-2.03
1515959526530	-8.801	2.834	-2.039
1515959526544	-8.935	3.189	-2.087
1515959526550	-9.04	3.217	-2.154
1515959526574	-8.964	3.083	-2.097
1515959526580	-8.935	2.968	-2.116
1515959526590	-9.05	2.806	-2.078
1515959526604	-9.232	2.652	-1.963
1515959526610	-9.366	2.643	-1.81
1515959526620	-9.395	2.537	-1.743
1515959526634	-9.423	2.518	-1.676
1515959526640	-9.414	2.537	-1.656
1515959526650	-9.404	2.614	-1.695
1515959526664	-9.395	2.7	-1.762
1515959526670	-9.347	2.758	-1.79
1515959526694	-9.308	2.729	-1.8
1515959526700	-9.337	2.739	-1.857
1515959526710	-9.356	2.806	-1.925
1515959526724	-9.299	2.863	-2.02
1515959526730	-9.222	2.94	-2.126
1515959526740	-9.174	2.968	-2.25
1515959526754	-9.165	2.997	-2.384
1515959526760	-9.184	3.074	-2.537
1515959526770	-9.165	3.198	-2.739
1515959526785	-9.127	3.323	-2.911
1515959526790	-9.127	3.39	-3.016
1515959526801	-9.107	3.361	-3.016
1515959526815	-9.107	3.294	-2.882
1515959526820	-9.136	3.17	-2.777
1515959526830	-9.203	3.035	-2.633
1515959526847	-9.241	2.949	-2.432
1515959526850	-9.28	2.844	-2.26
1515959526861	-9.318	2.681	-2.078
1515959526874	-9.356	2.566	-1.992
1515959526912	-9.366	2.518	-1.925
1515959526917	-9.318	2.49	-1.867
1515959526921	-9.289	2.461	-1.79
1515959526922	-9.328	2.442	-1.762
1515959526933	-9.385	2.423	-1.762
1515959526949	-9.471	2.413	-1.8
1515959526950	-9.538	2.432	-1.848
1515959526963	-9.49	2.499	-1.877
1515959526970	-9.414	2.585	-1.934
1515959526987	-9.376	2.633	-1.953
1515959526994	-9.395	2.691	-1.925
1515959527000	-9.385	2.7	-1.915
1515959527010	-9.366	2.662	-2.001
1515959527024	-9.28	2.585	-2.049
1515959527030	-9.155	2.528	-2.135
1515959527040	-9.146	2.499	-2.174
1515959527053	-9.232	2.47	-2.039
1515959527060	-9.366	2.432	-2.039
1515959527070	-9.5	2.403	-1.915
1515959527082	-9.5	2.241	-1.35
1515959527090	-9.404	2.059	-1.35
1515959527100	-9.337	1.915	-0.967
1515959527113	-9.328	1.905	-0.881
1515959527120	-9.385	2.02	-0.881
1515959527130	-9.529	2.25	-1.091
1515959527143	-9.567	2.317	-1.34
1515959527150	-9.471	2.241	-1.34
1515959527160	-9.404	2.068	-1.34
1515959527172	-9.414	2.059	-1.359
1515959527179	-9.443	2.231	-1.359
1515959527190	-9.49	2.47	-1.532
1515959527202	-9.519	2.643	-1.771
1515959527209	-9.538	2.614	-1.771
1515959527220	-9.519	2.442	-1.666
1515959527235	-9.299	2.279	-1.637
1515959527240	-9.347	2.298	-1.714
1515959527250	-9.261	2.394	-1.762
1515959527265	-9.414	2.566	-1.915
1515959527270	-9.356	2.719	-1.953
1515959527280	-9.443	2.777	-1.781
1515959527295	-9.72	2.748	-1.618
1515959527300	-9.481	2.585	-1.541
1515959527310	-9.395	2.403	-1.58
1515959527325	-9.414	2.375	-1.599
1515959527330	-9.701	2.509	-1.522
1515959527340	-9.845	2.537	-1.589
1515959527355	-9.711	2.461	-1.867
1515959527360	-9.5	2.384	-2.126
1515959527371	-9.28	2.7	-2.394
1515959527386	-9.232	3.007	-2.557
1515959527390	-9.376	3.16	-2.327
1515959527401	-9.481	3.217	-2.049
1515959527415	-9.615	2.988	-1.695
1515959527420	-9.768	2.767	-1.331
1515959527431	-9.835	2.557	-1.082
1515959527445	-9.864	2.327	-0.919
1515959527450	-9.854	2.25	-1.015
1515959527461	-9.787	2.327	-1.426
1515959527475	-9.816	2.557	-1.733
1515959527480	-9.921	2.853	-2.135
1515959527490	-10.056	3.026	-2.269
1515959527505	-10.103	2.978	-2.135
1515959527510	-9.941	2.767	-2.327
1515959527520	-9.998	2.739	-2.432
1515959527535	-10.19	2.681	-2.48
1515959527540	-10.324	2.604	-2.499
1515959527550	-10.4	2.576	-2.614
1515959527565	-10.439	2.461	-2.624
1515959527570	-10.324	2.298	-2.528
1515959527580	-10.065	2.499	-2.624
1515959527595	-9.854	2.988	-2.806
1515959527600	-9.73	3.064	-2.959
1515959527611	-9.586	3.093	-2.959
1515959527625	-9.423	3.237	-3.083
1515959527630	-9.299	3.189	-3.102
1515959527641	-9.203	2.853	-3.102
1515959527683	-9.107	2.672	-2.786
1515959527686	-8.935	2.719	-2.94
1515959527690	-8.964	2.547	-3.131
1515959527694	-8.983	2.614	-3.246
1515959527698	-8.609	3.17	-3.409
1515959527700	-8.217	3.198	-3.936
1515959527715	-8.121	2.863	-4.07
1515959527723	-7.929	2.863	-4.233
1515959527730	-7.786	3.17	-4.443
1515959527744	-7.47	3.524	-4.932
1515959527750	-6.953	4.012	-5.391
1515959527762	-6.454	4.357	-5.468
1515959527775	-5.928	4.616	-5.238
1515959527780	-5.478	4.625	-4.788
1515959527792	-5.583	4.549	-4.644
1515959527812	-6.349	4.166	-4.012
1515959527813	-6.349	4.175	-4.012
1515959527820	-6.531	4.319	-3.974
1515959527834	-6.589	4.405	-4.568
1515959527840	-6.665	4.328	-4.462
1515959527850	-6.78	3.964	-4.577
1515959527867	-6.416	3.581	-3.61
1515959527870	-6.502	2.978	-3.61
1515959527880	-6.55	2.202	-3.016
1515959527893	-6.981	1.925	-2.777
1515959527899	-7.518	2.384	-3.112
1515959527910	-8.035	3.217	-3.869
1515959527923	-8.332	4.003	-5.679
1515959527929	-8.533	4.75	-5.765
1515959527940	-8.686	5.688	-6.148
1515959527958	-8.418	6.234	-6.732
1515959527960	-7.958	5.861	-6.761
1515959527971	-7.652	4.051	-3.773
1515959527986	-7.747	1.877	-2.02
1515959527990	-7.719	0.392	-2.02
1515959528002	-8.466	0.0	-1.292
1515959528016	-8.447	0.268	-1.771
1515959528020	-9.165	0.986	-2.384
1515959528031	-9.308	2.059	-2.729
1515959528047	-9.404	3.495	-3.179
1515959528050	-9.031	5.028	-3.495
1515959528061	-7.747	5.516	-3.313
1515959528076	-7.671	4.922	-2.212
1515959528080	-7.814	3.706	-1.149
1515959528091	-8.408	2.193	-0.756
1515959528106	-9.021	1.398	-1.034
1515959528110	-9.194	1.426	-2.145
1515959528121	-9.213	3.17	-3.61
1515959528136	-9.155	3.074	-4.999
1515959528140	-9.146	4.137	-5.679
1515959528151	-9.059	5.19	-5.468
1515959528166	-8.858	5.19	-4.884
1515959528170	-8.743	3.533	-3.792
1515959528181	-8.734	3.045	-3.026
1515959528196	-8.791	2.614	-2.614
1515959528200	-9.069	3.217	-2.806
1515959528212	-9.557	3.62	-3.083
1515959528226	-9.845	3.859	-3.179
1515959528230	-9.941	3.629	-3.035
1515959528242	-9.902	3.179	-2.997
1515959528256	-9.816	2.911	-2.93
1515959528260	-9.682	2.968	-2.94
1515959528271	-9.471	3.083	-2.921
1515959528286	-9.261	3.131	-2.892
1515959528290	-9.232	3.16	-2.853
1515959528303	-9.385	3.198	-2.7
1515959528316	-9.605	3.16	-2.547
1515959528320	-9.759	3.016	-2.403
1515959528331	-9.835	2.873	-2.212
1515959528347	-9.845	2.806	-2.02
1515959528350	-9.72	2.719	-2.03
1515959528361	-9.567	2.672	-2.183
1515959528376	-9.404	2.777	-2.423
1515959528380	-9.289	2.93	-2.672
1515959528392	-9.232	3.17	-2.834
1515959528406	-9.213	3.409	-2.901
1515959528445	-9.241	3.514	-2.844
1515959528448	-9.232	3.486	-2.576
1515959528450	-9.146	3.332	-2.231
1515959528451	-9.079	3.093	-1.915
1515959528453	-9.012	2.844	-1.819
1515959528483	-9.05	2.681	-1.963
1515959528487	-9.194	2.624	-2.154
1515959528488	-9.289	2.672	-2.394
1515959528499	-9.337	2.758	-2.758
1515959528500	-9.414	2.873	-2.997
1515959528511	-9.423	2.968	-3.131
1515959528522	-9.318	3.016	-2.988
1515959528530	-9.184	3.045	-2.758
1515959528544	-9.136	2.978	-2.547
1515959528552	-9.194	2.815	-2.174
1515959528570	-9.337	2.49	-1.896
1515959528581	-9.423	2.183	-1.647
1515959528583	-9.452	2.001	-1.541
1515959528590	-9.462	1.915	-1.532
1515959528601	-9.51	1.848	-1.618
1515959528621	-9.567	1.8	-1.656
1515959528624	-9.615	1.819	-1.714
1515959528635	-9.615	1.905	-1.695
1515959528650	-9.615	1.925	-1.599
1515959528651	-9.634	1.781	-1.541
1515959528662	-9.682	1.628	-1.465
1515959528672	-9.634	1.561	-1.359
1515959528680	-9.529	1.628	-1.273
1515959528691	-9.462	1.676	-1.158
1515959528702	-9.529	1.618	-1.216
1515959528710	-9.634	1.446	-1.292
1515959528721	-9.672	1.359	-1.273
1515959528730	-9.605	1.321	-1.245
1515959528740	-9.557	1.245	-1.302
1515959528753	-9.481	1.35	-1.312
1515959528760	-9.548	1.379	-1.168
1515959528770	-9.605	1.321	-1.043
1515959528782	-9.663	1.177	-0.737
1515959528790	-9.615	1.101	-0.737
1515959528800	-9.634	1.053	-0.603
1515959528810	-9.644	1.024	-0.612
1515959528820	-9.663	0.9	-0.66
1515959528829	-9.739	0.814	-0.565
1515959528840	-9.73	0.756	-0.584
1515959528849	-9.797	0.555	-0.325
1515959528859	-9.931	0.363	-0.747
1515959528871	-9.893	0.383	-0.842
1515959528880	-9.864	0.545	-0.89
1515959528891	-9.739	0.67	-0.909
1515959528902	-9.653	0.699	-0.909
1515959528910	-9.807	0.689	-0.794
1515959528921	-9.807	0.689	-0.641
1515959528932	-9.672	0.689	-0.498
1515959528940	-9.672	0.718	-0.421
1515959528951	-9.96	0.622	-0.459
1515959528970	-10.084	0.114	-0.89
1515959528980	-9.988	-0.134	-1.225
1515959528992	-9.835	-0.086	-1.503
1515959529000	-9.577	1.206	-1.819
1515959529011	-9.5	1.398	-2.02
1515959529026	-9.605	1.436	-2.068
1515959529030	-9.807	1.082	-1.896
1515959529042	-9.912	0.823	-1.57
1515959529051	-9.931	0.469	-1.312
1515959529059	-9.988	0.028	-1.053
1515959529070	-10.094	-0.363	-0.957
1515959529080	-10.199	-0.574	-0.909
1515959529089	-10.266	-0.555	-1.034
1515959529100	-10.218	-0.325	-1.149
1515959529111	-9.969	0.057	-1.149
1515959529120	-9.586	0.45	-1.005
1515959529130	-9.471	0.727	-0.842
1515959529141	-9.625	0.766	-0.737
1515959529150	-9.816	0.651	-0.603
1515959529160	-9.921	0.526	-0.392
1515959529172	-10.103	0.325	-0.191
1515959529208	-10.391	-0.21	-0.191
1515959529211	-10.611	-0.785	-0.22
1515959529213	-10.707	-1.072	-0.335
1515959529214	-10.372	-0.871	-0.181
1515959529230	-9.347	-0.249	-0.076
1515959529232	-8.322	0.392	-0.086
1515959529240	-7.891	0.89	-0.143
1515959529250	-8.054	1.331	-0.344
1515959529262	-8.763	1.704	-0.737
1515959529270	-9.778	1.838	-1.245
1515959529280	-10.659	1.81	-1.599
1515959529295	-10.908	1.771	-1.743
1515959529300	-10.391	1.666	-1.446
1515959529310	-9.682	1.216	-0.861
1515959529322	-9.385	0.44	-0.239
1515959529330	-9.462	-0.335	0.459
1515959529340	-9.577	-0.823	0.89
1515959529351	-9.682	-0.967	1.091
1515959529360	-9.988	-0.9	1.091
1515959529370	-10.285	-0.737	0.9
1515959529382	-10.295	-0.459	0.584
1515959529390	-10.084	-0.067	0.363
1515959529400	-9.778	0.306	0.162
1515959529411	-9.653	0.402	-0.181
1515959529419	-9.797	0.306	-0.21
1515959529429	-9.931	0.229	-0.114
1515959529440	-9.854	0.306	-0.057
1515959529449	-9.749	0.517	-0.047
1515959529460	-9.739	0.651	0.057
1515959529473	-9.807	0.727	0.162
1515959529480	-9.816	0.89	0.143
1515959529490	-9.816	0.996	0.162
1515959529503	-9.778	1.053	0.249
1515959529510	-9.768	1.091	0.43
1515959529520	-9.72	1.063	0.517
1515959529533	-9.653	1.043	0.498
1515959529540	-9.414	1.245	0.363
1515959529551	-9.318	1.762	0.067
1515959529563	-9.557	1.992	-0.488
1515959529570	-9.778	1.905	-0.651
1515959529580	-9.759	1.695	-0.574
1515959529593	-9.644	1.474	-0.325
1515959529600	-9.462	1.359	-0.028
1515959529611	-9.376	1.35	0.153
1515959529623	-9.557	1.302	0.028
1515959529630	-9.902	1.12	0.038
1515959529640	-10.075	0.948	0.411
1515959529654	-9.979	0.909	0.622
1515959529660	-9.845	0.928	0.335
1515959529670	-9.625	1.043	0.306
1515959529683	-9.328	1.235	0.201
1515959529690	-9.385	1.407	0.047
1515959529700	-9.625	1.379	0.134
1515959529714	-9.845	1.187	0.258
1515959529720	-9.854	1.12	0.239
1515959529730	-9.759	1.206	-0.114
1515959529744	-10.161	1.321	-0.258
1515959529750	-9.893	1.637	-0.632
1515959529760	-9.826	1.599	-0.842
1515959529774	-10.305	1.474	-1.015
1515959529784	-9.988	1.273	-0.881
1515959529793	-9.337	1.273	-1.024
1515959529805	-9.308	1.618	-0.996
1515959529820	-9.538	1.618	-0.861
1515959529822	-9.567	1.312	-0.469
1515959529839	-9.385	1.331	-0.057
1515959529840	-9.385	1.139	0.249
1515959529852	-9.538	0.814	0.459
1515959529861	-9.711	1.072	0.612
1515959529869	-9.826	0.948	0.632
1515959529881	-9.941	1.072	0.727
1515959529893	-9.893	1.063	0.976
1515959529900	-9.395	0.881	1.12
1515959529910	-9.538	1.005	1.063
1515959529925	-9.337	1.398	0.909
1515959529930	-9.117	1.656	0.086
1515959529960	-9.146	2.423	-1.177
1515959529965	-9.787	3.045	-1.139
1515959529982	-9.711	2.25	-0.833
1515959529984	-9.739	1.608	-0.689
